4447212    4    453.4976857    197.7609792
4534581    4    454.4976857    197.6609792
4562739    4    454.4976857    197.7609792
4672372    4    454.4976857    197.8609792
4715527    4    455.4976857    197.7609792
4539907    4    1250.846393    204.366265
4646916    4    1251.846393    204.266265
4648099    4    1251.846393    204.366265
4672496    4    1251.846393    204.466265
4644514    4    1252.846393    204.366265
4659554    4    2055.746011    215.3577652
4678362    4    2056.746011    215.2577652
4687272    4    2056.746011    215.3577652
4675150    4    2056.746011    215.4577652
4856716    4    2057.746011    215.3577652
4826493    4    2811.198421    345.3801097
4795768    4    2812.198421    345.2801097
4832787    4    2812.198421    345.3801097
4805232    4    2812.198421    345.4801097
4872029    4    2813.198421    345.3801097
4793021    4    3573.108688    323.6644476
4874110    4    3574.108688    323.5644476
4798139    4    3574.108688    323.6644476
4780922    4    3574.108688    323.7644476
4816277    4    3575.108688    323.6644476
4877985    4    4328.434363    306.7567604
4869710    4    4329.434363    306.6567604
4850785    4    4329.434363    306.7567604
4954866    4    4329.434363    306.8567604
4876539    4    4330.434363    306.7567604
4865529    4    5086.465262    295.2032607
4780744    4    5087.465262    295.1032607
4954297    4    5087.465262    295.2032607
4816617    4    5087.465262    295.3032607
5048621    4    5088.465262    295.2032607
5025648    4    5857.301318    276.8965004
4498933    4    5858.301318    276.7965004
5067804    4    5858.301318    276.8965004
5048591    4    5858.301318    276.9965004
5020239    4    5859.301318    276.8965004
5030730    4    6705.050906    204.4751572
5079268    4    6706.050906    204.3751572
5003768    4    6706.050906    204.4751572
5115221    4    6706.050906    204.5751572
5010691    4    6707.050906    204.4751572
5009235    4    7508.753233    205.2821586
5075211    4    7509.753233    205.1821586
5008042    2    339.6905189    165.3067532
5067758    2    340.6905189    165.2067532
5025567    2    340.6905189    165.3067532
5072034    2    340.6905189    165.4067532
5110130    2    341.6905189    165.3067532
4998006    2    891.0386735    186.553046
5104548    2    892.0386735    186.453046
5429986    2    892.0386735    186.553046
5626919    2    892.0386735    186.653046
5857236    2    893.0386735    186.553046
5864917    2    1525.268138    178.6872795
5863147    2    1526.268138    178.5872795
5861721    2    1526.268138    178.6872795
5857732    2    1526.268138    178.7872795
5856418    2    1527.268138    178.6872795
5852552    2    2131.212895    157.8635921
5851815    2    2132.212895    157.7635921
5841348    2    2132.212895    157.8635921
5841127    2    2132.212895    157.9635921
5838231    2    2133.212895    157.8635921
5838029    2    2705.437704    151.7330869
5781531    2    2706.437704    151.6330869
5737958    2    2706.437704    151.7330869
5732042    2    2706.437704    151.8330869
5725445    2    2707.437704    151.7330869
5723701    2    3261.307541    163.4884115
5721067    2    3262.307541    163.3884115
5697506    2    3262.307541    163.4884115
