188733801.898368	65684658992.28856	198129430925.508	10917843226.386097	-20817.1367886428	13213.185477326693	-53.557630659281415
188737401.898368	65609711117.0761	198176979735.0879	10917649390.85477	-20820.570832483783	13202.819964021543	-54.128744536477996
188741001.898368	65534750888.27105	198224491230.10803	10917453499.649334	-20823.999896006193	13192.455166643504	-54.699671829301906
188744601.898368	65459778323.798325	198271965413.1487	10917255553.441494	-20827.423981613814	13182.091086780963	-55.27041254112913
188748201.898368	65384793441.57409	198319402286.79584	10917055552.902935	-20830.843091709452	13171.727726019977	-55.84096667541115
188751801.898368	65309796259.50577	198366801853.6409	10916853498.70532	-20834.257228694994	13161.36508594426	-56.41133423567521
188755401.898368	65234786795.49225	198414164116.28137	10916649391.520323	-20837.6663949714	13151.003168135185	-56.98151522552445
188759001.898368	65159765067.42387	198461489077.32013	10916443232.019577	-20841.070592938657	13140.641974171833	-57.55150964863492
188762601.898368	65084731093.18222	198508776739.36588	10916235020.874725	-20844.469824995824	13130.281505630937	-58.1213175087596
188766201.898368	65009684890.64015	198556027105.03305	10916024758.757385	-20847.864093541022	13119.921764086906	-58.69093880972605
188769801.898368	64934626477.66203	198603240176.9416	10915812446.33916	-20851.253400971433	13109.562751111827	-59.26037355543622
188773401.898368	64859555872.10365	198650415957.71722	10915598084.291649	-20854.637749683276	13099.204468275499	-59.829621749865794
188777001.898368	64784473091.811905	198697554449.99124	10915381673.286419	-20858.01714207184	13088.84691714535	-60.39868339706692
188780601.898368	64709378154.62543	198744655656.4005	10915163213.995037	-20861.391580531454	13078.490099286575	-60.96755850116335
188784201.898368	64634271078.37396	198791719579.5879	10914942707.089058	-20864.761067455525	13068.134016261985	-61.53624706635526
188787801.898368	64559151880.87871	198838746222.20132	10914720153.240002	-20868.12560523648	13057.778669632131	-62.10474909691544
188791401.898368	64484020579.95232	198885735586.89474	10914495553.119394	-20871.48519626583	13047.424060955245	-62.673064597190944
188795001.898368	64408877193.39886	198932687676.32764	10914268907.398737	-20874.839842934107	13037.070191787267	-63.24119357160197
188798601.898368	64333721739.013596	198979602493.16492	10914040216.749506	-20878.189547630915	13026.717063681832	-63.80913602464307
188802201.898368	64258554234.58339	199026480040.07724	10913809481.843178	-20881.5343127449	13016.364678190277	-64.37689196088189
188805801.898368	64183374697.88646	199073320319.74088	10913576703.351204	-20884.874140663764	13006.013036861654	-64.9444613849588
188809401.898368	64108183146.6924	199120123334.83752	10913341881.945015	-20888.209033774234	12995.662141242727	-65.51184430158776
188813001.898368	64032979598.7622	199166889088.05457	10913105018.296036	-20891.53899446211	12985.311992877965	-66.07904071555583
188816601.898368	63957764071.84832	199213617582.08478	10912866113.07566	-20894.864025112227	12974.962593309563	-66.64605063172189
188820201.898368	63882536583.6946	199260308819.62677	10912625166.955276	-20898.18412810847	12964.613944077413	-67.2128740550192
188823801.898368	63807297152.036255	199306962803.3844	10912382180.60625	-20901.49930583376	12954.26604671916	-67.77951099045197
188827401.898368	63732045794.59999	199353579536.06726	10912137154.699926	-20904.80956067008	12943.918902770145	-68.34596144309768
188831001.898368	63656782529.10402	199400159020.39032	10911890089.907633	-20908.114894998445	12933.572513763456	-68.91222541810498
188834601.898368	63581507373.25775	199446701259.07416	10911640986.900682	-20911.415311198904	12923.2268812299	-69.47830292069602
188838201.898368	63506220344.76228	199493206254.84476	10911389846.350367	-20914.710811650562	12912.882006698012	-70.04419395616384
188841801.898368	63430921461.309975	199539674010.43372	10911136668.92795	-20918.001398731572	12902.537891694068	-70.60989852987376
188845401.898368	63355610740.584656	199586104528.5782	10910881455.304697	-20921.287074819113	12892.19453774208	-71.17541664726326
188849001.898368	63280288200.26158	199632497812.0206	10910624206.151833	-20924.56784228941	12881.851946363788	-71.7407483138407
188852601.898368	63204953858.00759	199678853863.50897	10910364922.140572	-20927.84370351772	12871.510119078705	-72.30589353518502
188856201.898368	63129607731.48093	199725172685.7967	10910103603.942108	-20931.11466087835	12861.169057404062	-72.87085231694772
188859801.898368	63054249838.33115	199771454281.64276	10909840252.22761	-20934.380716744643	12850.828762854846	-73.43562466485105
188863401.898368	62978880196.1993	199817698653.81158	10909574867.668232	-20937.64187348898	12840.489236943786	-74.00021058468883
188867001.898368	62903498822.718094	199863905805.07297	10909307450.935106	-20940.89813348277	12830.150481181383	-74.56461008232412
188870601.898368	62828105735.511444	199910075738.20212	10909038002.699339	-20944.14949909647	12819.81249707587	-75.12882316369229
188874201.898368	62752700952.19501	199956208455.9797	10908766523.632023	-20947.395972699564	12809.475286133274	-75.69284983479758
188877801.898368	62677284490.37563	200002303961.19186	10908493014.404217	-20950.637556660575	12799.13884985734	-76.25669010171657
188881401.898368	62601856367.65184	200048362256.63007	10908217475.68697	-20953.874253347054	12788.803189749613	-76.82034397059431
188885001.898368	62526416601.61339	200094383345.09125	10907939908.151295	-20957.1060651256	12778.468307309364	-77.38381144764821
188888601.898368	62450965209.84187	200140367229.37775	10907660312.468206	-20960.33299436183	12768.134204033671	-77.94709253916312
188892201.898368	62375502209.91022	200186313912.29715	10907378689.308672	-20963.55504342039	12757.80088141739	-78.51018725149476
188895801.898368	62300027619.38264	200232223396.66254	10907095039.343643	-20966.772214664976	12747.468340953099	-79.07309559106932
188899401.898368	62224541455.815186	200278095685.29233	10906809363.244055	-20969.9845104583	12737.136584131218	-79.63581756438111
188903001.898368	62149043736.75502	200323930781.01044	10906521661.68081	-20973.19193316211	12726.805612439874	-80.19835317799624
188906601.898368	62073534479.741234	200369728686.64587	10906231935.324795	-20976.394485137178	12716.475427365045	-80.76070243854724
188910201.898368	61998013702.30412	200415489405.03314	10905940184.846869	-20979.592168743315	12706.146030390468	-81.32286535273704
188913801.898368	61922481421.96551	200461212939.01215	10905646410.917864	-20982.78498633935	12695.817422997638	-81.88484192733893
188917401.898368	61846937656.23886	200506899291.42804	10905350614.208591	-20985.97294028315	12685.489606665895	-82.44663216919275
188921001.898368	61771382422.6291	200552548465.1312	10905052795.38984	-20989.156032931587	12675.162582872328	-83.0082360852083
188924601.898368	61695815738.63245	200598160462.9775	10904752955.13236	-20992.334266640588	12664.836353091823	-83.56965368236496
188928201.898368	61620237621.73718	200643735287.82806	10904451094.1069	-20995.507643765093	12654.510918797108	-84.13088496770803
188931801.898368	61544648089.42245	200689272942.5492	10904147212.984158	-20998.676166659054	12644.186281458651	-84.6919299483539
188935401.898368	61469047159.15946	200734773430.0126	10903841312.434824	-21001.83983767547	12633.862442544782	-85.25278863148452
188939001.898368	61393434848.41066	200780236753.09537	10903533393.12956	-21004.99865916636	12623.539403521572	-85.81346102435259
188942601.898368	61317811174.630066	200825662914.67963	10903223455.73899	-21008.15263348274	12613.217165852959	-86.37394713427705
188946201.898368	61242176155.26335	200871051917.6529	10902911500.933723	-21011.30176297468	12602.895731000666	-86.93424696864435
188949801.898368	61166529807.74768	200916403764.90796	10902597529.384338	-21014.446049991257	12592.575100424234	-87.49436053490962
188953401.898368	61090872149.51154	200961718459.34283	10902281541.761385	-21017.58549688058	12582.255275580997	-88.05428784059609
188957001.898368	61015203197.97537	201006996003.86078	10901963538.73539	-21020.720105989756	12571.936257926154	-88.61402889329207
188960601.898368	60939522970.55093	201052236401.37033	10901643520.976849	-21023.84987966494	12561.618048912693	-89.17358370065477
188964201.898368	60863831484.64147	201097439654.7851	10901321489.15623	-21026.974820251293	12551.300649991425	-89.73295227040899
188967801.898368	60788128757.64201	201142605767.02405	10900997443.943975	-21030.09493009298	12540.984062611005	-90.29213461034459
188971401.898368	60712414806.93893	201187734741.01144	10900671386.010502	-21033.210211533213	12530.668288217907	-90.85113072832007
188975001.898368	60636689649.91025	201232826579.67654	10900343316.02619	-21036.320666914202	12520.353328256424	-91.40994063226026
188978601.898368	60560953303.925644	201277881285.95398	10900013234.6614	-21039.42629857719	12510.039184168716	-91.96856433015557
188982201.898368	60485205786.34614	201322898862.78336	10899681142.586449	-21042.527108862414	12499.725857394738	-92.52700183006465
188985801.898368	60409447114.52463	201367879313.1097	10899347040.47165	-21045.62310010915	12489.41334937232	-93.08525314011064
188989401.898368	60333677305.80545	201412822639.88306	10899010928.987263	-21048.71427465567	12479.101661537128	-93.64331826848309
188993001.898368	60257896377.524376	201457728846.05872	10898672808.803524	-21051.800634839274	12468.790795322639	-94.20119722343969
188996601.898368	60182104347.009	201502597934.59705	10898332680.590649	-21054.88218299627	12458.480752160229	-94.75889001330131
189000201.898368	60106301231.57843	201547429908.4636	10897990545.018814	-21057.95892146198	12448.171533479086	-95.31639664645604
189003801.898368	60030487048.54332	201592224770.62915	10897646402.758171	-21061.03085257074	12437.863140706258	-95.8737171313573
189007401.898368	59954661815.20593	201636982524.0695	10897300254.478836	-21064.097978655904	12427.55557526666	-96.43085147652431
189011001.898368	59878825548.86018	201681703171.76562	10896952100.850899	-21067.160302049822	12417.248838583047	-96.98779969054118
189014601.898368	59802978266.791595	201726386716.7035	10896601942.54441	-21070.217825083873	12406.942932076063	-97.54456178205726
189018201.898368	59727119986.27728	201771033161.87442	10896249780.229404	-21073.270550088437	12396.637857164178	-98.10113775978743
189021801.898368	59651250724.58583	201815642510.27472	10895895614.575867	-21076.31847939291	12386.333615263731	-98.6575276325122
189025401.898368	59575370498.97771	201860214764.90564	10895539446.253765	-21079.36161532568	12376.03020778896	-99.21373140907497
189029001.898368	59499479326.70475	201904749928.77383	10895181275.93303	-21082.399960214178	12365.727636151947	-99.76974909838566
189032601.898368	59423577225.01056	201949248004.89062	10894821104.28355	-21085.433516384805	12355.425901762661	-100.32558070941775
189036201.898368	59347664211.13041	201993708996.2729	10894458931.975204	-21088.462286162998	12345.125006028933	-100.8812262512098
189039801.898368	59271740302.29112	202038132905.94214	10894094759.677814	-21091.486271873186	12334.82495035648	-101.43668573286391
189043401.898368	59195805515.711075	202082519736.92517	10893728588.061188	-21094.505475838807	12324.525736148897	-101.99195916354745
189047001.898368	59119859868.60037	202126869492.25385	10893360417.795088	-21097.51990038232	12314.227364807653	-102.54704655249157
189050601.898368	59043903378.160774	202171182174.96494	10892990249.549248	-21100.529547825172	12303.929837732121	-103.10194790899067
189054201.898368	58967936061.58574	202215457788.10034	10892618083.99337	-21103.534420487817	12293.633156319547	-103.65666324240334
189057801.898368	58891957936.06026	202259696334.7069	10892243921.79712	-21106.53452068972	12283.337321965082	-104.21119256215161
189061401.898368	58815969018.760994	202303897817.8366	10891867763.630127	-21109.52985074935	12273.042336061753	-104.76553587772179
189065001.898368	58739969326.85623	202348062240.54633	10891489610.161993	-21112.520412984173	12262.748200000486	-105.31969319866334
189068601.898368	58663958877.50607	202392189605.8981	10891109462.06228	-21115.506209710675	12252.45491517011	-105.87366453458839
189072201.898368	58587937687.862144	202436279916.95877	10890727320.000515	-21118.48724324431	12242.162482957361	-106.42744989517257
189075801.898368	58511905775.06782	202480333176.80017	10890343184.646194	-21121.463515899573	12231.870904746876	-106.98104929015426
189079401.898368	58435863156.25795	202524349388.49936	10889957056.668772	-21124.435029989945	12221.580181921167	-107.53446272933638
189083001.898368	58359809848.55937	202568328555.13812	10889568936.737677	-21127.40178782789	12211.290315860704	-108.08769022258195
189086601.898368	58283745869.09032	202612270679.80334	10889178825.522295	-21130.363791724903	12201.00130794383	-108.64073177981896
189090201.898368	58207671234.96083	202656175765.58676	10888786723.691973	-21133.32104399145	12190.71315954681	-109.19358741103645
189093801.898368	58131585963.27278	202700043815.58514	10888392631.916033	-21136.27354693703	12180.425872043856	-109.74625712628568
189097401.898368	58055490071.11934	202743874832.9002	10887996550.86375	-21139.221302870108	12170.139446807034	-110.29874093568236
189101001.898368	57979383575.585724	202787668820.63852	10887598481.204369	-21142.16431409816	12159.85388520639	-110.85103884940162
189104601.898368	57903266493.74869	202831425781.91174	10887198423.6071	-21145.10258292767	12149.56918860986	-111.40315087768226
189108201.898368	57827138842.67684	202875145719.83615	10886796378.741102	-21148.0361116641	12139.285358383331	-111.9550770308233
189111801.898368	57751000639.43003	202918828637.53336	10886392347.275515	-21150.964902611937	12129.002395890577	-112.506817319189
189115401.898368	57674851901.060585	202962474538.1295	10885986329.879429	-21153.888958074614	12118.720302493362	-113.05837175320016
189119001.898368	57598692644.611786	203006083424.75583	10885578327.221905	-21156.808280354624	12108.439079551326	-113.6097403433439
189122601.898368	57522522887.119064	203049655300.5484	10885168339.971956	-21159.72287175341	12098.158728422073	-114.1609231001654
189126201.898368	57446342645.60942	203093190168.64832	10884756368.798569	-21162.632734571423	12087.879250461137	-114.71192003427308
189129801.898368	57370151937.10171	203136688032.20114	10884342414.370682	-21165.537871108107	12077.600647022016	-115.2627311563345
189133401.898368	57293950778.606224	203180148894.3579	10883926477.357206	-21168.43828366191	12067.322919456097	-115.81335647708084
189137001.898368	57217739187.12538	203223572758.27393	10883508558.426998	-21171.333974530262	12057.046069112792	-116.36379600730095
189140601.898368	57141517179.65297	203266959627.10974	10883088658.24889	-21174.224946009585	12046.770097339378	-116.91404975784741
189144201.898368	57065284773.17458	203310309504.03067	10882666777.491665	-21177.111200395302	12036.495005481127	-117.46411773963229
189147801.898368	56989041984.66783	203353622392.20673	10882242916.824072	-21179.992739981823	12026.220794881267	-118.01399996362693
189151401.898368	56912788831.101746	203396898294.8129	10881817076.914822	-21182.869567062553	12015.947466880973	-118.56369644086425
189155001.898368	56836525329.43727	203440137215.02902	10881389258.432583	-21185.741683929875	12005.675022819369	-119.11320718243775
189158601.898368	56760251496.62692	203483339156.03955	10880959462.045975	-21188.60909287518	11995.403464033538	-119.66253219950073
189162201.898368	56683967349.615234	203526504121.03403	10880527688.423601	-21191.471796188845	11985.132791858552	-120.21167150326522
189165801.898368	56607672905.338394	203569632113.20648	10880093938.233995	-21194.329796160222	11974.863007627438	-120.76062510500407
189169401.898368	56531368180.72418	203612723135.756	10879658212.145674	-21197.18309507768	11964.594112671159	-121.30939301605076
189173001.898368	56455053192.69235	203655777191.8864	10879220510.827095	-21200.031695228547	11954.326108318695	-121.8579752477969
189176601.898368	56378727958.15432	203698794284.80627	10878780834.946693	-21202.875598899158	11944.05899589696	-122.40637181169473
189180201.898368	56302392494.01326	203741774417.72882	10878339185.172838	-21205.714808374833	11933.792776730861	-122.95458271925497
189183801.898368	56226046817.16432	203784717593.87216	10877895562.173883	-21208.549325939868	11923.52745214331	-123.50260798204704
189187401.898368	56149690944.49409	203827623816.45926	10877449966.618128	-21211.379153877566	11913.263023455127	-124.050447611702
189191001.898368	56073324892.881226	203870493088.71774	10877002399.173826	-21214.204294470197	11902.999491985185	-124.59810161990708
189194601.898368	55996948679.19594	203913325413.87988	10876552860.509195	-21217.024749999033	11892.736859050301	-125.14557001841035
189198201.898368	55920562320.30052	203956120795.18274	10876101351.292412	-21219.840522744318	11882.475125965315	-125.69285281901682
189201801.898368	55844165833.04882	203998879235.8682	10875647872.191605	-21222.65161498529	11872.214294043015	-126.23995003359164
189205401.898368	55767759234.28656	204041600739.1828	10875192423.87486	-21225.458029000165	11861.954364594218	-126.78686167405726
189209001.898368	55691342540.85116	204084285308.3778	10874735007.010223	-21228.259767066153	11851.695338927693	-127.3335877523964
189212601.898368	55614915769.57208	204126932946.7092	10874275622.265701	-21231.056831459442	11841.43721835026	-127.88012828064768
189216201.898368	55538478937.27037	204169543657.4376	10873814270.30925	-21233.849224455193	11831.180004166696	-128.4264832709091
189219801.898368	55462032060.75894	204212117443.82843	10873350951.808783	-21236.636948327574	11820.923697679797	-128.97265273533696
189223401.898368	55385575156.84261	204254654309.15167	10872885667.43217	-21239.42000534971	11810.668300190355	-129.51863668614476
189227001.898368	55309108242.317856	204297154256.6822	10872418417.847244	-21242.19839779374	11800.41381299718	-130.0644351356043
189230601.898368	55232631333.97322	204339617289.6992	10871949203.72178	-21244.972127930738	11790.1602373971	-130.61004809604344
189234201.898368	55156144448.58885	204382043411.48688	10871478025.723526	-21247.741198030806	11779.907574684923	-131.15547557984996
189237801.898368	55079647602.93671	204424432625.33398	10871004884.520163	-21250.505610363	11769.655826153492	-131.7007175994678
189241401.898368	55003140813.78084	204466784934.53372	10870529780.779348	-21253.265367195367	11759.404993093674	-132.24577416739743
189245001.898368	54926624097.87677	204509100342.38434	10870052715.168686	-21256.02047079493	11749.155076794317	-132.79064529619887
189248601.898368	54850097471.97229	204551378852.18832	10869573688.35573	-21258.770923427684	11738.906078542355	-133.3353309984858
189252201.898368	54773560952.806564	204593620467.25302	10869092701.007992	-21261.516727358627	11728.657999622683	-133.87983128693185
189255801.898368	54697014557.11105	204635825190.89035	10868609753.792946	-21264.257884851708	11718.410841318262	-134.42414617426556
189259401.898368	54620458301.60866	204677993026.41684	10868124847.378006	-21266.994398169874	11708.164604910044	-134.9682756732738
189263001.898368	54543892203.014496	204720123977.1535	10867637982.43055	-21269.72626957504	11697.91929167706	-135.51221979679764
189266601.898368	54467316278.03526	204762218046.42624	10867149159.617903	-21272.453501328106	11687.674902896328	-136.0559785577371
189270201.898368	54390730543.36982	204804275237.5652	10866658379.607351	-21275.17609568893	11677.431439842954	-136.59955196904582
189273801.898368	54314135015.70854	204846295553.90552	10866165643.066132	-21277.89405491639	11667.188903790015	-137.14294004373698
189277401.898368	54237529711.733894	204888278998.78644	10865670950.661425	-21280.607381268288	11656.94729600869	-137.68614279487673
189281001.898368	54160914648.12012	204930225575.55212	10865174303.060377	-21283.316077001436	11646.706617768159	-138.2291602355893
189284601.898368	54084289841.533485	204972135287.55136	10864675700.930086	-21286.020144371614	11636.466870335675	-138.77199237905342
189288201.898368	54007655308.63201	205014008138.1371	10864175144.937593	-21288.71958563357	11626.22805497653	-139.3146392385038
189291801.898368	53931011066.06551	205055844130.66718	10863672635.749891	-21291.414403041035	11615.990172954042	-139.85710082723176
189295401.898368	53854357130.47597	205097643268.5039	10863168174.033943	-21294.104598846716	11605.753225529625	-140.39937715858275
189299001.898368	53777693518.49704	205139405555.01404	10862661760.456642	-21296.790175302285	11595.517213962725	-140.94146824595794
189302601.898368	53701020246.75432	205181130993.56897	10862153395.684849	-21299.471134658397	11585.282139510833	-141.48337410281437
189306201.898368	53624337331.865295	205222819587.54456	10861643080.385363	-21302.147479164676	11575.048003429529	-142.02509474266355
189309801.898368	53547644790.43942	205264471340.32123	10861130815.224945	-21304.819211069716	11564.814806972421	-142.5666301790726
189313401.898368	53470942639.078064	205306086255.2838	10860616600.870304	-21307.48633262109	11554.582551391226	-143.10798042566233
189317001.898368	53394230894.374275	205347664335.82178	10860100437.988092	-21310.14884606534	11544.35123793566	-143.6491454961104
189320601.898368	53317509572.91342	205389205585.32898	10859582327.244926	-21312.806753647987	11534.120867853586	-144.19012540414656
189324201.898368	53240778691.272415	205430710007.20386	10859062269.307362	-21315.460057613505	11523.891442390881	-144.7309201635573
189327801.898368	53164038266.02025	205472177604.84927	10858540264.84191	-21318.108760205367	11513.662962791519	-145.27152978818253
189331401.898368	53087288313.717865	205513608381.6725	10858016314.515032	-21320.752863665988	11503.435430297555	-145.81195429191644
189335001.898368	53010528850.91812	205555002341.0854	10857490418.993135	-21323.39237023678	11493.208846149108	-146.35219368870753
189338601.898368	52933759894.16579	205596359486.5042	10856962578.942585	-21326.0272821581	11482.983211584393	-146.89224799255794
189342201.898368	52856981459.99746	205637679821.34982	10856432795.029686	-21328.657601669292	11472.75852783967	-147.43211721752579
189345801.898368	52780193564.942	205678963349.04715	10855901067.920696	-21331.283331008664	11462.53479614936	-147.97180137771898
189349401.898368	52703396225.51976	205720210073.026	10855367398.281826	-21333.904472413506	11452.312017745886	-148.51130048730414
189353001.898368	52626589458.243416	205761419996.72037	10854831786.779232	-21336.521028120045	11442.090193859818	-149.0506145604976
189356601.898368	52549773279.61743	205802593123.56866	10854294234.079014	-21339.133000363512	11431.869325719812	-149.58974361157067
189360201.898368	52472947706.13817	205843729457.01392	10853754740.847235	-21341.74039137808	11421.649414552576	-150.12868765484887
189363801.898368	52396112754.294304	205884829000.50336	10853213307.749895	-21344.343203396907	11411.430461582993	-150.66744670470808
189367401.898368	52319268440.56594	205925891757.48862	10852669935.452938	-21346.941438652106	11401.212468033973	-151.206020775581
189371001.898368	52242414781.42546	205966917731.42593	10852124624.622269	-21349.535099374763	11390.99543512656	-151.74440988195084
189374601.898368	52165551793.33714	206007906925.77576	10851577375.923729	-21352.12418779494	11380.77936407989	-152.28261403835546
189378201.898368	52088679492.75741	206048859344.00302	10851028190.023113	-21354.70870614165	11370.56425611123	-152.8206332593836
189381801.898368	52011797896.13443	206089774989.57687	10850477067.586164	-21357.28865664287	11360.350112435943	-153.35846755967742
189385401.898368	51934907019.908295	206130653865.97113	10849924009.27857	-21359.864041525565	11350.13693426746	-153.89611695393364
189389001.898368	51858006880.511444	206171495976.66367	10849369015.765965	-21362.434863015646	11339.924722817412	-154.43358145689797
189392601.898368	51781097494.36803	206212301325.13693	10848812087.713934	-21365.001123337992	11329.713479295482	-154.97086108337083
189396201.898368	51704178877.89418	206253069914.8776	10848253225.788	-21367.562824716453	11319.503204909483	-155.50795584820457
189399801.898368	51627251047.49806	206293801749.3767	10847692430.65364	-21370.119969373838	11309.29390086535	-156.04486576630325
189403401.898368	51550314019.58011	206334496832.1297	10847129702.97628	-21372.67255953193	11299.08556836717	-156.58159085262218
189407001.898368	51473367810.53223	206375155166.63623	10846565043.421284	-21375.220597411455	11288.878208617101	-157.1181311221705
189410601.898368	51396412436.73883	206415776756.40042	10845998452.653961	-21377.764085232124	11278.671822815477	-157.65448659000714
189414201.898368	51319447914.576004	206456361604.93066	10845429931.33958	-21380.303025212605	11268.466412160727	-158.19065727124416
189417801.898368	51242474260.412	206496909715.73962	10844859480.143335	-21382.837419570526	11258.261977849428	-158.726643181045
189421401.898368	51165491490.60712	206537421092.3443	10844287099.730385	-21385.367270522478	11248.058521076306	-159.2624443346234
189425001.898368	51088499621.513725	206577895738.26584	10843712790.765818	-21387.892580284006	11237.85604303421	-159.79806074724445
189428601.898368	51011498669.47591	206618333657.02997	10843136553.914673	-21390.41335106965	11227.654544914107	-160.33349243422697
189432201.898368	50934488650.83011	206658734852.16653	10842558389.841942	-21392.92958509286	11217.454027905134	-160.86873941093762
189435801.898368	50857469581.90463	206699099327.2097	10841978299.212547	-21395.441284566106	11207.25449319455	-161.403801692797
189439401.898368	50780441479.01997	206739427085.69775	10841396282.691368	-21397.948451700766	11197.055941967792	-161.93867929527352
189443001.898368	50703404358.48858	206779718131.17343	10840812340.94322	-21400.451088707207	11186.85837540843	-162.47337223388826
189446601.898368	50626358236.61478	206819972467.18365	10840226474.63286	-21402.949197794755	11176.661794698151	-163.00788052421353
189450201.898368	50549303129.69534	206860190097.27972	10839638684.425007	-21405.442781171696	11166.466201016852	-163.54220418186998
189453801.898368	50472239054.0186	206900371025.01685	10839048970.984293	-21407.931841045265	11156.271595542545	-164.0763432225308
189457401.898368	50395166025.865295	206940515253.95486	10838457334.975323	-21410.41637962167	11146.077979451393	-164.61029766191933
189461001.898368	50318084061.50824	206980622787.6576	10837863777.06263	-21412.89639910607	11135.885353917769	-165.14406751580697
189464601.898368	50240993177.21202	207020693629.6932	10837268297.910694	-21415.371901702598	11125.693720114146	-165.677652800018
189468201.898368	50163893389.2336	207060727783.6339	10836670898.183935	-21417.842889614316	11115.503079211217	-166.21105353042452
189471801.898368	50086784713.821785	207100725253.0564	10836071578.546719	-21420.309365043282	11105.313432377792	-166.7442697229501
189475401.898368	50009667167.21756	207140686041.54132	10835470339.663357	-21422.77133019048	11095.124780780878	-167.27730139356748
189479001.898368	49932540765.65405	207180610152.6737	10834867182.198092	-21425.228787255866	11084.937125585659	-167.81014855829795
189482601.898368	49855405525.356476	207220497590.04257	10834262106.815125	-21427.681738438365	11074.750467955484	-168.34281123321387
189486201.898368	49778261462.54176	207260348357.24146	10833655114.178583	-21430.13018593584	11064.56480905184	-168.87528943443755
189489801.898368	49701108593.41957	207300162457.86755	10833046204.952547	-21432.57413194512	11054.380150034474	-169.4075831781375
189493401.898368	49623946934.19089	207339939895.52295	10832435379.801031	-21435.013578661994	11044.19649206121	-169.93969248053634
189497001.898368	49546776501.04964	207379680673.81308	10831822639.387997	-21437.448528281195	11034.013836288157	-170.47161735790058
189500601.898368	49469597310.18117	207419384796.3482	10831207984.377342	-21439.878982996437	11023.832183869537	-171.0033578265494
189504201.898368	49392409377.76332	207459052266.74237	10830591415.432915	-21442.304945000367	11013.65153595779	-171.53491390284933
189507801.898368	49315212719.96576	207498683088.61395	10829972933.218494	-21444.726416484595	11003.471893703527	-172.06628560321656
189511401.898368	49238007352.95059	207538277265.58527	10829352538.397804	-21447.143399639688	10993.293258255575	-172.59747294411414
189515001.898368	49160793292.87172	207577834801.2829	10828730231.634508	-21449.555896655176	10983.115630760924	-173.12847594205613
189518601.898368	49083570555.87546	207617355699.33755	10828106013.59221	-21451.963909719525	10972.939012364797	-173.65929461360298
189522201.898368	49006339158.09987	207656839963.38422	10827479884.934462	-21454.367441020182	10962.763404210571	-174.1899289753655
189525801.898368	48929099115.675575	207696287597.06158	10826851846.324741	-21456.766492743525	10952.588807439859	-174.7203790440007
189529401.898368	48851850444.72499	207735698604.0128	10826221898.426474	-21459.1610670749	10942.415223192462	-175.2506448362152
189533001.898368	48774593161.36289	207775072987.885	10825590041.903034	-21461.551166198606	10932.242652606386	-175.7807263687625
189536601.898368	48697327281.69606	207814410752.32935	10824956277.417715	-21463.936792297885	10922.071096817852	-176.31062365844468
189540201.898368	48620052821.82335	207853711901.00116	10824320605.63376	-21466.317947554948	10911.900556961264	-176.8403367221124
189543801.898368	48542769797.83604	207892976437.5599	10823683027.214363	-21468.694634150957	10901.731034169276	-177.3698655766624
189547401.898368	48465478225.81726	207932204365.669	10823043542.822638	-21471.066854266017	10891.56252957273	-177.89921023903997
189551001.898368	48388178121.84246	207971395688.99603	10822402153.121653	-21473.434610079195	10881.395044300676	-178.42837072623843
189554601.898368	48310869501.97921	208010550411.21252	10821758858.774399	-21475.797903768507	10871.22857948042	-178.95734705529657
189558201.898368	48233552382.28732	208049668535.99417	10821113660.443827	-21478.15673751093	10861.063136237459	-179.4861392433022
189561801.898368	48156226778.81843	208088750067.0207	10820466558.792797	-21480.511113482382	10850.898715695494	-180.01474730739068
189565401.898368	48078892707.61692	208127795007.9758	10819817554.48414	-21482.86103385773	10840.735318976507	-180.5431712647421
189569001.898368	48001550184.718765	208166803362.54727	10819166648.1806	-21485.20650081082	10830.572947200653	-181.07141113258575
189572601.898368	47924199226.15256	208205775134.42688	10818513840.544872	-21487.547516514416	10820.411601486352	-181.59946692819676
189576201.898368	47846839847.93883	208244710327.31055	10817859132.239582	-21489.88408314025	10810.251282950241	-182.12733866889675
189579801.898368	47769472066.090294	208283608944.8981	10817202523.927301	-21492.21620285901	10800.091992707177	-182.6550263720556
189583401.898368	47692095896.61189	208322470990.89337	10816544016.270529	-21494.54387784032	10789.933731870267	-183.1825300550878
189587001.898368	47614711355.50092	208361296469.00418	10815883609.93171	-21496.867110252766	10779.776501550874	-183.70984973545484
189590601.898368	47537318458.7465	208400085382.9425	10815221305.573215	-21499.185902263896	10769.620302858548	-184.2369854306661
189594201.898368	47459917222.330505	208438837736.42404	10814557103.857368	-21501.500256040177	10759.465136901159	-184.7639371582734
189597801.898368	47382507662.22638	208477553533.16873	10813891005.446417	-21503.810173747053	10749.311004784755	-185.29070493587886
189601401.898368	47305089794.40025	208516232776.9004	10813223011.002548	-21506.115657548908	10739.157907613657	-185.81728878112864
189605001.898368	47227663634.810104	208554875471.34683	10812553121.18789	-21508.416709609086	10729.00584649042	-186.34368871171546
189608601.898368	47150229199.406525	208593481620.23975	10811881336.664503	-21510.713332089854	10718.854822515883	-186.8699047453763
189612201.898368	47072786504.13196	208632051227.31482	10811207658.094378	-21513.005527152458	10708.704836789106	-187.39593689989545
189615801.898368	46995335564.92135	208670584296.31183	10810532086.139456	-21515.293296957083	10698.55589040743	-187.92178519310193
189619401.898368	46917876397.7016	208709080830.97427	10809854621.461597	-21517.57664366286	10688.407984466414	-188.44744964287145
189623001.898368	46840409018.392105	208747540835.04984	10809175264.722618	-21519.855569427866	10678.26112005992	-188.97293026712373
189626601.898368	46762933442.90427	208785964312.28986	10808494016.584246	-21522.13007640914	10668.115298280054	-189.49822708382425
189630201.898368	46685449687.14183	208824351266.44995	10807810877.708158	-21524.400166762658	10657.970520217174	-190.02334011098435
189633801.898368	46607957767.000854	208862701701.2892	10807125848.75597	-21526.665842643342	10647.82678695994	-190.54826936665864
189637401.898368	46530457698.369545	208901015620.5711	10806438930.389223	-21528.927106205076	10637.68409959524	-191.07301486894875
189641001.898368	46452949497.128456	208939293028.06262	10805750123.269396	-21531.183959600672	10627.54245920827	-191.59757663599947
189644601.898368	46375433179.15011	208977533927.5351	10805059428.057905	-21533.436404981916	10617.401866882452	-192.1219546860027
189648201.898368	46297908760.299576	209015738322.76324	10804366845.416098	-21535.684444499522	10607.262323699528	-192.64614903719252
189651801.898368	46220376256.434135	209053906217.52597	10803672376.005255	-21537.92808030315	10597.1238307395	-193.17015970784837
189655401.898368	46142835683.40332	209092037615.60608	10802976020.486595	-21540.167314541413	10586.986389080645	-193.69398671629443
189659001.898368	46065287057.04882	209130132520.7902	10802277779.52127	-21542.40214936189	10576.849999799533	-194.21763008089943
189662601.898368	45987730393.204636	209168190936.86877	10801577653.770363	-21544.632586911066	10566.71466397099	-194.74108982007664
189666201.898368	45910165707.69708	209206212867.63623	10800875643.894894	-21546.858629334405	10556.580382668155	-195.26436595228233
189669801.898368	45832593016.34491	209244198316.89075	10800171750.555813	-21549.08027877631	10546.447156962477	-195.78745849601688
189673401.898368	45755012334.959015	209282147288.4344	10799465974.414007	-21551.29753738012	10536.314987923643	-196.31036746982517
189677001.898368	45677423679.3423	209320059786.073	10798758316.130291	-21553.510407288137	10526.183876619652	-196.83309289229686
189680601.898368	45599827065.29039	209357935813.61652	10798048776.365421	-21555.7188906416	10516.053824116814	-197.35563478206393
189684201.898368	45522222508.59091	209395775374.87857	10797337355.780077	-21557.92298958069	10505.9248314797	-197.8779931578029
189687801.898368	45444610025.024155	209433578473.6763	10796624055.034878	-21560.122706244536	10495.796899771245	-198.40016803823175
189691401.898368	45366989630.36211	209471345113.8313	10795908874.790375	-21562.318042771225	10485.670030052592	-198.92215944211614
189695001.898368	45289361340.36981	209509075299.16837	10795191815.707047	-21564.509001297774	10475.54422338329	-199.44396738825998
189698601.898368	45211725170.803825	209546769033.5166	10794472878.445307	-21566.695583960143	10465.419480821087	-199.9655918955151
189702201.898368	45134081137.413666	209584426320.70847	10793752063.6655	-21568.87779289326	10455.29580342213	-200.48703298277292
189705801.898368	45056429255.940895	209622047164.58066	10793029372.02791	-21571.055630230963	10445.17319224084	-201.00829066896938
189709401.898368	44978769542.11937	209659631568.97333	10792304804.192741	-21573.229098106065	10435.05164832992	-201.52936497308394
189713001.898368	44901102011.675385	209697179537.7306	10791578360.82014	-21575.398198650313	10424.931172740437	-202.0502559141375
189716601.898368	44823426680.327354	209734691074.70035	10790850042.570173	-21577.562933994403	10414.811766521732	-202.57096351119526
189720201.898368	44745743563.78631	209772166183.73407	10790119850.102848	-21579.72330626796	10404.693430721503	-203.0914877833635
189723801.898368	44668052677.7554	209809604868.68726	10789387784.0781	-21581.879317599567	10394.576166385737	-203.61182874979204
189727401.898368	44590354037.930145	209847007133.41904	10788653845.155794	-21584.03097011675	10384.459974558742	-204.13198642967347
189731001.898368	44512647659.99855	209884372981.79236	10787918033.995728	-21586.17826594598	10374.344856283185	-204.6519608422414
189734601.898368	44434933559.640854	209921702417.67377	10787180351.257627	-21588.321207212663	10364.230812600028	-205.17175200677207
189738201.898368	44357211752.5296	209958995444.93384	10786440797.601154	-21590.459796041156	10354.117844548568	-205.6913599425855
189741801.898368	44279482254.32972	209996252067.44653	10785699373.68589	-21592.594034554757	10344.005953166434	-206.21078466904157
189745401.898368	44201745080.69862	210033472289.0899	10784956080.171366	-21594.72392487571	10333.895139489583	-206.73002620554348
189749001.898368	44124000247.285934	210070656113.74536	10784210917.717018	-21596.849469125198	10323.785404552327	-207.2490845715352
189752601.898368	44046247769.733696	210107803545.29834	10783463886.982233	-21598.970669423354	10313.676749387294	-207.7679597865037
189756201.898368	43968487663.67624	210144914587.63794	10782714988.626312	-21601.08752788925	10303.569175025441	-208.28665186997722
189759801.898368	43890719944.74048	210181989244.65674	10781964223.308498	-21603.20004664089	10293.462682496112	-208.80516084152435
189763401.898368	43812944628.54552	210219027520.2513	10781211591.687963	-21605.308227795234	10283.357272826945	-209.3234867207567
189767001.898368	43735161730.70294	210256029418.3218	10780457094.423801	-21607.412073468193	10273.252947043957	-209.84162952732646
189770601.898368	43657371266.81653	210292994942.7719	10779700732.175028	-21609.5115857746	10263.149706171478	-210.3595892809277
189774201.898368	43579573252.48282	210329924097.50937	10778942505.600615	-21611.60676682824	10253.047551232237	-210.8773660012942
189777801.898368	43501767703.29039	210366816886.44516	10778182415.359438	-21613.69761874184	10242.946483247257	-211.39495970820252
189781401.898368	43423954634.82034	210403673313.49432	10777420462.11031	-21615.784143627072	10232.846503235965	-211.91237042146986
189785001.898368	43346134062.64615	210440493382.57526	10776656646.51197	-21617.86634359454	10222.747612216108	-212.42959816095333
189788601.898368	43268306002.3338	210477277097.6103	10775890969.223097	-21619.944220753798	10212.649811203812	-212.9466429465516
189792201.898368	43190470469.44159	210514024462.52512	10775123430.902277	-21622.017777213343	10202.553101213562	-213.46350479820364
189795801.898368	43112627479.52025	210550735481.24945	10774354032.208044	-21624.087015080615	10192.457483258191	-213.9801837358891
189799401.898368	43034777048.112755	210587410157.71625	10773582773.798851	-21626.15193646199	10182.362958348895	-214.49667977962946
189803001.898368	42956919190.754944	210624048495.86246	10772809656.33308	-21628.21254346278	10172.269527495268	-215.0129929494836
189806601.898368	42879053922.97456	210660650499.62833	10772034680.469038	-21630.268838187258	10162.177191705232	-215.5291232655536
189810201.898368	42801181260.29225	210697216172.95798	10771257846.864971	-21632.32082273861	10152.08595198512	-216.0450707479793
189813801.898368	42723301218.22059	210733745519.79907	10770479156.179031	-21634.36849921899	10141.99580933958	-216.56083541694363
189817401.898368	42645413812.26505	210770238544.10287	10769698609.069319	-21636.41186972948	10131.906764771698	-217.07641729266652
189821001.898368	42567519057.9232	210806695249.82437	10768916206.193853	-21638.450936370104	10121.81881928289	-217.59181639540998
189824601.898368	42489616970.68527	210843115640.92188	10768131948.210575	-21640.485701239828	10111.731973872977	-218.10703274547433
189828201.898368	42411707566.033936	210879499721.3575	10767345835.777367	-21642.51616643655	10101.646229540154	-218.62206636319996
189831801.898368	42333790859.443985	210915847495.097	10766557869.552013	-21644.542334057132	10091.561587280987	-219.13691726896832
189835401.898368	42255866866.38317	210952158966.10962	10765768050.192255	-21646.564206197356	10081.478048090436	-219.65158548319852
189839001.898368	42177935602.31146	210988434138.36816	10764976378.355742	-21648.581784951948	10071.395612961867	-220.1660710263493
189842601.898368	42099997082.6811	211024673015.849	10764182854.700047	-21650.595072414573	10061.314282887002	-220.68037391891977
189846201.898368	42022051322.93709	211060875602.5322	10763387479.882679	-21652.60407067785	10051.234058855964	-221.19449418144814
189849801.898368	41944098338.5167	211097041902.4012	10762590254.56107	-21654.608781833314	10041.154941857281	-221.70843183451092
189853401.898368	41866138144.84992	211133171919.44315	10761791179.392578	-21656.60920797146	10031.076932877873	-222.22218689872375
189857001.898368	41788170757.35892	211169265657.64874	10760990255.034485	-21658.60535118173	10021.000032903043	-222.73575939474222
189860601.898368	41710196191.45839	211205323121.0121	10760187482.143993	-21660.59721355247	10010.924242916493	-223.24914934326063
189864201.898368	41632214462.55579	211241344313.53094	10759382861.378244	-21662.58479717101	10000.849563900356	-223.76235676501085
189867801.898368	41554225586.05077	211277329239.2065	10758576393.39429	-21664.56810412358	9990.775996835133	-224.2753816807642
189871401.898368	41476229577.33561	211313277902.04367	10757768078.849125	-21666.547136495377	9980.703542699754	-224.7882241113311
189875001.898368	41398226451.794975	211349190306.05063	10756957918.399647	-21668.52189637054	9970.63220247154	-225.30088407755966
189878601.898368	41320216224.806206	211385066455.23932	10756145912.702698	-21670.492385832113	9960.561977126228	-225.81336160033658
189882201.898368	41242198911.73904	211420906353.62497	10755332062.415035	-21672.458606962122	9950.492867637984	-226.3256567005867
189885801.898368	41164174527.95565	211456710005.22644	10754516368.193336	-21674.420561841504	9940.424874979346	-226.8377693992743
189889401.898368	41086143088.810814	211492477414.06616	10753698830.694214	-21676.37825255015	9930.358000121301	-227.34969971740009
189893001.898368	41008104609.65175	211528208584.16992	10752879450.574202	-21678.33168116688	9920.292244033235	-227.86144767600427
189896601.898368	40930059105.81838	211563903519.5669	10752058228.489754	-21680.28084976946	9910.227607682978	-228.37301329616298
189900201.898368	40852006592.64288	211599562224.29007	10751235165.097248	-21682.2257604346	9900.164092036755	-228.88439659899296
189903801.898368	40773947085.450294	211635184702.37558	10750410261.052998	-21684.16641523793	9890.101698059241	-229.39559760564538
189907401.898368	40695880599.55772	211670770957.86322	10749583517.013218	-21686.102816254042	9880.040426713489	-229.90661633731327
189911001.898368	40617807150.2753	211706320994.79623	10748754933.634071	-21688.03496555645	9869.98027896105	-230.41745281522242
189914601.898368	40539726752.90532	211741834817.22122	10747924511.571629	-21689.962865217614	9859.921255761832	-230.92810706064006
189918201.898368	40461639422.74283	211777312429.1883	10747092251.481888	-21691.886517308933	9849.863358074226	-231.43857909486877
189921801.898368	40383545175.075294	211812753834.7511	10746258154.020771	-21693.805923900745	9839.806586855024	-231.94886893924956
189925401.898368	40305444025.18288	211848159037.96655	10745422219.84413	-21695.721087062324	9829.75094305949	-232.4589766151588
189929001.898368	40227335988.33807	211883528042.8952	10744584449.60772	-21697.63200886189	9819.69642764128	-232.96890214401236
189932601.898368	40149221079.80624	211918860853.60077	10743744843.967243	-21699.53869136659	9809.643041552536	-233.4786455472609
189936201.898368	40071099314.84491	211954157474.1507	10742903403.578304	-21701.441136642512	9799.590785743794	-233.9882068463939
189939801.898368	39992970708.704605	211989417908.61563	10742060129.096449	-21703.339346754692	9789.539661164077	-234.4975860629362
189943401.898368	39914835276.62808	212024642161.06964	10741215021.177128	-21705.233323767094	9779.489668760834	-235.00678321844998
189947001.898368	39836693033.850784	212059830235.59045	10740368080.475723	-21707.123069742633	9769.440809479944	-235.51579833453502
189950601.898368	39758543995.6006	212094982136.25885	10739519307.64754	-21709.00858674315	9759.393084265754	-236.02463143282642
189954201.898368	39680388177.09844	212130097867.1592	10738668703.347801	-21710.889876829417	9749.346494061083	-236.53328253499518
189957801.898368	39602225593.55736	212165177432.37918	10737816268.231655	-21712.76694206117	9739.301039807186	-237.04175166274973
189961401.898368	39524056260.18291	212200220836.01007	10736962002.95417	-21714.639784497078	9729.25672244373	-237.5500388378361
189965001.898368	39445880192.1739	212235228082.14618	10736105908.170341	-21716.508406194713	9719.21354290893	-238.05814408203247
189968601.898368	39367697404.72073	212270199174.88553	10735247984.535072	-21718.372809210625	9709.17150213936	-238.5660674171587
189972201.898368	39289507913.0074	212305134118.32925	10734388232.7032	-21720.232995600294	9699.130601070136	-239.07380886506553
189975801.898368	39211311732.209915	212340032916.58203	10733526653.329483	-21722.088967418127	9689.090840634803	-239.58136844764232
189979401.898368	39133108877.49709	212374895573.7517	10732663247.068592	-21723.940726717472	9679.052221765374	-240.08874618681375
189983001.898368	39054899364.030136	212409722093.94968	10731798014.57512	-21725.78827555062	9669.014745392315	-240.59594210454065
189986601.898368	38976683206.963196	212444512481.29056	10730930956.503593	-21727.6316159688	9658.978412444594	-241.10295622281853
189990201.898368	38898460421.4428	212479266739.89252	10730062073.508453	-21729.47075002218	9648.943223849625	-241.60978856367961
189993801.898368	38820231022.608215	212513984873.87674	10729191366.24405	-21731.305679759855	9638.909180533301	-242.11643914919057
189997401.898368	38741995025.59124	212548666887.36783	10728318835.364658	-21733.13640722987	9628.876283419993	-242.62290800145433
190001001.898368	38663752445.51642	212583312784.4938	10727444481.524487	-21734.962934479205	9618.844533432552	-243.129195142608
190004601.898368	38585503297.500854	212617922569.3861	10726568305.377659	-21736.78526355377	9608.813931492303	-243.6353005948253
190008201.898368	38507247596.65422	212652496246.17938	10725690307.578205	-21738.60339649843	9598.784478519043	-244.14122438031484
190011801.898368	38428985358.07893	212687033819.01138	10724810488.780094	-21740.41733535697	9588.756175431068	-244.64696652131914
190015401.898368	38350716596.87009	212721535292.0234	10723928849.6372	-21742.227082172118	9578.729023145157	-245.15252704011635
190019001.898368	38272441328.115234	212756000669.36008	10723045390.803322	-21744.03263898555	9568.703022576563	-245.65790595902018
190022601.898368	38194159566.89497	212790429955.16913	10722160112.93219	-21745.834007837864	9558.678174639055	-246.16310330037737
190026201.898368	38115871328.28198	212824823153.60175	10721273016.67743	-21747.63119076861	9548.65448024485	-246.66811908657178
190029801.898368	38037576627.34203	212859180268.81223	10720384102.692602	-21749.424189816265	9538.631940304693	-247.17295334001983
190033401.898368	37959275479.13356	212893501304.95834	10719493371.631193	-21751.21300701825	9528.610555727826	-247.6776060831728
190037001.898368	37880967898.70731	212927786266.201	10718600824.14659	-21752.997644410916	9518.590327421945	-248.18207733851796
190040601.898368	37802653901.10709	212962035156.70438	10717706460.892115	-21754.778104029563	9508.5712562933	-248.68636712857466
190044201.898368	37724333501.369125	212996247980.63605	10716810282.520994	-21756.55438790843	9498.553343246596	-249.19047547589832
190047801.898368	37646006714.52258	213030424742.1666	10715912289.68639	-21758.32649808067	9488.536589185078	-249.6944024030771
190051401.898368	37567673555.588974	213064565445.46997	10715012483.041367	-21760.09443657841	9478.520995010469	-250.1981479327343
190055001.898368	37489334039.58279	213098670094.72357	10714110863.238924	-21761.858205432683	9468.506561623008	-250.70171208752674
190058601.898368	37410988181.51101	213132738694.10773	10713207430.931961	-21763.61780667347	9458.493289921435	-251.20509489014546
190062201.898368	37332635996.373375	213166771247.80615	10712302186.77331	-21765.373242329697	9448.481180803006	-251.7082963633154
190065801.898368	37254277499.16249	213200767760.0057	10711395131.415714	-21767.124514429226	9438.470235163504	-252.21131652979386
190069401.898368	37175912704.86336	213234728234.89658	10710486265.511837	-21768.871624998847	9428.460453897196	-252.71415541237383
190073001.898368	37097541628.45392	213268652676.67206	10709575589.714258	-21770.614576064294	9418.451837896884	-253.2168130338805
190076601.898368	37019164284.90468	213302541089.5288	10708663104.675478	-21772.353369650245	9408.444388053884	-253.71928941717334
190080201.898368	36940780689.178955	213336393477.6665	10707748811.047913	-21774.0880077803	9398.438105258028	-254.22158458514463
190083801.898368	36862390856.23285	213370209845.28815	10706832709.483896	-21775.818492477018	9388.43299039769	-254.7236985607193
190087401.898368	36783994801.01485	213403990196.5999	10705914800.635677	-21777.544825761877	9378.42904435972	-255.22563136685835
190091001.898368	36705592538.46661	213437734535.8112	10704995085.155432	-21779.2670096553	9368.426268029554	-255.7273830265521
190094601.898368	36627184083.52217	213471442867.13452	10704073563.695238	-21780.985046176647	9358.424662291101	-256.22895356282686
190098201.898368	36548769451.108505	213505115194.78552	10703150236.9071	-21782.698937344212	9348.424228026839	-256.73034299874024
190101801.898368	36470348656.145256	213538751522.98312	10702225105.44294	-21784.408685175244	9338.424966117766	-257.23155135738307
190105401.898368	36391921713.544876	213572351855.9494	10701298169.954592	-21786.114291685906	9328.42687744341	-257.73257866187896
190109001.898368	36313488638.212326	213605916197.9096	10700369431.093807	-21787.81575889131	9318.429962881813	-258.2334249353855
190112601.898368	36235049445.04562	213639444553.09213	10699438889.512264	-21789.51308880551	9308.434223309601	-258.7340902010908
190116201.898368	36156604148.93531	213672936925.72845	10698506545.861542	-21791.20628344149	9298.439659601892	-259.2345744822174
190119801.898368	36078152764.764755	213706393320.05334	10697572400.793148	-21792.89534481118	9288.446272632369	-259.73487780201935
190123401.898368	35999695307.41014	213739813740.30457	10696636454.958494	-21794.58027492544	9278.454063273255	-260.23500018378286
190127001.898368	35921231791.74037	213773198190.72314	10695698709.008923	-21796.26107579407	9268.463032395322	-260.73494165082667
190130601.898368	35842762232.617096	213806546675.55304	10694759163.595678	-21797.937749425808	9258.473180867875	-261.23470222650195
190134201.898368	35764286644.894745	213839859199.04163	10693817819.369932	-21799.610297828334	9248.48450955878	-261.734281934192
190137801.898368	35685805043.42056	213873135765.43918	10692874676.982765	-21801.278723008265	9238.49701933444	-262.23368079731193
190141401.898368	35607317443.03461	213906376378.99915	10691929737.085176	-21802.943026971152	9228.51071105984	-262.73289883930823
190145001.898368	35528823858.5695	213939581043.97815	10690983000.328081	-21804.603211721478	9218.525585598465	-263.23193608366097
190148601.898368	35450324304.85088	213972749764.63586	10690034467.362305	-21806.259279262686	9208.541643812412	-263.7307925538803
190152201.898368	35371818796.69701	214005882545.23505	10689084138.83859	-21807.911231597136	9198.558886562289	-264.2294682735095
190155801.898368	35293307348.919235	214038979390.04156	10688132015.407608	-21809.559070726136	9188.577314707316	-264.72796326612126
190159401.898368	35214789976.32126	214072040303.32446	10687178097.719921	-21811.20279864993	9178.596929105215	-265.22627755532267
190163001.898368	35136266693.69994	214105065289.3557	10686222386.426025	-21812.842417367698	9168.617730612314	-265.7244111647502
190166601.898368	35057737515.84485	214138054352.41046	10685264882.176323	-21814.47792887756	9158.639720083493	-266.22236411807256
190170201.898368	34979202457.53821	214171007496.7669	10684305585.621132	-21816.109335176574	9148.662898372193	-266.7201364389894
190173801.898368	34900661533.55539	214203924726.70633	10683344497.41069	-21817.73663826074	9138.687266330444	-267.2177281512312
190177401.898368	34822114758.664246	214236806046.51306	10682381618.195145	-21819.359840124995	9128.712824808827	-267.71513927856074
190181001.898368	34743562147.625565	214269651460.47455	10681416948.624557	-21820.978942763206	9118.73957465649	-268.2123698447711
190184601.898368	34665003715.19298	214302460972.88126	10680450489.348907	-21822.593948168193	9108.767516721167	-268.70941987368667
190188201.898368	34586439476.11306	214335234588.02664	10679482241.018085	-21824.2048583317	9098.79665184919	-269.2062893891614
190191801.898368	34507869445.12498	214367972310.20728	10678512204.281893	-21825.81167524442	9088.826980885433	-269.7029784150818
190195401.898368	34429293636.96086	214400674143.72272	10677540379.790056	-21827.414400895985	9078.85850467336	-270.1994869753645
190199001.898368	34350712066.345596	214433340092.87567	10676566768.1922	-21829.013037274948	9068.891224055013	-270.6958150939571
190202601.898368	34272124747.997192	214465970161.97165	10675591370.137878	-21830.60758636883	9058.925139871055	-271.19196279483594
190206201.898368	34193531696.62617	214498564355.31943	10674614186.27655	-21832.19805016407	9048.960252960685	-271.68793010201017
190209801.898368	34114932926.936012	214531122677.23068	10673635217.25759	-21833.784430646047	9038.996564161716	-272.1837170395182
190213401.898368	34036328453.62308	214563645132.02014	10672654463.73028	-21835.366729799083	9029.034074310535	-272.67932363142904
190217001.898368	33957718291.376656	214596131724.0055	10671671926.343828	-21836.944949606444	9019.072784242144	-273.1747499018412
190220601.898368	33879102454.878727	214628582457.50742	10670687605.747343	-21838.519092050334	9009.112694790112	-273.6699958748848
190224201.898368	33800480958.804344	214660997336.8497	10669701502.589857	-21840.089159111878	8999.153806786628	-274.16506157471815
190227801.898368	33721853817.82127	214693376366.359	10668713617.520306	-21841.655152771164	8989.196121062458	-274.6599470255312
190231401.898368	33643221046.590137	214725719550.36508	10667723951.187546	-21843.217075007207	8979.239638446961	-275.15465225154344
190235001.898368	33564582659.764503	214758026893.20056	10666732504.240334	-21844.77492779796	8969.284359768119	-275.6491772770032
190238601.898368	33485938671.990936	214790298399.2011	10665739277.32736	-21846.328713120325	8959.33028585251	-276.14352212618957
190242201.898368	33407289097.90864	214822534072.7054	10664744271.09721	-21847.878432950136	8949.377417525298	-276.6376868234114
190245801.898368	33328633952.149914	214854733918.055	10663747486.198387	-21849.42408926216	8939.425755610277	-277.1316713930061
190249401.898368	33249973249.339787	214886897939.59448	10662748923.279305	-21850.965684030118	8929.475300929826	-277.62547585934163
190253001.898368	33171307004.096405	214919026141.67133	10661748582.988293	-21852.503219226655	8919.526054304968	-278.1191002468143
190256601.898368	33092635231.030476	214951118528.63617	10660746465.97359	-21854.036696823387	8909.578016555284	-278.61254457985166
190260201.898368	33013957944.746006	214983175104.8422	10659742572.883354	-21855.566118790815	8899.631188499025	-279.10580888290804
190263801.898368	32935275159.839607	215015195874.64594	10658736904.365643	-21857.09148709843	8889.685570953017	-279.59889318046874
190267401.898368	32856586890.900894	215047180842.40665	10657729461.068428	-21858.612803714645	8879.741164732714	-280.0917974970479
190271001.898368	32777893152.51246	215079130012.4866	10656720243.639606	-21860.130070606803	8869.797970652193	-280.5845218571884
190274601.898368	32699193959.24989	215111043389.2509	10655709252.726978	-21861.64328974121	8859.855989524167	-281.07706628546094
190278201.898368	32620489325.68132	215142920977.0677	10654696488.978245	-21863.152463083083	8849.91522215992	-281.5694308064683
190281801.898368	32541779266.368275	215174762780.30792	10653681953.04103	-21864.657592596603	8839.975669369423	-282.0616154448382
190285401.898368	32463063795.864872	215206568803.34555	10652665645.56287	-21866.15868024488	8830.037331961223	-282.5536202252303
190289001.898368	32384342928.71837	215238339050.5575	10651647567.191208	-21867.65572798997	8820.100210742527	-283.04544517233046
190292601.898368	32305616679.468872	215270073526.32324	10650627718.573399	-21869.148737792864	8810.164306519158	-283.5370903108543
190296201.898368	32226885062.64943	215301772235.0258	10649606100.35671	-21870.6377116135	8800.22962009556	-284.0285556655465
190299801.898368	32148148092.786148	215333435181.05032	10648582713.18832	-21872.122651410744	8790.296152274848	-284.5198412611781
190303401.898368	32069405784.39782	215365062368.7854	10647557557.715313	-21873.60355914242	8780.363903858717	-285.0109471225507
190307001.898368	31990658151.996353	215396653802.62238	10646530634.584686	-21875.080436765274	8770.432875647522	-285.50187327449385
190310601.898368	31911905210.08678	215428209486.95532	10645501944.443356	-21876.553286235016	8760.503068440286	-285.99261974186334
190314201.898368	31833146973.166912	215459729426.1813	10644471487.938137	-21878.022109506262	8750.574483034645	-286.48318654954426
190317801.898368	31754383455.72746	215491213624.7003	10643439265.715763	-21879.486908532614	8740.64712022687	-286.9735737224508
190321401.898368	31675614672.25225	215522662086.915	10642405278.422869	-21880.947685266576	8730.720980811888	-287.463781285523
190325001.898368	31596840637.218018	215554074817.23114	10641369526.706009	-21882.404441659608	8720.796065583263	-287.95380926373093
190328601.898368	31518061365.094395	215585451820.05716	10640332011.211641	-21883.857179662118	8710.872375333216	-288.4436576820707
190332201.898368	31439276870.344105	215616793099.80453	10639292732.58614	-21885.305901223455	8700.949910852607	-288.9333265655674
190335801.898368	31360487167.423	215648098660.88718	10638251691.47578	-21886.750608291884	8691.02867293098	-289.4228159392715
190339401.898368	31281692270.779457	215679368507.72235	10637208888.526754	-21888.19130281465	8681.108662356462	-289.91212582826506
190343001.898368	31202892194.855392	215710602644.72992	10636164324.38517	-21889.627986737916	8671.189879915906	-290.40125625765324
190346601.898368	31124086954.085358	215741801076.33246	10635117999.697021	-21891.060662006777	8661.272326394788	-290.89020725257154
190350201.898368	31045276562.897022	215772963806.9556	10634069915.108242	-21892.489330565302	8651.356002577244	-291.3789788381813
190353801.898368	30966461035.711018	215804090841.0276	10633020071.264648	-21893.913994356477	8641.440909246065	-291.8675710396721
190357401.898368	30887640386.941048	215835182182.9796	10631968468.811985	-21895.334655322233	8631.527047182723	-292.35598388225975
190361001.898368	30808814630.99373	215866237837.2458	10630915108.395897	-21896.751315403453	8621.614417167319	-292.84421739118835
190364601.898368	30729983782.268864	215897257808.26263	10629859990.661938	-21898.163976539956	8611.703019978677	-293.3322715917269
190368201.898368	30651147855.159042	215928242100.46997	10628803116.255575	-21899.5726406705	8601.792856394219	-293.82014650917415
190371801.898368	30572306864.05006	215959190718.31	10627744485.822182	-21900.97730973279	8591.883927190072	-294.3078421688539
190375401.898368	30493460823.320755	215990103666.2279	10626684100.007038	-21902.377985663472	8581.976233141057	-294.7953585961161
190379001.898368	30414609747.34277	216020980948.67175	10625621959.455341	-21903.77467039814	8572.069775020607	-295.2826958163399
190382601.898368	30335753650.48096	216051822570.09213	10624558064.81218	-21905.167365871315	8562.16455360087	-295.76985385492924
190386201.898368	30256892547.093307	216082628534.94257	10623492416.722569	-21906.55607401648	8552.260569652683	-296.25683273731374
190389801.898368	30178026451.530514	216113398847.6795	10622425015.831429	-21907.940796766055	8542.357823945506	-296.7436324889528
190393401.898368	30099155378.136745	216144133512.76184	10621355862.783577	-21909.321536051393	8532.456317247532	-297.23025313532867
190397001.898368	30020279341.248875	216174832534.65137	10620284958.223751	-21910.698293802805	8522.556050325613	-297.71669470195206
190400601.898368	29941398355.19685	216205495917.81287	10619212302.796589	-21912.07107194953	8512.657023945254	-298.20295721436037
190404201.898368	29862512434.304012	216236123666.7134	10618137897.146643	-21913.439872419764	8502.75923887072	-298.68904069811435
190407801.898368	29783621592.886337	216266715785.82318	10617061741.918365	-21914.804697140644	8492.86269586488	-299.1749451788039
190411401.898368	29704725845.25314	216297272279.61496	10615983837.756124	-21916.165548038236	8482.967395689348	-299.6606706820436
190415001.898368	29625825205.706825	216327793152.5644	10614904185.3042	-21917.522427037573	8473.073339104412	-300.14621723347324
190418601.898368	29546919688.542473	216358278409.14975	10613822785.206757	-21918.875336062618	8463.18052686901	-300.63158485876176
190422201.898368	29468009308.048775	216388728053.85202	10612739638.107895	-21920.22427703628	8453.288959740843	-301.11677358359947
190425801.898368	29389094078.507168	216419142091.15494	10611654744.651604	-21921.56925188041	8443.398638476263	-301.6017834337053
190429401.898368	29310174014.19226	216449520525.54504	10610568105.481792	-21922.910262515812	8433.509563830325	-302.08661443482316
190433001.898368	29231249129.37182	216479863361.51135	10609479721.24226	-21924.24731086221	8423.621736556797	-302.57126661272196
190436601.898368	29152319438.30652	216510170603.54593	10608389592.576733	-21925.580398838312	8413.735157408115	-303.0557399931977
190440201.898368	29073384955.25032	216540442256.14337	10607297720.128838	-21926.909528361743	8403.849827135455	-303.54003460207
190443801.898368	28994445694.45013	216570678323.80093	10606204104.542097	-21928.234701349073	8393.965746488662	-304.02415046518547
190447401.898368	28915501670.14614	216600878811.01855	10605108746.459953	-21929.555919715825	8384.082916216326	-304.5080876084141
190451001.898368	28836552896.571465	216631043722.29895	10604011646.52575	-21930.873185376466	8374.201337065704	-304.9918460576529
190454601.898368	28757599387.952377	216661173062.1476	10602912805.382738	-21932.186500244406	8364.321009782778	-305.47542583882375
190458201.898368	28678641158.508327	216691266835.07254	10601812223.674076	-21933.495866232002	8354.441935112245	-305.9588269778727
190461801.898368	28599678222.451916	216721325045.58444	10600709902.042837	-21934.801285250556	8344.56411379751	-306.44204950077125
190465401.898368	28520710593.988564	216751347698.19684	10599605841.13198	-21936.102759210313	8334.687546580673	-306.9250934335172
190469001.898368	28441738287.31731	216781334797.42566	10598500041.584389	-21937.40029002047	8324.812234202596	-307.4079588021304
190472601.898368	28362761316.62991	216811286347.7898	10597392504.04285	-21938.69387958916	8314.938177402815	-307.89064563265777
190476201.898368	28283779696.111523	216841202353.81055	10596283229.150053	-21939.983529823465	8305.065376919603	-308.3731539511699
190479801.898368	28204793439.940117	216871082820.01212	10595172217.548588	-21941.269242629423	8295.193833489937	-308.85548378376313
190483401.898368	28125802562.287136	216900927750.92105	10594059469.880959	-21942.55101991201	8285.323547849543	-309.33763515655727
190487001.898368	28046807077.31714	216930737151.06677	10592944986.78958	-21943.828863575138	8275.454520732863	-309.8196080956962
190490601.898368	27967806999.18757	216960511024.98138	10591828768.91676	-21945.102775521693	8265.586752873038	-310.3014026273502
190494201.898368	27888802342.049145	216990249377.19946	10590710816.90472	-21946.372757653477	8255.720245001961	-310.78301877771287
190497801.898368	27809793120.045914	217019952212.2583	10589591131.395588	-21947.63881187126	8245.854997850263	-311.264456573001
190501401.898368	27730779347.314964	217049619534.69772	10588469713.03139	-21948.900940074745	8235.991012147293	-311.74571603945674
190505001.898368	27651761037.98631	217079251349.06033	10587346562.454065	-21950.1591441626	8226.128288621107	-312.2267972033473
190508601.898368	27572738206.183594	217108847659.8913	10586221680.305458	-21951.413426032414	8216.266827998548	-312.70770009096145
190512201.898368	27493710866.023212	217138408471.7383	10585095067.22731	-21952.663787580754	8206.406631005146	-313.1884247286152
190515801.898368	27414679031.61512	217167933789.15173	10583966723.86128	-21953.910230703103	8196.54769836521	-313.6689711426445
190519401.898368	27335642717.06203	217197423616.6846	10582836650.848919	-21955.152757293916	8186.690030801756	-314.14933935941303
190523001.898368	27256601936.460155	217226877958.89246	10581704848.831694	-21956.391369246583	8176.833629036551	-314.629529405306
190526601.898368	27177556703.89877	217256296820.3335	10580571318.450977	-21957.626068453454	8166.978493790106	-315.1095413067334
190530201.898368	27098507033.4603	217285680205.56848	10579436060.348028	-21958.856856805807	8157.124625781675	-315.5893750901282
190533801.898368	27019452939.220493	217315028119.16064	10578299075.164036	-21960.08373619389	8147.272025729268	-316.0690307819466
190537401.898368	26940394435.24819	217344340565.6761	10577160363.540077	-21961.306708506883	8137.420694349623	-316.5485084086698
190541001.898368	26861331535.605495	217373617549.68326	10576019926.117138	-21962.525775632923	8127.570632358248	-317.0278079968008
190544601.898368	26782264254.3476	217402859075.7532	10574877763.536114	-21963.740939459098	8117.72184046938	-317.50692957286753
190548201.898368	26703192605.52306	217432065148.45963	10573733876.437798	-21964.952201871434	8107.874319396025	-317.98587316341974
190551801.898368	26624116603.173595	217461235772.37866	10572588265.46289	-21966.159564754915	8098.028069849946	-318.46463879503125
