177839655.3504	128741148601.27173	-80127180304.04901	402405376.0477891	18370.009310240235	27345.211983675465	1795.482751165636
177843255.3504	128807248879.08598	-80028717787.95792	408869014.1790261	18352.365985497352	27356.18344605262	1795.4271749083164
177846855.3504	128873285627.2495	-79930215800.51207	415332450.65002775	18334.71506255548	27367.140512910293	1795.3707177333342
177850455.3504	128939258818.43819	-79831674393.54797	421795682.28983784	18317.056557776126	27378.08317724663	1795.3133798344215
177854055.3504	129005168425.3869	-79733093618.92729	428258705.9282007	18299.390487528526	27389.011432084415	1795.2551614066538
177857655.3504	129071014420.8895	-79634473528.53671	434721518.39556646	18281.71686818962	27399.925270471093	1795.1960626464502
177861255.3504	129136796777.79861	-79535814174.28795	441184116.5230932	18264.03571614396	27410.824685478736	1795.1360837515713
177864855.3504	129202515469.02615	-79437115608.11763	447646497.1426554	18246.34704778372	27421.709670204087	1795.0752249211182
177868455.3504	129268170467.54279	-79338377881.98706	454108657.08684397	18228.65087950859	27432.58021776857	1795.0134863555331
177872055.3504	129333761746.37839	-79239601047.8825	460570593.18897486	18210.94722772579	27443.43632131828	1794.9508682565956
177875655.3504	129399289278.62189	-79140785157.81462	467032302.2830939	18193.236108849942	27454.277974024008	1794.8873708274239
177879255.3504	129464753037.42134	-79041930263.81873	473493781.2039809	18175.51753930311	27465.10516908126	1794.8229942724727
177882855.3504	129530152995.9838	-78943036417.95454	479955026.7871523	18157.79153551469	27475.917899710224	1794.7577387975323
177886455.3504	129595489127.57565	-78844103672.30624	486416035.8688669	18140.05811392141	27486.716159155843	1794.691604609728
177890055.3504	129660761405.5224	-78745132078.98212	492876805.28613806	18122.317290967218	27497.49994068777	1794.624591917519
177893655.3504	129725969803.20871	-78646121690.1148	499337331.8767209	18104.569083103313	27508.2692376004	1794.5567009306963
177897255.3504	129791114294.07858	-78547072557.86096	505797612.4791374	18086.813506788014	27519.024043212885	1794.4879318603819
177900855.3504	129856194851.63522	-78447984734.40121	512257643.9326706	18069.0505784868	27529.764350869125	1794.4182849190304
177904455.3504	129921211449.44109	-78348858271.9402	518717423.0773654	18051.28031467218	27540.4901539378	1794.347760320423
177908055.3504	129986164061.118	-78249693222.70627	525176946.7540469	18033.502731823723	27551.201445812352	1794.2763582796715
177911655.3504	130051052660.34715	-78150489638.95169	531636211.8043089	18015.717846427935	27561.89821991101	1794.2040790132128
177915255.3504	130115877220.86902	-78051247572.95215	538095215.0705318	17997.925674978258	27572.5804696768	1794.1309227388115
177918855.3504	130180637716.48355	-77951967077.00705	544553953.3958812	17980.126233975036	27583.24818857756	1794.0568896755565
177922455.3504	130245334121.04996	-77852648203.43922	551012423.6243129	17962.319539925396	27593.90137010591	1793.9819800438602
177926055.3504	130309966408.48717	-77753291004.5949	557470622.6005812	17944.505609343294	27604.540007779324	1793.9061940654592
177929655.3504	130374534552.77325	-77653895532.84361	563928547.1702366	17926.684458749387	27615.164095140073	1793.8295319634092
177933255.3504	130439038527.94598	-77554461840.578	570386194.1796384	17908.85610467104	27625.773625755268	1793.7519939620893
177936855.3504	130503478308.10251	-77454989980.21393	576843560.475955	17891.02056364225	27636.368593216885	1793.673580287196
177940455.3504	130567853867.39972	-77355480004.19028	583300642.9071708	17873.177852203593	27646.948991141726	1793.5942911657446
177944055.3504	130632165180.05376	-77255931964.96881	589757438.3220868	17855.327986902215	27657.514813171452	1793.5141268260684
177947655.3504	130696412220.34064	-77156345915.03415	596213943.5703316	17837.47098429174	27668.06605297261	1793.4330874978154
177951255.3504	130760594962.59578	-77056721906.89365	602670155.5023623	17819.606860932236	27678.60270423659	1793.3511734119493
177954855.3504	130824713381.21432	-76957059993.0774	609126070.9694681	17801.735633390195	27689.124760679697	1793.2683848007475
177958455.3504	130888767450.65103	-76857360226.13806	615581686.8237767	17783.85731823843	27699.63221604309	1793.1847218977987
177962055.3504	130952757145.42038	-76757622658.65065	622036999.9182634	17765.971932056087	27710.12506409285	1793.1001849380052
177965655.3504	131016682440.0965	-76657847343.21281	628492007.1067448	17748.079491428558	27720.60329861995	1793.014774157578
177969255.3504	131080543309.31328	-76558034332.44427	634946705.2438974	17730.180012947443	27731.066913440267	1792.9284897940377
177972855.3504	131144339727.76422	-76458183678.98709	641401091.1852489	17712.273513210508	27741.515902394596	1792.8413320862123
177976455.3504	131208071670.20279	-76358295435.5054	647855161.7871938	17694.36000882163	27751.95025934867	1792.7533012742372
177980055.3504	131271739111.44211	-76258369654.68549	654308913.9069891	17676.439516390754	27762.369978193135	1792.6643975995526
177983655.3504	131335342026.35507	-76158406389.23546	660762344.4027667	17658.512052533857	27772.775052843575	1792.5746213049044
177987255.3504	131398880389.87457	-76058405691.88533	667215450.1335325	17640.577633872854	27783.16547724051	1792.4839726343394
177990855.3504	131462354176.9932	-75958367615.38689	673668227.959177	17622.636277035614	27793.54124534943	1792.3924518332087
177994455.3504	131525763362.76337	-75858292212.51357	680120674.7404714	17604.687998655874	27803.902351160756	1792.300059148163
177998055.3504	131589107922.29759	-75758179536.06047	686572787.3390803	17586.73281537319	27814.248788689896	1792.2067948271524
178001655.3504	131652387830.76816	-75658029638.8441	693024562.6175632	17568.770743832913	27824.580551977197	1792.1126591194259
178005255.3504	131715603063.40726	-75557842573.70241	699475997.4393773	17550.8018006861	27834.89763508799	1792.0176522755282
178008855.3504	131778753595.50717	-75457618393.49477	705927088.6688848	17532.826002589536	27845.200032112603	1791.921774547303
178012455.3504	131841839402.41997	-75357357151.1016	712377833.1713595	17514.843366205598	27855.487737166324	1791.8250261878852
178016055.3504	131904860459.55789	-75257058899.42455	718828227.8129864	17496.85390820227	27865.760744389423	1791.7274074517045
178019655.3504	131967816742.3931	-75156723691.38638	725278269.4608669	17478.857645253094	27876.0190479472	1791.628918594484
178023255.3504	132030708226.45776	-75056351579.93071	731727954.9830294	17460.85459403708	27886.262642029928	1791.5295598732357
178026855.3504	132093534887.34427	-74955942618.0221	738177281.2484274	17442.844771238684	27896.49152085289	1791.429331546263
178030455.3504	132156296700.70483	-74855496858.6458	744626245.1269469	17424.828193547786	27906.705678656388	1791.328233873156
178034055.3504	132218993642.25195	-74755014354.80786	751074843.4894109	17406.8048776596	27916.905109705745	1791.2262671147942
178037655.3504	132281625687.75818	-74654495159.53485	757523073.2075863	17388.774840274637	27927.089808291275	1791.1234315333409
178041255.3504	132344192813.05621	-74553939325.87396	763970931.15418	17370.738098098664	27937.259768728356	1791.0197273922452
178044855.3504	132406694994.03882	-74453346906.89261	770418414.2028561	17352.69466784267	27947.41498535737	1790.915154956239
178048455.3504	132469132206.65906	-74352717955.67874	776865519.22823	17334.644566222778	27957.555452543733	1790.8097144913372
178052055.3504	132531504426.93005	-74252052525.34035	783312243.1058798	17316.58780996026	27967.68116467793	1790.703406264835
178055655.3504	132593811630.92522	-74151350669.00577	789758582.7123461	17298.52441578141	27977.79211617545	1790.5962305453065
178059255.3504	132656053794.77823	-74050612439.82332	796204534.925138	17280.45440041757	27987.888301476843	1790.4881876026059
178062855.3504	132718230894.6829	-73949837890.96126	802650096.6227412	17262.37778060503	27997.96971504774	1790.3792777078625
178066455.3504	132780342906.89337	-73849027075.60767	809095264.6846199	17244.29457308501	28008.036351378785	1790.2695011334815
178070055.3504	132842389807.72397	-73748180046.97058	815540035.9912157	17226.204794603604	28018.088204985695	1790.1588581531428
178073655.3504	132904371573.54944	-73647296858.27759	821984407.4239645	17208.108461911736	28028.12527040928	1790.0473490418003
178077255.3504	132966288180.8048	-73546377562.77599	828428375.8652906	17190.005591765093	28038.147542215367	1789.9349740756784
178080855.3504	133028139605.98532	-73445422213.73245	834871938.1986175	17171.896200924093	28048.155014994893	1789.8217335322715
178084455.3504	133089925825.64673	-73344430864.43329	841315091.3083653	17153.780306153865	28058.147683363866	1789.7076276903454
178088055.3504	133151646816.40504	-73243403568.18398	847757832.0799646	17135.657924224128	28068.125541963345	1789.5926568299308
178091655.3504	133213302554.93668	-73142340378.3093	854200157.3998561	17117.529071909223	28078.08858545949	1789.4768212323265
178095255.3504	133274893017.97847	-73041241348.15317	860642064.1554928	17099.39376598801	28088.036808543548	1789.3601211800956
178098855.3504	133336418182.32762	-72940106531.07861	867083549.2353477	17081.25202324386	28097.970205931844	1789.2425569570667
178102455.3504	133397878024.84177	-72838935980.46764	873524609.5289197	17063.103860464555	28107.88877236579	1789.1241288483275
178106055.3504	133459272522.43907	-72737729749.72102	879965241.9267368	17044.949294442315	28117.792502611897	1789.00483714023
178109655.3504	133520601652.09802	-72636487892.2585	886405443.3203554	17026.788341973675	28127.681391461792	1788.8846821203847
178113255.3504	133581865390.85771	-72535210461.51836	892845210.6023755	17008.62101985949	28137.555433732152	1788.7636640776589
178116855.3504	133643063715.81761	-72433897510.95767	899284540.6664357	16990.447344904856	28147.4146242648	1788.6417833021794
178120455.3504	133704196604.13779	-72332549094.05194	905723430.4072213	16972.267333919088	28157.258957926635	1788.5190400853276
178124055.3504	133765264033.03876	-72231165264.29498	912161876.7204709	16954.08100371565	28167.088429609674	1788.3954347197387
178127655.3504	133826265979.8016	-72129746075.19919	918599876.5029778	16935.88837111211	28176.903034231036	1788.2709674993002
178131255.3504	133887202421.76808	-72028291580.29509	925037426.6525946	16917.689452930113	28186.70276673296	1788.1456387191529
178134855.3504	133948073336.34026	-71926801833.13132	931474524.0682397	16899.484265995314	28196.487622082765	1788.0194486756861
178138455.3504	134008878700.98093	-71825276887.27466	937911165.6499009	16881.272827137334	28206.25759527294	1787.8923976665387
178142055.3504	134069618493.2135	-71723716796.3099	944347348.2986374	16863.05515318972	28216.012681321026	1787.764485990596
178145655.3504	134130292690.62201	-71622121613.83969	950783068.9165926	16844.831260989875	28225.75287526972	1787.6357139479896
178149255.3504	134190901270.85094	-71520491393.4844	957218324.4069848	16826.60116737904	28235.47817218683	1787.5060818400962
178152855.3504	134251444211.60564	-71418826188.88226	963653111.6741261	16808.364889202243	28245.188567165285	1787.3755899695345
178156455.3504	134311921490.65195	-71317126053.689	970087427.6234155	16790.12244330822	28254.88405532312	1787.2442386401644
178160055.3504	134372333085.81642	-71215391041.57796	976521269.1613503	16771.87384654941	28264.564631803507	1787.1120281570886
178163655.3504	134432678974.9863	-71113621206.23982	982954633.1955304	16753.619115781876	28274.230291774747	1786.9789588266462
178167255.3504	134492959136.10947	-71011816601.38274	989387516.634655	16735.35826786526	28283.88103043024	1786.8450309564141
178170855.3504	134553173547.19458	-70909977280.73207	995819916.3885379	16717.091319662766	28293.51684298853	1786.7102448552048
178174455.3504	134613322186.31093	-70808103298.03024	1002251829.3681073	16698.81828804108	28303.137724693286	1786.5746008330673
178178055.3504	134673405031.58862	-70706194707.03696	1008683252.4854054	16680.53918987031	28312.743670813303	1786.4380992012811
178181655.3504	134733422061.21838	-70604251561.52875	1015114182.6535997	16662.25404202401	28322.334676642502	1786.3007402723592
178185255.3504	134793373253.45184	-70502273915.2991	1021544616.7869868	16643.96286137905	28331.910737499922	1786.162524360043
178188855.3504	134853258586.60123	-70400261822.1583	1027974551.8009901	16625.665664815606	28341.47184872975	1786.023451779305
178192455.3504	134913078039.03967	-70298215335.93338	1034403984.612174	16607.362469217118	28351.018005701273	1785.883522846342
178196055.3504	134972831589.20102	-70196134510.4679	1040832912.1382422	16589.053291470238	28360.54920380895	1785.7427378785796
178199655.3504	135032519215.57993	-70094019399.62207	1047261331.2980399	16570.738148464752	28370.065438472302	1785.6010971946646
178203255.3504	135092140896.73192	-69991870057.27248	1053689239.0115681	16552.417057093593	28379.566705136058	1785.4586011144695
178206855.3504	135151696611.27322	-69889686537.3121	1060116632.1999745	16534.090034252753	28389.05299927001	1785.315249959087
178210455.3504	135211186337.88104	-69787468893.65019	1066543507.7855701	16515.757096841222	28398.524316369098	1785.1710440508282
178214055.3504	135270610055.2933	-69685217180.21207	1072969862.6918259	16497.418261760973	28407.980651953418	1785.0259837132253
178217655.3504	135329967742.3088	-69582931450.9393	1079395693.84338	16479.073545916926	28417.42200156814	1784.880069271026
178221255.3504	135389259377.7873	-69480611759.78928	1085820998.1660428	16460.722966216843	28426.84836078361	1784.7333010501925
178224855.3504	135448484940.64926	-69378258160.73543	1092245772.5867987	16442.36653957133	28436.25972519526	1784.5856793779033
178228455.3504	135507644409.87616	-69275870707.76689	1098670014.0338159	16424.00428289378	28445.656090423676	1784.4372045825467
178232055.3504	135566737764.51035	-69173449454.88863	1105093719.436442	16405.636213100304	28455.03745211455	1784.287876993723
178235655.3504	135625764983.65503	-69070994456.1211	1111516885.725215	16387.26234710974	28464.403805938713	1784.1376969422436
178239255.3504	135684726046.4744	-68968505765.50044	1117939509.8318691	16368.882701843522	28473.75514759209	1783.9866647601248
178242855.3504	135743620932.19348	-68865983437.0782	1124361588.6893296	16350.497294225706	28483.091472795753	1783.8347807805908
178246455.3504	135802449620.09833	-68763427524.9212	1130783119.2317333	16332.106141182876	28492.412777295882	1783.682045338071
178250055.3504	135861212089.5358	-68660838083.11157	1137204098.394412	16313.709259644133	28501.719056863774	1783.528458768197
178253655.3504	135919908319.91386	-68558215165.74672	1143624523.1139164	16295.306666541019	28511.010307295845	1783.3740214078034
178257255.3504	135978538290.70135	-68455558826.93904	1150044390.3280053	16276.898378807495	28520.28652441363	1783.2187335949238
178260855.3504	136037101981.42804	-68352869120.815895	1156463696.9756627	16258.484413379858	28529.54770406377	1783.062595668792
178264455.3504	136095599371.68478	-68250146101.51969	1162882439.9970927	16240.064787196734	28538.793842118004	1782.905607969837
178268055.3504	136154030441.1233	-68147389823.2075	1169300616.3337288	16221.639517199004	28548.0249344732	1782.7477708396846
178271655.3504	136212395169.45638	-68044600340.05121	1175718222.9282331	16203.208620329768	28557.240977051322	1782.5890846211555
178275255.3504	136270693536.4578	-67941777706.237335	1182135256.7245073	16184.772113534305	28566.441965799444	1782.429549658261
178278855.3504	136328925521.96222	-67838921975.96687	1188551714.6676931	16166.330013760009	28575.62789668973	1782.2691662962047
178282455.3504	136387091105.86562	-67736033203.45541	1194967593.7041764	16147.88233795636	28584.798765719475	1782.1079348813796
178286055.3504	136445190268.1246	-67633111442.93271	1201382890.7815924	16129.429103074839	28593.954568911024	1781.9458557613648
178289655.3504	136503222988.75714	-67530156748.64296	1207797602.8488302	16110.970326068942	28603.09530231184	1781.7829292849283
178293255.3504	136561189247.8421	-67427169174.84453	1214211726.8560362	16092.50602389409	28612.2209619945	1781.61915580202
178296855.3504	136619089025.51938	-67324148775.80975	1220625259.7546191	16074.036213507583	28621.33154405664	1781.4545356637755
178300455.3504	136676922301.98987	-67221095605.82514	1227038198.4972515	16055.56091186858	28630.42704462099	1781.2890692225105
178304055.3504	136734689057.51569	-67118009719.19091	1233450540.0378814	16037.080135938017	28639.507459835346	1781.12275683172
178307655.3504	136792389272.41986	-67014891170.22132	1239862281.3317266	16018.593902678598	28648.572785872628	1780.9555988460788
178311255.3504	136850022927.08649	-66911740013.244225	1246273419.3352857	16000.102229054712	28657.623018930783	1780.787595621437
178314855.3504	136907590001.96097	-66808556302.60114	1252683951.0063424	15981.605132032408	28666.65815523287	1780.6187475148213
178318455.3504	136965090477.54942	-66705340092.64714	1259093873.3039646	15963.102628579347	28675.678191026993	1780.4490548844306
178322055.3504	137022524334.41934	-66602091437.7508	1265503183.1885128	15944.594735664741	28684.68312258633	1780.2785180896367
178325655.3504	137079891553.19922	-66498810392.294044	1271911877.621645	15926.08147025934	28693.67294620913	1780.1071374909811
178329255.3504	137137192114.57858	-66395497010.67204	1278319953.566317	15907.56284933534	28702.647658218688	1779.9349134501745
178332855.3504	137194425999.30817	-66292151347.29318	1284727407.9867911	15889.038889866357	28711.607254963354	1779.7618463300935
178336455.3504	137251593188.19974	-66188773456.57896	1291134237.8486357	15870.509608827397	28720.551732816544	1779.5879364947814
178340055.3504	137308693662.12622	-66085363392.96388	1297540440.1187348	15851.975023194787	28729.4810881767	1779.4131843094447
178343655.3504	137365727402.02162	-65981921210.89541	1303946011.7652826	15833.435149946135	28738.395317467315	1779.2375901404525
178347255.3504	137422694388.8811	-65878446964.83369	1310350949.7578058	15814.890006060288	28747.294417136945	1779.0611543553346
178350855.3504	137479594603.76086	-65774940709.25176	1316755251.0671453	15796.339608517275	28756.178383659128	1778.883877322778
178354455.3504	137536428027.7784	-65671402498.6353	1323158912.6654768	15777.783974298276	28765.04721353248	1778.7057594126297
178358055.3504	137593194642.11218	-65567832387.48248	1329561931.526309	15759.223120385568	28773.900903280628	1778.5268009958904
178361655.3504	137649894428.0019	-65464230430.303986	1335964304.6244855	15740.65706376246	28782.739449452187	1778.3470024447151
178365255.3504	137706527366.74838	-65360596681.622826	1342366028.9361973	15722.085821413286	28791.56284862084	1778.1663641324112
178368855.3504	137763093439.71362	-65256931195.974396	1348767101.4389753	15703.509410323333	28800.371097385258	1777.9848864334376
178372455.3504	137819592628.32062	-65153234027.90623	1355167519.1117039	15684.927847478777	28809.16419236909	1777.802569723401
178376055.3504	137876024914.0537	-65049505231.97793	1361567278.9346209	15666.341149866686	28817.94213022104	1777.6194143790553
178379655.3504	137932390278.4583	-64945744862.76117	1367966377.8893242	15647.74933447493	28826.70490761476	1777.4354207783022
178383255.3504	137988688703.141	-64841952974.839584	1374364812.9587722	15629.15241829215	28835.452521248902	1777.2505893001842
178386855.3504	138044920169.76947	-64738129622.80861	1380762581.1272912	15610.550418307725	28844.184967847144	1777.064920324889
178390455.3504	138101084660.07263	-64634274861.27543	1387159679.3805737	15591.943351511713	28852.902244158082	1776.8784142337436
178394055.3504	138157182155.84058	-64530388744.85892	1393556104.7056913	15573.331234894782	28861.60434695531	1776.6910714092135
178397655.3504	138213212638.9245	-64426471328.189445	1399951854.0910993	15554.714085448206	28870.2912730374	1776.5028922349027
178401255.3504	138269176091.2368	-64322522665.908905	1406346924.5266256	15536.091920163806	28878.963019227904	1776.3138770955497
178404855.3504	138325072494.75107	-64218542812.67063	1412741313.0034928	15517.464756033884	28887.61958237527	1776.1240263770283
178408455.3504	138380901831.502	-64114531823.13921	1419135016.5143094	15498.832610051193	28896.26095935294	1775.933340466342
178412055.3504	138436664083.5856	-64010489751.99045	1425528032.0530844	15480.1954992089	28904.8871470593	1775.7418197516274
178415655.3504	138492359233.15887	-63906416653.91121	1431920356.6152234	15461.553440500502	28913.49814241766	1775.5494646221491
178419255.3504	138547987262.44016	-63802312583.59951	1438311987.1975346	15442.906450919847	28922.093942376272	1775.356275468298
178422855.3504	138603548153.7088	-63698177595.7642	1444702920.7982364	15424.25454746102	28930.674543908302	1775.1622526815913
178426455.3504	138659041889.3056	-63594011745.12507	1451093154.4169545	15405.597747118325	28939.239944011835	1774.9673966546686
178430055.3504	138714468451.63226	-63489815086.41262	1457482685.0547338	15386.936066886245	28947.790139709887	1774.7717077812936
178433655.3504	138769827823.15173	-63385587674.36802	1463871509.714038	15368.2695237594	28956.325128050354	1774.5751864563472
178437255.3504	138825119986.3882	-63281329563.74298	1470259625.3987532	15349.598134732478	28964.844906106042	1774.377833075832
178440855.3504	138880344923.92706	-63177040809.29986	1476647029.114193	15330.921916800216	28973.34947097466	1774.1796480368657
178444455.3504	138935502618.4149	-63072721465.81124	1483033717.8671064	15312.240886957323	28981.83881977877	1773.9806317376806
178448055.3504	138990593052.5593	-62968371588.060165	1489419688.6656713	15293.555062198468	28990.312949665855	1773.7807845776229
178451655.3504	139045616209.1292	-62863991230.83975	1495804938.5195127	15274.864459518216	28998.771857808228	1773.5801069571505
178455255.3504	139100572070.9547	-62759580448.953354	1502189464.4396935	15256.16909591097	29007.21554140308	1773.3785992778312
178458855.3504	139155460620.92706	-62655139297.21443	1508573263.438726	15237.468988370969	29015.643997672465	1773.17626194234
178462455.3504	139210281841.9987	-62550667830.44626	1514956332.5305743	15218.764153892203	29024.05722386328	1772.97309535446
178466055.3504	139265035717.18317	-62446166103.481995	1521338668.7306604	15200.054609468363	29032.45521724726	1772.7690999190759
178469655.3504	139319722229.5553	-62341634171.16465	1527720269.055863	15181.340372092825	29040.837975120965	1772.5642760421783
178473255.3504	139374341362.25104	-62237072088.34693	1534101130.5245228	15162.621458758593	29049.205494805803	1772.3586241308572
178476855.3504	139428893098.4676	-62132479909.89108	1540481250.1564531	15143.897886458248	29057.557773647968	1772.1521445933022
178480455.3504	139483377421.4632	-62027857690.668846	1546860624.9729352	15125.169672183903	29065.8948090185	1771.944837838801
178484055.3504	139537794314.55734	-61923205485.56142	1553239251.996725	15106.436832927162	29074.216598313196	1771.7367042777355
178487655.3504	139592143761.1307	-61818523349.459366	1559617128.2520614	15087.699385679074	29082.523138952685	1771.5277443215828
178491255.3504	139646425744.62503	-61713811337.26244	1565994250.7646608	15068.957347430096	29090.814428382357	1771.3179583829128
178494855.3504	139700640248.54333	-61609069503.8795	1572370616.5617347	15050.210735170014	29099.09046407239	1771.1073468753837
178498455.3504	139754787256.4498	-61504297904.2286	1578746222.6719785	15031.459565887955	29107.35124351771	1770.8959102137449
178502055.3504	139808866751.9697	-61399496593.23667	1585121066.1255865	15012.70385657229	29115.59676423804	1770.6836488138304
178505655.3504	139862878718.7895	-61294665625.83952	1591495143.9542522	14993.943624210606	29123.82702377782	1770.4705630925607
178509255.3504	139916823140.65674	-61189805056.98181	1597868453.1911688	14975.178885789674	29132.04201970623	1770.2566534679395
178512855.3504	139970700001.38028	-61084914941.61681	1604240990.8710403	14956.40965829539	29140.241749617213	1770.0419203590511
178516455.3504	140024509284.82996	-60979995334.70662	1610612754.0300775	14937.635958712724	29148.426211129394	1769.82636418606
178520055.3504	140078250974.9369	-60875046291.221634	1616983739.7060084	14918.857804025702	29156.59540188616	1769.609985370208
178523655.3504	140131925055.69324	-60770067866.14075	1623353944.9380798	14900.075211217332	29164.74931955556	1769.3927843338151
178527255.3504	140185531511.15228	-60665060114.45129	1629723366.767056	14881.28819726957	29172.88796183036	1769.1747615002723
178530855.3504	140239070325.42856	-60560023091.14879	1636092002.2352324	14862.49677916328	29181.011326428015	1768.955917294046
178534455.3504	140292541482.69763	-60454956851.236946	1642459848.386435	14843.700973878178	29189.119411090644	1768.7362521406712
178538055.3504	140345944967.19623	-60349861449.72752	1648826902.2660217	14824.900798392795	29197.21221358505	1768.5157664667531
178541655.3504	140399280763.22223	-60244736941.64037	1655193160.920885	14806.096269684447	29205.28973170268	1768.2944606999627
178545255.3504	140452548855.13446	-60139583382.00317	1661558621.3994641	14787.28740472916	29213.351963259644	1768.0723352690377
178548855.3504	140505749227.35315	-60034400825.851395	1667923280.75174	14768.474220501643	29221.39890609667	1767.8493906037772
178552455.3504	140558881864.3593	-59929189328.22828	1674287136.0292473	14749.65673397523	29229.430558079137	1767.6256271350437
178556055.3504	140611946750.6954	-59823948944.18477	1680650184.2850685	14730.834962121859	29237.44691709701	1767.4010452947575
178559655.3504	140664943870.9646	-59718679728.77925	1687012422.573842	14712.00892191203	29245.447981064914	1767.1756455158993
178563255.3504	140717873209.83145	-59613381737.077644	1693373847.951775	14693.178630314704	29253.433747922027	1766.9494282325031
178566855.3504	140770734752.02155	-59508055024.153175	1699734457.4766345	14674.344104297323	29261.404215632123	1766.722393879659
178570455.3504	140823528482.32147	-59402699645.08647	1706094248.2077503	14655.50536082576	29269.35938218358	1766.4945428935089
178574055.3504	140876254385.57892	-59297315654.96524	1712453217.2060318	14636.662416864208	29277.29924558929	1766.265875711244
178577655.3504	140928912446.70267	-59191903108.88436	1718811361.5339613	14617.815289375234	29285.22380388677	1766.036392771106
178581255.3504	140981502650.6625	-59086462061.945724	1725168678.255601	14598.963995319664	29293.13305513803	1765.8060945123827
178584855.3504	141034024982.48944	-58980992569.258095	1731525164.4365969	14580.108551656545	29301.026997429628	1765.574981375406
178588455.3504	141086479427.27527	-58875494685.937225	1737880817.1441798	14561.24897534314	29308.905628872657	1765.343053801552
178592055.3504	141138865970.1731	-58769968467.10551	1744235633.4471736	14542.385283334846	29316.76894760271	1765.1103122332374
178595655.3504	141191184596.3968	-58664413967.89197	1750589610.4159975	14523.517492585164	29324.616951779888	1764.8767571139178
178599255.3504	141243435291.22153	-58558831243.432304	1756942745.1226668	14504.64562004567	29332.449639588795	1764.6423888880884
178602855.3504	141295618039.9833	-58453220348.86873	1763295034.6407976	14485.769682665932	29340.267009238487	1764.4072080012775
178606455.3504	141347732828.07922	-58347581339.34969	1769646476.045619	14466.889697393495	29348.0690589625	1764.1712149000473
178610055.3504	141399779640.96747	-58241914270.03017	1775997066.4139595	14448.005681173845	29355.855787018845	1763.9344100319938
178613655.3504	141451758464.16684	-58136219196.07123	1782346802.824267	14429.117650950337	29363.627191689942	1763.696793845741
178617255.3504	141503669283.2578	-58030496172.64012	1788695682.3566065	14410.225623664162	29371.383271282684	1763.4583667909424
178620855.3504	141555512083.88113	-57924745254.9101	1795043702.0926595	14391.329616254328	29379.12402412835	1763.2191293182766
178624455.3504	141607286851.73898	-57818966498.06046	1801390859.1157374	14372.429645657572	29386.849448582656	1762.9790818794477
178628055.3504	141658993572.5944	-57713159957.27631	1807737150.510777	14353.525728808356	29394.55954302571	1762.7382249271811
178631655.3504	141710632232.2712	-57607325687.7486	1814082573.3643422	14334.617882638797	29402.254305861978	1762.496558915223
178635255.3504	141762202816.65448	-57501463744.67393	1820427124.7646394	14315.70612407863	29409.93373552035	1762.2540842983385
178638855.3504	141813705311.69006	-57395574183.25454	1826770801.8015108	14296.79047005518	29417.597830454033	1762.0108015323096
178642455.3504	141865139703.38464	-57289657058.69816	1833113601.5664415	14277.870937493284	29425.246589140603	1761.7667110739324
178646055.3504	141916505977.80606	-57183712426.21803	1839455521.1525621	14258.947543315302	29432.880010081983	1761.5218133810174
178649655.3504	141967804121.0829	-57077740341.03262	1845796557.6546555	14240.020304441005	29440.498091804406	1761.276108912384
178653255.3504	142019034119.4047	-56971740858.36584	1852136708.1691508	14221.089237787597	29448.10083285841	1761.0295981278628
178656855.3504	142070195959.0219	-56865714033.446556	1858475969.7941484	14202.154360269624	29455.68823181885	1760.7822814882902
178660455.3504	142121289626.24588	-56759659921.50892	1864814339.629396	14183.215688798948	29463.260287284855	1760.5341594555084
178664055.3504	142172315107.4488	-56653578577.79196	1871151814.776311	14164.273240284727	29470.81699787984	1760.2852324923633
178667655.3504	142223272389.06372	-56547470057.53965	1877488392.3379803	14145.32703163332	29478.35836225147	1760.035501062702
178671255.3504	142274161457.5847	-56441334416.00082	1883824069.4191608	14126.377079748288	29485.88437907166	1759.7849656313706
178674855.3504	142324982299.56635	-56335171708.42894	1890158843.1262846	14107.423401530334	29493.39504703657	1759.5336266642141
178678455.3504	142375734901.6244	-56228981990.082306	1896492710.567461	14088.46601387726	29500.890364866562	1759.2814846280708
178682055.3504	142426419250.43524	-56122765316.2236	1902825668.8524842	14069.504933683933	29508.37033130622	1759.028539990776
178685655.3504	142477035332.73615	-56016521742.120056	1909157715.092835	14050.540177842227	29515.83494512433	1758.7747932211546
178689255.3504	142527583135.3252	-55910251323.04331	1915488846.401682	14031.571763240994	29523.284205113843	1758.520244789022
178692855.3504	142578062645.06122	-55803954114.26926	1921819059.8938847	14012.599706766012	29530.718110091886	1758.264895165181
178696455.3504	142628473848.86392	-55697630171.07803	1928148352.686008	13993.62402529993	29538.13665889974	1758.0087448214215
178700055.3504	142678816733.71362	-55591279548.75392	1934476721.8963032	13974.644735722279	29545.53985040283	1757.7517942305167
178703655.3504	142729091286.6516	-55484902302.58525	1940804164.6447387	13955.661854909351	29552.927683490696	1757.4940438662225
178707255.3504	142779297494.77975	-55378498487.86423	1947130678.0529814	13936.675399734222	29560.300157077003	1757.2354942032741
178710855.3504	142829435345.2607	-55272068159.886955	1953456259.2444148	13917.685387066664	29567.657270099517	1756.9761457173854
178714455.3504	142879504825.31787	-55165611373.953415	1959780905.344132	13898.691833773142	29574.999021520074	1756.715998885247
178718055.3504	142929505922.23538	-55059128185.36716	1966104613.4789457	13879.694756716735	29582.325410324596	1756.4550541845235
178721655.3504	142979438623.35794	-54952618649.43538	1972427380.7773933	13860.69417275712	29589.63643552305	1756.1933120938515
178725255.3504	143029302916.09113	-54846082821.46889	1978749204.3697286	13841.690098750518	29596.932096149452	1755.9307730928385
178728855.3504	143079098787.90115	-54739520756.78175	1985070081.3879447	13822.682551549642	29604.212391261855	1755.6674376620601
178732455.3504	143128826226.31467	-54632932510.691505	1991390008.9657574	13803.671548003684	29611.477319942293	1755.4033062830586
178736055.3504	143178485218.91937	-54526318138.518974	1997708984.2386231	13784.657104958247	29618.72688129684	1755.1383794383419
178739655.3504	143228075753.3632	-54419677695.588	2004027004.3437352	13765.639239255292	29625.961074455525	1754.8726576113768
178743255.3504	143277597817.355	-54313011237.225716	2010344066.4200292	13746.61796773315	29633.17989857235	1754.6061412865956
178746855.3504	143327051398.66412	-54206318818.76214	2016660167.6081839	13727.593307226414	29640.383352825287	1754.3388309493862
178750455.3504	143376436485.12048	-54099600495.53016	2022975305.050634	13708.565274565939	29647.571436416227	1754.0707270860935
178754055.3504	143425753064.61456	-53992856322.86563	2029289475.8915582	13689.53388657879	29654.744148571	1753.8018301840166
178757655.3504	143475001125.09763	-53886086356.10712	2035602677.2768955	13670.499160088197	29661.90148853934	1753.53214073141
178761255.3504	143524180654.5812	-53779290650.59566	2041914906.3543506	13651.461111913495	29669.043455594863	1753.2616592174747
178764855.3504	143573291641.13757	-53672469261.67514	2048226160.2733784	13632.419758870139	29676.1700490351	1752.9903861323642
178768455.3504	143622334072.8994	-53565622244.691765	2054536436.1852074	13613.375117769594	29683.2812681814	1752.7183219671767
178772055.3504	143671307938.06	-53458749654.99417	2060845731.2428355	13594.327205419326	29690.37711237898	1752.4454672139548
178775655.3504	143720213224.8731	-53351851547.93333	2067154042.6010342	13575.276038622776	29697.457580996903	1752.1718223656853
178779255.3504	143769049921.65292	-53244927978.86242	2073461367.416348	13556.221634179285	29704.522673428022	1751.8973879162954
178782855.3504	143817818016.77417	-53137979003.13678	2079767702.8471026	13537.164008884074	29711.572389089022	1751.6221643606502
178786455.3504	143866517498.672	-53031004676.11376	2086073046.0534124	13518.10317952819	29718.606727420345	1751.3461521945524
178790055.3504	143915148355.842	-52924005053.152794	2092377394.1971674	13499.039162898476	29725.6256878862	1751.0693519147387
178793655.3504	143963710576.8403	-52816980189.61507	2098680744.442059	13479.97197577752	29732.62926997458	1750.7917640188796
178797255.3504	144012204150.28317	-52709930140.86359	2104983093.9535637	13460.901634943626	29739.61747319719	1750.5133890055754
178800855.3504	144060629064.84753	-52602854962.263214	2111284439.8989568	13441.82815717076	29746.590297089468	1750.2342273743557
178804455.3504	144108985309.2706	-52495754709.1803	2117584779.4473171	13422.751559228513	29753.547741210543	1749.9542796256765
178808055.3504	144157272872.3499	-52388629436.98276	2123884109.7695217	13403.671857882044	29760.48980514324	1749.6735462609186
178811655.3504	144205491742.94336	-52281479201.03994	2130182428.0382605	13384.58906989209	29767.41648849407	1749.3920277823859
178815255.3504	144253641909.9693	-52174304056.72274	2136479731.4280224	13365.503212014864	29774.327790893174	1749.109724693303
178818855.3504	144301723362.40613	-52067104059.403114	2142776017.1151223	13346.414301002045	29781.223711994353	1748.8266374978125
178822455.3504	144349736089.29285	-51959879264.45432	2149071282.277685	13327.322353600734	29788.104251475022	1748.5427667009744
178826055.3504	144397680079.72845	-51852629727.250786	2155365524.0956554	13308.227386553417	29794.969409036195	1748.2581128087631
178829655.3504	144445555322.8725	-51745355503.167915	2161658739.750801	13289.1294165979	29801.8191844025	1747.9726763280655
178833255.3504	144493361807.94458	-51638056647.582016	2167950926.4267206	13270.0284604673	29808.65357732209	1747.6864577666793
178836855.3504	144541099524.22452	-51530733215.87038	2174242081.308835	13250.92453489	29815.47258756672	1747.3994576333105
178840455.3504	144588768461.05252	-51423385263.411	2180532201.584406	13231.817656589565	29822.27621493167	1747.1116764375722
178844055.3504	144636368607.8288	-51316012845.58255	2186821284.442524	13212.707842284775	29829.064459235728	1746.8231146899818
178847655.3504	144683899954.0138	-51208616017.76434	2193109327.0741243	13193.595108689518	29835.837320321192	1746.533772901959
178851255.3504	144731362489.12823	-51101194835.33623	2199396326.671985	13174.479472512785	29842.59479805384	1746.2436515858237
178854855.3504	144778756202.75284	-50993749353.67853	2205682280.430725	13155.360950458624	29849.336892322946	1745.9527512547954
178858455.3504	144826081084.52853	-50886279628.1718	2211967185.546818	13136.239559226087	29856.063603041202	1745.661072422989
178862055.3504	144873337124.1563	-50778785714.19696	2218251039.218587	13117.115315509202	29862.774930144762	1745.3686156054139
178865655.3504	144920524311.39725	-50671267667.13516	2224533838.6462126	13097.988235996938	29869.470873593164	1745.0753813179722
178869255.3504	144967642636.07257	-50563725542.367516	2230815581.0317335	13078.85833737314	29876.151433369378	1744.7813700774554
178872855.3504	145014692088.06342	-50456159395.27529	2237096263.5790477	13059.725636316522	29882.81660947972	1744.4865824015437
178876455.3504	145061672657.31113	-50348569281.23961	2243375883.4939246	13040.590149500593	29889.466401953916	1744.191018808805
178880055.3504	145108584333.81696	-50240955255.641525	2249654437.983995	13021.45189359365	29896.100810844982	1743.8946798186885
178883655.3504	145155427107.6421	-50133317373.86175	2255931924.2587647	13002.310885258714	29902.719836229306	1743.597565951528
178887255.3504	145202200968.90784	-50025655691.280754	2262208339.529619	12983.167141153495	29909.323478206563	1743.2996777285357
178890855.3504	145248905907.7954	-49917970263.2786	2268483681.00981	12964.020677930366	29915.91173689973	1743.0010156718029
178894455.3504	145295541914.54596	-49810261145.23483	2274757945.914482	12944.87151223629	29922.48461245503	1742.7015803042952
178898055.3504	145342108979.46054	-49702528392.5285	2281031131.4606576	12925.719660712828	29929.042105041983	1742.401372149855
178901655.3504	145388607092.9001	-49594772060.53786	2287303234.867247	12906.565139996057	29935.58421485331	1742.1003917331934
178905255.3504	145435036245.28546	-49486992204.6406	2293574253.3550534	12887.407966716557	29942.110942104962	1741.7986395798935
178908855.3504	145481396427.0973	-49379188880.213486	2299844184.14677	12868.248157499354	29948.622287036076	1741.496116216404
178912455.3504	145527687628.87622	-49271362142.63241	2306113024.4669905	12849.085728963895	29955.118249909014	1741.1928221700423
178916055.3504	145573909841.22263	-49163512047.27231	2312380771.5422072	12829.920697723988	29961.598831009218	1740.8887579689854
178919655.3504	145620063054.79654	-49055638649.50691	2318647422.6008167	12810.753080387785	29968.06403064535	1740.5839241422755
178923255.3504	145666147260.31802	-48947742004.70901	2324912974.8731174	12791.582893557737	29974.513849149167	1740.278321219812
178926855.3504	145712162448.56668	-48839822168.24998	2331177425.5913205	12772.410153830559	29980.948286875522	1739.971949732353
178930455.3504	145758108610.38202	-48731879195.50001	2337440771.989549	12753.23487779716	29987.367344202357	1739.664810211511
178934055.3504	145803985736.66318	-48623913141.82773	2343703011.303843	12734.057082042636	29993.771021530683	1739.3569031897516
178937655.3504	145849793818.36896	-48515924062.60045	2349964140.772156	12714.876783146223	30000.159319284565	1739.0482292003917
178941255.3504	145895532846.51794	-48407912013.18382	2356224157.634366	12695.693997681272	30006.532237911088	1738.738788777599
178944855.3504	145941202812.18826	-48299877048.94189	2362483059.132276	12676.508742215172	30012.88977788035	1738.4285824563854
178948455.3504	145986803706.51776	-48191819225.23689	2368740842.5096164	12657.321033309348	30019.231939685425	1738.11761077261
178952055.3504	146032335520.70383	-48083738597.42932	2374997505.0120473	12638.130887519197	30025.558723842383	1737.8058742629728
178955655.3504	146077798246.0035	-47975635220.877754	2381253043.887164	12618.938321394073	30031.870130890227	1737.4933734650172
178959255.3504	146123191873.73334	-47867509150.93875	2387507456.384497	12599.74335147722	30038.166161390873	1737.1801089171222
178962855.3504	146168516395.2694	-47759360442.96687	2393760739.7555156	12580.545994305769	30044.446815929186	1736.8660811585057
178966455.3504	146213771802.04745	-47651189152.3145	2400012891.2536316	12561.346266410661	30050.712095112896	1736.5512907292193
178970055.3504	146258958085.56256	-47542995334.33174	2406263908.1342106	12542.144184316629	30056.961999572603	1736.2357381701468
178973655.3504	146304075237.36932	-47434779044.36647	2412513787.6545515	12522.939764542178	30063.19652996179	1735.9194240230026
178977255.3504	146349123249.08185	-47326540337.764084	2418762527.0739207	12503.733023599489	30069.41568695672	1735.60234883033
178980855.3504	146394102112.37366	-47218279269.867615	2425010123.6535277	12484.523977994451	30075.619471256505	1735.284513135497
178984455.3504	146439011818.9776	-47109995896.01743	2431256574.6565456	12465.312644226575	30081.807883583035	1734.965917482697
178988055.3504	146483852360.68607	-47001690271.5513	2437501877.3481073	12446.099038788965	30087.980924680975	1734.6465624169448
178991655.3504	146528623729.35065	-46893362451.80425	2443746028.9953074	12426.883178168297	30094.13859531774	1734.3264484840754
178995255.3504	146573325916.88245	-46785012492.1086	2449989026.867208	12407.665078844757	30100.28089628346	1734.0055762307402
178998855.3504	146617958915.25168	-46676640447.793686	2456230868.234841	12388.44475729203	30106.407828391002	1733.6839462044097
179002455.3504	146662522716.48804	-46568246374.185814	2462471550.3712106	12369.222229977226	30112.5193924759	1733.3615589533642
179006055.3504	146707017312.68036	-46459830326.60843	2468711070.551294	12349.997513360871	30118.61558939636	1733.0384150266966
179009655.3504	146751442695.9768	-46351392360.38169	2474949426.0520535	12330.770623896875	30124.696420033237	1732.714514974311
179013255.3504	146795798858.58472	-46242932530.82266	2481186614.152419	12311.541578032471	30130.76188529002	1732.389859346917
179016855.3504	146840085792.7707	-46134450893.24497	2487422632.133322	12292.310392208157	30136.811986092795	1732.064448696029
179020455.3504	146884303490.8604	-46025947502.959	2493657477.277666	12273.07708285774	30142.846723390234	1731.7382835739663
179024055.3504	146928451945.2387	-45917422415.27161	2499891146.8703513	12253.841666408218	30148.86609815359	1731.411364533848
179027655.3504	146972531148.3497	-45808875685.48613	2506123638.1982718	12234.604159279761	30154.870111376622	1731.0836921295918
179031255.3504	147016541092.69647	-45700307368.90233	2512354948.550314	12215.364577885694	30160.858764075645	1730.7552669159127
179034855.3504	147060481770.84106	-45591717520.81617	2518585075.2173615	12196.122938632465	30166.832057289455	1730.4260894483211
179038455.3504	147104353175.40485	-45483106196.51993	2524814015.492306	12176.879257919565	30172.789992079353	1730.096160283118
179042055.3504	147148155299.06802	-45374473451.301994	2531041766.670033	12157.633552139534	30178.732569529064	1729.7654799773968
179045655.3504	147191888134.5699	-45265819340.44683	2537268326.0474424	12138.385837677908	30184.65979074477	1729.4340490890377
179049255.3504	147235551674.70853	-45157143919.23477	2543493690.9234447	12119.136130913157	30190.571656855067	1729.1018681767077
179052855.3504	147279145912.34128	-45048447242.94221	2549717858.598957	12099.8844482167	30196.468169010936	1728.7689377998586
179056455.3504	147322670840.38422	-44939729366.84123	2555940826.376917	12080.63080595283	30202.349328385746	1728.4352585187235
179060055.3504	147366126451.8123	-44830990346.19975	2562162591.5622797	12061.375220478682	30208.21513617521	1728.100830894315
179063655.3504	147409512739.65942	-44722230236.28122	2568383151.462019	12042.117708144202	30214.06559359735	1727.7656554884236
179067255.3504	147452829697.0183	-44613449092.3448	2574602503.385133	12022.858285292123	30219.900701892522	1727.4297328636158
179070855.3504	147496077317.04053	-44504646969.64499	2580820644.6426516	12003.596968257889	30225.720462323356	1727.0930635832312
179074455.3504	147539255592.93634	-44395823923.431946	2587037572.5476246	11984.333773369679	30231.524876174743	1726.7556482113819
179078055.3504	147582364517.9749	-44286980008.9509	2593253284.41514	11965.068716948295	30237.313944753823	1726.4174873129475
179081655.3504	147625404085.4841	-44178115281.44246	2599467777.5623236	11945.801815307193	30243.08766938994	1726.078581453576
179085255.3504	147668374288.85046	-44069229796.14237	2605681049.3083344	11926.53308475241	30248.84605143465	1725.7389311996792
179088855.3504	147711275121.5192	-43960323608.2816	2611893096.974368	11907.262541582557	30254.58909226169	1725.398537118434
179092455.3504	147754106576.9942	-43851396773.08589	2618103917.8836746	11887.990202088715	30260.31679326691	1725.0573997777753
179096055.3504	147796868648.83817	-43742449345.77613	2624313509.361541	11868.716082554492	30266.029155868335	1724.715519746398
179099655.3504	147839561330.67212	-43633481381.56799	2630521868.7353034	11849.440199255925	30271.72618150608	1724.3728975937547
179103255.3504	147882184616.1758	-43524492935.67192	2636728993.334354	11830.162568461454	30277.407871642336	1724.0295338900496
179106855.3504	147924738499.0876	-43415484063.293	2642934880.4901347	11810.883206431903	30283.074227761368	1723.6854292062417
179110455.3504	147967222973.20416	-43306454819.63104	2649139527.536148	11791.602129420427	30288.72525136948	1723.3405841140388
179114055.3504	148009638032.38092	-43197405259.880325	2655342931.8079534	11772.319353672481	30294.360943994983	1722.9949991858962
179117655.3504	148051983670.53162	-43088335439.22962	2661545090.643171	11753.034895425793	30299.9813071882	1722.6486749950168
179121255.3504	148094259881.62845	-42979245412.862015	2667746001.38149	11733.74877091031	30305.586342521412	1722.3016121153464
179124855.3504	148136466659.7021	-42870135235.95496	2673945661.3646646	11714.460996348169	30311.176051588845	1721.9538111215707
179128455.3504	148178603998.84158	-42761004963.68016	2680144067.936519	11695.171587953693	30316.75043600667	1721.6052725891182
179132055.3504	148220671893.1942	-42651854651.20332	2686341218.4429517	11675.880561933289	30322.309497412934	1721.255997094151
179135655.3504	148262670336.9658	-42542684353.68439	2692537110.2319355	11656.58793448548	30327.853237467585	1720.9059852135697
179139255.3504	148304599324.42023	-42433494126.27716	2698731740.6535196	11637.293721800837	30333.38165785242	1720.5552375250059
179142855.3504	148346458849.87985	-42324284024.129395	2704925107.0598392	11617.997940061927	30338.894760271058	1720.2037546068218
179146455.3504	148388248907.72522	-42215054102.3827	2711117206.8051095	11598.700605443319	30344.392546448948	1719.8515370381106
179150055.3504	148429969492.395	-42105804416.17239	2717308037.245627	11579.401734111532	30349.875018133327	1719.498585398691
179153655.3504	148471620598.38617	-41996535020.6274	2723497595.7397914	11560.10134222496	30355.342177093164	1719.1449002691038
179157255.3504	148513202220.25372	-41887245970.87044	2729685879.6480746	11540.799445933924	30360.7940251192	1718.7904822306161
179160855.3504	148554714352.61093	-41777937322.01752	2735872886.333057	11521.496061380534	30366.230564023866	1718.435331865213
179164455.3504	148596156990.12912	-41668609129.17818	2742058613.1594133	11502.191204698742	30371.651795641326	1718.0794497555971
179168055.3504	148637530127.5376	-41559261447.4554	2748243057.4939075	11482.884892014266	30377.057721827357	1717.7228364851894
179171655.3504	148678833759.62378	-41449894331.94531	2754426216.705413	11463.577139444536	30382.44834445941	1717.3654926381216
179175255.3504	148720067881.23306	-41340507837.7373	2760608088.1649094	11444.267963098724	30387.823665436583	1717.0074187992395
179178855.3504	148761232487.2689	-41231102019.91385	2766788669.245481	11424.957379077616	30393.183686679535	1716.648615554097
179182455.3504	148802327572.69254	-41121676933.55052	2772967957.322316	11405.64540347368	30398.52841013049	1716.2890834889558
179186055.3504	148843353132.5233	-41012232633.7159	2779145949.7727213	11386.33205237095	30403.85783775326	1715.9288231907829
179189655.3504	148884309161.8383	-40902769175.47133	2785322643.9761157	11367.017341845036	30409.17197153316	1715.5678352472478
179193255.3504	148925195655.77255	-40793286613.87111	2791498037.314032	11347.701287963077	30414.470813476997	1715.206120246722
179196855.3504	148966012609.5188	-40683785003.962074	2797672127.170129	11328.383906783694	30419.754365613084	1714.8436787782744
179200455.3504	149006760018.32788	-40574264400.78398	2803844910.930182	11309.065214356986	30425.022629991166	1714.4805114316716
179204055.3504	149047437877.508	-40464724859.36898	2810016385.982092	11289.745226724466	30430.275608682416	1714.1166187973738
179207655.3504	149088046182.4253	-40355166434.741776	2816186549.7158885	11270.42395991904	30435.513303779415	1713.7520014665345
179211255.3504	149128584928.5036	-40245589181.919495	2822355399.5237265	11251.101429964969	30440.735717396117	1713.3866600309955
179214855.3504	149169054111.2245	-40135993155.91173	2828522932.799896	11231.77765287786	30445.94285166785	1713.0205950832897
179218455.3504	149209453726.127	-40026378411.72015	2834689146.940822	11212.452644664576	30451.13470875127	1712.653807216633
179222055.3504	149249783768.80792	-39916745004.338745	2840854039.345066	11193.126421323253	30456.31129082431	1712.2862970249255
179225655.3504	149290044234.92157	-39807092988.753586	2847017607.4133263	11173.798998843258	30461.472600086217	1711.9180651027505
179229255.3504	149330235120.1798	-39697422419.94284	2853179848.5484433	11154.470393205136	30466.61863875749	1711.5491120453692
179232855.3504	149370356420.352	-39587733352.87656	2859340760.155404	11135.140620380585	30471.749409079846	1711.1794384487198
179236455.3504	149410408131.26508	-39478025842.51677	2865500339.6413417	11115.809696332433	30476.86491331621	1710.8090449094177
179240055.3504	149450390248.80328	-39368299943.817245	2871658584.415539	11096.477637014596	30481.965153750716	1710.437932024749
179243655.3504	149490302768.9084	-39258555711.723526	2877815491.8894243	11077.144458372026	30487.05013268862	1710.0661003926712
179247255.3504	149530145687.5795	-39148793201.17288	2883971059.476587	11057.810176340729	30492.11985245633	1709.693550611811
179250855.3504	149569919000.87305	-39039012467.09404	2890125284.5927696	11038.474806847675	30497.17431540136	1709.320283281461
179254455.3504	149609622704.9029	-38929213564.40733	2896278164.6558743	11019.138365810795	30502.213523892307	1708.9462990015786
179258055.3504	149649256795.8402	-38819396548.024506	2902429697.0859632	10999.800869138951	30507.23748031881	1708.5715983727828
179261655.3504	149688821269.9131	-38709561472.84863	2908579879.305261	10980.462332731873	30512.246187091558	1708.196181996353
179265255.3504	149728316123.40723	-38599708393.77411	2914728708.738161	10961.12277248018	30517.23964664225	1707.8200504742276
179268855.3504	149767741352.66534	-38489837365.68653	2920876182.811224	10941.78220426528	30522.217861423545	1707.443204408998
179272455.3504	149807096954.08743	-38379948443.46262	2927022298.953178	10922.440643959397	30527.18083390907	1707.0656444039114
179276055.3504	149846382924.1304	-38270041681.97014	2933167054.5949287	10903.0981074255	30532.128566593397	1706.6873710628654
179279655.3504	149885599259.30844	-38160117136.067856	2939310447.1695538	10883.754610517288	30537.061061991968	1706.3083849904078
179283255.3504	149924745956.1927	-38050174860.605515	2945452474.1123066	10864.410169079149	30541.978322641135	1705.9286867917324
179286855.3504	149963823011.41138	-37940214910.42351	2951593132.860628	10845.064798946136	30546.880351098083	1705.548277072678
179290455.3504	150002830421.64966	-37830237340.35315	2957732420.8541336	10825.718515943929	30551.76714994085	1705.167156439728
179294055.3504	150041768183.64972	-37720242205.216354	2963870335.534626	10806.371335888796	30556.638721768242	1704.7853255000032
179297655.3504	150080636294.21057	-37610229559.8257	2970006874.346096	10787.023274587578	30561.495069199886	1704.402784861266
179301255.3504	150119434750.18823	-37500199458.98421	2976142034.73472	10767.674347837637	30566.3361948761	1704.0195351319126
179304855.3504	150158163548.4954	-37390151957.48547	2982275814.148869	10748.32457142685	30571.162101457994	1703.6355769209745
179308455.3504	150196822686.1018	-37280087110.11339	2988408210.0391045	10728.973961133546	30575.97279162732	1703.2509108381169
179312055.3504	150235412160.03384	-37170004971.64223	2994539219.8581886	10709.622532726498	30580.768268086522	1702.8655374936316
179315655.3504	150273931967.3746	-37059905596.836365	3000668841.0610776	10690.270301964878	30585.548533558707	1702.4794574984396
179319255.3504	150312382105.26404	-36949789040.450485	3006797071.104931	10670.917284598221	30590.3135907876	1702.0926714640882
179322855.3504	150350762570.89868	-36839655357.229294	3012923907.449106	10651.563496366414	30595.06344253748	1701.7051800027464
179326455.3504	150389073361.5317	-36729504601.907455	3019049347.555171	10632.208952999656	30599.79809159325	1701.3169837272062
179330055.3504	150427314474.47296	-36619336829.209656	3025173388.8869023	10612.853670218401	30604.517540760313	1700.9280832508764
179333655.3504	150465485907.08887	-36509152093.85044	3031296028.9102755	10593.497663733371	30609.221792864606	1700.538479187785
179337255.3504	150503587656.80225	-36398950450.53409	3037417265.0934873	10574.14094924548	30613.910850752567	1700.1481721525738
179340855.3504	150541619721.09265	-36288731953.95465	3043537094.9069457	10554.783542445839	30618.584717291058	1699.7571627604966
179344455.3504	150579582097.4959	-36178496658.79576	3049655515.8232737	10535.425459015712	30623.243395367408	1699.365451627418
179348055.3504	150617474783.60443	-36068244619.730675	3055772525.317313	10516.066714626468	30627.88688788935	1698.9730393698107
179351655.3504	150655297777.06686	-35957975891.42211	3061888120.8661265	10496.707324939578	30632.51519778501	1698.579926604755
179355255.3504	150693051075.5884	-35847690528.52227	3068002299.948999	10477.347305606554	30637.12832800284	1698.1861139499322
179358855.3504	150730734676.93045	-35737388585.67257	3074115060.0474396	10457.986672268955	30641.72628151164	1697.7916020236282
179362455.3504	150768348578.91068	-35627070117.50383	3080226398.6451864	10438.62544055831	30646.309061300533	1697.3963914447268
179366055.3504	150805892779.40314	-35516735178.636055	3086336313.2282023	10419.263626096144	30650.87667037887	1697.0004828327098
179369655.3504	150843367276.338	-35406383823.67833	3092444801.2846847	10399.901244493893	30655.429111776306	1696.603876807655
179373255.3504	150880772067.70166	-35296016107.22881	3098551860.3050666	10380.53831135289	30659.96638854267	1696.2065739902318
179376855.3504	150918107151.53662	-35185632083.874664	3104657487.782011	10361.174842264361	30664.48850374802	1695.8085750017017
179380455.3504	150955372525.94153	-35075231808.191986	3110761681.2104206	10341.810852809376	30668.995460482558	1695.4098804639148
179384055.3504	150992568189.0711	-34964815334.74564	3116864438.087438	10322.446358558787	30673.48726185664	1695.0104909993076
179387655.3504	151029694139.13605	-34854382718.089294	3122965755.912451	10303.081375073245	30677.96391100075	1694.6104072309015
179391255.3504	151066750374.4032	-34743934012.76532	3129065632.1870847	10283.715917903166	30682.42541106543	1694.2096297823005
179394855.3504	151103736893.1952	-34633469273.30473	3135164064.415216	10264.350002588659	30686.871765221294	1693.8081592776875
179398455.3504	151140653693.89072	-34522988554.22699	3141261050.1029673	10244.983644659542	30691.30297665899	1693.405996341825
179402055.3504	151177500774.9242	-34412491910.04018	3147356586.7587104	10225.616859635293	30695.719048589188	1693.0031416000506
179405655.3504	151214278134.78616	-34301979395.24072	3153450671.89307	10206.249663025003	30700.119984242498	1692.5995956782758
179409255.3504	151250985772.02267	-34191451064.31329	3159543303.018928	10186.88207032738	30704.505786869508	1692.1953592029831
179412855.3504	151287623685.2358	-34080906971.730946	3165634477.6514206	10167.514097030698	30708.87645974073	1691.7904328012255
179416455.3504	151324191873.0832	-33970347171.954887	3171724193.3079395	10148.145758612769	30713.232006146558	1691.3848171006223
179420055.3504	151360690334.27826	-33859771719.43445	3177812447.5081415	10128.777070540918	30717.57242939725	1690.978512729358
179423655.3504	151397119067.59003	-33749180668.60701	3183899237.773941	10109.408048271958	30721.897732822927	1690.5715203161808
179427255.3504	151433478071.8433	-33638574073.897934	3189984561.6295204	10090.038707252148	30726.207919773515	1690.1638404904002
179430855.3504	151469767345.91827	-33527951989.7204	3196068416.6013293	10070.669062917152	30730.50299361869	1689.7554738818808
179434455.3504	151505986888.75082	-33417314470.475525	3202150800.2180886	10051.29913069206	30734.78295774796	1689.3464211210485
179438055.3504	151542136699.33228	-33306661570.552197	3208231710.0107765	10031.928925991298	30739.047815570477	1688.9366828388802
179441655.3504	151578216776.7095	-33195993344.32685	3214311143.512661	10012.55846421864	30743.297570515162	1688.5262596669063
179445255.3504	151614227119.98468	-33085309846.163754	3220389098.2592716	9993.187760767174	30747.532226030566	1688.115152237207
179448855.3504	151650167728.31543	-32974611130.41458	3226465571.788419	9973.816831019234	30751.751785584907	1687.70336118241
179452455.3504	151686038600.9149	-32863897251.418533	3232540561.6401935	9954.445690346438	30755.956252666016	1687.2908871356894
179456055.3504	151721839737.05127	-32753168263.50215	3238614065.356966	9935.074354109585	30760.14563078132	1686.8777307307616
179459655.3504	151757571136.04822	-32642424220.979443	3244686080.4833865	9915.702837658704	30764.319923457806	1686.4638926018865
179463255.3504	151793232797.28458	-32531665178.15155	3250756604.566393	9896.331156332948	30768.479134241978	1686.0493733838616
179466855.3504	151828824720.1944	-32420891189.306877	3256825635.1552067	9876.959325460615	30772.62326669987	1685.6341737120215
179470455.3504	151864346904.26678	-32310102308.720966	3262893169.8013387	9857.58736035912	30776.75232441698	1685.218294222237
179474055.3504	151899799349.04626	-32199298590.656467	3268959206.058587	9838.21527633494	30780.866310998255	1684.80173555091
179477655.3504	151935182054.13208	-32088480089.362823	3275023741.4830503	9818.843088683592	30784.96523006807	1684.3844983349745
179481255.3504	151970495019.17874	-31977646859.076603	3281086773.6331105	9799.470812689618	30789.049085270177	1683.9665832118926
179484855.3504	152005738243.89575	-31866798954.021103	3287148300.0694537	9780.098463626551	30793.117880267717	1683.5479908196521
179488455.3504	152040911728.0475	-31755936428.406483	3293208318.355057	9760.726056756896	30797.171618743145	1683.1287217967665
179492055.3504	152076015471.4533	-31645059336.42956	3299266826.055199	9741.353607332063	30801.210304398228	1682.7087767822686
179495655.3504	152111049473.9875	-31534167732.27376	3305323820.737464	9721.981130592398	30805.23394095403	1682.2881564157146
179499255.3504	152146013735.5791	-31423261670.10911	3311379299.971739	9702.608641767092	30809.242532150834	1681.8668613371758
179502855.3504	152180908256.21198	-31312341204.092175	3317433261.3302073	9683.236156074216	30813.236081748175	1681.44489218724
179506455.3504	152215733035.9248	-31201406388.3659	3323485702.3873696	9663.863688720654	30817.214593524764	1681.0222496070094
179510055.3504	152250488074.81104	-31090457277.059612	3329536620.720032	9644.491254902066	30821.178071278475	1680.5989342380958
179513655.3504	152285173373.0186	-30979493924.28895	3335586013.9073086	9625.118869802905	30825.126518826324	1680.1749467226214
179517255.3504	152319788930.75027	-30868516384.155743	3341633879.5306287	9605.746548596337	30829.059940004438	1679.7502877032143
179520855.3504	152354334748.26337	-30757524710.74795	3347680215.173739	9586.374306444264	30832.97833866802	1679.3249578230102
179524455.3504	152388810825.8697	-30646518958.1397	3353725018.422694	9567.002158497244	30836.88171869131	1678.8989577256436
179528055.3504	152423217163.93573	-30535499180.391068	3359768286.865875	9547.630119894502	30840.770083967574	1678.4722880552517
179531655.3504	152457553762.88232	-30424465431.54812	3365810018.093979	9528.258205763912	30844.643438409094	1678.0449494564714
179535255.3504	152491820623.18475	-30313417765.642807	3371850209.700021	9508.886431221916	30848.501785947075	1677.6169425744329
179538855.3504	152526017745.37274	-30202356236.69283	3377888859.27935	9489.514811373563	30852.345130531692	1677.188268054764
179542455.3504	152560145130.0304	-30091280898.701748	3383925964.4296265	9470.143361312419	30856.17347613199	1676.7589265435813
179546055.3504	152594202777.79605	-29980191805.65869	3389961522.7508492	9450.772096120596	30859.986826735923	1676.3289186874936
179549655.3504	152628190689.36237	-29869089011.538456	3395995531.8453393	9431.401030868672	30863.78518635027	1675.8982451335962
179553255.3504	152662108865.4763	-29757972570.30134	3402027989.3177505	9412.03018061572	30867.568559000625	1675.4669065294706
179556855.3504	152695957306.93887	-29646842535.893147	3408058892.7750688	9392.659560409244	30871.336948731398	1675.034903523182
179560455.3504	152729736014.60535	-29535698962.2451	3414088239.826613	9373.289185285152	30875.090359605718	1674.6022367632759
179564055.3504	152763444989.385	-29424541903.273735	3420116028.0840373	9353.91907026774	30878.82879570548	1674.1689068987782
179567655.3504	152797084232.2414	-29313371412.880833	3426142255.161338	9334.549230369676	30882.55226113126	1673.7349145791914
179571255.3504	152830653744.1919	-29202187544.953423	3432166918.674843	9315.179680591948	30886.260760002304	1673.3002604544922
179574855.3504	152864153526.3078	-29090990353.3637	3438190016.2432256	9295.81043592387	30889.954296456508	1672.8649451751314
179578455.3504	152897583579.7146	-28979779891.9689	3444211545.4874973	9276.441511343022	30893.63287465037	1672.42896939203
179582055.3504	152930943905.59152	-28868556214.61115	3450231504.031024	9257.072921815232	30897.296498758988	1671.9923337565774
179585655.3504	152964234505.1717	-28757319375.117638	3456249889.4995065	9237.70468229458	30900.945172975993	1671.5550389206292
179589255.3504	152997455379.742	-28646069427.30051	3462266699.520996	9218.33680772332	30904.578901513556	1671.1170855365049
179592855.3504	153030606530.64316	-28534806424.956512	3468281931.725893	9198.969313031921	30908.19768860233	1670.678474256988
179596455.3504	153063687959.2696	-28423530421.867237	3474295583.746955	9179.602213138962	30911.801538491436	1670.2392057353195
179600055.3504	153096699667.0694	-28312241471.798923	3480307653.2192807	9160.23552295118	30915.390455448443	1669.7992806252007
179603655.3504	153129641655.54434	-28200939628.502357	3486318137.7803354	9140.86925736338	30918.964443759305	1669.3586995807868
179607255.3504	153162513926.24982	-28089624945.713055	3492327035.069928	9121.503431258487	30922.523507728372	1668.9174632566878
179610855.3504	153195316480.79468	-27978297477.15076	3498334342.7302337	9102.13805950742	30926.067651678313	1668.4755723079643
179614455.3504	153228049320.84134	-27866957276.519753	3504340058.4057827	9082.773156969151	30929.596879950124	1668.033027390126
179618055.3504	153260712448.1057	-27755604397.508698	3510344179.743468	9063.408738490663	30933.11119690312	1667.5898291591327
179621655.3504	153293305864.35712	-27644238893.790386	3516346704.39254	9044.044818906885	30936.61060691483	1667.145978271386
179625255.3504	153325829571.4183	-27532860819.021954	3522347630.004621	9024.68141304069	30940.095114381016	1666.7014753837313
179628855.3504	153358283571.16522	-27421470226.844593	3528346954.233691	9005.318535702892	30943.564723715645	1666.256321153456
179632455.3504	153390667865.52734	-27310067170.88364	3534344674.736105	8985.9562016922	30947.019439350857	1665.8105162382853
179636055.3504	153422982456.48718	-27198651704.74841	3540340789.1705747	8966.594425795192	30950.45926573692	1665.3640612963818
179639655.3504	153455227346.0805	-27087223882.032078	3546335295.1981964	8947.233222786275	30953.884207342213	1664.9169569863418
179643255.3504	153487402536.39642	-26975783756.31186	3552328190.4824266	8927.872607427702	30957.294268653182	1664.4692039671945
179646855.3504	153519508029.5769	-26864331381.148727	3558319472.6891003	8908.512594469516	30960.68945417432	1664.0208028983989
179650455.3504	153551543827.81717	-26752866810.08734	3564309139.486428	8889.153198649525	30964.069768428162	1663.5717544398435
179654055.3504	153583509933.36542	-26641390096.65609	3570297188.5449924	8869.794434693289	30967.435215955193	1663.1220592518407
179657655.3504	153615406348.52283	-26529901294.367058	3576283617.537759	8850.436317314106	30970.785801313876	1662.6717179951297
