179655346.441728	-0.005381406652302266	0.0009283360256034213	-0.0001275165452696072
179658946.441728	-0.005381208595344825	0.0009242194614590054	-0.00012768720757305502
179662546.441728	-0.005381006534865116	0.0009201041188436904	-0.00012785773044506657
179666146.441728	-0.005380800473766574	0.0009159900031064858	-0.00012802811345544453
179669746.441728	-0.005380590414963985	0.0009118771195845227	-0.0001281983561773514
179673346.441728	-0.005380376361383396	0.0009077654736030803	-0.00012836845818727877
179676946.441728	-0.005380158315962056	0.0009036550704756128	-0.00012853841906501875
179680546.441728	-0.005379936281648354	0.0008995459155037802	-0.00012870823839363437
179684146.441728	-0.005379710261401724	0.0008954380139774699	-0.00012887791575943061
179687746.441728	-0.00537948025819261	0.0008913313711748289	-0.00012904745075192683
179691346.441728	-0.005379246275002355	0.0008872259923622827	-0.00012921684296382735
179694946.441728	-0.0053790083148231764	0.0008831218827945682	-0.00012938609199099522
179698546.441728	-0.005378766380658066	0.0008790190477147527	-0.00012955519743242352
179702146.441728	-0.005378520475520748	0.0008749174923542647	-0.00012972415889020937
179705746.441728	-0.005378270602435595	0.000870817221932913	-0.0001298929759695263
179709346.441728	-0.0053780167644375595	0.0008667182416589124	-0.00013006164827859799
179712946.441728	-0.005377758964572135	0.0008626205567289105	-0.00013023017542867265
179716546.441728	-0.005377497205895253	0.0008585241723280053	-0.00013039855703399637
179720146.441728	-0.005377231491473252	0.0008544290936297736	-0.00013056679271178834
179723746.441728	-0.005376961824382803	0.0008503353257962926	-0.00013073488208221537
179727346.441728	-0.005376688207710838	0.0008462428739781588	-0.00013090282476836657
179730946.441728	-0.005376410644554498	0.0008421517433145148	-0.00013107062039622937
179734546.441728	-0.005376129138021073	0.0008380619389330703	-0.00013123826859466492
179738146.441728	-0.005375843691227922	0.0008339734659501196	-0.0001314057689953836
179741746.441728	-0.005375554307302437	0.0008298863294705683	-0.00013157312123292198
179745346.441728	-0.005375260989381963	0.0008258005345879507	-0.0001317403249446188
179748946.441728	-0.005374963740613748	0.0008217160863844531	-0.00013190737977059186
179752546.441728	-0.005374662564154882	0.0008176329899309326	-0.00013207428535371533
179756146.441728	-0.005374357463172232	0.0008135512502869376	-0.00013224104133959663
179759746.441728	-0.005374048440842388	0.0008094708725007285	-0.0001324076473765544
179763346.441728	-0.005373735500351613	0.0008053918616092985	-0.00013257410311559632
179766946.441728	-0.005373418644895761	0.0008013142226383898	-0.0001327404082103969
179770546.441728	-0.00537309787768024	0.0007972379606025154	-0.0001329065623172759
179774146.441728	-0.0053727732019199555	0.0007931630805049794	-0.00013307256509517763
179777746.441728	-0.005372444620839236	0.000789089587337893	-0.00013323841620564893
179781346.441728	-0.005372112137671797	0.0007850174860821952	-0.00013340411531281862
179784946.441728	-0.005371775755660673	0.0007809467817076702	-0.00013356966208337713
179788546.441728	-0.005371435478058154	0.0007768774791729648	-0.00013373505618655552
179792146.441728	-0.005371091308125758	0.0007728095834256093	-0.00013390029729410603
179795746.441728	-0.00537074324913414	0.0007687430994020312	-0.00013406538508028135
179799346.441728	-0.005370391304363065	0.0007646780320275757	-0.00013423031922181564
179802946.441728	-0.005370035477101344	0.0007606143862165219	-0.0001343950993979048
179806546.441728	-0.005369675770646778	0.0007565521668720999	-0.00013455972529018677
179810146.441728	-0.0053693121883061105	0.0007524913788865073	-0.00013472419658272332
179813746.441728	-0.005368944733394956	0.000748432027140925	-0.00013488851296198037
179817346.441728	-0.005368573409237773	0.0007443741165055348	-0.00013505267411681004
179820946.441728	-0.005368198219167801	0.0007403176518395358	-0.00013521667973843222
179824546.441728	-0.005367819166527004	0.000736262637991159	-0.00013538052952041582
179828146.441728	-0.005367436254666016	0.0007322090797976832	-0.0001355442231586614
179831746.441728	-0.0053670494869441	0.0007281569820854502	-0.00013570776035138306
179835346.441728	-0.005366658866729093	0.0007241063496698812	-0.00013587114079909106
179838946.441728	-0.005366264397397354	0.0007200571873554908	-0.00013603436420457431
179842546.441728	-0.00536586608233371	0.0007160094999359019	-0.0001361974302728832
179846146.441728	-0.00536546392493141	0.0007119632921938598	-0.00013636033871131266
179849746.441728	-0.0053650579285920786	0.0007079185689012472	-0.00013652308922938527
179853346.441728	-0.005364648096725654	0.0007038753348190978	-0.00013668568153883467
179856946.441728	-0.005364234432750363	0.0006998335946976113	-0.0001368481153535892
179860546.441728	-0.0053638169400926404	0.0006957933532761666	-0.00013701039038975564
179864146.441728	-0.005363395622187107	0.0006917546152833338	-0.00013717250636560287
179867746.441728	-0.005362970482476506	0.0006877173854368901	-0.0001373344630015464
179871346.441728	-0.005362541524411669	0.0006836816684438322	-0.0001374962600201325
179874946.441728	-0.005362108751451455	0.0006796474690003887	-0.00013765789714602228
179878546.441728	-0.005361672167062712	0.0006756147917920331	-0.00013781937410597693
179882146.441728	-0.005361231774720221	0.0006715836414934977	-0.0001379806906288421
179885746.441728	-0.005360787577906665	0.0006675540227687846	-0.0001381418464455329
179889346.441728	-0.005360339580112568	0.00066352594027118	-0.00013830284128901917
179892946.441728	-0.0053598877848362566	0.000659499398643265	-0.0001384636748943107
179896546.441728	-0.005359432195583812	0.0006554744025169285	-0.0001386243469984426
179900146.441728	-0.005358972815869027	0.0006514509565133796	-0.0001387848573404611
179903746.441728	-0.00535850964921336	0.0006474290652431597	-0.00013894520566140925
179907346.441728	-0.005358042699145884	0.0006434087333061534	-0.0001391053917043126
179910946.441728	-0.005357571969203258	0.0006393899652916023	-0.00013926541521416594
179914546.441728	-0.0053570974629296685	0.0006353727657781152	-0.00013942527593791893
179918146.441728	-0.005356619183876782	0.0006313571393336794	-0.0001395849736244626
179921746.441728	-0.005356137135603718	0.0006273430905156736	-0.0001397445080246162
179925346.441728	-0.0053556513216769875	0.0006233306238708777	-0.0001399038788911135
179928946.441728	-0.005355161745670472	0.0006193197439354871	-0.0001400630859785903
179932546.441728	-0.0053546684111653526	0.00061531045523512	-0.00014022212904357057
179936146.441728	-0.005354171321750084	0.0006113027622848306	-0.0001403810078444542
179939746.441728	-0.005353670481020353	0.0006072966695891204	-0.00014053972214150416
179943346.441728	-0.005353165892579026	0.0006032921816419474	-0.00014069827169683368
179946946.441728	-0.0053526575600361176	0.0005992893029267395	-0.00014085665627439428
179950546.441728	-0.005352145487008738	0.0005952880379164024	-0.00014101487563996292
179954146.441728	-0.0053516296771210555	0.0005912883910733314	-0.00014117292956113028
179957746.441728	-0.005351110134004261	0.0005872903668494232	-0.00014133081780728866
179961346.441728	-0.005350586861296512	0.0005832939696860832	-0.0001414885401496195
179964946.441728	-0.005350059862642918	0.0005792992040142402	-0.000141646096361083
179968546.441728	-0.005349529141695459	0.0005753060742543485	-0.0001418034862164046
179972146.441728	-0.005348994702112978	0.000571314584816406	-0.000141960709492065
179975746.441728	-0.0053484565475611315	0.0005673247400999617	-0.00014211776596628786
179979346.441728	-0.005347914681712345	0.0005633365444941229	-0.00014227465541902912
179982946.441728	-0.005347369108245775	0.000559350002377568	-0.00014243137763196557
179986546.441728	-0.005346819830847269	0.0005553651181185542	-0.0001425879323884838
179990146.441728	-0.005346266853209323	0.0005513818960749263	-0.00014274431947366913
179993746.441728	-0.005345710179031051	0.0005474003405941283	-0.0001429005386742951
179997346.441728	-0.005345149812018137	0.0005434204560132103	-0.00014305658977881261
180000946.441728	-0.005344585755882795	0.0005394422466588389	-0.00014321247257733939
180004546.441728	-0.005344018014343742	0.0005354657168473062	-0.00014336818686164977
180008146.441728	-0.0053434465911261384	0.000531490870884537	-0.00014352373242516362
180011746.441728	-0.0053428714899615756	0.0005275177130661002	-0.00014367910906293692
180015346.441728	-0.005342292714588021	0.0005235462476772152	-0.00014383431657165105
180018946.441728	-0.005341710268749778	0.0005195764789927613	-0.00014398935474960292
180022546.441728	-0.005341124156197455	0.000515608411277286	-0.00014414422339669494
180026146.441728	-0.005340534380687938	0.0005116420487850146	-0.00014429892231442547
180029746.441728	-0.005339940945984332	0.0005076773957598575	-0.00014445345130587866
180033346.441728	-0.005339343855855941	0.0005037144564354179	-0.00014460781017571514
180036946.441728	-0.005338743114078215	0.0004997532350350015	-0.00014476199873016213
180040546.441728	-0.005338138724432729	0.0004957937357716233	-0.0001449160167770044
180044146.441728	-0.005337530690707147	0.000491835962848018	-0.0001450698641255747
180047746.441728	-0.005336919016695169	0.00048787992045664567	-0.00014522354058674452
180051346.441728	-0.005336303706196512	0.000483925612779701	-0.00014537704597291485
180054946.441728	-0.005335684763016871	0.0004799730439891223	-0.0001455303800980074
180058546.441728	-0.005335062190967867	0.00047602221824659705	-0.0001456835427774553
180062146.441728	-0.005334435993867035	0.00047207313970357254	-0.0001458365338281942
180065746.441728	-0.0053338061755377674	0.00046812581250126175	-0.00014598935306865376
180069346.441728	-0.005333172739809304	0.00046418024077065446	-0.0001461420003187491
180072946.441728	-0.005332535690516669	0.00046023642863252074	-0.0001462944753998714
180076546.441728	-0.005331895031500656	0.00045629438019742296	-0.00014644677813488037
180080146.441728	-0.00533125076660778	0.0004523540995657216	-0.00014659890834809505
180083746.441728	-0.005330602899690251	0.0004484155908275835	-0.00014675086586528585
180087346.441728	-0.005329951434605939	0.00044447885806298936	-0.00014690265051366618
180090946.441728	-0.005329296375218336	0.00044054390534174325	-0.00014705426212188445
180094546.441728	-0.005328637725396519	0.0004366107367234778	-0.0001472057005200155
180098146.441728	-0.005327975489015123	0.0004326793562576636	-0.00014735696553955317
180101746.441728	-0.005327309669954297	0.00042874976798361623	-0.00014750805701340178
180105346.441728	-0.0053266402720996905	0.0004248219759305056	-0.000147658974775869
180108946.441728	-0.005325967299342394	0.00042089598411736064	-0.00014780971866265724
180112546.441728	-0.005325290755578919	0.0004169717965530789	-0.00014796028851085658
180116146.441728	-0.0053246106447111625	0.00041304941723643347	-0.00014811068415893663
180119746.441728	-0.0053239269706463685	0.00040912885015608033	-0.0001482609054467393
180123346.441728	-0.0053232397372971075	0.0004052100992905663	-0.00014841095221547137
180126946.441728	-0.005322548948581229	0.0004012931686083357	-0.00014856082430769662
180130546.441728	-0.00532185460842184	0.0003973780620677381	-0.0001487105215673291
180134146.441728	-0.005321156720747257	0.0003934647836170352	-0.00014886004383962508
180137746.441728	-0.00532045528949099	0.00038955333719440846	-0.00014900939097117644
180141346.441728	-0.0053197503185917015	0.00038564372672796624	-0.00014915856280990335
180144946.441728	-0.005319041811993172	0.00038173595613575	-0.00014930755920504693
180148546.441728	-0.005318329773644278	0.000377830029325743	-0.00014945638000716258
180152146.441728	-0.005317614207498943	0.00037392595019587543	-0.00014960502506811255
180155746.441728	-0.00531689511751612	0.0003700237226340328	-0.00014975349424105946
180159346.441728	-0.005316172507659758	0.0003661233505180619	-0.00014990178738045912
180162946.441728	-0.005315446381898765	0.000362224837715779	-0.0001500499043420541
180166546.441728	-0.005314716744206974	0.00035832818808497423	-0.00015019784498286623
180170146.441728	-0.0053139835985631205	0.00035443340547342114	-0.00015034560916119073
180173746.441728	-0.005313246948950807	0.0003505404937188819	-0.0001504931967365892
180177346.441728	-0.005312506799358472	0.0003466494566491141	-0.0001506406075698829
180180946.441728	-0.005311763153779358	0.0003427602980818783	-0.0001507878415231464
180184546.441728	-0.0053110160162114835	0.00033887302182494404	-0.0001509348984597012
180188146.441728	-0.005310265390657613	0.00033498763167609687	-0.00015108177824410898
180191746.441728	-0.00530951128112522	0.00033110413142314497	-0.00015122848074216542
180195346.441728	-0.005308753691626461	0.00032722252484392587	-0.00015137500582089371
180198946.441728	-0.005307992626178149	0.00032334281570631343	-0.00015152135334853864
180202546.441728	-0.0053072280888017236	0.00031946500776822525	-0.00015166752319456005
180206146.441728	-0.005306460083523204	0.0003155891047776273	-0.00015181351522962656
180209746.441728	-0.005305688614373185	0.00031171511047254307	-0.0001519593293256097
180213346.441728	-0.00530491368538679	0.00030784302858105915	-0.00015210496535557783
180216946.441728	-0.005304135300603648	0.00030397286282133273	-0.0001522504231937898
180220546.441728	-0.005303353464067855	0.00030010461690159755	-0.0001523957027156892
180224146.441728	-0.005302568179827955	0.0002962382945201717	-0.00015254080379789852
180227746.441728	-0.005301779451936913	0.00029237389936546433	-0.00015268572631821307
180231346.441728	-0.0053009872844520705	0.0002885114351159824	-0.00015283047015559505
180234946.441728	-0.005300191681435128	0.0002846509054403374	-0.0001529750351901682
180238546.441728	-0.00529939264695211	0.0002807923139972526	-0.0001531194213032112
180242146.441728	-0.005298590185073344	0.00027693566443557006	-0.00015326362837715307
180245746.441728	-0.005297784299873425	0.00027308096039425765	-0.00015340765629556674
180249346.441728	-0.005296974995431183	0.00026922820550241553	-0.00015355150494316346
180252946.441728	-0.005296162275829652	0.0002653774033792829	-0.0001536951742057872
180256546.441728	-0.005295346145156067	0.0002615285576342467	-0.0001538386639704099
180260146.441728	-0.005294526607501796	0.00025768167186684596	-0.00015398197412512467
180263746.441728	-0.005293703666962333	0.0002538367496667803	-0.00015412510455914115
180267346.441728	-0.005292877327637281	0.0002499937946139171	-0.0001542680551627803
180270946.441728	-0.005292047593630296	0.00024615281027829723	-0.00015441082582746816
180274546.441728	-0.005291214469049075	0.00024231380022014237	-0.0001545534164457311
180278146.441728	-0.005290377958005317	0.000238476767989862	-0.0001546958269111902
180281746.441728	-0.005289538064614716	0.0002346417171280604	-0.0001548380571185563
180285346.441728	-0.005288694792996906	0.00023080865116554275	-0.00015498010696362438
180288946.441728	-0.0052878481472754596	0.000226977573623323	-0.0001551219763432688
180292546.441728	-0.0052869981315778174	0.00022314848801262868	-0.0001552636651554372
180296146.441728	-0.005286144750035324	0.0002193213978349103	-0.00015540517329914677
180299746.441728	-0.005285288006783139	0.0002154963065818456	-0.0001555465006744776
180303346.441728	-0.005284427905960245	0.00021167321773534771	-0.0001556876471825687
180306946.441728	-0.0052835644517094105	0.00020785213476757136	-0.00015582861272561235
180310546.441728	-0.005282697648177148	0.0002040330611409189	-0.000155969397206849
180314146.441728	-0.005281827499513717	0.00020021600030804842	-0.000156110000530563
180317746.441728	-0.005280954009873066	0.00019640095571187856	-0.00015625042260207663
180321346.441728	-0.005280077183412835	0.00019258793078559674	-0.00015639066332774593
180324946.441728	-0.005279197024294295	0.00018877692895266445	-0.00015653072261495533
180328546.441728	-0.005278313536682348	0.00018496795362682453	-0.00015667060037211276
180332146.441728	-0.005277426724745493	0.00018116100821210764	-0.00015681029650864515
180335746.441728	-0.0052765365926557796	0.00017735609610283835	-0.00015694981093499283
180339346.441728	-0.005275643144588822	0.0001735532206836426	-0.00015708914356260575
180342946.441728	-0.005274746384723733	0.00016975238532945363	-0.00015722829430393783
180346546.441728	-0.005273846317243122	0.00016595359340551872	-0.00015736726307244255
180350146.441728	-0.005272942946333053	0.00016215684826740608	-0.00015750604978256812
180353746.441728	-0.005272036276183027	0.0001583621532610112	-0.00015764465434975282
180357346.441728	-0.005271126310985963	0.00015456951172256416	-0.00015778307669042047
180360946.441728	-0.0052702130549381505	0.00015077892697863574	-0.00015792131672197533
180364546.441728	-0.005269296512239245	0.00014699040234614474	-0.00015805937436279795
180368146.441728	-0.005268376687092223	0.00014320394113236467	-0.00015819724953224033
180371746.441728	-0.0052674535837033765	0.00013941954663493046	-0.00015833494215062145
180375346.441728	-0.005266527206282268	0.00013563722214184564	-0.0001584724521392228
180378946.441728	-0.0052655975590417195	0.00013185697093148906	-0.00015860977942028353
180382546.441728	-0.005264664646197771	0.00012807879627262138	-0.00015874692391699638
180386146.441728	-0.005263728471969672	0.00012430270142439276	-0.000158883885553503
180389746.441728	-0.00526278904057984	0.00012052868963634885	-0.00015902066425488938
180393346.441728	-0.0052618463562538464	0.0001167567641484386	-0.00015915725994718183
180396946.441728	-0.005260900423220387	0.00011298692819102151	-0.00015929367255734258
180400546.441728	-0.00525995124571125	0.00010921918498487597	-0.00015942990201326524
180404146.441728	-0.0052589988279613	0.00010545353774120235	-0.00015956594824377028
180407746.441728	-0.0052580431742084485	0.00010168998966163111	-0.00015970181117860123
180411346.441728	-0.005257084288693616	9.792854393823381e-05	-0.00015983749074841981
180414946.441728	-0.0052561221756607405	9.41692037535269e-05	-0.00015997298688480278
180418546.441728	-0.005255156839356708	9.041197228047778e-05	-0.0001601082995202361
180422146.441728	-0.005254188284031357	8.665685268251332e-05	-0.0001602434285881123
180425746.441728	-0.0052532165139374445	8.290384811352677e-05	-0.0001603783740227253
180429346.441728	-0.0052522415333306266	7.915296171788479e-05	-0.000160513135759267
180432946.441728	-0.005251263346469414	7.540419663043416e-05	-0.00016064771373382216
180436546.441728	-0.005250281957615179	7.165755597650906e-05	-0.00016078210788336565
180440146.441728	-0.0052492973710320965	6.791304287193758e-05	-0.00016091631814575723
180443746.441728	-0.00524830959098713	6.417066042304851e-05	-0.00016105034445973776
180447346.441728	-0.005247318621750033	6.043041172667871e-05	-0.00016118418676492585
180450946.441728	-0.00524632446759328	5.6692299870179325e-05	-0.0001613178450018129
180454546.441728	-0.0052453271327920735	5.295632793142314e-05	-0.0001614513191117597
180458146.441728	-0.00524432662162431	4.922249897881125e-05	-0.00016158460903699232
180461746.441728	-0.005243322938370552	4.549081607127979e-05	-0.0001617177147205981
180465346.441728	-0.005242316087314001	4.176128225830691e-05	-0.00016185063610652184
180468946.441728	-0.005241306072740494	3.803390057991953e-05	-0.00016198337313956182
180472546.441728	-0.00524029289893844	3.430867406669992e-05	-0.00016211592576536576
180476146.441728	-0.005239276570198845	3.058560573979276e-05	-0.00016224829393042756
180479746.441728	-0.005238257090815244	2.686469861091163e-05	-0.0001623804775820827
180483346.441728	-0.005237234465083702	2.3145955682345766e-05	-0.00016251247666850457
180486946.441728	-0.005236208697302782	1.9429379946967026e-05	-0.00016264429113870137
180490546.441728	-0.00523517979177352	1.571497438823649e-05	-0.0001627759209425113
180494146.441728	-0.005234147752799412	1.2002741980211395e-05	-0.00016290736603059971
180497746.441728	-0.005233112584686368	8.292685687551871e-06	-0.00016303862635445456
180501346.441728	-0.00523207429174272	4.58480846552791e-06	-0.00016316970186638357
180504946.441728	-0.00523103287827916	8.791132600261369e-07	-0.00016330059251950968
180508546.441728	-0.005229988348608754	-2.824396992443126e-06	-0.00016343129826776779
180512146.441728	-0.005228940707046897	-6.525719364738972e-06	-0.00016356181906590142
180515746.441728	-0.005227889957911287	-1.022485093908288e-05	-0.00016369215486945838
180519346.441728	-0.005226836105521921	-1.3921788807051615e-05	-0.00016382230563478792
180522946.441728	-0.005225779154201051	-1.7616530069570186e-05	-0.00016395227131903647
180526546.441728	-0.005224719108273168	-2.1309071836904706e-05	-0.00016408205188014462
180530146.441728	-0.005223655972064992	-2.4999411228655318e-05	-0.00016421164727684352
180533746.441728	-0.005222589749905424	-2.8687545373748903e-05	-0.00016434105746865104
180537346.441728	-0.0052215204461255405	-3.237347141043201e-05	-0.00016447028241586866
180540946.441728	-0.005220448065058566	-3.605718648626361e-05	-0.00016459932207957788
180544546.441728	-0.005219372611039849	-3.973868775810776e-05	-0.0001647281764216369
180548146.441728	-0.005218294088406832	-4.341797239212638e-05	-0.0001648568454046768
180551746.441728	-0.005217212501499051	-4.709503756377211e-05	-0.00016498532899209898
180555346.441728	-0.005216127854658082	-5.076988045778074e-05	-0.00016511362714807096
180558946.441728	-0.00521504015222754	-5.444249826816425e-05	-0.00016524173983752363
180562546.441728	-0.005213949398553043	-5.811288819820319e-05	-0.00016536966702614746
180566146.441728	-0.005212855597982206	-6.178104746043976e-05	-0.00016549740868039
180569746.441728	-0.0052117587548645965	-6.544697327667016e-05	-0.00016562496476745179
180573346.441728	-0.0052106588735517274	-6.911066287793746e-05	-0.00016575233525528338
180576946.441728	-0.005209555958397024	-7.277211350452413e-05	-0.00016587952011258233
180580546.441728	-0.005208450013755808	-7.643132240594499e-05	-0.00016600651930878966
180584146.441728	-0.005207341043985278	-8.008828684093987e-05	-0.0001661333328140872
180587746.441728	-0.005206229053444473	-8.374300407746616e-05	-0.00016625996059939382
180591346.441728	-0.005205114046494266	-8.739547139269189e-05	-0.0001663864026363628
180594946.441728	-0.005203996027497327	-9.104568607298821e-05	-0.0001665126588973783
180598546.441728	-0.005202875000818111	-9.469364541392236e-05	-0.00016663872935555264
180602146.441728	-0.005201750970822833	-9.833934672025036e-05	-0.00016676461398472278
180605746.441728	-0.005200623941879445	-0.00010198278730590993	-0.00016689031275944798
180609346.441728	-0.005199493918357611	-0.00010562396449401322	-0.0001670158256550058
180612946.441728	-0.005198360904628689	-0.00010926287561683967	-0.00016714115264738994
180616546.441728	-0.005197224905065704	-0.00011289951801582886	-0.00016726629371330656
180620146.441728	-0.005196085924043339	-0.00011653388904157363	-0.0001673912488301719
180623746.441728	-0.005194943965937892	-0.00012016598605381245	-0.00016751601797610868
180627346.441728	-0.005193799035127274	-0.00012379580642142283	-0.00016764060112994377
180630946.441728	-0.005192651135990977	-0.00012742334752241378	-0.00016776499827120478
180634546.441728	-0.005191500272910047	-0.00013104860674391852	-0.000167889209380117
180638146.441728	-0.00519034645026709	-0.00013467158148218822	-0.00016801323443760158
180641746.441728	-0.005189189672446205	-0.00013829226914258345	-0.0001681370734252709
180645346.441728	-0.005188029943833013	-0.00014191066713956844	-0.00016826072632542753
180648946.441728	-0.005186867268814595	-0.00014552677289670257	-0.00016838419312106
180652546.441728	-0.005185701651779489	-0.00014914058384663383	-0.00016850747379584027
180656146.441728	-0.0051845330971176775	-0.0001527520974310916	-0.00016863056833412183
180659746.441728	-0.005183361609220542	-0.0001563613111008787	-0.0001687534767209356
180663346.441728	-0.005182187192480865	-0.00015996822231586442	-0.00016887619894198776
180666946.441728	-0.005181009851292799	-0.0001635728285449773	-0.00016899873498365736
180670546.441728	-0.005179829590051848	-0.00016717512726619737	-0.00016912108483299314
180674146.441728	-0.005178646413154839	-0.00017077511596654845	-0.00016924324847771049
180677746.441728	-0.005177460324999907	-0.00017437279214209102	-0.00016936522590618928
180681346.441728	-0.005176271329986486	-0.0001779681532979146	-0.00016948701710747135
180684946.441728	-0.005175079432515267	-0.00018156119694813	-0.0001696086220712575
180688546.441728	-0.005173884636988189	-0.0001851519206158615	-0.00016973004078790454
180692146.441728	-0.005172686947808417	-0.00018874032183323932	-0.0001698512732484233
180695746.441728	-0.00517148636938032	-0.000192326398141392	-0.00016997231944447565
180699346.441728	-0.00517028290610945	-0.00019591014709043842	-0.00017009317936837227
180702946.441728	-0.005169076562402523	-0.0001994915662394806	-0.00017021385301306974
180706546.441728	-0.005167867342667399	-0.00020307065315659502	-0.0001703343403721681
180710146.441728	-0.005166655251313057	-0.00020664740541882564	-0.00017045464143990844
180713746.441728	-0.005165440292749581	-0.00021022182061217564	-0.00017057475621117029
180717346.441728	-0.005164222471388127	-0.00021379389633159946	-0.00017069468468146906
180720946.441728	-0.005163001791640926	-0.00021736363018099594	-0.00017081442684695409
180724546.441728	-0.005161778257921232	-0.00022093101977319895	-0.00017093398270440517
180728146.441728	-0.00516055187464333	-0.00022449606272997115	-0.00017105335225123128
180731746.441728	-0.005159322646222496	-0.00022805875668199482	-0.00017117253548546717
180735346.441728	-0.005158090577074993	-0.00023161909926886555	-0.00017129153240577193
180738946.441728	-0.0051568556716180365	-0.0002351770881390828	-0.00017141034301142546
180742546.441728	-0.0051556179342697765	-0.00023873272095004314	-0.00017152896730232713
180746146.441728	-0.005154377369449287	-0.00024228599536803218	-0.00017164740527899266
180749746.441728	-0.00515313398157654	-0.0002458369090682169	-0.00017176565694255246
180753346.441728	-0.005151887775072385	-0.00024938545973463775	-0.00017188372229474865
180756946.441728	-0.005150638754358524	-0.00025293164506020064	-0.0001720016013379332
180760546.441728	-0.0051493869238575015	-0.00025647546274667	-0.0001721192940750653
180764146.441728	-0.005148132287992678	-0.0002600169105046598	-0.00017223680050970915
180767746.441728	-0.005146874851188215	-0.000263555986053627	-0.00017235412064603193
180771346.441728	-0.005145614617869056	-0.0002670926871218633	-0.00017247125448880118
180774946.441728	-0.005144351592460892	-0.0002706270114464866	-0.00017258820204338253
180778546.441728	-0.005143085779390164	-0.00027415895677343477	-0.0001727049633157378
180782146.441728	-0.005141817183084034	-0.00027768852085745716	-0.00017282153831242253
180785746.441728	-0.005140545807970364	-0.0002812157014621067	-0.00017293792704058372
180789346.441728	-0.005139271658477692	-0.00028474049635973203	-0.00017305412950795746
180792946.441728	-0.005137994739035224	-0.0002882629033314702	-0.000173170145722867
180796546.441728	-0.005136715054072817	-0.0002917829201672386	-0.0001732859756942206
180800146.441728	-0.0051354326080209406	-0.0002953005446657272	-0.0001734016194315089
180803746.441728	-0.005134147405310677	-0.0002988157746343901	-0.0001735170769448032
180807346.441728	-0.005132859450373705	-0.0003023286078894392	-0.0001736323482447533
180810946.441728	-0.005131568747642257	-0.00030583904225583346	-0.0001737474333425846
180814546.441728	-0.005130275301549122	-0.00030934707556727343	-0.00017386233225009706
180818146.441728	-0.005128979116527626	-0.00031285270566619206	-0.00017397704497966246
180821746.441728	-0.005127680197011601	-0.0003163559304037465	-0.00017409157154422237
180825346.441728	-0.005126378547435371	-0.0003198567476398099	-0.00017420591195728587
180828946.441728	-0.00512507417223375	-0.0003233551552429644	-0.0001743200662329281
180832546.441728	-0.005123767075841996	-0.0003268511510904918	-0.00017443403438578695
180836146.441728	-0.0051224572626958126	-0.00033034473306836463	-0.00017454781643106283
180839746.441728	-0.0051211447372313135	-0.00033383589907123716	-0.00017466141238451488
180843346.441728	-0.005119829503885033	-0.00033732464700244214	-0.00017477482226245993
180846946.441728	-0.005118511567093869	-0.00034081097477397653	-0.00017488804608177
180850546.441728	-0.005117190931295102	-0.00034429488030649494	-0.0001750010838598709
180854146.441728	-0.005115867600926344	-0.0003477763615293013	-0.00017511393561473967
180857746.441728	-0.005114541580425542	-0.0003512554163803405	-0.00017522660136490284
180861346.441728	-0.005113212874230954	-0.0003547320428061899	-0.00017533908112943436
180864946.441728	-0.00511188148678113	-0.00035820623876205154	-0.00017545137492795402
180868546.441728	-0.005110547422514885	-0.00036167800221174195	-0.00017556348278062472
180872146.441728	-0.005109210685871304	-0.0003651473311276853	-0.00017567540470815154
180875746.441728	-0.0051078712812896885	-0.00036861422349090256	-0.00017578714073177883
180879346.441728	-0.005106529213209579	-0.0003720786772910057	-0.00017589869087328923
180882946.441728	-0.005105184486070699	-0.00037554069052618636	-0.00017601005515500108
180886546.441728	-0.0051038371043129645	-0.00037900026120320967	-0.000176121233599767
180890146.441728	-0.005102487072376451	-0.0003824573873374043	-0.0001762322262309718
180893746.441728	-0.0051011343947013794	-0.00038591206695265374	-0.0001763430330725302
180897346.441728	-0.005099779075728101	-0.0003893642980813894	-0.00017645365414888605
180900946.441728	-0.005098421119897077	-0.00039281407876458	-0.00017656408948500937
180904546.441728	-0.005097060531648853	-0.0003962614070517242	-0.00017667433910639488
180908146.441728	-0.005095697315424064	-0.0003997062810008424	-0.00017678440303906066
180911746.441728	-0.005094331475663388	-0.0004031486986784666	-0.00017689428130954543
180915346.441728	-0.005092963016807547	-0.00040658865815963355	-0.00017700397394490748
180918946.441728	-0.0050915919432972835	-0.0004100261575278751	-0.00017711348097272233
180922546.441728	-0.0050902182595733425	-0.00041346119487521043	-0.0001772228024210813
180926146.441728	-0.005088841970076461	-0.0004168937683021374	-0.0001773319383185895
180929746.441728	-0.005087463079247342	-0.0004203238759176232	-0.00017744088869436423
180933346.441728	-0.005086081591526635	-0.0004237515158390967	-0.00017754965357803253
180936946.441728	-0.0050846975113549315	-0.00042717668619243976	-0.00017765823299973046
180940546.441728	-0.005083310843172739	-0.00043059938511197854	-0.0001777666269901003
180944146.441728	-0.005081921591420463	-0.0004340196107404751	-0.0001778748355802895
180947746.441728	-0.00508052976053839	-0.00043743736122911806	-0.00017798285880194826
180951346.441728	-0.005079135354966686	-0.00044085263473751525	-0.00017809069668722852
180954946.441728	-0.005077738379145358	-0.0004442654294336845	-0.00017819834926878164
180958546.441728	-0.0050763388375142425	-0.00044767574349404376	-0.00017830581657975644
180962146.441728	-0.005074936734513004	-0.00045108357510340453	-0.00017841309865379842
180965746.441728	-0.005073532074581102	-0.00045448892245496155	-0.00017852019552504702
180969346.441728	-0.005072124862157771	-0.00045789178375028357	-0.00017862710722813422
180972946.441728	-0.00507071510168203	-0.000461292157199306	-0.00017873383379818315
180976546.441728	-0.005069302797592635	-0.0004646900410203208	-0.00017884037527080587
180980146.441728	-0.005067887954328082	-0.00046808543343996835	-0.00017894673168210223
180983746.441728	-0.005066470576326578	-0.0004714783326932268	-0.00017905290306865734
180987346.441728	-0.005065050668026039	-0.00047486873702340496	-0.00017915888946754094
180990946.441728	-0.005063628233864063	-0.0004782566446821325	-0.0001792646909163049
180994546.441728	-0.005062203278277915	-0.0004816420539293494	-0.00017937030745298192
180998146.441728	-0.005060775805704512	-0.00048502496303329945	-0.0001794757391160839
181001746.441728	-0.005059345820580402	-0.000488405370270518	-0.00017958098594459985
181005346.441728	-0.005057913327341762	-0.0004917832739258257	-0.00017968604797799503
181008946.441728	-0.005056478330424365	-0.0004951586722923171	-0.00017979092525620882
181012546.441728	-0.005055040834263569	-0.0004985315636713521	-0.00017989561781965287
181016146.441728	-0.0050536008432943	-0.0005019019463725461	-0.00018000012570920998
181019746.441728	-0.005052158361951048	-0.0005052698187137621	-0.00018010444896623251
181023346.441728	-0.005050713394667828	-0.0005086351790210998	-0.0001802085876325402
181026946.441728	-0.005049265945878178	-0.0005119980256288872	-0.00018031254175041917
181030546.441728	-0.00504781602001515	-0.0005153583568796707	-0.00018041631136262023
181034146.441728	-0.005046363621511272	-0.0005187161711242062	-0.00018051989651235694
181037746.441728	-0.005044908754798547	-0.000522071466721449	-0.00018062329724330433
181041346.441728	-0.005043451424308443	-0.000525424242038546	-0.00018072651359959764
181044946.441728	-0.005041991634471856	-0.0005287744954508247	-0.00018082954562583003
181048546.441728	-0.0050405293897191165	-0.0005321222253417849	-0.00018093239336705163
181052146.441728	-0.0050390646944799495	-0.0005354674301030883	-0.00018103505686876755
181055746.441728	-0.005037597553183488	-0.0005388101081345511	-0.00018113753617693716
181059346.441728	-0.005036127970258224	-0.0005421502578441319	-0.00018123983133797093
181062946.441728	-0.005034655950132027	-0.0005454878776479255	-0.0001813419423987309
181066546.441728	-0.005033181497232094	-0.000548822965970151	-0.00018144386940652742
181070146.441728	-0.005031704615984962	-0.000552155521243144	-0.00018154561240911867
181073746.441728	-0.005030225310816482	-0.0005554855419073475	-0.0001816471714547089
181077346.441728	-0.0050287435861517986	-0.0005588130264113015	-0.0001817485465919465
181080946.441728	-0.005027259446415337	-0.0005621379732116337	-0.00018184973786992284
181084546.441728	-0.005025772896030795	-0.000565460380773052	-0.00018195074533817088
181088146.441728	-0.005024283939421114	-0.0005687802475683331	-0.00018205156904666317
181091746.441728	-0.005022792581008484	-0.0005720975720783148	-0.0001821522090458107
181095346.441728	-0.005021298825214307	-0.0005754123527918853	-0.00018225266538646125
181098946.441728	-0.005019802676459199	-0.0005787245882059754	-0.00018235293811989805
181102546.441728	-0.00501830413916296	-0.0005820342768255477	-0.00018245302729783777
181106146.441728	-0.00501680321774457	-0.0005853414171635874	-0.00018255293297242961
181109746.441728	-0.005015299916622172	-0.0005886460077410941	-0.00018265265519625348
181113346.441728	-0.005013794240213057	-0.000591948047087071	-0.00018275219402231858
181116946.441728	-0.005012286192933648	-0.0005952475337385165	-0.00018285154950406217
181120546.441728	-0.005010775779199483	-0.0005985444662404133	-0.00018295072169534718
181124146.441728	-0.005009263003425201	-0.0006018388431457189	-0.00018304971065046172
181127746.441728	-0.005007747870024539	-0.0006051306630153583	-0.00018314851642411728
181131346.441728	-0.0050062303834103	-0.0006084199244182108	-0.00018324713907144716
181134946.441728	-0.00500471054799435	-0.0006117066259311036	-0.0001833455786480051
181138546.441728	-0.005003188368187596	-0.0006149907661387989	-0.00018344383520976367
181142146.441728	-0.005001663848399975	-0.0006182723436339862	-0.00018354190881311294
181145746.441728	-0.00500013699304045	-0.0006215513570172729	-0.0001836397995148595
181149346.441728	-0.004998607806516966	-0.0006248278048971707	-0.00018373750737222378
181152946.441728	-0.0049970762932364686	-0.0006281016858900912	-0.00018383503244284006
181156546.441728	-0.004995542457604875	-0.0006313729986203309	-0.00018393237478475422
181160146.441728	-0.004994006304027045	-0.0006346417417200634	-0.0001840295344564221
181163746.441728	-0.004992467836906805	-0.0006379079138293315	-0.00018412651151670942
181167346.441728	-0.004990927060646889	-0.0006411715135960328	-0.00018422330602488858
181170946.441728	-0.004989383979648952	-0.0006444325396759127	-0.0001843199180406386
181174546.441728	-0.004987838598313552	-0.0006476909907325535	-0.00018441634762404328
181178146.441728	-0.00498629092104012	-0.000650946865437364	-0.00018451259483558954
181181746.441728	-0.004984740952226972	-0.0006542001624695711	-0.00018460865973616658
181185346.441728	-0.00498318869627127	-0.0006574508805162074	-0.00018470454238706435
181188946.441728	-0.004981634157569017	-0.0006606990182721022	-0.0001848002428499715
181192546.441728	-0.004980077340515052	-0.0006639445744398727	-0.00018489576118697535
181196146.441728	-0.004978518249503016	-0.0006671875477299117	-0.00018499109746055915
181199746.441728	-0.004976956888925354	-0.0006704279368603794	-0.00018508625173360173
181203346.441728	-0.004975393263173297	-0.0006736657405571921	-0.00018518122406937566
181206946.441728	-0.004973827376636844	-0.0006769009575540131	-0.00018527601453154579
181210546.441728	-0.0049722592337047445	-0.0006801335865922419	-0.00018537062318416806
181214146.441728	-0.004970688838764504	-0.0006833636264210058	-0.00018546505009168856
181217746.441728	-0.00496911619620234	-0.0006865910757971468	-0.0001855592953189414
181221346.441728	-0.004967541310403197	-0.0006898159334852154	-0.00018565335893114802
181224946.441728	-0.004965964185750715	-0.0006930381982574585	-0.00018574724099391536
181228546.441728	-0.004964384826627216	-0.0006962578688938087	-0.00018584094157323477
181232146.441728	-0.004962803237413706	-0.0006994749441818777	-0.000185934460735481
181235746.441728	-0.00496121942248984	-0.000702689422916942	-0.00018602779854740988
181239346.441728	-0.004959633386233926	-0.000705901303901937	-0.00018612095507615804
181242946.441728	-0.004958045133022894	-0.000709110585947443	-0.0001862139303892406
181246546.441728	-0.004956454667232312	-0.0007123172678716794	-0.00018630672455455103
181250146.441728	-0.004954861993236334	-0.0007155213485004915	-0.00018639933764035848
181253746.441728	-0.004953267115407719	-0.0007187228266673413	-0.0001864917697153073
181257346.441728	-0.004951670038117799	-0.0007219217012132987	-0.00018658402084841544
181260946.441728	-0.00495007076573648	-0.000725117970987031	-0.0001866760911090734
181264546.441728	-0.004948469302632215	-0.0007283116348447931	-0.00018676798056704231
181268146.441728	-0.004946865653171997	-0.0007315026916504136	-0.00018685968929245286
181271746.441728	-0.004945259821721349	-0.0007346911402752907	-0.00018695121735580426
181275346.441728	-0.004943651812644312	-0.0007378769795983776	-0.00018704256482796291
181278946.441728	-0.004942041630303419	-0.0007410602085061738	-0.0001871337317801605
181282546.441728	-0.004940429279059697	-0.0007442408258927141	-0.00018722471828399312
181286146.441728	-0.004938814763272653	-0.0007474188306595608	-0.00018731552441142037
181289746.441728	-0.004937198087300255	-0.0007505942217157902	-0.0001874061502347632
181293346.441728	-0.004935579255498912	-0.0007537669979779817	-0.00018749659582670294
181296946.441728	-0.004933958272223483	-0.0007569371583702118	-0.00018758686126028068
181300546.441728	-0.004932335141827243	-0.0007601047018240381	-0.00018767694660889493
181304146.441728	-0.0049307098686618795	-0.0007632696272784926	-0.00018776685194630093
181307746.441728	-0.004929082457077479	-0.0007664319336800705	-0.00018785657734660957
181311346.441728	-0.004927452911422517	-0.0007695916199827187	-0.00018794612288428565
181314946.441728	-0.004925821236043839	-0.0007727486851478249	-0.00018803548863414668
181318546.441728	-0.0049241874352866505	-0.0007759031281442091	-0.0001881246746713621
181322146.441728	-0.004922551513494511	-0.0007790549479481119	-0.00018821368107145177
181325746.441728	-0.004920913475009299	-0.0007822041435431815	-0.0001883025079102841
181329346.441728	-0.0049192733241712324	-0.0007853507139204675	-0.00018839115526407603
181332946.441728	-0.004917631065318823	-0.0007884946580784064	-0.00018847962320939066
181336546.441728	-0.0049159867027888885	-0.0007916359750228135	-0.0001885679118231369
181340146.441728	-0.004914340240916533	-0.0007947746637668727	-0.00018865602118256784
181343746.441728	-0.004912691684035118	-0.0007979107233311222	-0.0001887439513652792
181347346.441728	-0.004911041036476277	-0.0008010441527434483	-0.00018883170244920883
181350946.441728	-0.004909388302569882	-0.0008041749510390722	-0.0001889192745126349
181354546.441728	-0.004907733486644036	-0.0008073031172605388	-0.00018900666763417478
181358146.441728	-0.004906076593025073	-0.0008104286504577105	-0.00018909388189278424
181361746.441728	-0.004904417626037525	-0.000813551549687751	-0.0001891809173677558
181365346.441728	-0.0049027565900041275	-0.000816671814015119	-0.0001892677741387176
181368946.441728	-0.004901093489245792	-0.0008197894425115551	-0.00018935445228563234
181372546.441728	-0.004899428328081609	-0.0008229044342560729	-0.00018944095188879576
181376146.441728	-0.00489776111082882	-0.0008260167883349474	-0.00018952727302883578
181379746.441728	-0.004896091841802826	-0.0008291265038417067	-0.0001896134157867112
181383346.441728	-0.004894420525317153	-0.0008322335798771182	-0.0001896993802437105
181386946.441728	-0.004892747165683449	-0.0008353380155491801	-0.00018978516648145006
181390546.441728	-0.0048910717672114795	-0.0008384398099731111	-0.00018987077458187395
181394146.441728	-0.004889394334209114	-0.0008415389622713414	-0.00018995620462725237
181397746.441728	-0.004887714870982294	-0.0008446354715734962	-0.0001900414567001794
181401346.441728	-0.004886033381835055	-0.0008477293370163945	-0.00019012653088357366
181404946.441728	-0.004884349871069483	-0.0008508205577440295	-0.00019021142726067543
181408546.441728	-0.0048826643429857285	-0.0008539091329075651	-0.0001902961459150465
181412146.441728	-0.004880976801881979	-0.0008569950616653205	-0.00019038068693056834
181415746.441728	-0.004879287252054448	-0.0008600783431827621	-0.00019046505039144111
181419346.441728	-0.004877595697797373	-0.0008631589766324932	-0.0001905492363821827
181422946.441728	-0.004875902143403003	-0.000866236961194242	-0.00019063324498762708
181426546.441728	-0.004874206593161576	-0.0008693122960548514	-0.00019071707629292353
181430146.441728	-0.00487250905136132	-0.0008723849804082687	-0.000190800730383535
181433746.441728	-0.004870809522288434	-0.0008754550134555341	-0.00019088420734523736
181437346.441728	-0.004869108010227079	-0.0008785223944047702	-0.00019096750726411784
181440946.441728	-0.004867404519459379	-0.000881587122471173	-0.0001910506302265745
181444546.441728	-0.004865699054265379	-0.0008846491968769968	-0.000191133576319314
181448146.441728	-0.004863991618923064	-0.0008877086168515473	-0.00019121634562935133
181451746.441728	-0.004862282217708345	-0.0008907653816311701	-0.00019129893824400854
181455346.441728	-0.004860570854895021	-0.0008938194904592368	-0.0001913813542509129
181458946.441728	-0.004858857534754801	-0.0008968709425861377	-0.00019146359373799684
181462546.441728	-0.0048571422615572716	-0.0008999197372692686	-0.0001915456567934957
181466146.441728	-0.004855425039569897	-0.0009029658737730207	-0.00019162754350594735
181469746.441728	-0.004853705873057999	-0.0009060093513687685	-0.00019170925396419085
181473346.441728	-0.004851984766284751	-0.0009090501693348611	-0.0001917907882573652
