190549492.989696	26674833566.347866	217442530875.00333	10573323216.776844	-21965.38565462561	8104.342948844558	-318.1575964496341
190553092.989696	26595756006.085224	217471688786.80948	10572176987.71298	-21966.591619454823	8094.497155487712	-318.63629826515586
190556692.989696	26516674111.364166	217500811256.04987	10571029035.642845	-21967.7936873145	8084.65263462314	-319.1148221578788
190560292.989696	26437587896.21063	217529898287.30658	10569879361.206917	-21968.991860087146	8074.809386959698	-319.59316815442946
190563892.989696	26358497374.643375	217558949885.16467	10568727965.045576	-21970.18613965422	8064.967413204948	-320.0713362814605
190567492.989696	26279402560.674725	217587966054.21124	10567574847.799103	-21971.376527896115	8055.126714065245	-320.54932656564495
190571092.989696	26200303468.309875	217616946799.03632	10566420010.107685	-21972.56302669218	8045.287290245695	-321.02713903368004
190574692.989696	26121200111.547665	217645892124.2322	10565263452.611408	-21973.74563792073	8035.449142450179	-321.50477371228544
190578292.989696	26042092504.379684	217674802034.39398	10564105175.950272	-21974.92436345901	8025.612271381313	-321.98223062820455
190581892.989696	25962980660.79132	217703676534.11905	10562945180.764168	-21976.09920518322	8015.776677740531	-322.45950980820095
190585492.989696	25883864594.76068	217732515628.00748	10561783467.692902	-21977.27016496852	8005.942362227986	-322.93661127906375
190589092.989696	25804744320.259567	217761319320.66174	10560620037.376175	-21978.437244689005	7996.109325542651	-323.413535067602
190592692.989696	25725619851.25281	217790087616.6868	10559454890.453602	-21979.600446217737	7986.277568382238	-323.89028120064864
190596292.989696	25646491201.698383	217818820520.69037	10558288027.564686	-21980.759771426718	7976.447091443228	-324.36684970505974
190599892.989696	25567358385.547848	217847518037.28226	10557119449.348846	-21981.915222186904	7966.617895420919	-324.84324060771104
190603492.989696	25488221416.745792	217876180171.07526	10555949156.445402	-21983.066800368208	7956.789981009342	-325.31945393550313
190607092.989696	25409080309.23004	217904806926.68433	10554777149.493568	-21984.21450783949	7946.9633489013395	-325.7954897153576
190610692.989696	25329935076.93187	217933398308.727	10553603429.132473	-21985.35834646855	7937.137999788509	-326.2713479742186
190614292.989696	25250785733.775837	217961954321.82324	10552427996.001148	-21986.498318122165	7927.313934361266	-326.747028739051
190617892.989696	25171632293.679577	217990474970.59564	10551250850.738516	-21987.634424666037	7917.491153308776	-327.2225320368436
190621492.989696	25092474770.554173	218018960259.66916	10550071993.98341	-21988.766667964843	7907.669657319011	-327.6978578946053
190625092.989696	25013313178.30392	218047410193.6712	10548891426.37457	-21989.895049882198	7897.849447078716	-328.17300633936827
190628692.989696	24934147530.826347	218075824777.23187	10547709148.550629	-21991.01957228068	7888.030523273423	-328.64797739818687
190632292.989696	24854977842.01257	218104204014.98334	10546525161.150131	-21992.140237021806	7878.212886587494	-329.12277109813414
190635892.989696	24775804125.746758	218132547911.5606	10545339464.811522	-21993.257045966056	7868.3965377040395	-329.59738746630785
190639492.989696	24696626395.90642	218160856471.60098	10544152060.173141	-21994.370000972864	7858.581477304988	-330.0718265298256
190643092.989696	24617444666.36226	218189129699.74426	10542962947.87324	-21995.479103900605	7848.767706071036	-330.5460883158283
190646692.989696	24538258950.978516	218217367600.63257	10541772128.549965	-21996.584356606632	7838.955224681717	-331.020172851476
190650292.989696	24459069263.612778	218245570178.91058	10540579602.84138	-21997.685760947217	7829.144033815352	-331.49408016395097
190653892.989696	24379875618.115524	218273737439.22546	10539385371.385422	-21998.783318777623	7819.334134149024	-331.96781028045854
190657492.989696	24300678028.331173	218301869386.22665	10538189434.81996	-21999.877031952037	7809.525526358686	-332.4413632282219
190661092.989696	24221476508.09692	218329966024.56622	10536991793.78275	-22000.966902323624	7799.7182111190305	-332.91473903448855
190664692.989696	24142271071.24353	218358027358.8986	10535792448.911448	-22002.052931744474	7789.912189103587	-333.387937726526
190668292.989696	24063061731.59528	218386053393.88046	10534591400.843622	-22003.135122065658	7780.107460984702	-333.8609593316211
190671892.989696	23983848502.96935	218414044134.17117	10533388650.216732	-22004.2134751372	7770.3040274335035	-334.3338038770848
190675492.989696	23904631399.1768	218441999584.4323	10532184197.668148	-22005.287992808055	7760.501889119966	-334.8064713902454
190679092.989696	23825410434.0214	218469919749.32794	10530978043.835129	-22006.358676926167	7750.701046712823	-335.278961898456
190682692.989696	23746185621.300938	218497804633.5245	10529770189.35485	-22007.425529338405	7740.901500879681	-335.7512754290865
190686292.989696	23666956974.806046	218525654241.69092	10528560634.86438	-22008.488551890612	7731.103252286931	-336.22341200953014
190689892.989696	23587724508.320892	218553468578.49847	10527349381.000687	-22009.547746427572	7721.306301599756	-336.6953716672007
190693492.989696	23508488235.623165	218581247648.6208	10526136428.400652	-22010.603114793048	7711.510649482216	-337.1671544295308
190697092.989696	23429248170.48357	218608991456.73386	10524921777.701036	-22011.65465882974	7701.7162965971465	-337.63876032397496
190700692.989696	23350004326.66657	218636700007.5161	10523705429.538525	-22012.702380379305	7691.923243606228	-338.11018937800753
190704292.989696	23270756717.92969	218664373305.64847	10522487384.549694	-22013.746281282358	7682.131491169946	-338.5814416191236
190707892.989696	23191505358.02395	218692011355.814	10521267643.371012	-22014.78636337848	7672.341039947624	-339.0525170748385
190711492.989696	23112250260.69368	218719614162.6983	10520046206.638863	-22015.8226285062	7662.551890597397	-339.523415772688
190715092.989696	23032991439.67681	218747181730.98932	10518823074.989525	-22016.85507850301	7652.764043776251	-339.99413774022753
190718692.989696	22953728908.704437	218774714065.37738	10517598249.059177	-22017.883715205346	7642.9775001399885	-340.4646830050325
190722292.989696	22874462681.501072	218802211170.55493	10516371729.483896	-22018.908540448614	7633.192260343234	-340.9350515946993
190725892.989696	22795192771.784695	218829673051.21722	10515143516.89967	-22019.929556067178	7623.408325039463	-341.4052435368436
190729492.989696	22715919193.266716	218857099712.0614	10513913611.942375	-22020.94676389435	7613.625694880982	-341.8752588591003
190733092.989696	22636641959.651897	218884491157.78726	10512682015.247795	-22021.96016576241	7603.8443705189275	-342.34509758912554
190736692.989696	22557361084.638264	218911847393.09686	10511448727.451614	-22022.969763502595	7594.064352603262	-342.81475975459534
190740292.989696	22478076581.917393	218939168422.69455	10510213749.189407	-22023.975558945094	7584.285641782799	-343.28424538320434
190743892.989696	22398788465.17438	218966454251.28705	10508977081.096664	-22024.977553919052	7574.508238705206	-343.75355450266676
190747492.989696	22319496748.08757	218993704883.58328	10507738723.808765	-22025.97575025259	7564.732144016983	-344.2226871407169
190751092.989696	22240201444.328796	219020920324.29474	10506498677.960995	-22026.97014977277	7554.9573583634565	-344.69164332510917
190754692.989696	22160902567.56316	219048100578.13513	10505256944.188536	-22027.960754305626	7545.183882388812	-345.1604230836172
190758292.989696	22081600131.44953	219075245649.82037	10504013523.126472	-22028.947565676135	7535.4117167361	-345.62902644403255
190761892.989696	22002294149.63992	219102355544.06882	10502768415.409784	-22029.930585708255	7525.640862047192	-346.09745343416773
190765492.989696	21922984635.77989	219129430265.601	10501521621.673359	-22030.909816224892	7515.871318962823	-346.5657040818543
190769092.989696	21843671603.508293	219156469819.14	10500273142.551971	-22031.885259047907	7506.103088122564	-347.0337784149429
190772692.989696	21764355066.45777	219183474209.41092	10499022978.680313	-22032.856915998134	7496.336170164877	-347.5016764613023
190776292.989696	21685035038.25402	219210443441.14142	10497771130.692963	-22033.82478889536	7486.570565727029	-347.96939824882213
190779892.989696	21605711532.516376	219237377519.06116	10496517599.224396	-22034.78887955833	7476.8062754451785	-348.43694380541007
190783492.989696	21526384562.85772	219264276447.90234	10495262384.909006	-22035.749189804756	7467.043299954337	-348.9043131589923
190787092.989696	21447054142.88414	219291140232.39935	10494005488.381063	-22036.70572145131	7457.281639888356	-349.37150633751503
190790692.989696	21367720286.195347	219317968877.28885	10492746910.274752	-22037.658476313623	7447.5212958799675	-349.83852336894233
190794292.989696	21288383006.384613	219344762387.30972	10491486651.224152	-22038.607456206286	7437.7622685607585	-350.3053642812579
190797892.989696	21209042317.03848	219371520767.2033	10490224711.86324	-22039.55266294286	7428.004558561193	-350.7720291024628
190801492.989696	21129698231.737095	219398244021.7129	10488961092.82589	-22040.494098335854	7418.24816651059	-351.2385178605777
190805092.989696	21050350764.05392	219424932155.5844	10487695794.745884	-22041.431764196754	7408.49309303711	-351.70483058364266
190808692.989696	20970999927.556107	219451585173.5658	10486428818.256895	-22042.365662336	7398.7393387678285	-352.1709672997148
190812292.989696	20891645735.80419	219478203080.40732	10485160163.992498	-22043.295794562997	7388.986904328664	-352.63692803687
190815892.989696	20812288202.35221	219504785880.8615	10483889832.58617	-22044.222162686114	7379.235790344417	-353.10271282320303
190819492.989696	20732927340.74752	219531333579.68314	10482617824.671276	-22045.14476851268	7369.485997438744	-353.5683216868271
190823092.989696	20653563164.53149	219557846181.62912	10481344140.8811	-22046.06361384899	7359.737526234218	-354.033754655872
190826692.989696	20574195687.23832	219584323691.4588	10480068781.848797	-22046.978700500298	7349.990377352231	-354.49901175848834
190830292.989696	20494824922.3961	219610766113.93362	10478791748.207443	-22047.890030270828	7340.244551413091	-354.9640930228432
190833892.989696	20415450883.526405	219637173453.81726	10477513040.590006	-22048.79760496376	7330.500049035981	-355.428998477122
190837492.989696	20336073584.14431	219663545715.87567	10476232659.629347	-22049.70142638125	7320.756870838964	-355.8937281495277
190841092.989696	20256693037.75827	219689882904.87704	10474950605.958231	-22050.601496324412	7311.015017438975	-356.358282068283
190844692.989696	20177309257.8704	219716185025.59174	10473666880.209324	-22051.497816593313	7301.274489451839	-356.8226602616263
190848292.989696	20097922257.976234	219742452082.79236	10472381483.015182	-22052.390388987005	7291.535287492266	-357.28686275781564
190851892.989696	20018532051.56496	219768684081.25363	10471094415.00827	-22053.279215303504	7281.797412173865	-357.75088958512566
190855492.989696	19939138652.11918	219794881025.7527	10469805676.820938	-22054.16429733977	7272.060864109113	-358.2147407718488
190859092.989696	19859742073.115047	219821042921.0687	10468515269.08545	-22055.045636891744	7262.32564390939	-358.67841634629593
190862692.989696	19780342328.022346	219847169771.98303	10467223192.433947	-22055.923235754333	7252.591752184968	-359.14191633679485
190866292.989696	19700939430.304413	219873261583.2793	10465929447.498491	-22056.797095721406	7242.859189545026	-359.60524077169026
190869892.989696	19621533393.417706	219899318359.7434	10464634034.911024	-22057.667218585808	7233.127956597575	-360.0683896793474
190873492.989696	19542124230.81287	219925340106.16315	10463336955.303396	-22058.533606139332	7223.398053949615	-360.531363088144
190877092.989696	19462711955.933765	219951326827.3289	10462038209.307356	-22059.396260172754	7213.66948220698	-360.99416102647916
190880692.989696	19383296582.21775	219977278528.03287	10460737797.554539	-22060.25518247581	7203.942241974411	-361.4567835227681
190884292.989696	19303878123.095802	220003195213.06964	10459435720.676487	-22061.1103748372	7194.216333855566	-361.9192306054427
190887892.989696	19224456591.992622	220029076887.2359	10458131979.30464	-22061.961839044605	7184.491758453001	-362.3815023029524
190891492.989696	19145032002.32645	220054923555.33044	10456826574.070335	-22062.809576884654	7174.7685163681945	-362.8435986437627
190895092.989696	19065604367.508705	220080735222.15445	10455519505.604805	-22063.65359014296	7165.0466082014655	-363.30551965635925
190898692.989696	18986173700.944756	220106511892.51096	10454210774.53917	-22064.493880604095	7155.326034552099	-363.76726536924167
190902292.989696	18906740016.03353	220132253571.20532	10452900381.504467	-22065.330450051606	7145.6067960182845	-364.22883581092697
190905892.989696	18827303326.167404	220157960263.0451	10451588327.131618	-22066.163300268	7135.888893197094	-364.69023100995037
190909492.989696	18747863644.7324	220183631972.83994	10450274612.051449	-22066.992433034764	7126.172326684534	-365.15145099486267
190913092.989696	18668420985.108345	220209268705.4016	10448959236.89468	-22067.817850132342	7116.4570970755285	-365.6124957942308
190916692.989696	18588975360.668148	220234870465.54388	10447642202.29192	-22068.63955334016	7106.743204963883	-366.07336543664104
190920292.989696	18509526784.778885	220260437258.08298	10446323508.87369	-22069.4575444366	7097.030650942348	-366.53405995069323
190923892.989696	18430075270.800644	220285969087.83707	10445003157.270395	-22070.271825199023	7087.319435602572	-366.9945793650065
190927492.989696	18350620832.087616	220311465959.62643	10443681148.112347	-22071.082397403763	7077.60955953514	-367.4549237082145
190931092.989696	18271163481.98755	220336927878.27356	10442357482.029747	-22071.889262826106	7067.901023329561	-367.91509300896746
190934692.989696	18191703233.841377	220362354848.60297	10441032159.652702	-22072.692423240333	7058.193827574229	-368.37508729593367
190938292.989696	18112240100.984047	220387746875.44138	10439705181.611198	-22073.49188041968	7048.487972856496	-368.83490659779625
190941892.989696	18032774096.744057	220413103963.6175	10438376548.535145	-22074.28763613636	7038.783459762636	-369.2945509432545
190945492.989696	17953305234.443573	220438426117.96228	10437046261.054325	-22075.079692161547	7029.0802888778435	-369.7540203610244
190949092.989696	17873833527.39801	220463713343.30875	10435714319.798422	-22075.86805026541	7019.378460786214	-370.21331487983934
190952692.989696	17794358988.91697	220488965644.492	10434380725.39703	-22076.65271221706	7009.677976070825	-370.6724345284465
190956292.989696	17714881632.303253	220514183026.34924	10433045478.479626	-22077.433679784604	6999.978835313643	-371.1313793356106
190959892.989696	17635401470.85366	220539365493.7197	10431708579.675587	-22078.2109547351	6990.281039095596	-371.5901493301109
190963492.989696	17555918517.85824	220564513051.44485	10430370029.614191	-22078.984538834604	6980.584587996509	-372.0487445407451
190967092.989696	17476432786.60092	220589625704.3681	10429029828.9246	-22079.75443384812	6970.889482595168	-372.50716499632443
190970692.989696	17396944290.359306	220614703457.33508	10427687978.235888	-22080.520641539646	6961.195723469296	-372.96541072567715
190974292.989696	17317453042.404556	220639746315.19336	10426344478.177015	-22081.283163672135	6951.503311195551	-373.4234817576467
190977892.989696	17237959056.001427	220664754282.79257	10424999329.376835	-22082.04200200752	6941.8122463495165	-373.8813781210923
190981492.989696	17158462344.408539	220689727364.98462	10423652532.464111	-22082.79715830672	6932.122529505732	-374.33909984488935
190985092.989696	17078962920.87796	220714665566.6233	10422304088.067484	-22083.548634329607	6922.434161237675	-374.79664695792815
190988692.989696	16999460798.655571	220739568892.5645	10420953996.81551	-22084.296431835042	6912.747142117763	-375.25401948911485
190992292.989696	16919955990.980835	220764437347.66626	10419602259.336628	-22085.040552580856	6903.06147271737	-375.71121746737094
190995892.989696	16840448511.087013	220789270936.78848	10418248876.259174	-22085.780998323855	6893.377153606807	-376.1682409216331
190999492.989696	16760938372.20082	220814069664.79324	10416893848.211384	-22086.517770819813	6883.694185355336	-376.6250898808537
191003092.989696	16681425587.54287	220838833536.54474	10415537175.821392	-22087.250871823497	6874.01256853116	-377.0817643740008
191006692.989696	16601910170.327347	220863562556.90906	10414178859.717216	-22087.98030308863	6864.332303701449	-377.53826443005687
191010292.989696	16522392133.762192	220888256730.75446	10412818900.526783	-22088.706066367922	6854.653391432313	-377.9945900780198
191013892.989696	16442871491.049095	220912916062.95108	10411457298.877914	-22089.428163413053	6844.975832288835	-378.45074134690225
191017492.989696	16363348255.383125	220937540558.37134	10410094055.398308	-22090.146595974693	6835.29962683502	-378.9067182657334
191021092.989696	16283822439.953384	220962130221.8894	10408729170.715586	-22090.861365802466	6825.624775633847	-379.3625208635559
191024692.989696	16204294057.942497	220986685058.38165	10407362645.457243	-22091.572474644992	6815.951279247257	-379.8181491694286
191028292.989696	16124763122.526886	221011205072.7265	10405994480.250679	-22092.27992424986	6806.279138236154	-380.2736032124237
191031892.989696	16045229646.8769	221035690269.80405	10404624675.723192	-22092.983716363633	6796.6083531604145	-380.72888302162835
191035492.989696	15965693644.155998	221060140654.49707	10403253232.50197	-22093.68385273186	6786.938924578819	-381.1839886261474
191039092.989696	15886155127.52185	221084556231.68958	10401880151.21409	-22094.38033509907	6777.270853049182	-381.63892005509643
191042692.989696	15806614110.125961	221108937006.2681	10400505432.486546	-22095.07316520875	6767.604139128266	-382.0936773376075
191046292.989696	15727070605.112999	221133282983.12106	10399129076.946201	-22095.762344803392	6757.938783371758	-382.5482605028282
191049892.989696	15647524625.621887	221157594167.13882	10397751085.219831	-22096.44787562444	6748.274786334379	-383.0026695799186
191053492.989696	15567976184.785011	221181870563.2138	10396371457.934097	-22097.129759412346	6738.612148569762	-383.45690459805525
191057092.989696	15488425295.7285	221206112176.24036	10394990195.715563	-22097.80799790652	6728.950870630535	-383.91096558642835
191060692.989696	15408871971.572273	221230319011.1148	10393607299.190674	-22098.48259284535	6719.290953068308	-384.36485257424215
191064292.989696	15329316225.430237	221254491072.7355	10392222768.985792	-22099.153545966223	6709.632396433663	-384.81856559071474
191067892.989696	15249758070.409431	221278628366.00287	10390836605.727152	-22099.820859005486	6699.97520127612	-385.27210466508114
191071492.989696	15170197519.611343	221302730895.8192	10389448810.0409	-22100.48453369848	6690.319368144237	-385.725469826587
191075092.989696	15090634586.130852	221326798667.0886	10388059382.553064	-22101.14457177952	6680.664897585517	-386.17866110449404
191078692.989696	15011069283.056534	221350831684.71753	10386668323.889576	-22101.8009749819	6671.011790146431	-386.6316785280785
191082292.989696	14931501623.470734	221374829953.61407	10385275634.67625	-22102.4537450379	6661.360046372431	-387.0845221266308
191085892.989696	14851931620.449883	221398793478.68842	10383881315.538816	-22103.102883678777	6651.709666807997	-387.5371919294531
191089492.989696	14772359287.063889	221422722264.8528	10382485367.102882	-22103.748392634778	6642.0606519965495	-387.98968796586377
191093092.989696	14692784636.37645	221446616317.02118	10381087789.993946	-22104.39027363511	6632.4130024805	-388.4420102651944
191096692.989696	14613207681.445145	221470475640.10965	10379688584.83742	-22105.028528407995	6622.766718801264	-388.89415885679017
191100292.989696	14533628435.321281	221494300239.0362	10378287752.25859	-22105.663158680614	6613.121801499232	-389.3461337700101
191103892.989696	14454046911.049973	221518090118.72073	10376885292.882654	-22106.29416617914	6603.478251113787	-389.79793503422724
191107492.989696	14374463121.67009	221541845284.08514	10375481207.33469	-22106.921552628715	6593.836068183298	-390.2495626788282
191111092.989696	14294877080.214294	221565565740.05328	10374075496.239676	-22107.54531975349	6584.195253245136	-390.70101673321324
191114692.989696	14215288799.708946	221589251491.55078	10372668160.222483	-22108.165469276577	6574.555806835652	-391.1522972267961
191118292.989696	14135698293.174492	221612902543.50537	10371259199.907879	-22108.78200292008	6564.917729490215	-391.6034041890037
191121892.989696	14056105573.624931	221636518900.8466	10369848615.920523	-22109.39492240508	6555.281021743174	-392.05433764927665
191125492.989696	13976510654.068169	221660100568.50604	10368436408.884974	-22110.00422945166	6545.645684127881	-392.5050976370692
191129092.989696	13896913547.505745	221683647551.41718	10367022579.42567	-22110.609925778877	6536.011717176671	-392.9556841818493
191132692.989696	13817314266.933342	221707159854.51514	10365607128.166958	-22111.21201310476	6526.3791214209095	-393.40609731309684
191136292.989696	13737712825.340096	221730637482.73746	10364190055.733076	-22111.81049314635	6516.747897390938	-393.8563370603071
191139892.989696	13658109235.709366	221754080441.02307	10362771362.74815	-22112.405367619645	6507.1180456161255	-394.3064034529855
191143492.989696	13578503511.017921	221777488734.3132	10361351049.836205	-22112.996638239652	6497.489566624826	-394.7562965206532
191147092.989696	13498895664.236504	221800862367.55078	10359929117.621153	-22113.584306720357	6487.862460944394	-395.20601629284465
191150692.989696	13419285708.33004	221824201345.6806	10358505566.726814	-22114.168374774727	6478.236729101243	-395.6555627991038
191154292.989696	13339673656.256706	221847505673.64954	10357080397.776888	-22114.748844114714	6468.612371620725	-396.10493606899183
191157892.989696	13260059520.968819	221870775356.40616	10355653611.394968	-22115.32571645127	6458.989389027243	-396.5541361320809
191161492.989696	13180443315.412582	221894010398.901	10354225208.204548	-22115.89899349432	6449.367781844206	-397.0031630179555
191165092.989696	13100825052.527946	221917210806.08652	10352795188.829012	-22116.46867695278	6439.747550594031	-397.45201675621416
191168692.989696	13021204745.248718	221940376582.91708	10351363553.891645	-22117.03476853457	6430.12869579815	-397.90069737646763
191172292.989696	12941582406.502647	221963507734.34866	10349930304.015608	-22117.597269946564	6420.511217977035	-398.3492049083385
191175892.989696	12861958049.211212	221986604265.3395	10348495439.823975	-22118.15618289466	6410.895117650134	-398.79753938146393
191179492.989696	12782331686.28997	222009666180.84937	10347058961.939697	-22118.711509083725	6401.280395335958	-399.24570082549104
191183092.989696	12702703330.647942	222032693485.84012	10345620870.98563	-22119.26325021762	6391.667051551982	-399.69368927008304
191186692.989696	12623072995.188416	222055686185.27542	10344181167.584518	-22119.811407999186	6382.055086814763	-400.1415047449121
191190292.989696	12543440692.808289	222078644284.12067	10342739852.358994	-22120.35598413027	6372.444501639837	-400.5891472796655
191193892.989696	12463806436.398567	222101567787.34332	10341296925.931595	-22120.8969803117	6362.835296541791	-401.0366169040409
191197492.989696	12384170238.843994	222124456699.91245	10339852388.924742	-22121.43439824329	6353.227472034233	-401.48391364774926
191201092.989696	12304532113.023094	222147311026.7993	10338406241.960752	-22121.96823962385	6343.6210286297755	-401.93103754051435
191204692.989696	12224892071.808495	222170130772.97653	10336958485.661837	-22122.498506151183	6334.015966840088	-402.37798861207114
191208292.989696	12145250128.066689	222192915943.41907	10335509120.650097	-22123.02519952207	6324.412287175866	-402.824766892167
191211892.989696	12065606294.657677	222215666543.10342	10334058147.547527	-22123.548321432303	6314.8099901467995	-403.2713724105628
191215492.989696	11985960584.435982	222238382577.00797	10332605566.97602	-22124.067873576656	6305.2090762616735	-403.7178051970289
191219092.989696	11906313010.249619	222261064050.11288	10331151379.55735	-22124.583857648882	6295.609546028267	-404.16406528134945
191222692.989696	11826663584.940582	222283710967.40027	10329695585.913197	-22125.096275341737	6286.011399953384	-404.61015269332074
191226292.989696	11747012321.344795	222306323333.85406	10328238186.665127	-22125.605128346986	6276.414638542907	-405.0560674627498
191229892.989696	11667359232.292091	222328901154.46002	10326779182.434603	-22126.110418355358	6266.819262301709	-405.50180961945694
191233492.989696	11587704330.606209	222351444434.20544	10325318573.842968	-22126.612147056592	6257.225271733732	-405.94737919327304
191237092.989696	11508047629.10482	222373953178.07993	10323856361.511475	-22127.11031613942	6247.632667341957	-406.3927762140416
191240692.989696	11428389140.599594	222396427391.07437	10322392546.061256	-22127.60492729155	6238.041449628407	-406.8380007116167
191244292.989696	11348728877.89589	222418867078.18185	10320927128.113346	-22128.095982199717	6228.451619094129	-407.28305271586595
191247892.989696	11269066853.79316	222441272244.39706	10319460108.288658	-22128.58348254961	6218.863176239223	-407.72793225666715
191251492.989696	11189403081.08496	222463642894.71655	10317991487.208015	-22129.06743002595	6209.276121562865	-408.17263936390964
191255092.989696	11109737572.55838	222485979034.1387	10316521265.49212	-22129.54782631242	6199.69045556323	-408.61717406749506
191258692.989696	11030070340.99485	222508280667.66367	10315049443.76158	-22130.024673091728	6190.106178737583	-409.061536397336
191262292.989696	10950401399.169533	222530547800.29324	10313576022.636875	-22130.497972045556	6180.52329158222	-409.5057263833562
191265892.989696	10870730759.851517	222552780437.03122	10312101002.738392	-22130.967724854592	6170.941794592487	-409.94974405549124
191269492.989696	10791058435.803986	222574978582.88306	10310624384.686415	-22131.43393319851	6161.361688262788	-410.3935894436881
191273092.989696	10711384439.783821	222597142242.8561	10309146169.101105	-22131.896598755993	6151.782973086563	-410.83726257790516
191276692.989696	10631708784.542282	222619271421.9593	10307666356.602524	-22132.355723204717	6142.205649556359	-411.28076348811044
191280292.989696	10552031482.824074	222641366125.2035	10306184947.810623	-22132.811308221346	6132.629718163704	-411.724092204286
191283892.989696	10472352547.368362	222663426357.60126	10304701943.34525	-22133.263355481547	6123.055179399262	-412.1672487564215
191287492.989696	10392671990.907967	222685452124.16687	10303217343.82614	-22133.71186665999	6113.482033752696	-412.61023317452066
191291092.989696	10312989826.169739	222707443429.91653	10301731149.872917	-22134.156843430334	6103.910281712759	-413.05304548859687
191294692.989696	10233306065.874557	222729400279.8681	10300243362.10511	-22134.59828746524	6094.339923767257	-413.4956857286746
191298292.989696	10153620722.73729	222751322679.04114	10298753981.142124	-22135.03620043637	6084.7709604030715	-413.9381539247886
191301892.989696	10073933809.466637	222773210632.45718	10297263007.60327	-22135.47058401438	6075.20339210612	-414.3804501069866
191305492.989696	9994245338.76558	222795064145.13904	10295770442.107735	-22135.901439868925	6065.637219361428	-414.8225743053242
191309092.989696	9914555323.330833	222816883222.1118	10294276285.274612	-22136.32876966866	6056.072442653058	-415.2645265498698
191312692.989696	9834863775.853203	222838667868.40195	10292780537.722883	-22136.75257508125	6046.509062464149	-415.70630687070206
191316292.989696	9755170709.017494	222860418089.0379	10291283200.071415	-22137.172857773337	6036.94707927691	-416.1479152979096
191319892.989696	9675476135.502502	222882133889.04974	10289784272.938974	-22137.589619410577	6027.386493572623	-416.5893518615928
191323492.989696	9595780067.981018	222903815273.46918	10288283756.944214	-22138.002861657642	6017.827305831639	-417.0306165918619
191327092.989696	9516082519.119865	222925462247.32983	10286781652.705677	-22138.412586178172	6008.269516533386	-417.4717095188376
191330692.989696	9436383501.579803	222947074815.66696	10285277960.841805	-22138.818794634837	5998.71312615637	-417.91263067265135
191334292.989696	9356683028.015709	222968652983.51743	10283772681.970924	-22139.221488689287	5989.15813517816	-418.35338008344513
191337892.989696	9276981111.0765	222990196755.9201	10282265816.711258	-22139.62067000219	5979.60454407543	-418.79395778137024
191341492.989696	9197277763.405083	223011706137.91516	10280757365.68092	-22140.016340233204	5970.052353323912	-419.2343637965893
191345092.989696	9117572997.638214	223033181134.54492	10279247329.497908	-22140.408501040998	5960.501563398416	-419.67459815927543
191348692.989696	9037866826.406914	223054621750.8532	10277735708.780119	-22140.79715408324	5950.952174772837	-420.11466089961164
191352292.989696	8958159262.33603	223076027991.88553	10276222504.145338	-22141.182301016604	5941.404187920149	-420.5545520477912
191355892.989696	8878450318.044968	223097399862.68893	10274707716.21125	-22141.563943496752	5931.857603312457	-420.99427163401566
191359492.989696	8798740006.14627	223118737368.3126	10273191345.595413	-22141.94208317838	5922.312421420867	-421.4338196885001
191363092.989696	8719028339.247467	223140040513.80698	10271673392.915295	-22142.316721715157	5912.768642715667	-421.8731962414657
191366692.989696	8639315329.949387	223161309304.22452	10270153858.788242	-22142.68786075978	5903.226267666132	-422.3124013231483
191370292.989696	8559600990.847313	223182543744.61917	10268632743.831497	-22143.05550196393	5893.685296740706	-422.75143496378956
191373892.989696	8479885334.530647	223203743840.04654	10267110048.662193	-22143.419646978302	5884.145730406903	-423.19029719364204
191377492.989696	8400168373.582466	223224909595.5642	10265585773.897358	-22143.78029745261	5874.6075691313	-423.62898804297015
191381092.989696	8320450120.580391	223246041016.23093	10264059920.153904	-22144.137455035547	5865.07081337962	-424.06750754204467
191384692.989696	8240730588.095818	223267138107.10767	10262532488.048641	-22144.491121374824	5855.535463616639	-424.5058557211486
191388292.989696	8161009788.693977	223288200873.25674	10261003478.198257	-22144.84129811718	5846.001520306221	-424.9440326105753
191391892.989696	8081287734.93486	223309229319.7422	10259472891.219355	-22145.18798690831	5836.4689839113835	-425.3820382406244
191395492.989696	8001564439.371941	223330223451.62976	10257940727.728405	-22145.53118939297	5826.937854894185	-425.81987264160824
191399092.989696	7921839914.552765	223351183273.98682	10256406988.341772	-22145.870907214885	5817.408133715796	-426.25753584384836
191402692.989696	7842114173.019623	223372108791.88242	10254871673.67573	-22146.207142016807	5807.879820836543	-426.6950278776727
191406292.989696	7762387227.308029	223393000010.38736	10253334784.346424	-22146.539895440488	5798.35291671576	-427.13234877342336
191409892.989696	7682659089.948082	223413856934.57382	10251796320.96989	-22146.869169126683	5788.82742181195	-427.5694985614484
191413492.989696	7602929773.4640045	223434679569.51602	10250256284.162073	-22147.194964715178	5779.303336582721	-428.00647727210657
191417092.989696	7523199290.373917	223455467920.28943	10248714674.538788	-22147.51728384474	5769.780661484758	-428.44328493576563
191420692.989696	7443467653.190025	223476221991.97144	10247171492.715752	-22147.836128153158	5760.2593969738655	-428.87992158280287
191424292.989696	7363734874.418915	223496941789.64087	10245626739.30857	-22148.151499277228	5750.739543504975	-429.3163872436035
191427892.989696	7284000966.561188	223517627318.37842	10244080414.932747	-22148.463398852764	5741.221101532116	-429.75268194856335
191431492.989696	7204265942.11113	223538278583.26627	10242532520.203655	-22148.771828514575	5731.704071508399	-430.18880572808774
191435092.989696	7124529813.557869	223558895589.38812	10240983055.736578	-22149.07678989649	5722.188453886103	-430.62475861258906
191438692.989696	7044792593.383865	223579478341.8297	10239432022.146683	-22149.378284631348	5712.674249116551	-431.0605406324918
191442292.989696	6965054294.066391	223600026845.67776	10237879420.049023	-22149.676314351003	5703.161457650267	-431.4961518182254
191445892.989696	6885314928.0765915	223620541106.02124	10236325250.058556	-22149.970880686305	5693.650079936835	-431.9315922002312
191449492.989696	6805574507.879601	223641021127.9504	10234769512.790113	-22150.261985267127	5684.140116424962	-432.3668618089588
191453092.989696	6725833045.934753	223661466916.5571	10233212208.858421	-22150.54962972235	5674.63156756247	-432.8019606748663
191456692.989696	6646090554.695793	223681878476.93494	10231653338.878107	-22150.833815679878	5665.124433796343	-433.2368888284202
191460292.989696	6566347046.61013	223702255814.17908	10230092903.463676	-22151.114544766617	5655.618715572626	-433.6716463000969
191463892.989696	6486602534.119858	223722598933.38623	10228530903.22953	-22151.39181860848	5646.114413336545	-434.10623312037984
191467492.989696	6406857029.660538	223742907839.6548	10226967338.789953	-22151.665638830418	5636.611527532383	-434.540649319764
191471092.989696	6327110545.662613	223763182538.08472	10225402210.759136	-22151.936007056356	5627.1100586036155	-434.9748949287494
191474692.989696	6247363094.550156	223783423033.77753	10223835519.751137	-22152.20292490927	5617.610006992805	-435.40896997784694
191478292.989696	6167614688.741753	223803629331.83636	10222267266.379929	-22152.46639401113	5608.111373141664	-435.8428744975747
191481892.989696	6087865340.649864	223823801437.36597	10220697451.259354	-22152.726415982936	5598.614157491011	-436.2766085184608
191485492.989696	6008115062.681328	223843939355.47263	10219126075.003159	-22152.98299244468	5589.118360480819	-436.7101720710398
191489092.989696	5928363867.236961	223864043091.2643	10217553138.224968	-22153.23612501539	5579.623982550164	-437.143565185857
191492692.989696	5848611766.711899	223884112649.85046	10215978641.53831	-22153.4858153131	5570.131024137277	-437.576787893464
191496292.989696	5768858773.495537	223904148036.34207	10214402585.556591	-22153.732064954856	5560.639485679537	-438.00984022442066
191499892.989696	5689104899.971031	223924149255.85184	10212824970.893106	-22153.974875556734	5551.1493676133905	-438.442722209298
191503492.989696	5609350158.5164795	223944116313.49387	10211245798.16106	-22154.214248733813	5541.660670374536	-438.87543387867004
191507092.989696	5529594561.503151	223964049214.38406	10209665067.973522	-22154.450186100203	5532.173394397672	-439.30797526312506
191510692.989696	5449838121.297462	223983947963.6396	10208082780.94347	-22154.682689269	5522.687540116751	-439.7403463932541
191514292.989696	5370080850.25943	224003812566.37946	10206498937.683758	-22154.911759852363	5513.203107964807	-440.1725472996595
191517892.989696	5290322760.743729	224023643027.72403	10204913538.807148	-22155.13739946144	5503.720098374053	-440.6045780129494
191521492.989696	5210563865.098686	224043439352.79523	10203326584.926262	-22155.359609706393	5494.238511775791	-441.0364385637427
191525092.989696	5130804175.667183	224063201546.7169	10201738076.653646	-22155.578392196425	5484.758348600507	-441.4681289826637
191528692.989696	5051043704.786179	224082929614.61386	10200148014.601707	-22155.793748539734	5475.2796092778135	-441.89964930034614
191532292.989696	4971282464.78714	224102623561.61285	10198556399.382767	-22156.00568034355	5465.802294236502	-442.33099954743005
191535892.989696	4891520467.995216	224122283392.84198	10196963231.609013	-22156.21418921413	5456.326403904466	-442.76217975456495
191539492.989696	4811757726.730324	224141909113.4311	10195368511.892544	-22156.41927675673	5446.851938708782	-443.19318995240667
191543092.989696	4731994253.306274	224161500728.51138	10193772240.845331	-22156.62094457564	5437.37889907567	-443.62403017161927
191546692.989696	4652230060.031151	224181058243.21564	10192174419.079247	-22156.819194274172	5427.907285430485	-444.05470044287506
191550292.989696	4572465159.20739	224200581662.67816	10190575047.206045	-22157.01402745465	5418.437098197755	-444.48520079685306
191553892.989696	4492699563.131393	224220070992.03488	10188974125.837372	-22157.205445718428	5408.968337801134	-444.9155312642409
191557492.989696	4412933284.094093	224239526236.42307	10187371655.584768	-22157.393450665873	5399.501004663464	-445.34569187573254
191561092.989696	4333166334.380638	224258947400.9817	10185767637.059658	-22157.578043896385	5390.035099206738	-445.7756826620291
191564692.989696	4253398726.2702484	224278334490.85107	10184162070.873356	-22157.75922700837	5380.570621852086	-446.205503653841
191568292.989696	4173630472.0364075	224297687511.17325	10182554957.637068	-22157.937001599275	5371.107573019806	-446.6351548818849
191571892.989696	4093861583.946991	224317006467.09155	10180946297.961885	-22158.111369265556	5361.645953129362	-447.06463637688495
191575492.989696	4014092074.263954	224336291363.75104	10179336092.458794	-22158.282331602702	5352.18576259936	-447.4939481695727
191579092.989696	3934321955.2439194	224355542206.29803	10177724341.738672	-22158.44989020521	5342.727001847628	-447.9230902906852
191582692.989696	3854551239.1371765	224374758999.8805	10176111046.412271	-22158.61404666662	5333.269671291073	-448.35206277096995
191586292.989696	3774779938.188614	224393941749.648	10174496207.09025	-22158.774802579483	5323.813771345811	-448.7808656411798
191589892.989696	3695008064.637306	224413090460.7515	10172879824.38315	-22158.93215953539	5314.359302427123	-449.2094989320749
191593492.989696	3615235630.716728	224432205138.3433	10171261898.901398	-22159.086119124928	5304.9062649494645	-449.6379626744216
191597092.989696	3535462648.654564	224451285787.57733	10169642431.255316	-22159.236682937742	5295.45465932644	-450.06625689899494
191600692.989696	3455689130.672699	224470332413.6091	10168021422.05511	-22159.38385256248	5286.004485970844	-450.49438163657544
191604292.989696	3375915088.987259	224489345021.59552	10166398871.910881	-22159.527629586824	5276.555745294607	-450.9223369179524
191607892.989696	3296140535.8088837	224508323616.69492	10164774781.432613	-22159.66801559749	5267.108437708868	-451.3501227739202
191611492.989696	3216365483.342346	224527268204.0672	10163149151.230183	-22159.8050121802	5257.66256362394	-451.77773923528065
191615092.989696	3136589943.7866516	224546178788.87372	10161521981.913357	-22159.938620919726	5248.2181234492655	-452.2051863328432
191618692.989696	3056813929.335167	224565055376.27728	10159893274.091785	-22160.06884339985	5238.77511759351	-452.63246409742294
191622292.989696	2977037452.1757355	224583897971.44208	10158263028.375015	-22160.195681203393	5229.333546464502	-453.05957255984225
191625892.989696	2897260524.4901886	224602706579.53394	10156631245.372478	-22160.3191359122	5219.89341046924	-453.4865117509301
191629492.989696	2817483158.4549713	224621481205.7201	10154997925.693497	-22160.439209107135	5210.454710013921	-453.91328170152144
191633092.989696	2737705366.240593	224640221855.1692	10153363069.94728	-22160.555902368113	5201.0174455038905	-454.3398824424597
191636692.989696	2657927160.0119247	224658928533.05136	10151726678.742926	-22160.66921727405	5191.5816173436915	-454.76631400459286
191640292.989696	2578148551.92836	224677601244.5382	10150088752.689426	-22160.77915540291	5182.147225937072	-455.19257641877607
191643892.989696	2498369554.1432877	224696239994.80267	10148449292.39565	-22160.885718331694	5172.714271686926	-455.6186697158717
191647492.989696	2418590178.8047104	224714844789.0194	10146808298.470377	-22160.988907636405	5163.282754995347	-456.0445939267481
191651092.989696	2338810438.054817	224733415632.36414	10145165771.522247	-22161.0887248921	5153.852676263642	-456.47034908227863
191654692.989696	2259030344.0300293	224751952530.0145	10143521712.159811	-22161.18517167286	5144.424035892243	-456.89593521334615
191658292.989696	2179249908.8613586	224770455487.1491	10141876120.9915	-22161.278249551797	5134.996834280842	-457.32135235083626
191661892.989696	2099469144.674118	224788924508.94833	10140228998.625643	-22161.36796010105	5125.571071828288	-457.74660052564275
191665492.989696	2019688063.5875778	224807359600.59378	10138580345.670437	-22161.454304891795	5116.146748932598	-458.1716797686662
191669092.989696	1939906677.715805	224825760767.2686	10136930162.733984	-22161.53728549424	5106.723865991011	-458.59659011081214
191672692.989696	1860124999.1671753	224844128014.15732	10135278450.424282	-22161.616903477625	5097.302423399976	-459.0213315829914
191676292.989696	1780343040.0441437	224862461346.44595	10133625209.349197	-22161.693160410225	5087.88242155509	-459.4459042161238
191679892.989696	1700560812.443657	224880760769.32187	10131970440.116497	-22161.76605785934	5078.463860851169	-459.870308041133
191683492.989696	1620778328.4570007	224899026287.97394	10130314143.333836	-22161.835597391306	5069.046741682225	-460.2945430889497
191687092.989696	1540995600.170044	224917257907.5923	10128656319.608753	-22161.901780571505	5059.631064441489	-460.7186093905087
191690692.989696	1461212639.6626282	224935455633.36868	10126996969.54868	-22161.964608964336	5050.216829521345	-461.14250697675357
191694292.989696	1381429459.0093613	224953619470.49606	10125336093.760937	-22162.02408413324	5040.804037313426	-461.5662358786311
191697892.989696	1301646070.2789001	224971749424.16907	10123673692.852737	-22162.080207640705	5031.392688208529	-461.9897961270962
191701492.989696	1221862485.5344086	224989845499.5834	10122009767.431171	-22162.13298104823	5021.982782596668	-462.41318775310816
191705092.989696	1142078716.8335495	225007907701.93646	10120344318.103228	-22162.18240591637	5012.574320867076	-462.83641078763236
191708692.989696	1062294776.2281723	225025936036.42682	10118677345.475773	-22162.228483804698	5003.1673034081705	-463.2594652616395
191712292.989696	982510675.7647095	225043930508.25452	10117008850.155577	-22162.271216271838	4993.7617306075845	-463.6823512061066
191715892.989696	902726427.4835739	225061891122.62122	10115338832.749285	-22162.31060487546	4984.357602852137	-464.1050686520174
191719492.989696	822942043.4203796	225079817884.72958	10113667293.863443	-22162.34665117224	4974.954920527911	-464.52761763035767
191723092.989696	743157535.6041718	225097710799.784	10111994234.104473	-22162.379356717913	4965.553684020129	-464.9499981721226
191726692.989696	663372916.0589523	225115569872.98993	10110319654.078688	-22162.40872306725	4956.153893713265	-465.3722103083114
191730292.989696	583588196.8032227	225133395109.55457	10108643554.3923	-22162.434751774053	4946.755549991014	-465.7942540699278
191733892.989696	503803389.8495407	225151186514.68628	10106965935.651398	-22162.45744439117	4937.35865323625	-466.2161294879826
191737492.989696	424018507.20508575	225168944093.59473	10105286798.461964	-22162.47680247049	4927.963203831094	-466.6378365934904
191741092.989696	344233560.8713379	225186667851.49112	10103606143.429863	-22162.492827562925	4918.569202156852	-467.0593754174731
191744692.989696	264448562.84427643	225204357793.58804	10101923971.160858	-22162.505521218445	4909.176648594072	-467.4807459909563
191748292.989696	184663525.11442566	225222013925.0992	10100240282.260592	-22162.51488498605	4899.785543522517	-467.9019483449709
191751892.989696	104878459.6663742	225239636251.24005	10098555077.334599	-22162.52092041378	4890.395887321154	-468.322982510554
191755492.989696	25093378.479629517	225257224777.22702	10096868356.988304	-22162.523629048723	4881.00768036819	-468.7438485187472
191759092.989696	-54691706.4723587	225274779508.27823	10095180121.827019	-22162.523012436995	4871.620923041026	-469.16454640059754
191762692.989696	-134476783.22148895	225292300449.61295	10093490372.455936	-22162.519072123767	4862.23561571631	-469.58507618715737
191766292.989696	-214261839.80512238	225309787606.4518	10091799109.480146	-22162.511809653246	4852.851758769898	-470.00543790948353
191769892.989696	-294046864.26633453	225327240984.017	10090106333.504627	-22162.501226568682	4843.469352576878	-470.4256315986386
191773492.989696	-373831844.65348816	225344660587.5317	10088412045.13424	-22162.487324412363	4834.0883975115885	-470.84565728568833
191777092.989696	-453616769.021019	225362046422.2209	10086716244.973736	-22162.470104725624	4824.708893947538	-471.2655150017068
191780692.989696	-533401625.4284363	225379398493.31042	10085018933.627754	-22162.449569048844	4815.330842257497	-471.68520477777037
191784292.989696	-613186401.9408264	225396716806.0278	10083320111.700825	-22162.42571892143	4805.954242813492	-472.1047266449596
191787892.989696	-692971086.6291809	225414001365.60178	10081619779.79736	-22162.398555881864	4796.579095986721	-472.524080634363
191791492.989696	-772755667.5695724	225431252177.2625	10079917938.521675	-22162.36808146765	4787.205402147662	-472.94326677707113
191795092.989696	-852540132.8439102	225448469246.2413	10078214588.477945	-22162.334297215333	4777.833161665994	-473.3622851041806
191798692.989696	-932324470.5395432	225465652577.77097	10076509730.270266	-22162.29720466052	4768.462374910663	-473.781135646792
191802292.989696	-1012108668.7493515	225482802177.0856	10074803364.502594	-22162.256805337853	4759.093042249803	-474.1998184360117
191805892.989696	-1091892715.5716858	225499918049.42053	10073095491.778791	-22162.213100781017	4749.725164050831	-474.61833350294927
191809492.989696	-1171676599.110466	225517000200.0125	10071386112.702602	-22162.16609252274	4740.358740680376	-475.03668087871995
191813092.989696	-1251460307.4752197	225534048634.0996	10069675227.877657	-22162.115782094817	4730.9937725043055	-475.45486059444335
191816692.989696	-1331243828.7807312	225551063356.9212	10067962837.907482	-22162.062171028065	4721.630259887746	-475.8728726812428
191820292.989696	-1411027151.1477203	225568044373.7179	10066248943.395468	-22162.00526085236	4712.268203195017	-476.2907171702477
191823892.989696	-1490810262.7018204	225584991689.7318	10064533544.944933	-22161.94505309663	4702.907602789755	-476.70839409258986
191827492.989696	-1570593151.5747833	225601905310.20602	10062816643.159046	-22161.88154928884	4693.548459034761	-477.1259034794077
191831092.989696	-1650375805.9033127	225618785240.38522	10061098238.640884	-22161.814750956004	4684.190772292142	-477.54324536184174
191834692.989696	-1730158213.829918	225635631485.51532	10059378331.993408	-22161.744659624193	4674.834542923225	-477.9604197710378
191838292.989696	-1809940363.502884	225652444050.84357	10057656923.819462	-22161.671276818524	4665.479771288538	-478.3774267381483
191841892.989696	-1889722243.07518	225669222941.61835	10055934014.721786	-22161.594604063157	4656.126457747956	-478.79426629432487
191845492.989696	-1969503840.7059708	225685968163.08954	10054209605.303001	-22161.51464288131	4646.774602660522	-479.2109384707277
191849092.989696	-2049285144.5596237	225702679720.5081	10052483696.165615	-22161.43139479524	4637.424206384543	-479.62744329851967
191852692.989696	-2129066142.8059769	225719357619.12646	10050756287.912033	-22161.34486132627	4628.075269277615	-480.04378080886687
191856292.989696	-2208846823.6205063	225736001864.19833	10049027381.144539	-22161.25504399476	4618.727791696523	-480.4599510329415
191859892.989696	-2288627175.1839447	225752612460.97855	10047296976.465302	-22161.16194432012	4609.381773997355	-480.8759540019185
191863492.989696	-2368407185.682701	225769189414.72336	10045565074.47639	-22161.065563820826	4600.03721653544	-481.2917897469763
191867092.989696	-2448186843.308296	225785732730.69028	10043831675.779755	-22160.965904014396	4590.694119665366	-481.707458299298
191870692.989696	-2527966136.2581253	225802242414.13806	10042096780.97723	-22160.8629664174	4581.352483740957	-482.12295969007135
191874292.989696	-2607745052.7350006	225818718470.32678	10040360390.670542	-22160.75675254546	4572.012309115299	-482.53829395048746
191877892.989696	-2687523580.946785	225835160904.51773	10038622505.461308	-22160.647263913255	4562.673596140772	-482.95346111174
191881492.989696	-2767301709.107338	225851569721.97342	10036883125.95102	-22160.534502034505	4553.336345168954	-483.3684612050288
191885092.989696	-2847079425.435379	225867944927.95776	10035142252.741074	-22160.41846842201	4544.000556550756	-483.78329426155494
191888692.989696	-2926856718.1556473	225884286527.73587	10033399886.432743	-22160.299164587595	4534.666230636285	-484.19796031252577
191892292.989696	-3006633575.497925	225900594526.57397	10031656027.627192	-22160.176592042153	4525.333367774949	-484.6124593891505
191895892.989696	-3086409985.697693	225916868929.73993	10029910676.925474	-22160.050752295636	4516.0019683154005	-485.0267915226432
191899492.989696	-3166185936.9956207	225933109742.50235	10028163834.928524	-22159.92164685704	4506.672032605578	-485.4409567442202
191903092.989696	-3245961417.6380386	225949316970.13156	10026415502.237171	-22159.78927723442	4497.343560992655	-485.85495508510337
191906692.989696	-3325736415.8764725	225965490617.89883	10024665679.452133	-22159.653644934897	4488.01655382311	-486.26878657651594
191910292.989696	-3405510919.9682007	225981630691.07684	10022914367.174002	-22159.51475146463	4478.691011442648	-486.68245124968684
191913892.989696	-3485284918.1755676	225997737194.93942	10021161566.003275	-22159.37259832885	4469.36693419628	-487.09594913584675
191917492.989696	-3565058398.7663803	226013810134.76163	10019407276.54033	-22159.227187031836	4460.044322428283	-487.5092802662299
191921092.989696	-3644831350.0141144	226029849515.81992	10017651499.385431	-22159.07851907693	4450.723176482187	-487.92244467207513
191924692.989696	-3724603760.197525	226045855343.39172	10015894235.138725	-22158.926595966528	4441.403496700785	-488.33544238462423
191928292.989696	-3804375617.600647	226061827622.75592	10014135484.400255	-22158.77141920208	4432.085283426184	-488.7482734351215
191931892.989696	-3884146910.513275	226077766359.1926	10012375247.769947	-22158.612990284106	4422.768536999721	-489.160937854816
191935492.989696	-3963917627.2300186	226093671557.98297	10010613525.847618	-22158.451310712182	4413.453257762057	-489.5734356749581
191939092.989696	-4043687756.051445	226109543224.40952	10008850319.232967	-22158.28638198493	4404.139446053089	-489.98576692680274
191942692.989696	-4123457285.28302	226125381363.75592	10007085628.525593	-22158.11820560004	4394.827102212019	-490.39793164160756
191946292.989696	-4203226203.2362823	226141185981.3073	10005319454.324957	-22157.94678305427	4385.516226577289	-490.80992985063494
191949892.989696	-4282994498.227524	226156957082.34958	10003551797.230434	-22157.772115843432	4376.20681948667	-491.2217615851474
191953492.989696	-4362762158.578468	226172694672.1703	10001782657.84128	-22157.59420546239	4366.898881277201	-491.6334268764123
191957092.989696	-4442529172.616814	226188398756.05786	10000012036.756618	-22157.41305340508	4357.5924122851575	-492.0449257557014
191960692.989696	-4522295528.674889	226204069339.3022	9998239934.57549	-22157.22866116449	4348.287412846163	-492.4562582542863
191964292.989696	-4602061215.090706	226219706427.19418	9996466351.89681	-22157.04103023268	4338.983883295108	-492.86742440344324
191967892.989696	-4681826220.2079315	226235310025.02615	9994691289.319368	-22156.850162100774	4329.6818239661225	-493.27842423445236
191971492.989696	-4761590532.374924	226250880138.0914	9992914747.441868	-22156.656058258948	4320.381235192706	-493.6892577785943
191975092.989696	-4841354139.946274	226266416771.6846	9991136726.86287	-22156.45872019644	4311.082117307546	-494.0999250671555
191978692.989696	-4921117031.281143	226281919931.1015	9989357228.180851	-22156.25814940156	4301.784470642702	-494.51042613142295
191982292.989696	-5000879194.744492	226297389621.6391	9987576251.994154	-22156.05434736167	4292.488295529484	-494.92076100268696
191985892.989696	-5080640618.706474	226312825848.59555	9985793798.901024	-22155.847315563216	4283.1935922985085	-495.3309297122407
191989492.989696	-5160401291.542603	226328228617.27032	9984009869.499584	-22155.637055491698	4273.900361279676	-495.74093229138026
191993092.989696	-5240161201.633865	226343597932.96384	9982224464.387846	-22155.42356863166	4264.60860280217	-496.15076877140433
191996692.989696	-5319920337.366371	226358933800.97794	9980437584.163712	-22155.206856466742	4255.318317194491	-496.56043918361365
192000292.989696	-5399678687.131859	226374236226.6155	9978649229.424969	-22154.98692047964	4246.029504784405	-496.9699435593132
192003892.989696	-5479436239.327034	226389505215.1806	9976859400.769289	-22154.76376215211	4236.74216589901	-497.3792819298084
192007492.989696	-5559192982.354256	226404740771.97858	9975068098.794243	-22154.537382964976	4227.456300864675	-497.78845432640844
192011092.989696	-5638948904.621117	226419942902.3158	9973275324.097271	-22154.30778439813	4218.17191000707	-498.19746078042505
192014692.989696	-5718703994.540413	226435111611.5	9971481077.275719	-22154.07496793053	4208.888993651176	-498.6063013231717
192018292.989696	-5798458240.530472	226450246904.8399	9969685358.9268	-22153.838935040203	4199.607552121261	-499.0149759859651
192021892.989696	-5878211631.01487	226465348787.64548	9967888169.647635	-22153.59968720424	4190.327585740895	-499.4234848001243
192025492.989696	-5957964154.422241	226480417265.22784	9966089510.035221	-22153.35722589881	4181.049094832976	-499.83182779696955
192029092.989696	-6037715799.186867	226495452342.8992	9964289380.68644	-22153.111552599137	4171.772079719675	-500.24000500782455
192032692.989696	-6117466553.748367	226510454025.97314	9962487782.198069	-22152.862668779522	4162.496540722465	-500.64801646401554
192036292.989696	-6197216406.551201	226525422319.76416	9960684715.166767	-22152.610575913335	4153.22247816217	-501.0558621968692
192039892.989696	-6276965346.045746	226540357229.588	9958880180.189083	-22152.355275473015	4143.94989235886	-501.4635422377171
192043492.989696	-6356713360.687279	226555258760.76163	9957074177.86145	-22152.096768930063	4134.678783631947	-501.8710566178909
192047092.989696	-6436460438.936546	226570126918.60306	9955266708.78019	-22151.835057755063	4125.409152300142	-502.2784053687254
192050692.989696	-6516206569.259415	226584961708.43146	9953457773.541512	-22151.57014341766	4116.1409986814815	-502.6855885215566
192054292.989696	-6595951740.127167	226599763135.5672	9951647372.741512	-22151.302027386577	4106.874323093296	-503.0926061077234
192057892.989696	-6675695940.016235	226614531205.33167	9949835506.976177	-22151.030711129613	4097.609125852245	-503.49945815856637
192061492.989696	-6755439157.408798	226629265923.04773	9948022176.841375	-22150.75619611362	4088.345407274258	-503.90614470542897
192065092.989696	-6835181380.791595	226643967294.03888	9946207382.932865	-22150.478483804538	4079.083167674636	-504.31266577965494
192068692.989696	-6914922598.657097	226658635323.6301	9944391125.846294	-22150.19757566738	4069.8224073679708	-504.7190214125909
192072292.989696	-6994662799.503105	226673270017.14746	9942573406.177187	-22149.913473166212	4060.563126668142	-505.1252116355861
192075892.989696	-7074401971.832527	226687871379.91803	9940754224.52097	-22149.626177764207	4051.3053258883792	-505.5312364799909
192079492.989696	-7154140104.153305	226702439417.27014	9938933581.47295	-22149.335690923584	4042.049005341253	-505.9370959771562
192083092.989696	-7233877184.97908	226716974134.53314	9937111477.628315	-22149.042014105646	4032.7941653385983	-506.3427901584368
192086692.989696	-7313613202.828606	226731475537.0376	9935287913.58215	-22148.74514877077	4023.5408061915846	-506.74831905518886
192090292.989696	-7393348146.225815	226745943630.1151	9933462889.929422	-22148.44509637841	4014.2889282107235	-507.1536826987699
192093892.989696	-7473082003.699898	226760378419.0985	9931636407.264984	-22148.1418583871	4005.038531705842	-507.5588811205384
192097492.989696	-7552814763.785149	226774779909.32153	9929808466.183582	-22147.835436254427	3995.7896169861015	-507.9639143518547
192101092.989696	-7632546415.021683	226789148106.1193	9927979067.279842	-22147.52583143708	3986.542184359928	-508.36878242408307
192104692.989696	-7712276945.954086	226803483014.82782	9926148211.148283	-22147.21304539081	3977.2962341351567	-508.773485368586
192108292.989696	-7792006345.132736	226817784640.7843	9924315898.383305	-22146.897079570463	3968.0517666189003	-509.17802321672957
192111892.989696	-7871734601.113022	226832052989.32712	9922482129.5792	-22146.577935429927	3958.808782117601	-509.58239599988093
192115492.989696	-7951461702.455589	226846288065.7956	9920646905.330147	-22146.255614422204	3949.5672809370412	-509.9866037494086
192119092.989696	-8031187637.726395	226860489875.53015	9918810226.230206	-22145.93011799935	3940.3272633823212	-510.39064649668296
192122692.989696	-8110912395.496429	226874658423.87262	9916972092.873333	-22145.60144761251	3931.0887297578993	-510.7945242730747
192126292.989696	-8190635964.342117	226888793716.16553	9915132505.853369	-22145.26960471191	3921.8516803675216	-511.1982371099576
192129892.989696	-8270358332.8451	226902895757.7527	9913291465.76403	-22144.934590746852	3912.616115514294	-511.6017850387057
192133492.989696	-8350079489.591942	226916964553.979	9911448973.19894	-22144.596407165714	3903.382035500668	-512.0051680906938
192137092.989696	-8429799423.174934	226931000110.1905	9909605028.751593	-22144.25505541595	3894.149440628382	-512.4083862972998
192140692.989696	-8509518122.191048	226945002431.73413	9907759633.015373	-22143.910536944113	3884.918331198565	-512.8114396899015
192144292.989696	-8589235575.242592	226958971523.95804	9905912786.583565	-22143.562853195814	3875.688707511663	-513.214328299877
192147892.989696	-8668951770.937317	226972907392.21143	9904064490.04932	-22143.21200561576	3866.460569867446	-513.6170521586077
192151492.989696	-8748666697.888206	226986810041.84473	9902214744.005686	-22142.857995647733	3857.233918565013	-514.0196112974761
192155092.989696	-8828380344.712784	227000679478.20905	9900363549.045605	-22142.500824734594	3848.0087539028655	-514.4220057478628
192158692.989696	-8908092700.034843	227014515706.6571	9898510905.76189	-22142.140494318293	3838.7850761787386	-514.8242355411542
192162292.989696	-8987803752.482262	227028318732.54227	9896656814.747261	-22141.777005839867	3829.562885689827	-515.2263007087333
192165892.989696	-9067513490.688866	227042088561.21912	9894801276.594303	-22141.41036073942	3820.342182732585	-515.6282012819865
192169492.989696	-9147221903.293396	227055825198.04327	9892944291.895502	-22141.04056045615	3811.122967602837	-516.029937292301
192173092.989696	-9226928978.939583	227069528648.37155	9891085861.243237	-22140.667606428346	3801.905240595776	-516.431508771064
192176692.989696	-9306634706.276825	227083198917.56165	9889225985.229753	-22140.291500093357	3792.689002005883	-516.8329157496653
192180292.989696	-9386339073.95929	227096836010.97247	9887364664.4472	-22139.912242887644	3783.4742521270337	-517.234158259494
192183892.989696	-9466042070.646317	227110439933.9638	9885501899.48761	-22139.52983624673	3774.2609912524454	-517.6352363319402
192187492.989696	-9545743685.002747	227124010691.89667	9883637690.942894	-22139.144281605244	3765.049219674659	-518.0361499983965
192191092.989696	-9625443905.69809	227137548290.13293	9881772039.404867	-22138.75558039688	3755.838937685602	-518.436899290253
192194692.989696	-9705142721.407433	227151052734.0359	9879904945.46522	-22138.363734054437	3746.6301455765206	-518.8374842389043
192198292.989696	-9784840120.810707	227164524028.96933	9878036409.715527	-22137.968744009784	3737.422843638039	-519.2379048757423
192201892.989696	-9864536092.593437	227177962180.29865	9876166432.747253	-22137.57061169389	3728.217032160093	-519.6381612321632
192205492.989696	-9944230625.446	227191367193.38977	9874295015.151749	-22137.16933853679	3719.0127114319976	-520.0382533395613
192209092.989696	-10023923708.063698	227204739073.6101	9872422157.520264	-22136.76492596765	3709.8098817424498	-520.4381812293316
192212692.989696	-10103615329.147354	227218077826.3279	9870547860.443924	-22136.35737541468	3700.608543379455	-520.837944932871
192216292.989696	-10183305477.402756	227231383456.91238	9868672124.513737	-22135.946688305186	3691.4086966304076	-521.237544481575
192219892.989696	-10262994141.540993	227244655970.7339	9866794950.320602	-22135.532866065587	3682.2103417820263	-521.6369799068427
192223492.989696	-10342681310.278114	227257895373.16388	9864916338.455317	-22135.11591012137	3673.013479120419	-522.0362512400709
192227092.989696	-10422366972.335197	227271101669.57455	9863036289.508545	-22134.6958218971	3663.818108931051	-522.4353585126571
192230692.989696	-10502051116.438667	227284274865.33948	9861154804.070862	-22134.272602816476	3654.624231498745	-522.8343017560007
192234292.989696	-10581733731.320099	227297414965.833	9859271882.732704	-22133.846254302243	3645.431847107656	-523.233081001501
192237892.989696	-10661414805.716034	227310521976.43066	9857387526.08441	-22133.416777776256	3636.240956041339	-523.631696280557
192241492.989696	-10741094328.368149	227323595902.50888	9855501734.716206	-22132.984174659457	3627.0515585826975	-524.0301476245684
192245092.989696	-10820772288.023392	227336636749.44513	9853614509.218197	-22132.548446371882	3617.8636550139945	-524.4284350649357
192248692.989696	-10900448673.433525	227349644522.61798	9851725850.180386	-22132.109594332658	3608.6772456168787	-524.8265586330585
192252292.989696	-10980123473.355766	227362619227.40686	9849835758.192646	-22131.667619960004	3599.4923306723354	-525.2245183603382
192255892.989696	-11059796676.552193	227375560869.1925	9847944233.84476	-22131.222524671233	3590.308910460735	-525.6223142781753
192259492.989696	-11139468271.789986	227388469453.35626	9846051277.72638	-22130.77430988274	3581.126985261823	-526.0199464179703
192263092.989696	-11219138247.841667	227401344985.28073	9844156890.427046	-22130.32297701004	3571.946555354689	-526.4174148111254
192266692.989696	-11298806593.484428	227414187470.3495	9842261072.5362	-22129.868527467705	3562.7676210178406	-526.8147194890398
192270292.989696	-11378473297.501038	227426996913.94705	9840363824.643148	-22129.410962669434	3553.5901825290803	-527.211860483117
192273892.989696	-11458138348.679085	227439773321.45905	9838465147.337103	-22128.950284028	3544.4142401656504	-527.6088378247574
192277492.989696	-11537801735.811134	227452516698.27194	9836565041.207155	-22128.48649295528	3535.239794204146	-528.0056515453623
192281092.989696	-11617463447.695107	227465227049.77332	9834663506.842283	-22128.01959086224	3526.0668449205223	-528.4023016763333
192284692.989696	-11697123473.133835	227477904381.35165	9832760544.831352	-22127.549579158956	3516.8953925901296	-528.7987882490714
192288292.989696	-11776781800.935196	227490548698.39658	9830856155.763123	-22127.076459254582	3507.725437487684	-529.1951112949782
192291892.989696	-11856438419.912216	227503160006.2986	9828950340.226227	-22126.600232557386	3498.556979887274	-529.5912708454546
192295492.989696	-11936093318.883232	227515738310.44913	9827043098.809189	-22126.120900474703	3489.390020062355	-529.9872669319026
192299092.989696	-12015746486.670982	227528283616.2407	9825134432.100433	-22125.638464413005	3480.224558285816	-530.3830995857213
192302692.989696	-12095397912.103874	227540795929.06683	9823224340.688257	-22125.15292577784	3471.0605948298626	-530.7787688383125
192306292.989696	-12175047584.01516	227553275254.32178	9821312825.160841	-22124.664285973842	3461.898129966109	-531.1742747210765
192309892.989696	-12254695491.243149	227565721597.4012	9819399886.106272	-22124.17254640477	3452.737163965553	-531.5696172654132
192313492.989696	-12334341622.63118	227578134963.7013	9817485524.1125	-22123.67770847347	3443.5776970985776	-531.964796502722
192317092.989696	-12413985967.0279	227590515358.6196	9815569739.76738	-22123.17977358188	3434.4197296349043	-532.3598124644045
192320692.989696	-12493628513.286285	227602862787.5543	9813652533.658651	-22122.67874313105	3425.263261843743	-532.7546651818568
192324292.989696	-12573269250.265434	227615177255.9048	9811733906.373926	-22122.174618521123	3416.1082939935563	-533.1493546864808
192327892.989696	-12652908166.828354	227627458769.07132	9809813858.500725	-22121.667401151346	3406.9548263523156	-533.5438810096723
192331492.989696	-12732545251.84401	227639707332.4551	9807892390.626438	-22121.157092420057	3397.802859187285	-533.9382441828311
192335092.989696	-12812180494.185951	227651922951.45837	9805969503.338348	-22120.643693724705	3388.6523927651615	-534.3324442373544
192338692.989696	-12891813882.732597	227664105631.48425	9804045197.223633	-22120.127206461846	3379.5034273520564	-534.7264812046383
192342292.989696	-12971445406.367836	227676255377.93683	9802119472.869343	-22119.607632027124	3370.355963213414	-535.1203551160798
192345892.989696	-13051075053.98027	227688372196.2212	9800192330.862425	-22119.084971815286	3361.210000614113	-535.5140660030745
192349492.989696	-13130702814.463676	227700456091.7434	9798263771.78971	-22118.559227220197	3352.065539818392	-535.9076138970186
192353092.989696	-13210328676.716568	227712507069.91034	9796333796.237923	-22118.030399634812	3342.9225810899334	-536.3009988293052
192356692.989696	-13289952629.643028	227724525136.13004	9794402404.79366	-22117.498490451188	3333.7811246917367	-536.6942208313299
192360292.989696	-13369574662.151566	227736510295.81128	9792469598.043417	-22116.963501060498	3324.6411708862684	-537.087279934485
192363892.989696	-13449194763.15612	227748462554.36386	9790535376.573572	-22116.425432853008	3315.5027199353453	-537.480176170164
192367492.989696	-13528812921.575256	227760381917.19858	9788599740.970394	-22115.884287218087	3306.3657721002132	-537.8729095697577
