183286728.624384	-0.0038214358378562087	-0.0021029635422985713	-0.00021296528896653846
183290328.624384	-0.0038192118622428183	-0.002104689408220591	-0.00021297328767562029
183293928.624384	-0.003816987678487911	-0.002106412903660392	-0.00021298117453896043
183297528.624384	-0.003814763289031184	-0.002108134030039615	-0.00021298894969414047
183301128.624384	-0.0038125386963083637	-0.002109852788781663	-0.00021299661327870144
183304728.624384	-0.0038103139027512068	-0.0021115691813116885	-0.00021300416543014355
183308328.624384	-0.0038080889107875043	-0.00211328320905659	-0.00021301160628592596
183311928.624384	-0.0038058637228410804	-0.002114994873445001	-0.00021301893598346628
183315528.624384	-0.003803638341331793	-0.002116704175907282	-0.00021302615466014038
183319128.624384	-0.003801412768675544	-0.0021184111178755146	-0.0002130332624532825
183322728.624384	-0.003799187007284267	-0.0021201157007834943	-0.00021304025950018402
183326328.624384	-0.00379696105956594	-0.002121817926066716	-0.00021304714593809408
183329928.624384	-0.0037947349279245815	-0.0021235177951623757	-0.00021305392190421887
183333528.624384	-0.003792508614760255	-0.0021252153095093545	-0.00021306058753572135
183337128.624384	-0.003790282122469067	-0.0021269104705482155	-0.0002130671429697212
183340728.624384	-0.0037880554534431747	-0.002128603279721195	-0.00021307358834329445
183344328.624384	-0.003785828610070778	-0.0021302937384721932	-0.00021307992379347276
183347928.624384	-0.0037836015947361286	-0.002131981848246768	-0.00021308614945724378
183351528.624384	-0.0037813744098195295	-0.0021336676104921266	-0.0002130922654715505
183355128.624384	-0.003779147057697341	-0.0021353510266571216	-0.0002130982719732911
183358728.624384	-0.0037769195407419713	-0.0021370320981922344	-0.0002131041690993185
183362328.624384	-0.0037746918613218907	-0.002138710826549577	-0.0002131099569864403
183365928.624384	-0.003772464021801626	-0.0021403872131828816	-0.0002131156357714184
183369528.624384	-0.003770236024541761	-0.0021420612595474888	-0.00021312120559096844
183373128.624384	-0.0037680078718989474	-0.002143732967100347	-0.00021312666658176
183376728.624384	-0.0037657795662258972	-0.0021454023373	-0.00021313201888041589
183380328.624384	-0.0037635511098713923	-0.002147069371606582	-0.00021313726262351206
183383928.624384	-0.003761322505180276	-0.0021487340714818086	-0.00021314239794757703
183387528.624384	-0.0037590937544934723	-0.0021503964383889724	-0.000213147424989092
183391128.624384	-0.0037568648601479715	-0.0021520564737929323	-0.00021315234388449034
183394728.624384	-0.0037546358244768398	-0.002153714179160106	-0.0002131571547701569
183398328.624384	-0.0037524066498092197	-0.002155369555958468	-0.00021316185778242838
183401928.624384	-0.003750177338470336	-0.0021570226056575334	-0.00021316645305759286
183405528.624384	-0.0037479478927814926	-0.0021586733297283586	-0.00021317094073188908
183409128.624384	-0.003745718315060079	-0.0021603217296435307	-0.00021317532094150662
183412728.624384	-0.0037434886076195655	-0.0021619678068771544	-0.0002131795938225851
183416328.624384	-0.0037412587727695197	-0.002163611562904859	-0.0002131837595112144
183419928.624384	-0.0037390288128155962	-0.002165252999203777	-0.00021318781814343377
183423528.624384	-0.003736798730059543	-0.0021668921172525433	-0.0002131917698552326
183427128.624384	-0.0037345685267991973	-0.002168528918531281	-0.00021319561478254874
183430728.624384	-0.003732338205328502	-0.0021701634045216064	-0.00021319935306126926
183434328.624384	-0.003730107767937498	-0.0021717955767066115	-0.0002132029848272298
183437928.624384	-0.003727877216912323	-0.002173425436570856	-0.00021320651021621402
183441528.624384	-0.0037256465545352224	-0.002175052985600367	-0.00021320992936395405
183445128.624384	-0.003723415783084548	-0.0021766782252826246	-0.00021321324240612953
183448728.624384	-0.0037211849048347577	-0.002178301157106557	-0.00021321644947836773
183452328.624384	-0.0037189539220564183	-0.0021799217825625348	-0.0002132195507162429
183455928.624384	-0.0037167228370162154	-0.0021815401031423623	-0.00021322254625527682
183459528.624384	-0.0037144916519769367	-0.002183156120339265	-0.0002132254362309371
183463128.624384	-0.0037122603691974966	-0.0021847698356478925	-0.00021322822077863876
183466728.624384	-0.003710028990932924	-0.002186381250564303	-0.00021323090003374265
183470328.624384	-0.003707797519434368	-0.0021879903665859564	-0.00021323347413155545
183473928.624384	-0.0037055659569490956	-0.0021895971852117085	-0.00021323594320732977
183477528.624384	-0.003703334305720504	-0.002191201707941807	-0.00021323830739626364
183481128.624384	-0.0037011025679881114	-0.002192803936277877	-0.0002132405668335005
183484728.624384	-0.0036988707459875677	-0.0021944038717229206	-0.00021324272165412867
183488328.624384	-0.0036966388419506467	-0.0021960015157813026	-0.00021324477199318107
183491928.624384	-0.00369440685810526	-0.0021975968699587517	-0.00021324671798563524
183495528.624384	-0.0036921747966754525	-0.0021991899357623485	-0.00021324855976641326
183499128.624384	-0.003689942659881402	-0.0022007807147005156	-0.0002132502974703809
183502728.624384	-0.003687710449939422	-0.002202369208283014	-0.00021325193123234763
183506328.624384	-0.0036854781690619743	-0.00220395541802094	-0.000213253461187067
183509928.624384	-0.0036832458194576575	-0.0022055393454267092	-0.00021325488746923535
183513528.624384	-0.0036810134033312143	-0.002207120992014056	-0.0002132562102134924
183517128.624384	-0.0036787809228835343	-0.0022087003592980233	-0.0002132574295544204
183520728.624384	-0.0036765483803116563	-0.0022102774487949583	-0.0002132585456265442
183524328.624384	-0.0036743157778087745	-0.002211852262022507	-0.00021325955856433122
183527928.624384	-0.003672083117564229	-0.002213424800499598	-0.00021326046850219036
183531528.624384	-0.0036698504017635223	-0.0022149950657464478	-0.00021326127557447276
183535128.624384	-0.0036676176325883135	-0.0022165630592845473	-0.000213261979915471
183538728.624384	-0.0036653848122164224	-0.0022181287826366558	-0.00021326258165941877
183542328.624384	-0.0036631519428218357	-0.0022196922373267955	-0.00021326308094049085
183545928.624384	-0.003660919026574701	-0.002221253424880242	-0.00021326347789280245
183549528.624384	-0.0036586860656413413	-0.002222812346823521	-0.00021326377265040944
183553128.624384	-0.003656453062184251	-0.0022243690046844008	-0.000213263965347308
183556728.624384	-0.00365422001836209	-0.0022259233999918806	-0.00021326405611743363
183560328.624384	-0.0036519869363297055	-0.00222747553427619	-0.00021326404509466204
183563928.624384	-0.003649753818238123	-0.0022290254090687814	-0.0002132639324128082
183567528.624384	-0.003647520666234546	-0.002230573025902316	-0.00021326371820562604
183571128.624384	-0.00364528748246237	-0.00223211838631067	-0.00021326340260680856
183574728.624384	-0.003643054269061173	-0.0022336614918289145	-0.00021326298574998712
183578328.624384	-0.0036408210281667257	-0.0022352023439933155	-0.00021326246776873155
183581928.624384	-0.0036385877619109904	-0.0022367409443413222	-0.00021326184879654956
183585528.624384	-0.0036363544724221284	-0.00223827729441157	-0.00021326112896688705
183589128.624384	-0.0036341211618244975	-0.002239811395743862	-0.00021326030841312737
183592728.624384	-0.0036318878322386576	-0.0022413432498791692	-0.00021325938726859137
183596328.624384	-0.003629654485781371	-0.0022428728583596185	-0.00021325836566653681
183599928.624384	-0.003627421124565606	-0.002244400222728493	-0.00021325724374015857
183603528.624384	-0.0036251877507005406	-0.0022459253445302166	-0.00021325602162258815
183607128.624384	-0.0036229543662915586	-0.00224744822531035	-0.00021325469944689327
183610728.624384	-0.003620720973440266	-0.002248968866615591	-0.00021325327734607826
183614328.624384	-0.003618487574244479	-0.002250487269993757	-0.00021325175545308347
183617928.624384	-0.0036162541707982303	-0.0022520034369937804	-0.00021325013390078473
183621528.624384	-0.0036140207651917788	-0.0022535173691657093	-0.0002132484128219939
183625128.624384	-0.0036117873595116	-0.0022550290680606907	-0.00021324659234945797
183628728.624384	-0.0036095539558403974	-0.00225653853523097	-0.00021324467261585905
183632328.624384	-0.003607320556257106	-0.0022580457722298835	-0.00021324265375381458
183635928.624384	-0.0036050871628368806	-0.002259550780611846	-0.00021324053589587632
183639528.624384	-0.0036028537776511193	-0.0022610535619323542	-0.00021323831917453105
183643128.624384	-0.0036006204027674467	-0.0022625541177479697	-0.00021323600372219963
183646728.624384	-0.003598387040249727	-0.002264052449616319	-0.00021323358967123717
183650328.624384	-0.003596153692158066	-0.0022655485590960863	-0.00021323107715393293
183653928.624384	-0.0035939203605488065	-0.002267042447746999	-0.00021322846630250953
183657528.624384	-0.0035916870474745413	-0.002268534117129838	-0.00021322575724912348
183661128.624384	-0.0035894537549841024	-0.0022700235688064094	-0.0002132229501258643
183664728.624384	-0.00358722048512258	-0.0022715108043395603	-0.00021322004506475498
183668328.624384	-0.0035849872399313135	-0.002272995825293156	-0.0002132170421977515
183671928.624384	-0.0035827540214478913	-0.0022744786332320774	-0.00021321394165674208
183675528.624384	-0.003580520831706164	-0.002275959229722218	-0.00021321074357354762
183679128.624384	-0.003578287672736244	-0.00227743761633048	-0.0002132074480799217
183682728.624384	-0.0035760545465645006	-0.0022789137946247584	-0.00021320405530754922
183686328.624384	-0.0035738214552135748	-0.0022803877661739433	-0.00021320056538804737
183689928.624384	-0.003571588400702371	-0.0022818595325479096	-0.00021319697845296475
183693528.624384	-0.003569355385046071	-0.002283329095317513	-0.00021319329463378146
183697128.624384	-0.0035671224102561258	-0.002284796456054582	-0.0002131895140619086
183700728.624384	-0.0035648894783402657	-0.00228626161633191	-0.00021318563686868817
183704328.624384	-0.0035626565913025013	-0.002287724577723254	-0.00021318166318539292
183707928.624384	-0.0035604237511431243	-0.002289185341803324	-0.00021317759314322594
183711528.624384	-0.0035581909598587213	-0.002290643910147781	-0.0002131734268733208
183715128.624384	-0.003555958219442156	-0.0022921002843332215	-0.00021316916450674054
183718728.624384	-0.0035537255318825946	-0.0022935544659371853	-0.00021316480617447842
183722328.624384	-0.0035514928991654954	-0.0022950064565381368	-0.000213160352007457
183725928.624384	-0.003549260323272613	-0.0022964562577154645	-0.00021315580213652818
183729528.624384	-0.003547027806182007	-0.002297903871049472	-0.00021315115669247314
183733128.624384	-0.003544795349868041	-0.0022993492981213766	-0.0002131464158060018
183736728.624384	-0.003542562956301384	-0.0023007925405132946	-0.00021314157960775258
183740328.624384	-0.0035403306274490167	-0.0023022335998082438	-0.00021313664822829274
183743928.624384	-0.0035380983652742335	-0.002303672477590131	-0.00021313162179811747
183747528.624384	-0.0035358661717366452	-0.0023051091754437477	-0.00021312650044765012
183751128.624384	-0.0035336340487921807	-0.0023065436949547637	-0.00021312128430724212
183754728.624384	-0.003531401998393089	-0.00230797603770972	-0.00021311597350717228
183758328.624384	-0.0035291700224879476	-0.002309406205296024	-0.0002131105681776473
183761928.624384	-0.0035269381230216565	-0.002310834199301941	-0.00021310506844880072
183765528.624384	-0.0035247063019354474	-0.0023122600213165896	-0.00021309947445069354
183769128.624384	-0.0035224745611668884	-0.002313683672929934	-0.00021309378631331378
183772728.624384	-0.0035202429026498744	-0.0023151051557327765	-0.00021308800416657573
183776328.624384	-0.0035180113283146464	-0.002316524471316758	-0.00021308212814032085
183779928.624384	-0.003515779840087781	-0.002317941621274342	-0.00021307615836431686
183783528.624384	-0.0035135484398922	-0.002319356607198814	-0.00021307009496825764
183787128.624384	-0.0035113171296471735	-0.002320769430684277	-0.00021306393808176344
183790728.624384	-0.00350908591126831	-0.0023221800933256372	-0.00021305768783437976
183794328.624384	-0.003506854786667582	-0.0023235885967186087	-0.00021305134435557863
183797928.624384	-0.00350462375775331	-0.0023249949424596983	-0.0002130449077747573
183801528.624384	-0.003502392826430171	-0.0023263991321462066	-0.0002130383782212383
183805128.624384	-0.0035001619945992024	-0.0023278011673762153	-0.00021303175582426965
183808728.624384	-0.003497931264157804	-0.002329201049748585	-0.00021302504071302444
183812328.624384	-0.003495700636999737	-0.002330598780862948	-0.00021301823301660039
183815928.624384	-0.003493470115015134	-0.0023319943623197037	-0.00021301133286402019
183819528.624384	-0.003491239700090498	-0.002333387795720014	-0.00021300434038423112
183823128.624384	-0.0034890093941087035	-0.002334779082665792	-0.00021299725570610463
183826728.624384	-0.003486779198949003	-0.0023361682247597013	-0.00021299007895843634
183830328.624384	-0.003484549116487028	-0.002337555223605149	-0.0002129828102699461
183833928.624384	-0.0034823191485947908	-0.0023389400808062778	-0.00021297544976927728
183837528.624384	-0.0034800892971406927	-0.0023403227979679627	-0.000212967997584997
183841128.624384	-0.0034778595639895255	-0.002341703376695808	-0.00021296045384559595
183844728.624384	-0.003475629951002466	-0.0023430818185961304	-0.00021295281867948765
183848328.624384	-0.0034734004600370906	-0.002344458125275968	-0.00021294509221500901
183851928.624384	-0.003471171092947373	-0.0023458322983430655	-0.0002129372745804198
183855528.624384	-0.003468941851583693	-0.00234720433940587	-0.00021292936590390187
183859128.624384	-0.0034667127377928297	-0.0023485742500735252	-0.00021292136631356005
183862728.624384	-0.0034644837534179747	-0.0023499420319558683	-0.0002129132759374215
183866328.624384	-0.0034622549002987293	-0.0023513076866634223	-0.00021290509490343518
183869928.624384	-0.003460026180271111	-0.0023526712158073873	-0.0002128968233394718
183873528.624384	-0.003457797595167554	-0.0023540326209996404	-0.00021288846137332377
183877128.624384	-0.0034555691468169175	-0.002355391903852727	-0.00021288000913270504
183880728.624384	-0.0034533408370444837	-0.0023567490659798557	-0.00021287146674525088
183884328.624384	-0.0034511126676719647	-0.0023581041089948897	-0.00021286283433851757
183887928.624384	-0.0034488846405175007	-0.002359457034512344	-0.00021285411203998252
183891528.624384	-0.003446656757395668	-0.0023608078441473787	-0.0002128452999770435
183895128.624384	-0.0034444290201174834	-0.0023621565395157934	-0.00021283639827701927
183898728.624384	-0.003442201430490401	-0.002363503122234022	-0.0002128274070671488
183902328.624384	-0.0034399739903183233	-0.002364847593919125	-0.00021281832647459143
183905928.624384	-0.003437746701401594	-0.002366189956188784	-0.0002128091566264263
183909528.624384	-0.003435519565537014	-0.0023675302106612984	-0.0002127998976496527
183913128.624384	-0.0034332925845178336	-0.002368868358955576	-0.0002127905496711897
183916728.624384	-0.003431065760133759	-0.0023702044026911286	-0.00021278111281787586
183920328.624384	-0.003428839094170957	-0.0023715383434880673	-0.00021277158721646943
183923928.624384	-0.003426612588412053	-0.002372870182967093	-0.00021276197299364773
183927528.624384	-0.0034243862446361423	-0.002374199922749495	-0.0002127522702760075
183931128.624384	-0.0034221600646187848	-0.002375527564457145	-0.00021274247919006448
183934728.624384	-0.0034199340501320126	-0.002376853109712489	-0.00021273259986225314
183938328.624384	-0.0034177082029443326	-0.0023781765601385415	-0.0002127226324189269
183941928.624384	-0.0034154825248207243	-0.00237949791735888	-0.00021271257698635772
183945528.624384	-0.003413257017522655	-0.002380817182997645	-0.00021270243369073632
183949128.624384	-0.003411031682808065	-0.0023821343586795233	-0.00021269220265817123
183952728.624384	-0.0034088065224313845	-0.0023834494460297515	-0.00021268188401468976
183956328.624384	-0.0034065815381435337	-0.002384762446674108	-0.00021267147788623695
183959928.624384	-0.003404356731691922	-0.002386073362238908	-0.00021266098439867598
183963528.624384	-0.0034021321048204527	-0.002387382194350995	-0.0002126504036777876
183967128.624384	-0.0033999076592695267	-0.002388688944637739	-0.00021263973584927033
183970728.624384	-0.00339768339677605	-0.00238999361472703	-0.00021262898103874045
183974328.624384	-0.0033954593190734217	-0.002391296206247269	-0.00021261813937173106
183977928.624384	-0.003393235427891564	-0.0023925967208273742	-0.00021260721097369337
183981528.624384	-0.003391011724956888	-0.0023938951600967566	-0.00021259619596999447
183985128.624384	-0.0033887882119923406	-0.0023951915256853378	-0.00021258509448591968
183988728.624384	-0.003386564890717368	-0.0023964858192235235	-0.00021257390664666988
183992328.624384	-0.0033843417628479436	-0.0023977780423422106	-0.0002125626325773632
183995928.624384	-0.003382118830096565	-0.0023990681966727812	-0.00021255127240303405
183999528.624384	-0.003379896094172254	-0.0024003562838470923	-0.00021253982624863308
184003128.624384	-0.0033776735567805634	-0.002401642305497474	-0.00021252829423902702
184006728.624384	-0.003375451219623582	-0.002402926263256726	-0.00021251667649899885
184010328.624384	-0.0033732290843999308	-0.002404208158758107	-0.00021250497315324673
184013928.624384	-0.0033710071528047785	-0.0024054879936353368	-0.00021249318432638503
184017528.624384	-0.0033687854265298353	-0.0024067657695225854	-0.00021248131014294316
184021128.624384	-0.003366563907263355	-0.0024080414880544667	-0.00021246935072736587
184024728.624384	-0.003364342596690148	-0.0024093151508660393	-0.000212457306204013
184028328.624384	-0.0033621214964915792	-0.0024105867595927964	-0.0002124451766971596
184031928.624384	-0.003359900608345572	-0.0024118563158706647	-0.00021243296233099533
184035528.624384	-0.003357679933926609	-0.002413123821335993	-0.00021242066322962465
184039128.624384	-0.003355459474905739	-0.0024143892776255496	-0.0002124082795170662
184042728.624384	-0.0033532392329505807	-0.002415652686376523	-0.00021239581131725333
184046328.624384	-0.0033510192097253246	-0.0024169140492265053	-0.00021238325875403338
184049928.624384	-0.0033487994068907363	-0.0024181733678134967	-0.00021237062195116787
184053528.624384	-0.003346579826104159	-0.0024194306437758943	-0.00021235790103233217
184057128.624384	-0.0033443604690195214	-0.002420685878752491	-0.00021234509612111575
184060728.624384	-0.003342141337287333	-0.002421939074382465	-0.00021233220734102144
184064328.624384	-0.0033399224325546947	-0.0024231902323053793	-0.0002123192348154658
184067928.624384	-0.003337703756465296	-0.0024244393541611726	-0.00021230617866777876
184071528.624384	-0.003335485310659424	-0.0024256864415901592	-0.0002122930390212036
184075128.624384	-0.003333267096773965	-0.002426931496233017	-0.00021227981599889682
184078728.624384	-0.0033310491164424017	-0.002428174519730788	-0.000212266509723928
184082328.624384	-0.0033288313712948243	-0.002429415513724867	-0.00021225312031927966
184085928.624384	-0.003326613862957929	-0.002430654479857005	-0.00021223964790784724
184089528.624384	-0.003324396593055024	-0.0024318914197692964	-0.00021222609261243913
184093128.624384	-0.0033221795632060254	-0.002433126335104173	-0.0002122124545557759
184096728.624384	-0.0033199627750274733	-0.00243435922750441	-0.0002121987338604912
184100328.624384	-0.0033177462301325223	-0.002435590098613107	-0.00021218493064913065
184103928.624384	-0.0033155299301309508	-0.0024368189500736915	-0.0002121710450441525
184107528.624384	-0.003313313876629167	-0.002438045783529914	-0.0002121570771679274
184111128.624384	-0.0033110980712301994	-0.002439270600625834	-0.00021214302714273755
184114728.624384	-0.003308882515533716	-0.0024404934030058285	-0.00021212889509077766
184118328.624384	-0.0033066672111360163	-0.002441714192314575	-0.00021211468113415405
184121928.624384	-0.0033044521596300434	-0.0024429329701970586	-0.0002121003853948853
184125528.624384	-0.003302237362605373	-0.0024441497382985526	-0.00021208600799490083
184129128.624384	-0.003300022821648238	-0.0024453644982646277	-0.00021207154905604237
184132728.624384	-0.003297808538341509	-0.0024465772517411385	-0.00021205700870006257
184136328.624384	-0.0032955945142647152	-0.0024477880003742213	-0.00021204238704862559
184139928.624384	-0.0032933807509940385	-0.0024489967458102904	-0.00021202768422330678
184143528.624384	-0.003291167250102323	-0.002450203489696034	-0.00021201290034559265
184147128.624384	-0.0032889540131590704	-0.0024514082336784056	-0.00021199803553688027
184150728.624384	-0.003286741041730452	-0.0024526109794046212	-0.00021198308991847765
184154328.624384	-0.00328452833737931	-0.0024538117285221608	-0.00021196806361160363
184157928.624384	-0.0032823159016651536	-0.0024550104826787504	-0.00021195295673738694
184161528.624384	-0.003280103736144178	-0.0024562072435223704	-0.00021193776941686728
184165128.624384	-0.0032778918423692527	-0.002457402012701244	-0.00021192250177099435
184168728.624384	-0.003275680221889937	-0.002458594791863838	-0.000211907153920628
184172328.624384	-0.003273468876252475	-0.002459785582658849	-0.0002118917259865382
184175928.624384	-0.0032712578069998004	-0.002460974386735204	-0.00021187621808940404
184179528.624384	-0.0032690470156715484	-0.002462161205742062	-0.00021186063034981498
184183128.624384	-0.003266836503804051	-0.0024633460413287967	-0.0002118449628882698
184186728.624384	-0.0032646262729303394	-0.0024645288951449986	-0.0002118292158251765
184190328.624384	-0.003262416324580161	-0.002465709768840476	-0.0002118133892808529
184193928.624384	-0.0032602066602799617	-0.002466888664065232	-0.0002117974833755253
184197528.624384	-0.003257997281552908	-0.0024680655824694826	-0.0002117814982293296
184201128.624384	-0.003255788189918885	-0.002469240525703635	-0.00021176543396231063
184204728.624384	-0.003253579386894493	-0.0024704134954182887	-0.00021174929069442164
184208328.624384	-0.0032513708739930593	-0.002471584493264232	-0.00021173306854552508
184211928.624384	-0.0032491626527246407	-0.0024727535208924362	-0.00021171676763539172
184215528.624384	-0.0032469547245960206	-0.0024739205799540463	-0.00021170038808370097
184219128.624384	-0.0032447470911107197	-0.0024750856721003846	-0.0002116839300100407
184222728.624384	-0.003242539753768997	-0.002476248798982939	-0.00021166739353390722
184226328.624384	-0.003240332714067849	-0.0024774099622533593	-0.00021165077877470485
184229928.624384	-0.0032381259735010178	-0.0024785691635634565	-0.00021163408585174635
184233528.624384	-0.0032359195335589963	-0.0024797264045651945	-0.0002116173148842525
184237128.624384	-0.003233713395729024	-0.002480881686910686	-0.00021160046599135197
184240728.624384	-0.0032315075614950933	-0.0024820350122521867	-0.0002115835392920812
184244328.624384	-0.0032293020323379607	-0.0024831863822420944	-0.00021156653490538488
184247928.624384	-0.0032270968097351327	-0.0024843357985329362	-0.000211549452950115
184251528.624384	-0.00322489189516089	-0.0024854832627773764	-0.00021153229354503174
184255128.624384	-0.003222687290086275	-0.002486628776628202	-0.00021151505680880268
184258728.624384	-0.0032204829959790984	-0.0024877723417383204	-0.00021149774286000262
184262328.624384	-0.0032182790143039453	-0.0024889139597607537	-0.00021148035181711407
184265928.624384	-0.0032160753465221795	-0.002490053632348641	-0.00021146288379852676
184269528.624384	-0.003213871994091947	-0.0024911913611552284	-0.00021144533892253798
184273128.624384	-0.0032116689584681703	-0.002492327147833863	-0.00021142771730735173
184276728.624384	-0.0032094662411025644	-0.0024934609940379933	-0.00021141001907107955
184280328.624384	-0.0032072638434436315	-0.0024945929014211594	-0.00021139224433173992
184283928.624384	-0.0032050617669366665	-0.0024957228716369906	-0.0002113743932072577
184287528.624384	-0.003202860013023768	-0.002496850906339212	-0.00021135646581546555
184291128.624384	-0.003200658583143825	-0.0024979770071816205	-0.0002113384622741018
184294728.624384	-0.003198457478732542	-0.0024991011758180976	-0.00021132038270081204
184298328.624384	-0.0031962567012224236	-0.0025002234139025934	-0.000211302227213148
184301928.624384	-0.0031940562520427897	-0.00250134372308913	-0.0002112839959285682
184305528.624384	-0.003191856132619774	-0.0025024621050317945	-0.00021126568896443713
184309128.624384	-0.003189656344376329	-0.0025035785613847354	-0.00021124730643802564
184312728.624384	-0.0031874568887322323	-0.0025046930938021563	-0.00021122884846651053
184316328.624384	-0.0031852577671040885	-0.0025058057039383185	-0.00021121031516697477
184319928.624384	-0.003183058980905331	-0.0025069163934475264	-0.0002111917066564067
184323528.624384	-0.0031808605315462304	-0.002508025163984131	-0.00021117302305170098
184327128.624384	-0.00317866242043389	-0.0025091320172025235	-0.00021115426446965732
184330728.624384	-0.003176464648972263	-0.0025102369547571326	-0.0002111354310269815
184334328.624384	-0.0031742672185621408	-0.0025113399783024135	-0.00021111652284028435
184337928.624384	-0.003172070130601168	-0.0025124410894928535	-0.0002110975400260822
184341528.624384	-0.0031698733864838438	-0.0025135402899829624	-0.00021107848270079675
184345128.624384	-0.003167676987601521	-0.0025146375814272684	-0.0002110593509807544
184348728.624384	-0.003165480935342417	-0.002515732965480312	-0.00021104014498218689
184352328.624384	-0.0031632852310916064	-0.0025168264437966446	-0.00021102086482123066
184355928.624384	-0.003161089876231043	-0.0025179180180308273	-0.00021100151061392746
184359528.624384	-0.003158894872139541	-0.002519007689837416	-0.00021098208247622333
184363128.624384	-0.003156700220192795	-0.0025200954608709685	-0.0002109625805239694
184366728.624384	-0.0031545059217633767	-0.0025211813327860317	-0.0002109430048729212
184370328.624384	-0.0031523119782207397	-0.002522265307237144	-0.0002109233556387389
184373928.624384	-0.003150118390931225	-0.0025233473858788285	-0.00021090363293698743
184377528.624384	-0.003147925161258058	-0.0025244275703655834	-0.00021088383688313555
184381128.624384	-0.0031457322905613576	-0.0025255058623518847	-0.00021086396759255677
184384728.624384	-0.0031435397801981404	-0.0025265822634921815	-0.00021084402518052896
184388328.624384	-0.0031413476315223176	-0.0025276567754408856	-0.0002108240097622341
184391928.624384	-0.0031391558458847093	-0.002528729399852377	-0.00021080392145275873
184395528.624384	-0.003136964424633031	-0.0025298001383809877	-0.00021078376036709292
184399128.624384	-0.003134773369111917	-0.002530868992681011	-0.00021076352662013136
184402728.624384	-0.003132582680662907	-0.0025319359644066838	-0.00021074322032667249
184406328.624384	-0.0031303923606244566	-0.0025330010552121894	-0.00021072284160141843
184409928.624384	-0.0031282024103319447	-0.002534064266751663	-0.00021070239055897617
184413528.624384	-0.0031260128311176682	-0.002535125600679165	-0.00021068186731385566
184417128.624384	-0.003123823624310846	-0.0025361850586486925	-0.00021066127198047081
184420728.624384	-0.0031216347912376365	-0.0025372426423141813	-0.00021064060467313996
184424328.624384	-0.003119446333221118	-0.002538298353329482	-0.00021061986550608423
184427928.624384	-0.0031172582515813126	-0.002539352193348375	-0.00021059905459342904
184431528.624384	-0.0031150705476351796	-0.0025404041640245565	-0.00021057817204920307
184435128.624384	-0.003112883222696617	-0.0025414542670116344	-0.00021055721798733814
184438728.624384	-0.0031106962780764772	-0.002542502503963135	-0.00021053619252167042
184442328.624384	-0.003108509715082555	-0.002543548876532482	-0.00021051509576593854
184445928.624384	-0.003106323535019602	-0.002544593386373011	-0.00021049392783378503
184449528.624384	-0.003104137739189325	-0.0025456360351379507	-0.0002104726888387552
184453128.624384	-0.0031019523288903987	-0.002546676824480432	-0.0002104513788942979
184456728.624384	-0.003099767305418453	-0.0025477157560534727	-0.00021042999811376445
184460328.624384	-0.0030975826700660944	-0.0025487528315099824	-0.00021040854661040953
184463928.624384	-0.0030953984241228966	-0.002549788052502753	-0.00021038702449739034
184467528.624384	-0.003093214568875415	-0.002550821420684461	-0.0002103654318877674
184471128.624384	-0.0030910311056071807	-0.0025518529377076566	-0.00021034376889450337
184474728.624384	-0.003088848035598711	-0.0025528826052247664	-0.00021032203563046373
184478328.624384	-0.003086665360127512	-0.002553910424888084	-0.0002103002322084165
184481928.624384	-0.003084483080468083	-0.002554936398349774	-0.00021027835874103213
184485528.624384	-0.003082301197891914	-0.0025559605272618574	-0.0002102564153408832
184489128.624384	-0.0030801197136675015	-0.0025569828132762213	-0.00021023440212044483
184492728.624384	-0.0030779386290603413	-0.002558003258044599	-0.00021021231919209405
184496328.624384	-0.0030757579453329384	-0.002559021863218582	-0.0002101901666681103
184499928.624384	-0.0030735776637448066	-0.0025600386304496037	-0.00021016794466067492
184503528.624384	-0.0030713977855524764	-0.0025610535613889433	-0.00021014565328187124
184507128.624384	-0.0030692183120094962	-0.0025620666576877185	-0.0002101232926436845
184510728.624384	-0.003067039244366439	-0.002563077920996885	-0.00021010086285800202
184514328.624384	-0.0030648605838709	-0.0025640873529672267	-0.00021007836403661258
184517928.624384	-0.0030626823317675043	-0.0025650949552493557	-0.00021005579629120667
184521528.624384	-0.0030605044892979124	-0.0025661007294937098	-0.00021003315973337688
184525128.624384	-0.0030583270577008207	-0.0025671046773505465	-0.00021001045447461723
184528728.624384	-0.003056150038211959	-0.002568106800469934	-0.00020998768062632328
184532328.624384	-0.003053973432064111	-0.002569107100501762	-0.00020996483829979247
184535928.624384	-0.003051797240487099	-0.002570105579095721	-0.00020994192760622355
184539528.624384	-0.0030496214647077967	-0.0025711022379013085	-0.00020991894865671657
184543128.624384	-0.0030474461059501368	-0.002572097078567826	-0.0002098959015622735
184546728.624384	-0.003045271165435101	-0.002573090102744365	-0.00020987278643379731
184550328.624384	-0.003043096644380737	-0.002574081312079817	-0.0002098496033820927
184553928.624384	-0.0030409225440021547	-0.0025750707082228606	-0.00020982635251786576
184557528.624384	-0.0030387488655115296	-0.0025760582928219594	-0.0002098030339517238
184561128.624384	-0.0030365756101181076	-0.0025770440675253583	-0.00020977964779417518
184564728.624384	-0.003034402779028208	-0.0025780280339810827	-0.00020975619415562996
184568328.624384	-0.0030322303734452317	-0.0025790101938369357	-0.00020973267314639923
184571928.624384	-0.0030300583945696547	-0.0025799905487404865	-0.00020970908487669533
184575528.624384	-0.0030278868435990405	-0.0025809691003390763	-0.00020968542945663167
184579128.624384	-0.0030257157217280393	-0.0025819458502798105	-0.00020966170699622305
184582728.624384	-0.0030235450301483923	-0.0025829208002095556	-0.0002096379176053853
184586328.624384	-0.0030213747700489333	-0.002583893951774933	-0.00020961406139393497
184589928.624384	-0.003019204942615597	-0.0025848653066223234	-0.00020959013847159005
184593528.624384	-0.003017035549031421	-0.0025858348663978558	-0.0002095661489479694
184597128.624384	-0.003014866590476543	-0.002586802632747406	-0.00020954209293259232
184600728.624384	-0.0030126980681282173	-0.0025877686073165983	-0.00020951797053487953
184604328.624384	-0.003010529983160806	-0.002588732791750796	-0.00020949378186415222
184607928.624384	-0.0030083623367457906	-0.0025896951876951	-0.00020946952702963258
184611528.624384	-0.003006195130051771	-0.002590655796794345	-0.00020944520614044315
184615128.624384	-0.0030040283642444755	-0.002591614620693102	-0.00020942081930560736
184618728.624384	-0.0030018620404867586	-0.0025925716610356656	-0.00020939636663404906
184622328.624384	-0.0029996961599386075	-0.002593526919466058	-0.00020937184823459256
184625928.624384	-0.002997530723757145	-0.0025944803976280227	-0.00020934726421596245
184629528.624384	-0.0029953657330966383	-0.0025954320971650225	-0.000209322614686784
184633128.624384	-0.0029932011891084928	-0.0025963820197202306	-0.00020929789975558235
184636728.624384	-0.002991037092941265	-0.0025973301669365376	-0.00020927311953078317
184640328.624384	-0.002988873445740666	-0.002598276540456543	-0.00020924827412071236
184643928.624384	-0.0029867102486495598	-0.002599221141922546	-0.0002092233636335958
184647528.624384	-0.0029845475028079673	-0.0026001639729765504	-0.00020919838817755917
184651128.624384	-0.0029823852093530776	-0.002601105035260258	-0.0002091733478606285
184654728.624384	-0.0029802233694192475	-0.002602044330415068	-0.00020914824279072978
184658328.624384	-0.002978061984138	-0.0026029818600820666	-0.00020912307307568878
184661928.624384	-0.0029759010546380345	-0.00260391762590203	-0.0002090978388232313
184665528.624384	-0.00297374058204523	-0.0026048516295154177	-0.00020907254014098292
184669128.624384	-0.002971580567482648	-0.0026057838725623717	-0.00020904717713646925
184672728.624384	-0.002969421012070528	-0.00260671435668271	-0.00020902174991711524
184676328.624384	-0.002967261916926309	-0.002607643083515926	-0.00020899625859024606
184679928.624384	-0.002965103283164615	-0.002608570054701184	-0.0002089707032630864
184683528.624384	-0.0029629451118972673	-0.0026094952718773126	-0.00020894508404276048
184687128.624384	-0.0029607874042332917	-0.002610418736682811	-0.00020891940103629292
184690728.624384	-0.002958630161278907	-0.002611340450755829	-0.00020889365435060707
184694328.624384	-0.002956473384137548	-0.0026122604157341836	-0.0002088678440925269
184697928.624384	-0.0029543170739098497	-0.002613178633255337	-0.00020884197036877543
184701528.624384	-0.002952161231693665	-0.002614095104956405	-0.00020881603328597566
184705128.624384	-0.0029500058585840636	-0.0026150098324741536	-0.00020879003295065017
184708728.624384	-0.0029478509556733314	-0.0026159228174449873	-0.0002087639694692211
184712328.624384	-0.0029456965240509847	-0.0026168340615049584	-0.00020873784294800994
184715928.624384	-0.002943542564803759	-0.0026177435662897513	-0.0002087116534932385
184719528.624384	-0.0029413890790156174	-0.002618651333434681	-0.0002086854012110275
184723128.624384	-0.002939236067767763	-0.0026195573645747022	-0.0002086590862073977
184726728.624384	-0.0029370835321386357	-0.0026204616613443948	-0.0002086327085882693
184730328.624384	-0.0029349314732039083	-0.002621364225377962	-0.000208606268459462
184733928.624384	-0.002932779892036507	-0.002622265058309232	-0.00020857976592669525
184737528.624384	-0.002930628789706594	-0.0026231641617716463	-0.00020855320109558733
184741128.624384	-0.002928478167281594	-0.0026240615373982704	-0.00020852657407165694
184744728.624384	-0.002926328025826177	-0.0026249571868217788	-0.00020849988496032172
184748328.624384	-0.0029241783664022748	-0.002625851111674456	-0.0002084731338668988
184751928.624384	-0.002922029190069084	-0.0026267433135881966	-0.00020844632089660482
184755528.624384	-0.0029198804978830617	-0.0026276337941944982	-0.00020841944615455565
184759128.624384	-0.0029177322908979383	-0.0026285225551244636	-0.00020839250974576652
184762728.624384	-0.002915584570164714	-0.002629409598008789	-0.00020836551177515179
184766328.624384	-0.0029134373367316695	-0.0026302949244777704	-0.00020833845234752516
184769928.624384	-0.0029112905916443693	-0.0026311785361613003	-0.00020831133156759977
184773528.624384	-0.002909144335945654	-0.0026320604346888534	-0.0002082841495399874
184777128.624384	-0.0029069985706756596	-0.0026329406216894983	-0.00020825690636919926
184780728.624384	-0.0029048532968718177	-0.0026338190987918913	-0.00020822960215964573
184784328.624384	-0.0029027085155688462	-0.002634695867624259	-0.0002082022370156355
184787928.624384	-0.0029005642277987777	-0.0026355709298144236	-0.0002081748110413771
184791528.624384	-0.002898420434590939	-0.002636444286989769	-0.00020814732434097722
184795128.624384	-0.00289627713697197	-0.002637315940777261	-0.00020811977701844185
184798728.624384	-0.0028941343359658216	-0.002638185892803431	-0.0002080921691776757
184802328.624384	-0.002891992032593761	-0.0026390541446943794	-0.00020806450092248236
184805928.624384	-0.002889850227874375	-0.00263992069807577	-0.0002080367723565641
184809528.624384	-0.002887708922823575	-0.0026407855545728283	-0.000208008983583522
184813128.624384	-0.002885568118454598	-0.002641648715810338	-0.0002079811347068558
184816728.624384	-0.002883427815778016	-0.002642510183412639	-0.00020795322582996397
184820328.624384	-0.00288128801580173	-0.0026433699590036196	-0.0002079252570561437
184823928.624384	-0.0028791487195309836	-0.0026442280442067214	-0.0002078972284885908
184827528.624384	-0.0028770099279683613	-0.0026450844406449283	-0.0002078691402303999
184831128.624384	-0.0028748716421137894	-0.002645939149940769	-0.00020784099238456405
184834728.624384	-0.002872733862964549	-0.0026467921737163124	-0.00020781278505397537
184838328.624384	-0.002870596591515267	-0.0026476435135931627	-0.00020778451834142412
184841928.624384	-0.00286845982875793	-0.0026484931711924595	-0.0002077561923495996
184845528.624384	-0.002866323575681886	-0.002649341148134875	-0.00020772780718108965
184849128.624384	-0.0028641878332738356	-0.0026501874460406034	-0.00020769936293838035
184852728.624384	-0.002862052602517858	-0.002651032066529371	-0.00020767085972385729
184856328.624384	-0.0028599178843953924	-0.002651875011220421	-0.0002076422976398041
184859928.624384	-0.002857783679885254	-0.0026527162817325182	-0.00020761367678840347
184863528.624384	-0.002855649989963633	-0.0026535558796839435	-0.00020758499727173652
184867128.624384	-0.0028535168156041016	-0.0026543938066924924	-0.00020755625919178323
184870728.624384	-0.0028513841577776067	-0.0026552300643754665	-0.0002075274626504219
184874328.624384	-0.002849252017452492	-0.002656064654349683	-0.00020749860774943
184877928.624384	-0.0028471203955944837	-0.002656897578231459	-0.0002074696945904835
184881528.624384	-0.002844989293166703	-0.0026577288376366157	-0.00020744072327515706
184885128.624384	-0.002842858711129667	-0.002658558434180473	-0.00020741169390492412
184888728.624384	-0.0028407286504412944	-0.0026593863694778534	-0.000207382606581157
184892328.624384	-0.0028385991120569026	-0.002660212645143067	-0.00020735346140512626
184895928.624384	-0.0028364700969292227	-0.002661037262789923	-0.00020732425847800153
184899528.624384	-0.002834341606008391	-0.002661860224031715	-0.00020729499790085075
184903128.624384	-0.0028322136402419637	-0.0026626815304812315	-0.00020726567977464094
184906728.624384	-0.00283008620057491	-0.0026635011837507373	-0.00020723630420023734
184910328.624384	-0.0028279592879496256	-0.002664319185451986	-0.0002072068712784041
184913928.624384	-0.0028258329033059274	-0.0026651355371962084	-0.00020717738110980383
184917528.624384	-0.0028237070475810653	-0.0026659502405941143	-0.00020714783379499778
184921128.624384	-0.0028215817217097186	-0.0026667632972558857	-0.0002071182294344454
184924728.624384	-0.002819456926624011	-0.0026675747087911827	-0.00020708856812850525
184928328.624384	-0.002817332663253502	-0.002668384476809132	-0.00020705884997743371
184931928.624384	-0.002815208932525197	-0.0026691926029183285	-0.0002070290750813859
184935528.624384	-0.00281308573536355	-0.0026699990887268316	-0.00020699924354041524
184939128.624384	-0.0028109630726904675	-0.0026708039358421644	-0.0002069693554544737
184942728.624384	-0.0028088409454253174	-0.0026716071458713123	-0.00020693941092341173
184946328.624384	-0.0028067193544849224	-0.0026724087204207134	-0.00020690941004697787
184949928.624384	-0.0028045983007835697	-0.002673208661096264	-0.00020687935292481877
184953528.624384	-0.002802477785233023	-0.0026740069695033158	-0.0002068492396564801
184957128.624384	-0.0028003578087425034	-0.0026748036472466616	-0.00020681907034140467
184960728.624384	-0.0027982383722187213	-0.0026755986959305497	-0.00020678884507893474
184964328.624384	-0.002796119476565856	-0.0026763921171586674	-0.00020675856396830996
184967928.624384	-0.0027940011226855795	-0.002677183912534149	-0.00020672822710866894
184971528.624384	-0.0027918833114770414	-0.002677974083659563	-0.00020669783459904812
184975128.624384	-0.002789766043836887	-0.002678762632136917	-0.00020666738653838233
184978728.624384	-0.0027876493206592497	-0.0026795495595676503	-0.00020663688302550447
184982328.624384	-0.0027855331428357655	-0.002680334867552636	-0.00020660632415914592
184985928.624384	-0.002783417511255567	-0.002681118557692174	-0.00020657571003793613
184989528.624384	-0.002781302426805293	-0.002681900631585991	-0.00020654504076040315
184993128.624384	-0.0027791878903690886	-0.002682681090833236	-0.00020651431642497306
184996728.624384	-0.0027770739028286067	-0.0026834599370324777	-0.0002064835371299705
185000328.624384	-0.00277496046506302	-0.0026842371717817055	-0.00020645270297361845
185003928.624384	-0.0027728475779490117	-0.002685012796678322	-0.000206421814054038
185007528.624384	-0.002770735242360792	-0.002685786813319144	-0.0002063908704692489
185011128.624384	-0.002768623459170089	-0.002686559223300398	-0.00020635987231716908
185014728.624384	-0.0027665122292461625	-0.002687330028217719	-0.00020632881969561497
185018328.624384	-0.0027644015534558004	-0.002688099229666146	-0.0002062977127023015
185021928.624384	-0.0027622914326633267	-0.0026888668292401234	-0.0002062665514348423
185025528.624384	-0.0027601818677305983	-0.002689632828533494	-0.000206235335990749
185029128.624384	-0.002758072859517017	-0.0026903972291395	-0.00020620406646743229
185032728.624384	-0.0027559644088795262	-0.002691160032650781	-0.00020617274296220087
185036328.624384	-0.0027538565166726186	-0.0026919212406593678	-0.00020614136557226229
185039928.624384	-0.002751749183748334	-0.002692680854756683	-0.00020610993439472222
185043528.624384	-0.0027496424109562734	-0.002693438876533543	-0.00020607844952658563
185047128.624384	-0.0027475361991435884	-0.0026941953075801457	-0.0002060469110647554
185050728.624384	-0.002745430549154997	-0.0026949501494860774	-0.00020601531910603338
185054328.624384	-0.0027433254618327778	-0.0026957034038403056	-0.0002059836737471198
185057928.624384	-0.0027412209380167822	-0.0026964550722311806	-0.00020595197508461346
185061528.624384	-0.002739116978544433	-0.0026972051562464293	-0.00020592022321501167
185065128.624384	-0.0027370135842507276	-0.0026979536574731574	-0.0002058884182347104
185068728.624384	-0.002734910755968245	-0.002698700577497844	-0.00020585656024000386
185072328.624384	-0.002732808494527147	-0.00269944591790634	-0.00020582464932708493
185075928.624384	-0.002730706800755183	-0.0027001896802838683	-0.0002057926855920452
185079528.624384	-0.002728605675477695	-0.00270093186621502	-0.00020576066913087458
185083128.624384	-0.0027265051195176186	-0.0027016724772837516	-0.00020572860003946147
185086728.624384	-0.0027244051336954905	-0.0027024115150733837	-0.0002056964784135926
185090328.624384	-0.0027223057188294503	-0.002703148981166602	-0.00020566430434895328
185093928.624384	-0.0027202068757352428	-0.002703884877145446	-0.00020563207794112686
185097528.624384	-0.0027181086052262228	-0.002704619204591317	-0.00020559979928559544
185101128.624384	-0.002716010908113363	-0.0027053519650849715	-0.0002055674684777394
185104728.624384	-0.0027139137852052525	-0.002706083160206517	-0.0002055350856128377
