185102419.715712	-0.0027152587437539646	-0.0027056143902672563	-0.00020555585793254115
185106019.715712	-0.0027131618169927716	-0.0027063450009678016	-0.00020552346390028357
185109619.715712	-0.0027110654655850505	-0.00270707404845498	-0.0002054910179358357
185113219.715712	-0.002708969690333705	-0.002707801534307424	-0.00020545852013423906
185116819.715712	-0.002706874492039272	-0.002708527460103113	-0.000205425970590434
185120419.715712	-0.0027047798714999217	-0.0027092518274193676	-0.00020539336939925874
185124019.715712	-0.0027026858295114632	-0.0027099746378328516	-0.00020536071665545053
185127619.715712	-0.0027005923668673446	-0.0027106958929195655	-0.00020532801245364454
185131219.715712	-0.0026984994843586617	-0.0027114155942548463	-0.0002052952568883747
185134819.715712	-0.0026964071827741526	-0.0027121337434133606	-0.00020526245005407303
185138419.715712	-0.002694315462900216	-0.0027128503419691164	-0.00020522959204507063
185142019.715712	-0.0026922243255208954	-0.0027135653914954396	-0.0002051966829555966
185145619.715712	-0.002690133771417893	-0.002714278893564989	-0.00020516372287977884
185149219.715712	-0.0026880438013705842	-0.0027149908497497493	-0.00020513071191164347
185152819.715712	-0.002685954416155995	-0.0027157012616210226	-0.00020509765014511532
185156419.715712	-0.002683865616548828	-0.002716410130749434	-0.00020506453767401826
185160019.715712	-0.002681777403321449	-0.002717117458704923	-0.00020503137459207426
185163619.715712	-0.002679689777243907	-0.002717823247056751	-0.00020499816099290457
185167219.715712	-0.0026776027390839224	-0.002718527497373488	-0.0002049648969700285
185170819.715712	-0.002675516289606901	-0.002719230211223018	-0.00020493158261686455
185174419.715712	-0.0026734304295759287	-0.002719931390172531	-0.0002048982180267297
185178019.715712	-0.0026713451597517837	-0.002720631035788529	-0.00020486480329284017
185181619.715712	-0.002669260480892927	-0.0027213291496368157	-0.0002048313385083107
185185219.715712	-0.002667176393755523	-0.0027220257332824984	-0.00020479782376615517
185188819.715712	-0.002665092899093426	-0.002722720788289988	-0.0002047642591592862
185192419.715712	-0.0026630099976581944	-0.002723414316222992	-0.00020473064478051552
185196019.715712	-0.0026609276901990915	-0.0027241063186445166	-0.00020469698072255352
185199619.715712	-0.0026588459774630874	-0.002724796797116868	-0.00020466326707800994
185203219.715712	-0.002656764860194862	-0.002725485753201638	-0.00020462950393939294
185206819.715712	-0.0026546843391368146	-0.00272617318845972	-0.00020459569139911034
185210419.715712	-0.002652604415029056	-0.0027268591044512904	-0.0002045618295494685
185214019.715712	-0.002650525088609423	-0.002727543502735816	-0.00020452791848267292
185217619.715712	-0.0026484463606134784	-0.0027282263848720533	-0.00020449395829082848
185221219.715712	-0.0026463682317745115	-0.0027289077524180407	-0.00020445994906593867
185224819.715712	-0.0026442907028235477	-0.0027295876069311034	-0.0002044258908999062
185228419.715712	-0.0026422137744893464	-0.002730265949967844	-0.0002043917838845325
185232019.715712	-0.002640137447498408	-0.0027309427830841484	-0.00020435762811151832
185235619.715712	-0.00263806172257498	-0.0027316181078351795	-0.0002043234236724632
185239219.715712	-0.002635986600441055	-0.002732291925775376	-0.0002042891706588659
185242819.715712	-0.0026339120818163753	-0.0027329642384584497	-0.00020425486916212404
185246419.715712	-0.002631838167418446	-0.0027336350474373903	-0.00020422051927353446
185250019.715712	-0.0026297648579625245	-0.0027343043542644527	-0.00020418612108429282
185253619.715712	-0.0026276921541616345	-0.0027349721604911625	-0.00020415167468549372
185257219.715712	-0.0026256200567265626	-0.00273563846766831	-0.00020411718016813068
185260819.715712	-0.0026235485663658703	-0.002736303277345955	-0.00020408263762309656
185264419.715712	-0.002621477683785892	-0.0027369665910734193	-0.0002040480471411833
185268019.715712	-0.0026194074096907343	-0.0027376284103992803	-0.00020401340881308136
185271619.715712	-0.002617337744782291	-0.0027382887368713814	-0.00020397872272938107
185275219.715712	-0.002615268689760235	-0.002738947572036817	-0.00020394398898057115
185278819.715712	-0.002613200245322029	-0.00273960491744194	-0.00020390920765703987
185282419.715712	-0.002611132412162927	-0.0027402607746323565	-0.0002038743788490744
185286019.715712	-0.002609065190975976	-0.002740915145152923	-0.00020383950264686137
185289619.715712	-0.0026069985824520247	-0.0027415680305477464	-0.00020380457914048633
185293219.715712	-0.0026049325872797157	-0.0027422194323601765	-0.00020376960841993408
185296819.715712	-0.0026028672061455017	-0.0027428693521328114	-0.000203734590575089
185300419.715712	-0.002600802439733639	-0.0027435177914074916	-0.0002036995256957346
185304019.715712	-0.0025987382887262002	-0.0027441647517253026	-0.00020366441387155415
185307619.715712	-0.0025966747538030636	-0.002744810234626561	-0.00020362925519212962
185311219.715712	-0.00259461183564193	-0.0027454542416508283	-0.000203594049746943
185314819.715712	-0.0025925495349183197	-0.0027460967743368992	-0.00020355879762537553
185318419.715712	-0.002590487852305575	-0.0027467378342228	-0.0002035234989167081
185322019.715712	-0.002588426788474868	-0.0027473774228457953	-0.00020348815371012133
185325619.715712	-0.0025863663440951934	-0.002748015541742369	-0.00020345276209469526
185329219.715712	-0.002584306519833386	-0.002748652192448245	-0.00020341732415941002
185332819.715712	-0.002582247316354113	-0.002749287376498367	-0.0002033818399931452
185336419.715712	-0.0025801887343198807	-0.0027499210954269053	-0.0002033463096846801
185340019.715712	-0.002578130774391039	-0.002750553350767255	-0.0002033107333226938
185343619.715712	-0.002576073437225782	-0.002751184144052031	-0.00020327511099576555
185347219.715712	-0.0025740167234801557	-0.0027518134768130705	-0.00020323944279237427
185350819.715712	-0.002571960633808056	-0.0027524413505814298	-0.00020320372880089894
185354419.715712	-0.002569905168861235	-0.0027530677668873797	-0.00020316796910961846
185358019.715712	-0.0025678503292893046	-0.002753692727260408	-0.00020313216380671162
185361619.715712	-0.002565796115739739	-0.0027543162332292195	-0.00020309631298025737
185365219.715712	-0.0025637425288578784	-0.0027549382863217282	-0.00020306041671823446
185368819.715712	-0.0025616895692869364	-0.0027555588880650646	-0.0002030244751085219
185372419.715712	-0.0025596372376679934	-0.0027561780399855615	-0.00020298848823889831
185376019.715712	-0.002557585534640012	-0.0027567957436087686	-0.00020295245619704285
185379619.715712	-0.0025555344608398345	-0.0027574120004594375	-0.00020291637907053457
185383219.715712	-0.0025534840169021866	-0.0027580268120615268	-0.0002028802569468526
185386819.715712	-0.0025514342034596823	-0.0027586401799382	-0.00020284408991337624
185390419.715712	-0.002549385021142828	-0.0027592521056118238	-0.00020280787805738467
185394019.715712	-0.002547336470580024	-0.002759862590603964	-0.0002027716214660571
185397619.715712	-0.0025452885523975714	-0.0027604716364353897	-0.0002027353202264731
185401219.715712	-0.0025432412672196755	-0.0027610792446260664	-0.0002026989744256122
185404819.715712	-0.0025411946156684434	-0.0027616854166951535	-0.00020266258415035414
185408419.715712	-0.0025391485983638938	-0.0027622901541610096	-0.0002026261494874787
185412019.715712	-0.0025371032159239603	-0.002762893458541184	-0.00020258967052366598
185415619.715712	-0.0025350584689644924	-0.00276349533135242	-0.00020255314734549614
185419219.715712	-0.002533014358099261	-0.002764095774110648	-0.00020251658003944955
185422819.715712	-0.0025309708839399594	-0.00276469478833099	-0.00020247996869190665
185426419.715712	-0.002528928047096209	-0.002765292375527753	-0.00020244331338914833
185430019.715712	-0.0025268858481755623	-0.002765888537214429	-0.00020240661421735577
185433619.715712	-0.002524844287783503	-0.0027664832749036924	-0.0002023698712626104
185437219.715712	-0.0025228033665234567	-0.002767076590107403	-0.00020233308461089423
185440819.715712	-0.002520763084996788	-0.0027676684843365978	-0.00020229625434808963
185444419.715712	-0.0025187234438027993	-0.002768258959101488	-0.00020225938055997897
185448019.715712	-0.002516684443538749	-0.002768848015911471	-0.00020222246333224576
185451619.715712	-0.002514646084799839	-0.002769435656275112	-0.00020218550275047362
185455219.715712	-0.00251260836817923	-0.0027700218817001535	-0.0002021484989001471
185458819.715712	-0.0025105712942680306	-0.002770606693693502	-0.00020211145186665088
185462419.715712	-0.0025085348636553163	-0.0027711900937612446	-0.00020207436173527108
185466019.715712	-0.0025064990769281224	-0.0027717720834086307	-0.00020203722859119436
185469619.715712	-0.0025044639346714485	-0.002772352664140077	-0.00020200005251950806
185473219.715712	-0.0025024294374682643	-0.002772931837459167	-0.0002019628336052004
185476819.715712	-0.00250039558589951	-0.0027735096048686477	-0.00020192557193316062
185480419.715712	-0.0024983623805441037	-0.00277408596787043	-0.00020188826758817897
185484019.715712	-0.0024963298219789344	-0.0027746609279655815	-0.00020185092065494649
185487619.715712	-0.00249429791077888	-0.002775234486654334	-0.00020181353121805586
185491219.715712	-0.002492266647516797	-0.002775806645436076	-0.0002017760993620006
185494819.715712	-0.0024902360327635296	-0.002776377405809351	-0.00020173862517117543
185498419.715712	-0.002488206067087917	-0.0027769467692718625	-0.00020170110872987657
185502019.715712	-0.002486176751056784	-0.0027775147373204617	-0.0002016635501223011
185505619.715712	-0.0024841480852349613	-0.0027780813114511626	-0.00020162594943254778
185509219.715712	-0.002482120070185272	-0.0027786464931591212	-0.00020158830674461646
185512819.715712	-0.0024800927064685474	-0.0027792102839386498	-0.00020155062214240855
185516419.715712	-0.0024780659946436246	-0.002779772685283211	-0.00020151289570972714
185520019.715712	-0.002476039935267351	-0.0027803336986854123	-0.0002014751275302765
185523619.715712	-0.0024740145288945853	-0.0027808933256370087	-0.00020143731768766223
185527219.715712	-0.00247198977607821	-0.002781451567628906	-0.00020139946626539205
185530819.715712	-0.002469965677369121	-0.002782008426151151	-0.0002013615733468746
185534419.715712	-0.002467942233316243	-0.0027825639026929343	-0.00020132363901541998
185538019.715712	-0.0024659194444665287	-0.0027831179987425907	-0.00020128566335424035
185541619.715712	-0.002463897311364963	-0.0027836707157875965	-0.00020124764644644912
185545219.715712	-0.0024618758345545627	-0.002784222055314568	-0.00020120958837506153
185548819.715712	-0.0024598550145763843	-0.0027847720188092545	-0.00020117148922299424
185552419.715712	-0.0024578348519695304	-0.0027853206077565547	-0.0002011333490730659
185556019.715712	-0.0024558153472711433	-0.0027858678236404918	-0.0002010951680079962
185559619.715712	-0.0024537965010164187	-0.0027864136679442313	-0.0002010569461104068
185563219.715712	-0.002451778313738604	-0.002786958142150071	-0.00020101868346282122
185566819.715712	-0.002449760785969003	-0.002787501247739442	-0.00020098038014766456
185570419.715712	-0.0024477439182369765	-0.0027880429861929026	-0.00020094203624726372
185574019.715712	-0.002445727711069951	-0.0027885833589901417	-0.00020090365184384745
185577619.715712	-0.0024437121649934198	-0.0027891223676099787	-0.00020086522701954655
185581219.715712	-0.002441697280530938	-0.0027896600135303568	-0.00020082676185639338
185584819.715712	-0.0024396830582041427	-0.002790196298228347	-0.00020078825643632232
185588419.715712	-0.0024376694985327437	-0.0027907312231801444	-0.00020074971084116958
185592019.715712	-0.002435656602034528	-0.002791264789861063	-0.0002007111251526737
185595619.715712	-0.002433644369225367	-0.0027917969997455433	-0.0002006724994524753
185599219.715712	-0.0024316328006192124	-0.0027923278543071383	-0.00020063383382211699
185602819.715712	-0.002429621896728106	-0.002792857355018525	-0.00020059512834304368
185606419.715712	-0.0024276116580621856	-0.002793385503351496	-0.00020055638309660274
185610019.715712	-0.002425602085129677	-0.002793912300776958	-0.00020051759816404346
185613619.715712	-0.002423593178436905	-0.0027944377487649323	-0.00020047877362651775
185617219.715712	-0.002421584938488297	-0.002794961848784555	-0.00020043990956508
185620819.715712	-0.002419577365786379	-0.0027954846023040695	-0.0002004010060606868
185624419.715712	-0.0024175704608317868	-0.002796006010790834	-0.00020036206319419783
185628019.715712	-0.002415564224123261	-0.0027965260757113124	-0.00020032308104637523
185631619.715712	-0.002413558656157658	-0.002797044798531078	-0.00020028405969788393
185635219.715712	-0.002411553757429946	-0.0027975621807148103	-0.00020024499922929165
185638819.715712	-0.0024095495284332125	-0.002798078223726295	-0.00020020589972106885
185642419.715712	-0.002407545969658666	-0.002798592929028421	-0.00020016676125358883
185646019.715712	-0.0024055430815956387	-0.002799106298083183	-0.00020012758390712795
185649619.715712	-0.0024035408647315876	-0.002799618332351673	-0.00020008836776186552
185653219.715712	-0.002401539319552104	-0.0028001290332940907	-0.0002000491128978842
185656819.715712	-0.0023995384465409085	-0.0028006384023697294	-0.00020000981939516952
185660419.715712	-0.002397538246179858	-0.0028011464410369873	-0.00019997048733361034
185664019.715712	-0.0023955387189489538	-0.002801653150753359	-0.0001999311167929987
185667619.715712	-0.0023935398653263332	-0.0028021585329754363	-0.00019989170785302977
185671219.715712	-0.002391541685788285	-0.002802662589158908	-0.00019985226059330205
185674819.715712	-0.0023895441808092464	-0.002803165320758561	-0.00019981277509331741
185678419.715712	-0.002387547350861803	-0.00280366672922827	-0.00019977325143248083
185682019.715712	-0.002385551196416705	-0.0028041668160210128	-0.0001997336896901012
185685619.715712	-0.0023835557179428548	-0.002804665582588854	-0.00019969408994539045
185689219.715712	-0.002381560915907322	-0.0028051630303829516	-0.00019965445227746408
185692819.715712	-0.0023795667907753394	-0.0028056591608535564	-0.00019961477676534094
185696419.715712	-0.002377573343010317	-0.0028061539754500094	-0.00019957506348794338
185700019.715712	-0.0023755805730738327	-0.0028066474756207414	-0.00019953531252409724
185703619.715712	-0.002373588481425639	-0.0028071396628132662	-0.00019949552395253156
185707219.715712	-0.0023715970685236755	-0.002807630538474189	-0.00019945569785187958
185710819.715712	-0.002369606334824063	-0.002808120104049205	-0.0001994158343006779
185714419.715712	-0.0023676162807811075	-0.0028086083609830856	-0.00019937593337736664
185718019.715712	-0.0023656269068473078	-0.002809095310719693	-0.00019933599516028965
185721619.715712	-0.002363638213473356	-0.002809580954701972	-0.0001992960197276945
185725219.715712	-0.0023616502011081413	-0.0028100652943719444	-0.00019925600715773234
185728819.715712	-0.002359662870198753	-0.002810548331170718	-0.00019921595752845817
185732419.715712	-0.002357676221190482	-0.002811030066538475	-0.0001991758709178307
185736019.715712	-0.0023556902545268294	-0.002811510501914481	-0.00019913574740371292
185739619.715712	-0.002353704970649504	-0.0028119896387370762	-0.00019909558706387155
185743219.715712	-0.002351720369998425	-0.0028124674784436735	-0.00019905538997597714
185746819.715712	-0.0023497364530117313	-0.0028129440224707656	-0.00019901515621760458
185750419.715712	-0.0023477532201257793	-0.0028134192722539192	-0.00019897488586623276
185754019.715712	-0.0023457706717751447	-0.0028138932292277674	-0.00019893457899924455
185757619.715712	-0.0023437888083926305	-0.0028143658948260202	-0.00019889423569392715
185761219.715712	-0.002341807630409267	-0.0028148372704814564	-0.00019885385602747224
185764819.715712	-0.0023398271382543134	-0.0028153073576259223	-0.00019881344007697591
185768419.715712	-0.0023378473323552623	-0.0028157761576903324	-0.00019877298791943856
185772019.715712	-0.002335868213137844	-0.0028162436721046705	-0.00019873249963176526
185775619.715712	-0.0023338897810260234	-0.002816709902297982	-0.00019869197529076557
185779219.715712	-0.002331912036442013	-0.002817174849698381	-0.00019865141497315365
185782819.715712	-0.0023299349798062653	-0.0028176385157330443	-0.0001986108187555485
185786419.715712	-0.0023279586115374827	-0.00281810090182821	-0.0001985701867144738
185790019.715712	-0.0023259829320526164	-0.00281856200940918	-0.00019852951892635842
185793619.715712	-0.00232400794176687	-0.002819021839900316	-0.00019848881546753608
185797219.715712	-0.0023220336410937057	-0.002819480394725039	-0.00019844807641424556
185800819.715712	-0.002320060030444841	-0.002819937675305834	-0.00019840730184263072
185804419.715712	-0.0023180871102302606	-0.0028203936830642398	-0.00019836649182874042
185808019.715712	-0.002316114880858209	-0.0028208484194208547	-0.00019832564644852886
185811619.715712	-0.0023141433427351994	-0.002821301885795334	-0.00019828476577785526
185815219.715712	-0.0023121724962660182	-0.0028217540836063884	-0.00019824384989248443
185818819.715712	-0.0023102023418537236	-0.0028222050142717864	-0.00019820289886808643
185822419.715712	-0.002308232879899655	-0.0028226546792083514	-0.0001981619127802371
185826019.715712	-0.0023062641108034265	-0.0028231030798319574	-0.00019812089170441724
185829619.715712	-0.0023042960349629413	-0.002823550217557538	-0.00019807983571601333
185833219.715712	-0.002302328652774385	-0.002823996093799074	-0.00019803874489031733
185836819.715712	-0.002300361964632239	-0.002824440709969604	-0.00019799761930252682
185840419.715712	-0.002298395970929274	-0.002824884067481215	-0.00019795645902774472
185844019.715712	-0.0022964306720565575	-0.0028253261677450418	-0.00019791526414097968
185847619.715712	-0.002294466068403459	-0.0028257670121712756	-0.00019787403471714632
185851219.715712	-0.002292502160357652	-0.002826206602169155	-0.0001978327708310649
185854819.715712	-0.002290538948305117	-0.0028266449391469656	-0.0001977914725574611
185858419.715712	-0.002288576432630142	-0.002827082024512041	-0.00019775013997096652
185862019.715712	-0.0022866146137153318	-0.0028275178596707676	-0.00019770877314611858
185865619.715712	-0.0022846534919416057	-0.00282795244602857	-0.00019766737215736035
185869219.715712	-0.0022826930676882037	-0.002828385784989919	-0.00019762593707904074
185872819.715712	-0.0022807333413326874	-0.0028288178779583358	-0.00019758446798541485
185876419.715712	-0.002278774313250948	-0.002829248726336381	-0.00019754296495064387
185880019.715712	-0.0022768159838172024	-0.002829678331525656	-0.00019750142804879462
185883619.715712	-0.0022748583534039995	-0.002830106694926808	-0.0001974598573538402
185887219.715712	-0.0022729014223822294	-0.0028305338179395252	-0.00019741825293965995
185890819.715712	-0.002270945191121113	-0.002830959701962533	-0.0001973766148800391
185894419.715712	-0.0022689896599882168	-0.002831384348393593	-0.00019733494324866902
185898019.715712	-0.0022670348293494496	-0.002831807758629511	-0.00019729323811914793
185901619.715712	-0.0022650806995690677	-0.002832229934066126	-0.00019725149956498
185905219.715712	-0.002263127271009678	-0.0028326508760983123	-0.0001972097276595762
185908819.715712	-0.0022611745440322363	-0.0028330705861199816	-0.00019716792247625385
185912419.715712	-0.0022592225189960588	-0.002833489065524079	-0.00019712608408823702
185916019.715712	-0.0022572711962588173	-0.002833906315702582	-0.00019708421256865616
185919619.715712	-0.002255320576176544	-0.0028343223380465007	-0.00019704230799054862
185923219.715712	-0.0022533706591036334	-0.0028347371339458773	-0.00019700037042685848
185926819.715712	-0.0022514214453928497	-0.002835150704789785	-0.00019695839995043695
185930419.715712	-0.002249472935395324	-0.0028355630519663255	-0.00019691639663404215
185934019.715712	-0.002247525129460558	-0.0028359741768626302	-0.0001968743605503394
185937619.715712	-0.0022455780279364295	-0.00283638408086486	-0.0001968322917719012
185941219.715712	-0.0022436316311691923	-0.002836792765358203	-0.00019679019037120704
185944819.715712	-0.0022416859395034804	-0.002837200231726873	-0.0001967480564206438
185948419.715712	-0.002239740953282309	-0.00283760648135411	-0.0001967058899925054
185952019.715712	-0.0022377966728470825	-0.002838011515622183	-0.00019666369115899389
185955619.715712	-0.002235853098537587	-0.0028384153359123816	-0.00019662145999221837
185959219.715712	-0.0022339102306920037	-0.002838817943605022	-0.0001965791965641959
185962819.715712	-0.0022319680696469076	-0.002839219340079445	-0.00019653690094685093
185966419.715712	-0.002230026615737268	-0.002839619526714014	-0.00019649457321201563
185970019.715712	-0.0022280858692964585	-0.0028400185048861183	-0.00019645221343143012
185973619.715712	-0.002226145830656251	-0.0028404162759721645	-0.0001964098216767419
185977219.715712	-0.002224206500146825	-0.0028408128413475865	-0.00019636739801950638
185980819.715712	-0.0022222678780967698	-0.0028412082023868378	-0.00019632494253118732
185984419.715712	-0.002220329964833086	-0.002841602360463393	-0.00019628245528315605
185988019.715712	-0.00221839276068119	-0.0028419953169497485	-0.00019623993634669212
185991619.715712	-0.0022164562659649162	-0.0028423870732174213	-0.00019619738579298312
185995219.715712	-0.0022145204810065187	-0.002842777630636945	-0.00019615480369312456
185998819.715712	-0.0022125854061266796	-0.0028431669905778765	-0.00019611219011812008
186002419.715712	-0.0022106510416445074	-0.0028435551544087902	-0.0001960695451388813
186006019.715712	-0.0022087173878775446	-0.0028439421234972805	-0.00019602686882622767
186009619.715712	-0.0022067844451417644	-0.0028443278992099576	-0.00019598416125088812
186013219.715712	-0.0022048522137515796	-0.0028447124829124467	-0.00019594142248349853
186016819.715712	-0.0022029206940198426	-0.0028450958759693923	-0.00019589865259460375
186020419.715712	-0.0022009898862578505	-0.0028454780797444565	-0.00019585585165465691
186024019.715712	-0.002199059790775347	-0.002845859095600314	-0.00019581301973401922
186027619.715712	-0.0021971304078805265	-0.0028462389248986556	-0.0001957701569029606
186031219.715712	-0.0021952017378800343	-0.0028466175690001812	-0.00019572726323165897
186034819.715712	-0.0021932737810789744	-0.002846995029264611	-0.00019568433879020146
186038419.715712	-0.002191346537780908	-0.002847371307050673	-0.0001956413836485835
186042019.715712	-0.0021894200082878566	-0.0028477464037161065	-0.0001955983978767092
186045619.715712	-0.0021874941929003085	-0.002848120320617665	-0.00019555538154439152
186049219.715712	-0.002185569091917218	-0.0028484930591111102	-0.00019551233472135212
186052819.715712	-0.00218364470563601	-0.002848864620551213	-0.00019546925747722138
186056419.715712	-0.00218172103435258	-0.0028492350062917517	-0.00019542614988153875
186060019.715712	-0.002179798078361303	-0.002849604217685515	-0.00019538301200375268
186063619.715712	-0.0021778758379550284	-0.0028499722560842975	-0.00019533984391322066
186067219.715712	-0.002175954313425086	-0.0028503391228388974	-0.00019529664567920942
186070819.715712	-0.0021740335050612937	-0.0028507048192991254	-0.00019525341737089525
186074419.715712	-0.0021721134131519504	-0.0028510693468137924	-0.0001952101590573635
186078019.715712	-0.0021701940379838434	-0.002851432706730712	-0.00019516687080760886
186081619.715712	-0.0021682753798422556	-0.0028517949003967077	-0.0001951235526905357
186085219.715712	-0.0021663574390109585	-0.002852155929157603	-0.00019508020477495774
186088819.715712	-0.0021644402157722223	-0.0028525157943582223	-0.00019503682712959834
186092419.715712	-0.0021625237104068136	-0.002852874497342392	-0.00019499341982309084
186096019.715712	-0.0021606079231940053	-0.002853232039452947	-0.0001949499829239787
186099619.715712	-0.002158692854411569	-0.002853588422031712	-0.00019490651650071484
186103219.715712	-0.0021567785043357848	-0.0028539436464195206	-0.00019486302062166237
186106819.715712	-0.0021548648732414443	-0.0028542977139562084	-0.00019481949535509464
186110419.715712	-0.0021529519614018468	-0.0028546506259806027	-0.0001947759407691945
186114019.715712	-0.0021510397690888096	-0.0028550023838305365	-0.00019473235693205548
186117619.715712	-0.0021491282965726663	-0.00285535298884284	-0.00019468874391168138
186121219.715712	-0.0021472175441222697	-0.0028557024423533405	-0.0001946451017759861
186124819.715712	-0.0021453075120049982	-0.002856050745696868	-0.00019460143059279428
186128419.715712	-0.0021433982004867543	-0.0028563979002072487	-0.00019455773042984095
186132019.715712	-0.00214148960983197	-0.002856743907217306	-0.0001945140013547715
186135619.715712	-0.002139581740303613	-0.002857088768058867	-0.00019447024343514192
186139219.715712	-0.002137674592163178	-0.002857432484062746	-0.0001944264567384184
186142819.715712	-0.002135768165670706	-0.0028577750565587636	-0.00019438264133197813
186146419.715712	-0.002133862461084775	-0.0028581164868757333	-0.00019433879728310895
186150019.715712	-0.002131957478662508	-0.0028584567763414673	-0.0001942949246590095
186153619.715712	-0.0021300532186595755	-0.0028587959262827713	-0.00019425102352678918
186157219.715712	-0.0021281496813301973	-0.002859133938025449	-0.00019420709395346806
186160819.715712	-0.0021262468669271473	-0.0028594708128943	-0.00019416313600597706
186164419.715712	-0.002124344775701757	-0.0028598065522131193	-0.000194119149751158
186168019.715712	-0.002122443407903914	-0.0028601411573046928	-0.0001940751352557633
186171619.715712	-0.0021205427637820723	-0.0028604746294908063	-0.00019403109258645692
186175219.715712	-0.00211864284358325	-0.002860806970092238	-0.00019398702180981373
186178819.715712	-0.0021167436475530307	-0.002861138180428756	-0.00019394292299231946
186182419.715712	-0.0021148451759355697	-0.0028614682618191218	-0.0001938987962003712
186186019.715712	-0.0021129474289735993	-0.002861797215581094	-0.00019385464150027725
186189619.715712	-0.0021110504069084264	-0.0028621250430314192	-0.0001938104589582571
186193219.715712	-0.002109154109979936	-0.002862451745485833	-0.0001937662486404413
186196819.715712	-0.0021072585384265966	-0.0028627773242590675	-0.00019372201061287198
186200419.715712	-0.0021053636924854634	-0.0028631017806648408	-0.00019367774494150297
186204019.715712	-0.0021034695723921746	-0.0028634251160158586	-0.00019363345169219945
186207619.715712	-0.002101576178380962	-0.002863747331623821	-0.00019358913093073843
186211219.715712	-0.0020996835106846467	-0.0028640684287994105	-0.00019354478272280836
186214819.715712	-0.002097791569534647	-0.0028643884088523034	-0.0001935004071340098
186218419.715712	-0.002095900355160979	-0.002864707273091158	-0.0001934560042298547
186222019.715712	-0.002094009867792256	-0.002865025022823621	-0.00019341157407576717
186225619.715712	-0.0020921201076556976	-0.002865341659356327	-0.00019336711673708347
186229219.715712	-0.002090231074977125	-0.0028656571839948946	-0.0001933226322790518
186232819.715712	-0.002088342769980967	-0.0028659715980439257	-0.00019327812076683277
186236419.715712	-0.002086455192890264	-0.0028662849028070108	-0.00019323358226549947
186240019.715712	-0.0020845683439266673	-0.002866597099586722	-0.00019318901684003715
186243619.715712	-0.0020826822233104433	-0.0028669081896846196	-0.00019314442455534354
186247219.715712	-0.002080796831260474	-0.0028672181744012425	-0.00019309980547622894
186250819.715712	-0.0020789121679942635	-0.002867527055036116	-0.00019305515966741617
186254419.715712	-0.0020770282337279353	-0.002867834832887748	-0.00019301048719354074
186258019.715712	-0.0020751450286762363	-0.0028681415092536248	-0.00019296578811915107
186261619.715712	-0.0020732625530525462	-0.0028684470854302255	-0.000192921062508709
186265219.715712	-0.0020713808070688677	-0.0028687515627130017	-0.00019287631042658854
186268819.715712	-0.0020694997909358396	-0.002869054942396393	-0.0001928315319370773
186272419.715712	-0.002067619504862736	-0.0028693572257738192	-0.00019278672710437556
186276019.715712	-0.002065739949057465	-0.002869658414137683	-0.0001927418959925968
186279619.715712	-0.002063861123726581	-0.002869958508779371	-0.00019269703866576796
186283219.715712	-0.002061983029075277	-0.0028702575109892485	-0.0001926521551878289
186286819.715712	-0.0020601056653073925	-0.0028705554220566608	-0.00019260724562263282
186290419.715712	-0.002058229032625418	-0.002870852243269941	-0.00019256231003394702
186294019.715712	-0.002056353131230494	-0.0028711479759164003	-0.00019251734848545153
186297619.715712	-0.0020544779613224165	-0.0028714426212823312	-0.0001924723610407399
186301219.715712	-0.00205260352309964	-0.0028717361806530096	-0.0001924273477633193
186304819.715712	-0.0020507298167592794	-0.0028720286553126913	-0.00019238230871661038
186308419.715712	-0.0020488568424971124	-0.002872320046544614	-0.0001923372439639473
186312019.715712	-0.002046984600507583	-0.002872610355630993	-0.00019229215356857785
186315619.715712	-0.002045113090983804	-0.002872899583853028	-0.00019224703759366374
186319219.715712	-0.0020432423141175655	-0.0028731877324909	-0.0001922018961022806
186322819.715712	-0.0020413722700993245	-0.0028734748028237662	-0.00019215672915741736
186326419.715712	-0.0020395029591182244	-0.0028737607961297667	-0.0001921115368219771
186330019.715712	-0.002037634381362083	-0.002874045713686019	-0.00019206631915877643
186333619.715712	-0.0020357665370174046	-0.0028743295567686205	-0.00019202107623054606
186337219.715712	-0.002033899426269381	-0.002874612326652649	-0.00019197580809993068
186340819.715712	-0.00203203304930189	-0.0028748940246121585	-0.00019193051482948928
186344419.715712	-0.0020301674062975037	-0.0028751746519201826	-0.0001918851964816949
186348019.715712	-0.002028302497437484	-0.0028754542098487295	-0.0001918398531189348
186351619.715712	-0.002026438322901794	-0.0028757326996687897	-0.00019179448480351053
186355219.715712	-0.0020245748828690937	-0.0028760101226503235	-0.00019174909159763766
186358819.715712	-0.002022712177516747	-0.002876286480062276	-0.0001917036735634466
186362419.715712	-0.002020850207020818	-0.0028765617731725617	-0.00019165823076298198
186366019.715712	-0.00201898897155608	-0.0028768360032480726	-0.000191612763258203
186369619.715712	-0.002017128471296016	-0.0028771091715546764	-0.00019156727111098397
186373219.715712	-0.0020152687064128186	-0.002877381279357217	-0.0001915217543831139
186376819.715712	-0.002013409677077393	-0.002877652327919507	-0.0001914762131362963
186380419.715712	-0.002011551383459363	-0.0028779223185043407	-0.00019143064743215
186384019.715712	-0.002009693825727069	-0.0028781912523734824	-0.0001913850573322086
186387619.715712	-0.002007837004047572	-0.0028784591307876683	-0.00019133944289792055
186391219.715712	-0.0020059809185866573	-0.0028787259550066115	-0.00019129380419064996
186394819.715712	-0.002004125569508833	-0.002878991726288994	-0.00019124814127167587
186398419.715712	-0.002002270956977337	-0.002879256445892475	-0.00019120245420219342
186402019.715712	-0.002000417081154134	-0.0028795201150736832	-0.00019115674304331267
186405619.715712	-0.0019985639421999236	-0.00287978273508822	-0.0001911110078560596
186409219.715712	-0.0019967115402741366	-0.0028800443071906605	-0.0001910652487013754
186412819.715712	-0.001994859875534944	-0.002880304832634552	-0.00019101946564011727
186416419.715712	-0.0019930089481392547	-0.0028805643126724135	-0.00019097365873305805
186420019.715712	-0.001991158758242718	-0.002880822748555736	-0.0001909278280408866
186423619.715712	-0.001989309305999729	-0.002881080141534982	-0.00019088197362420738
186427219.715712	-0.0019874605915634314	-0.002881336492859588	-0.0001908360955435415
186430819.715712	-0.001985612615085716	-0.002881591803777962	-0.00019079019385932593
186434419.715712	-0.001983765376717225	-0.0028818460755374834	-0.00019074426863191347
186438019.715712	-0.0019819188766073553	-0.002882099309384508	-0.00019069831992157387
186441619.715712	-0.001980073114904263	-0.002882351506564357	-0.0001906523477884919
186445219.715712	-0.0019782280917548666	-0.0028826026683213333	-0.00019060635229276943
186448819.715712	-0.0019763838073048427	-0.002882852795898704	-0.00019056033349442459
186452419.715712	-0.0019745402616986336	-0.00288310189053871	-0.0001905142914533919
186456019.715712	-0.0019726974550794544	-0.0028833499534825675	-0.00019046822622952254
186459619.715712	-0.00197085538758929	-0.002883596985970468	-0.00019042213788258408
186463219.715712	-0.0019690140593688977	-0.002883842989241567	-0.00019037602647226012
186466819.715712	-0.001967173470557814	-0.0028840879645340017	-0.00019032989205815156
186470419.715712	-0.0019653336212943533	-0.0028843319130848746	-0.00019028373469977535
186474019.715712	-0.001963494511715612	-0.0028845748361302622	-0.0001902375544565654
186477619.715712	-0.0019616561419574722	-0.002884816734905215	-0.0001901913513878725
186481219.715712	-0.001959818512154606	-0.002885057610643753	-0.00019014512555296423
186484819.715712	-0.0019579816224404695	-0.002885297464578867	-0.00019009887701102493
186488419.715712	-0.001956145472947319	-0.0028855362979425233	-0.000190052605821156
186492019.715712	-0.001954310063806201	-0.002885774111965655	-0.0001900063120423756
186495619.715712	-0.0019524753951469642	-0.0028860109078781703	-0.00018995999573361916
186499219.715712	-0.0019506414670982539	-0.002886246686908944	-0.00018991365695373896
186502819.715712	-0.001948808279787521	-0.0028864814502858258	-0.00018986729576150473
186506419.715712	-0.001946975833341018	-0.0028867151992356278	-0.00018982091221560332
186510019.715712	-0.0019451441278838077	-0.00288694793498414	-0.00018977450637463922
186513619.715712	-0.0019433131635397624	-0.0028871796587561175	-0.0001897280782971345
186517219.715712	-0.0019414829404315636	-0.002887410371775285	-0.00018968162804152826
186520819.715712	-0.0019396534586807132	-0.0028876400752643402	-0.00018963515566617774
186524419.715712	-0.001937824718407522	-0.0028878687704449427	-0.00018958866122935724
186528019.715712	-0.0019359967197311247	-0.002888096458537728	-0.0001895421447892592
186531619.715712	-0.001934169462769477	-0.0028883231407622954	-0.00018949560640399419
186535219.715712	-0.0019323429476393538	-0.0028885488183372104	-0.00018944904613159034
186538819.715712	-0.001930517174456359	-0.0028887734924800132	-0.00018940246402999428
186542419.715712	-0.0019286921433349221	-0.0028889971644072074	-0.0001893558601570708
186546019.715712	-0.0019268678543883017	-0.0028892198353342637	-0.0001893092345706027
186549619.715712	-0.0019250443077285912	-0.0028894415064756266	-0.00018926258732829122
186553219.715712	-0.0019232215034667118	-0.002889662179044699	-0.00018921591848775572
186556819.715712	-0.0019213994417124271	-0.0028898818542538595	-0.0001891692281065345
186560419.715712	-0.0019195781225743356	-0.0028901005333144495	-0.00018912251624208436
186564019.715712	-0.0019177575461598742	-0.0028903182174367784	-0.0001890757829517808
186567619.715712	-0.001915937712575328	-0.002890534907830129	-0.00018902902829291866
186571219.715712	-0.0019141186219258242	-0.002890750605702745	-0.00018898225232271107
186574819.715712	-0.001912300274315335	-0.0028909653122618398	-0.00018893545509828988
186578419.715712	-0.0019104826698466866	-0.0028911790287136	-0.00018888863667670621
186582019.715712	-0.001908665808621556	-0.002891391756263176	-0.00018884179711493046
186585619.715712	-0.0019068496907404739	-0.002891603496114686	-0.00018879493646985156
186589219.715712	-0.0019050343163028302	-0.002891814249471221	-0.00018874805479827839
186592819.715712	-0.001903219685406873	-0.0028920240175348373	-0.00018870115215693865
186596419.715712	-0.0019014057981497144	-0.002892232801506562	-0.00018865422860247973
186600019.715712	-0.001899592654627331	-0.0028924406025863936	-0.000188607284191468
186603619.715712	-0.0018977802549345667	-0.002892647421973296	-0.00018856031898038922
186607219.715712	-0.0018959685991651366	-0.0028928532608652074	-0.00018851333302564869
186610819.715712	-0.0018941576874116314	-0.0028930581204590342	-0.00018846632638357117
186614419.715712	-0.0018923475197655116	-0.002893262001950649	-0.00018841929911040086
186618019.715712	-0.001890538096317121	-0.0028934649065348985	-0.0001883722512623018
186621619.715712	-0.0018887294171556809	-0.0028936668354055954	-0.00018832518289535786
186625219.715712	-0.0018869214823693016	-0.0028938677897555314	-0.00018827809406557258
186628819.715712	-0.001885114292044973	-0.0028940677707764576	-0.00018823098482886874
186632419.715712	-0.001883307846268579	-0.002894266779659101	-0.00018818385524108926
186636019.715712	-0.0018815021451248917	-0.0028944648175931583	-0.00018813670535799674
186639619.715712	-0.001879697188697578	-0.0028946618857672926	-0.00018808953523527386
186643219.715712	-0.0018778929770692024	-0.0028948579853691416	-0.00018804234492852346
186646819.715712	-0.001876089510321226	-0.002895053117585309	-0.00018799513449326846
186650419.715712	-0.00187428678853401	-0.0028952472836013677	-0.00018794790398495164
186654019.715712	-0.001872484811786823	-0.002895440484601865	-0.00018790065345893644
186657619.715712	-0.001870683580157833	-0.0028956327217703097	-0.00018785338297050587
186661219.715712	-0.0018688830937241218	-0.002895823996289188	-0.00018780609257486387
186664819.715712	-0.001867083352561679	-0.002896014309339952	-0.00018775878232713472
186668419.715712	-0.0018652843567454043	-0.002896203662103017	-0.00018771145228236279
186672019.715712	-0.0018634861063491152	-0.0028963920557577762	-0.0001876641024955138
186675619.715712	-0.001861688601445541	-0.0028965794914825828	-0.0001876167330214737
186679219.715712	-0.0018598918421063348	-0.0028967659704547664	-0.0001875693439150498
186682819.715712	-0.0018580958284020656	-0.002896951493850619	-0.00018752193523096958
186686419.715712	-0.001856300560402228	-0.0028971360628454036	-0.00018747450702388197
186690019.715712	-0.0018545060381752378	-0.0028973196786133493	-0.00018742705934835654
186693619.715712	-0.0018527122617884423	-0.0028975023423276586	-0.00018737959225888437
186697219.715712	-0.001850919231308114	-0.0028976840551604975	-0.00018733210580987783
186700819.715712	-0.0018491269467994544	-0.0028978648182829978	-0.0001872846000556703
186704419.715712	-0.001847335408326603	-0.0028980446328652682	-0.00018723707505051746
186708019.715712	-0.0018455446159526287	-0.0028982235000763784	-0.00018718953084859573
186711619.715712	-0.0018437545697395383	-0.0028984014210843676	-0.00018714196750400347
186715219.715712	-0.0018419652697482791	-0.002898578397056246	-0.00018709438507076058
186718819.715712	-0.0018401767160387415	-0.0028987544291579955	-0.00018704678360280895
186722419.715712	-0.0018383889086697523	-0.002898929518554557	-0.0001869991631540116
186726019.715712	-0.001836601847699092	-0.002899103666409854	-0.00018695152377815491
186729619.715712	-0.0018348155331834807	-0.002899276873886767	-0.00018690386552894624
186733219.715712	-0.001833029965178594	-0.002899449142147153	-0.00018685618846001555
186736819.715712	-0.001831245143739057	-0.0028996204723518385	-0.00018680849262491466
186740419.715712	-0.0018294610689184516	-0.0028997908656606232	-0.00018676077807711804
186744019.715712	-0.0018276777407693144	-0.0028999603232322695	-0.00018671304487002162
186747619.715712	-0.001825895159343144	-0.002900128846224521	-0.00018666529305694425
186751219.715712	-0.0018241133246904003	-0.0029002964357940854	-0.00018661752269112704
186754819.715712	-0.0018223322368605046	-0.00290046309309664	-0.00018656973382573359
186758419.715712	-0.0018205518959018506	-0.0029006288192868455	-0.0001865219265138504
186762019.715712	-0.0018187723018617964	-0.0029007936155183217	-0.0001864741008084859
186765619.715712	-0.0018169934547866743	-0.0029009574829436677	-0.0001864262567625716
186769219.715712	-0.0018152153547217932	-0.002901120422714456	-0.00018637839442896148
186772819.715712	-0.0018134380017114345	-0.002901282435981227	-0.0001863305138604317
186776419.715712	-0.0018116613957988648	-0.0029014435238935003	-0.00018628261510968185
186780019.715712	-0.0018098855370263264	-0.0029016036875997605	-0.00018623469822933388
186783619.715712	-0.0018081104254350502	-0.002901762928247471	-0.00018618676327193315
186787219.715712	-0.0018063360610652518	-0.002901921246983065	-0.00018613881028994771
186790819.715712	-0.0018045624439561381	-0.0029020786449519536	-0.00018609083933576864
186794419.715712	-0.0018027895741459042	-0.0029022351232985146	-0.00018604285046170982
186798019.715712	-0.001801017451671743	-0.0029023906831661048	-0.00018599484372000853
186801619.715712	-0.0017992460765698397	-0.0029025453256970512	-0.00018594681916282485
186805219.715712	-0.0017974754488753793	-0.0029026990520326537	-0.00018589877684224235
186808819.715712	-0.0017957055686225456	-0.0029028518633131832	-0.00018585071681026812
186812419.715712	-0.001793936435844526	-0.0029030037606778895	-0.00018580263911883267
186816019.715712	-0.0017921680505735128	-0.0029031547452649906	-0.00018575454381979017
186819619.715712	-0.0017904004128407012	-0.002903304818211679	-0.00018570643096491794
186823219.715712	-0.0017886335226762996	-0.002903453980654121	-0.00018565830060591733
186826819.715712	-0.0017868673801095226	-0.002903602233727454	-0.00018561015279441303
186830419.715712	-0.0017851019851686	-0.0029037495785657896	-0.00018556198758195382
186834019.715712	-0.0017833373378807744	-0.0029038960163022104	-0.0001855138050200125
186837619.715712	-0.0017815734382723048	-0.0029040415480687753	-0.000185465605159986
186841219.715712	-0.00177981028636847	-0.0029041861749965142	-0.00018541738805319543
186844819.715712	-0.0017780478821935646	-0.002904329898215427	-0.000185369153750886
186848419.715712	-0.001776286225770909	-0.002904472718854493	-0.00018532090230422734
186852019.715712	-0.0017745253171228454	-0.0029046146380416605	-0.00018527263376431343
186855619.715712	-0.001772765156270741	-0.0029047556569038522	-0.0001852243481821625
186859219.715712	-0.0017710057432349918	-0.0029048957765669655	-0.00018517604560871763
186862819.715712	-0.0017692470780350249	-0.0029050349981558743	-0.00018512772609484697
186866419.715712	-0.0017674891606892923	-0.002905173322794416	-0.0001850793896913428
186870019.715712	-0.0017657319912152882	-0.002905310751605413	-0.00018503103644892295
186873619.715712	-0.0017639755696295337	-0.002905447285710659	-0.00018498266641823007
186877219.715712	-0.0017622198959475908	-0.002905582926230921	-0.00018493427964983157
186880819.715712	-0.0017604649701840663	-0.002905717674285948	-0.00018488587619422002
186884419.715712	-0.0017587107923525992	-0.002905851530994453	-0.00018483745610181263
186888019.715712	-0.0017569573624658795	-0.0029059844974741373	-0.00018478901942295292
186891619.715712	-0.0017552046805356402	-0.002906116574841673	-0.00018474056620790928
186895219.715712	-0.0017534527465726613	-0.0029062477642127086	-0.00018469209650687554
186898819.715712	-0.0017517015605867763	-0.00290637806670187	-0.00018464361036997097
186902419.715712	-0.0017499511225868712	-0.002906507483422765	-0.0001845951078472405
186906019.715712	-0.0017482014325808871	-0.002906636015487977	-0.000184546588988654
186909619.715712	-0.0017464524905758223	-0.0029067636640090653	-0.00018449805384410716
186913219.715712	-0.0017447042965777373	-0.0029068904300965756	-0.00018444950246342156
186916819.715712	-0.0017429568505917532	-0.0029070163148600258	-0.00018440093489634435
186920419.715712	-0.001741210152622055	-0.0029071413194079123	-0.0001843523511925482
