186918110.80704	101500889006.20337	169355038884.16977	10739235839.56202	-18396.517955162963	18490.942873068125	258.1214034824841
186921710.80704	101434650255.0369	169421587440.4861	10740163881.914337	-18402.787200578143	18480.477227860963	257.45771028863186
186925310.80704	101368388945.90213	169488098319.67358	10741089535.286016	-18409.050160221454	18470.01113532192	256.79419202669897
186928910.80704	101302105101.423	169554571520.12744	10742012800.306917	-18415.306836785712	18459.544598612338	256.13084875445844
186932510.80704	101235798744.21375	169621007040.25436	10742933677.607105	-18421.55723296374	18449.077620889577	255.46768052950523
186936110.80704	101169469896.8789	169687404878.4724	10743852167.816854	-18427.80135144836	18438.610205307024	254.80468740925647
186939710.80704	101103118582.01332	169753765033.21094	10744768271.566647	-18434.0391949324	18428.142355014093	254.14186945095182
186943310.80704	101036744822.20216	169820087502.91064	10745681989.487165	-18440.27076610867	18417.67407315623	253.47922671165364
186946910.80704	100970348640.02087	169886372286.02356	10746593322.209303	-18446.49606766999	18407.205362874913	252.8167592482473
186950510.80704	100903930058.03523	169952619381.013	10747502270.364153	-18452.715102309154	18396.736227307658	252.1544671174415
186954110.80704	100837489098.80132	170018828786.35358	10748408834.583015	-18458.92787271895	18386.266669588025	251.49235037576835
186957710.80704	100771025784.8655	170085000500.5312	10749313015.497393	-18465.13438159214	18375.79669284562	250.83040907958386
186961310.80704	100704540138.76447	170151134522.04297	10750214813.73899	-18471.334631621477	18365.326300206096	250.16864328506804
186964910.80704	100638032183.0252	170217230849.39734	10751114229.939714	-18477.528625499683	18354.85549479116	249.5070530482253
186968510.80704	100571501940.16502	170283289481.1139	10752011264.731674	-18483.71636591945	18344.384279718583	248.84563842488456
186972110.80704	100504949432.69151	170349310415.72348	10752905918.747177	-18489.897855573443	18333.91265810218	248.18439947069967
186975710.80704	100438374683.10258	170415293651.76813	10753798192.618732	-18496.073097154294	18323.440633051847	247.52333624114956
186979310.80704	100371777713.88646	170481239187.80106	10754688086.97905	-18502.242093354595	18312.968207673537	246.86244879153858
186982910.80704	100305158547.52165	170547147022.3867	10755575602.461035	-18508.404846866895	18302.495385069276	246.2017371769967
186986510.80704	100238517206.477	170613017154.1006	10756460739.697792	-18514.56136038371	18292.022168337167	245.54120145247975
186990110.80704	100171853713.21165	170678849581.52948	10757343499.322626	-18520.711636597494	18281.548560571395	244.88084167276983
186993710.80704	100105168090.17503	170744644303.27118	10758223881.969036	-18526.855678200667	18271.074564862218	244.22065789247543
186997310.80704	100038460359.8069	170810401317.93466	10759101888.270718	-18532.993487885582	18260.60018429599	243.5606501660317
187000910.80704	99971730544.53732	170876120624.13998	10759977518.861563	-18539.125068344543	18250.125421955145	242.90081854770085
187004510.80704	99904978666.78667	170941802220.5183	10760850774.375656	-18545.25042226979	18239.65028091822	242.2411630915722
187008110.80704	99838204748.96559	171007446105.71185	10761721655.44728	-18551.369552353506	18229.174764259842	241.5816838515626
187011710.80704	99771408813.4751	171073052278.37393	10762590162.71091	-18557.4824612878	18218.698875050744	240.92238088141661
187015310.80704	99704590882.70647	171138620737.16885	10763456296.801214	-18563.589151764718	18208.222616357758	240.26325423470684
187018910.80704	99637750979.0413	171204151480.772	10764320058.353052	-18569.689626476233	18197.745991243824	239.60430396483412
187022510.80704	99570889124.85153	171269644507.86978	10765181448.001476	-18575.783888114238	18187.269002768	238.94553012502783
187026110.80704	99504005342.49934	171335099817.15958	10766040466.381731	-18581.87193937055	18176.791653985452	238.2869327683461
187029710.80704	99437099654.33728	171400517407.34976	10766897114.129251	-18587.953782936907	18166.31394794747	237.62851194767612
187033310.80704	99370172082.70819	171465897277.15973	10767751391.879662	-18594.029421504954	18155.83588770146	236.97026771573434
187036910.80704	99303222649.94522	171531239425.3198	10768603300.268774	-18600.098857766257	18145.357476290967	236.31220012506677
187040510.80704	99236251378.37183	171596543850.57126	10769452839.932594	-18606.162094412284	18134.87871675565	235.65430922804927
187044110.80704	99169258290.30177	171661810551.66632	10770300011.50731	-18612.21913413441	18124.399612131318	234.99659507688776
187047710.80704	99102243408.03914	171727039527.36813	10771144815.629305	-18618.269979623918	18113.9201654499	234.33905772361848
187051310.80704	99035206753.87833	171792230776.4507	10771987252.93514	-18624.31463357198	18103.440379739477	233.68169722010822
187054910.80704	98968148350.10403	171857384297.69904	10772827324.061571	-18630.35309866967	18092.96025802427	233.02451361805467
187058510.80704	98901068218.99129	171922500089.9089	10773665029.645535	-18636.385377607956	18082.479803324655	232.3675069689866
187062110.80704	98833966382.80542	171987578151.88702	10774500370.324154	-18642.411473077693	18071.999018657152	231.71067732426408
187065710.80704	98766842863.80206	172052618482.4509	10775333346.734735	-18648.431387769626	18061.51790703444	231.05402473507888
187069310.80704	98699697684.22719	172117621080.42892	10776163959.514774	-18654.445124374382	18051.036471465348	230.39754925245458
187072910.80704	98632530866.31705	172182585944.6603	10776992209.301943	-18660.452685582473	18040.554714954884	229.7412509272469
187076510.80704	98565342432.29823	172247513073.99506	10777818096.7341	-18666.45407408428	18030.07264050421	229.08512981014397
187080110.80704	98498132404.38765	172312402467.294	10778641622.449286	-18672.449292570065	18019.59025111067	228.42918595166648
187083710.80704	98430900804.79251	172377254123.4287	10779462787.085722	-18678.43834372996	18009.10754976776	227.7734194021681
187087310.80704	98363647655.71036	172442068041.28156	10780281591.281813	-18684.421230253964	17998.624539465174	227.11783021183555
187090910.80704	98296372979.32903	172506844219.74567	10781098035.67614	-18690.397954831948	17988.14122318878	226.46241843068907
187094510.80704	98229076797.82668	172571582657.7249	10781912120.907465	-18696.36852015364	17977.65760392063	225.80718410858248
187098110.80704	98161759133.3718	172636283354.13388	10782723847.61473	-18702.332928908625	17967.17368463896	225.15212729520354
187101710.80704	98094420008.12318	172700946307.89786	10783533216.43706	-18708.29118378635	17956.689468318204	224.49724804007414
187105310.80704	98027059444.22997	172765571517.95288	10784340228.013748	-18714.243287476118	17946.20495792899	223.84254639255064
187108910.80704	97959677463.83156	172830158983.24564	10785144882.984274	-18720.189242667075	17935.72015643814	223.18802240182404
187112510.80704	97892274089.05772	172894708702.7335	10785947181.988289	-18726.129052048214	17925.235066808684	222.5336761169203
187116110.80704	97824849342.02855	172959220675.38446	10786747125.66562	-18732.06271830838	17914.749691999856	221.87950758670056
187119710.80704	97757403244.85442	173023694900.17722	10787544714.656277	-18737.99024413626	17904.264034967102	221.22551685986133
187123310.80704	97689935819.63605	173088131376.10107	10788339949.600435	-18743.911632220374	17893.77809866208	220.57170398493489
187126910.80704	97622447088.4645	173152530102.15598	10789132831.138449	-18749.82688524908	17883.29188603266	219.91806901028943
187130510.80704	97554937073.4211	173216891077.35245	10789923359.910847	-18755.736005910567	17872.805400022942	219.26461198412932
187134110.80704	97487405796.57755	173281214300.7116	10790711536.55833	-18761.638996892856	17862.318643573246	218.6113329544954
187137710.80704	97419853279.99585	173345499771.26517	10791497361.721773	-18767.535860883796	17851.831619620116	217.9582319692652
187141310.80704	97352279545.72835	173409747488.0554	10792280836.042221	-18773.42660057106	17841.344331096334	217.30530907615318
187144910.80704	97284684615.81769	173473957450.1351	10793061960.16089	-18779.31121864214	17830.856780930913	216.65256432271104
187148510.80704	97217068512.29684	173538129656.56763	10793840734.71917	-18785.189717784346	17820.36897204911	215.99999775632787
187152110.80704	97149431257.18913	173602264106.42688	10794617160.358618	-18791.062100684805	17809.880907372415	215.3476094242305
187155710.80704	97081772872.50818	173666360798.79724	10795391237.720963	-18796.928370030455	17799.392589818573	214.69539937348375
187159310.80704	97014093380.25795	173730419732.77362	10796162967.448101	-18802.788528508045	17788.904022301573	214.04336765099055
187162910.80704	96946392802.43274	173794440907.46136	10796932350.1821	-18808.64257880413	17778.41520773166	213.3915143034923
187166510.80704	96878671161.01715	173858424321.97632	10797699386.565193	-18814.490523605073	17767.926149015337	212.73983937756915
187170110.80704	96810928477.98615	173922369975.4448	10798464077.23978	-18820.332365597027	17757.436849055364	212.08834291964018
187173710.80704	96743164775.305	173986277867.0035	10799226422.84843	-18826.16810746595	17746.94731075077	211.43702497596362
187177310.80704	96675380074.9293	174050147995.79965	10799986424.033878	-18831.997751897597	17736.457536996844	210.7858855926372
187180910.80704	96607574398.80502	174113980360.9908	10800744081.439024	-18837.821301577515	17725.967530685153	210.13492481559828
187184510.80704	96539747768.86842	174177774961.745	10801499395.706932	-18843.638759191035	17715.477294703538	209.48414269062422
187188110.80704	96471900207.04611	174241531797.24054	10802252367.480833	-18849.45012742328	17704.986831936116	208.8335392633325
187191710.80704	96404031735.25502	174305250866.66623	10803002997.40412	-18855.25540895915	17694.49614526329	208.1831145791811
187195310.80704	96336142375.40242	174368932169.2212	10803751286.12035	-18861.054606483332	17684.00523756174	207.53286868346865
187198910.80704	96268232149.38593	174432575704.1149	10804497234.273241	-18866.847722680293	17673.514111704448	206.88280162133466
187202510.80704	96200301079.09349	174496181470.56714	10805240842.506678	-18872.63476023427	17663.022770560678	206.2329134377599
187206110.80704	96132349186.4034	174559749467.80804	10805982111.4647	-18878.41572182927	17652.531216995998	205.58320417756647
187209710.80704	96064376493.18425	174623279695.07803	10806721041.791517	-18884.190610149082	17642.039453872272	204.9336738854182
187213310.80704	95996383021.29503	174686772151.62787	10807457634.13149	-18889.959427877246	17631.547484047667	204.28432260582073
187216910.80704	95928368792.58502	174750226836.71857	10808191889.129147	-18895.722177697076	17621.05531037666	203.635150383122
187220510.80704	95860333828.89388	174813643749.6214	10808923807.42917	-18901.478862291646	17610.56293571004	202.98615726151223
187224110.80704	95792278152.05157	174877022889.61792	10809653389.676405	-18907.229484343785	17600.070362894905	202.33734328502433
187227710.80704	95724201783.87843	174940364255.99988	10810380636.51585	-18912.97404653608	17589.577594774673	201.6887084975341
187231310.80704	95656104746.18512	175003667848.06934	10811105548.592667	-18918.712551550874	17579.084634189087	201.04025294276042
187234910.80704	95587987060.77266	175066933665.1385	10811828126.55217	-18924.445002070253	17568.591483974214	200.39197666426563
187238510.80704	95519848749.43239	175130161706.5298	10812548371.039833	-18930.171400776057	17558.098146962446	199.74387970545564
187242110.80704	95451689833.94603	175193351971.57587	10813266282.701284	-18935.891750349867	17547.604625982513	199.09596210958023
187245710.80704	95383510336.08562	175256504459.6195	10813981862.182308	-18941.60605347301	17537.110923859476	198.4482239197333
187249310.80704	95315310277.61356	175319619170.01367	10814695110.128845	-18947.314312826544	17526.61704341474	197.8006651788531
187252910.80704	95247089680.28258	175382696102.1215	10815406027.186987	-18953.016531091274	17516.122987466046	197.1532859297225
187256510.80704	95178848565.83578	175445735255.3162	10816114614.002981	-18958.712710947733	17505.62875882749	196.50608621496914
187260110.80704	95110586956.00662	175508736628.98117	10816820871.223227	-18964.402855076183	17495.134360309512	195.85906607706585
187263710.80704	95042304872.51889	175571700222.50992	10817524799.494278	-18970.08696615662	17484.63979471891	195.21222555833066
187267310.80704	94974002337.08673	175634626035.30603	10818226399.46284	-18975.765046868764	17474.14506485884	194.56556470092727
187270910.80704	94905679371.41466	175697514066.78314	10818925671.775768	-18981.437099892057	17463.65017352881	193.91908354686515
187274510.80704	94837335997.19753	175760364316.36502	10819622617.08007	-18987.10312790566	17453.155123524703	193.27278213799983
187278110.80704	94768972236.12054	175823176783.48547	10820317236.022905	-18992.76313358845	17442.659917638764	192.6266605160331
187281710.80704	94700588109.85928	175885951467.58832	10821009529.25158	-18998.41711961903	17432.164558659613	191.98071872251336
187285310.80704	94632183640.07967	175948688368.12744	10821699497.413551	-19004.065088675703	17421.669049372245	191.3349567988357
187288910.80704	94563758848.43797	176011387484.56674	10822387141.156425	-19009.707043436487	17411.17339255803	190.68937478624227
187292510.80704	94495313756.58086	176074048816.38016	10823072461.127954	-19015.342986579108	17400.67759099472	190.04397272582247
187296110.80704	94426848386.14532	176136672363.05154	10823755457.976042	-19020.972920780994	17390.181647456462	189.39875065851322
187299710.80704	94358362758.75874	176199258124.0748	10824436132.348736	-19026.596848719277	17379.68556471378	188.75370862509914
187303310.80704	94289856896.03885	176261806098.95377	10825114484.894232	-19032.214773070787	17369.189345533603	188.10884666621283
187306910.80704	94221330819.59373	176324316287.20224	10825790516.26087	-19037.82669651205	17358.692992679247	187.46416482233514
187310510.80704	94152784551.02185	176386788688.34396	10826464227.097137	-19043.432621719287	17348.196508910434	186.8196631337953
187314110.80704	94084218111.91203	176449223301.9126	10827135618.051666	-19049.03255136841	17337.699896983286	186.17534164077134
187317710.80704	94015631523.84346	176511620127.45175	10827804689.773233	-19054.62648813502	17327.203159650333	185.5312003832901
187321310.80704	93947024808.38571	176573979164.5149	10828471442.910757	-19060.214434694408	17316.706299660516	184.88723940122767
187324910.80704	93878397987.09871	176636300412.6654	10829135878.1133	-19065.79639372154	17306.209319759193	184.2434587343095
187328510.80704	93809751081.53275	176698583871.47656	10829797996.03007	-19071.372367891065	17295.712222688133	183.59985842211074
187332110.80704	93741084113.22852	176760829540.53146	10830457797.310411	-19076.942359877317	17285.215011185534	182.95643850405634
187335710.80704	93672397103.71704	176823037419.42307	10831115282.603817	-19082.506372354303	17274.717687986016	182.3131990194214
187339310.80704	93603690074.51976	176885207507.7542	10831770452.559917	-19088.064407995695	17264.22025582063	181.6701400073314
187342910.80704	93534963047.14847	176947339805.1375	10832423307.828484	-19093.616469474848	17253.722717416855	181.02726150676236
187346510.80704	93466216043.10533	177009434311.1954	10833073849.059427	-19099.162559464778	17243.225075498605	180.38456355654114
187350110.80704	93397449083.8829	177071491025.56015	10833722076.902798	-19104.70268063817	17232.72733278624	179.74204619534564
187353710.80704	93328662190.96411	177133509947.87378	10834367992.008787	-19110.236835667365	17222.22949199655	179.0997094617051
187357310.80704	93259855385.82227	177195491077.7881	10835011595.027721	-19115.765027224374	17211.731555842787	178.45755339400023
187360910.80704	93191028689.92105	177257434414.96466	10835652886.61007	-19121.28725798086	17201.23352703464	177.81557803046354
187364510.80704	93122182124.71455	177319339959.0748	10836291867.406433	-19126.803530608144	17190.735408278262	177.17378340917952
187368110.80704	93053315711.64722	177381207709.79956	10836928538.067553	-19132.313847777197	17180.237202276254	176.5321695680849
187371710.80704	92984429472.1539	177443037666.8297	10837562899.244305	-19137.818212158643	17169.73891172768	175.89073654496886
187375310.80704	92915523427.65982	177504829829.86575	10838194951.587702	-19143.31662642275	17159.240539328068	175.24948437747332
187378910.80704	92846597599.5806	177566584198.61786	10838824695.748894	-19148.80909323944	17148.742087769413	174.60841310309308
187382510.80704	92777652009.32224	177628300772.8059	10839452132.379162	-19154.295615278268	17138.24355974018	173.96752275917612
187386110.80704	92708686678.28113	177689979552.15945	10840077262.129921	-19159.776195208433	17127.74495792532	173.32681338292383
187389710.80704	92639701627.84407	177751620536.41766	10840700085.652723	-19165.250835698775	17117.24628500624	172.68628501139125
187393310.80704	92570696879.38823	177813223725.32938	10841320603.599253	-19170.71953941776	17106.747543660844	172.04593768148726
187396910.80704	92501672454.28119	177874789118.6531	10841938816.621325	-19176.182309033502	17096.24873656352	171.40577142997486
187400510.80704	92432628373.88092	177936316716.15695	10842554725.370886	-19181.639147213733	17085.74986638514	170.76578629347136
187404110.80704	92363564659.53578	177997806517.6186	10843168330.50002	-19187.090056625817	17075.25093579307	170.12598230844867
187407710.80704	92294481332.58453	178059258522.82535	10843779632.660933	-19192.535039936745	17064.75194745117	169.48635951123345
187411310.80704	92225378414.35635	178120672731.57413	10844388632.505968	-19197.97409981313	17054.2529040198	168.84691793800738
187414910.80704	92156255926.1708	178182049143.6714	10844995330.687597	-19203.407238921205	17043.753808155823	168.20765762480747
187418510.80704	92087113889.33784	178243387758.93314	10845599727.858421	-19208.834459926824	17033.254662512612	167.56857860752618
187422110.80704	92017952325.15785	178304688577.18494	10846201824.67117	-19214.25576549545	17022.75546974004	166.92968092191168
187425710.80704	91948771254.9216	178365951598.2619	10846801621.7787	-19219.67115829217	17012.256232484502	166.29096460356814
187429310.80704	91879570699.91028	178427176822.00864	10847399119.833998	-19225.080640981676	17001.756953388904	165.65242968795587
187432910.80704	91810350681.39546	178488364248.27927	10847994319.490177	-19230.484216228266	16991.257635092676	165.0140762103916
187436510.80704	91741111220.63916	178549513876.93744	10848587221.40048	-19235.88188669585	16980.758280231767	164.37590420604874
187440110.80704	91671852338.89378	178610625707.85623	10849177826.218271	-19241.27365504794	16970.258891438654	163.73791370995752
187443710.80704	91602574057.40216	178671699740.91824	10849766134.597044	-19246.659523947645	16959.75947134235	163.1001047570053
187447310.80704	91533276397.3975	178732735976.0155	10850352147.190416	-19252.03949605768	16949.260022568393	162.46247738193682
187450910.80704	91463959380.10349	178793734413.04947	10850935864.65213	-19257.413574040358	16938.760547738868	161.8250316193543
187454510.80704	91394623026.73416	178854695051.9311	10851517287.636053	-19262.781760557576	16928.261049472392	161.18776750371777
187458110.80704	91325267358.49403	178915617892.5807	10852096416.796175	-19268.144058270835	16917.761530384138	160.55068506934532
187461710.80704	91255892396.57799	178976502934.928	10852673252.786612	-19273.500469841212	16907.261993085813	159.91378435041327
187465310.80704	91186498162.17136	179037350178.9122	10853247796.261599	-19278.850997929385	16896.762440185685	159.2770653809564
187468910.80704	91117084676.44989	179098159624.48175	10853820047.875496	-19284.19564519561	16886.262874288575	158.64052819486818
187472510.80704	91047651960.57974	179158931271.5946	10854390008.282784	-19289.534414299727	16875.76329799586	158.00417282590104
187476110.80704	90978200035.71753	179219665120.218	10854957678.138063	-19294.867307901157	16865.263713905486	157.36799930766654
187479710.80704	90908728923.01027	179280361170.3285	10855523058.09606	-19300.194328658898	16854.764124611953	156.73200767363562
187483310.80704	90839238643.59541	179341019421.91205	10856086148.811615	-19305.515479231522	16844.26453270634	156.09619795713883
187486910.80704	90769729218.60085	179401639874.96393	10856646950.939692	-19310.83076227718	16833.764940776295	155.46057019136654
187490510.80704	90700200669.14487	179462222529.4887	10857205465.135372	-19316.140180453585	16823.26535140604	154.8251244093692
187494110.80704	90630653016.33623	179522767385.5002	10857761692.053858	-19321.443736418027	16812.765767176377	154.18986064405755
187497710.80704	90561086281.27412	179583274443.02164	10858315632.350468	-19326.74143282736	16802.266190664694	153.55477892820278
187501310.80704	90491500485.04816	179643743702.08536	10858867286.68064	-19332.033272337994	16791.76662444496	152.91987929443684
187504910.80704	90421895648.73839	179704175162.73306	10859416655.699926	-19337.319257605915	16781.267071087743	152.28516177525265
187508510.80704	90352271793.4153	179764568825.0157	10859963740.064	-19342.59939128666	16770.767533160193	151.65062640300428
187512110.80704	90282628940.13983	179824924688.9934	10860508540.428644	-19347.873676035324	16760.26801322606	151.01627320990724
187515710.80704	90212967109.96336	179885242754.7356	10861051057.449764	-19353.142114506558	16749.7685138457	150.3821022280386
187519310.80704	90143286323.92772	179945523022.32083	10861591291.783379	-19358.404709354563	16739.26903757607	149.74811348933736
187522910.80704	90073586603.06517	180005765491.83694	10862129244.085619	-19363.661463233093	16728.769586970728	149.11430702560455
187526510.80704	90003867968.39842	180065970163.3809	10862664915.012732	-19368.91237879545	16718.270164579848	148.4806828685035
187530110.80704	89934130440.94064	180126137037.05884	10863198305.221077	-19374.15745869448	16707.770772950218	147.84724104956004
187533710.80704	89864374041.69543	180186266112.9861	10863729415.36713	-19379.396705582578	16697.271414625244	147.21398160016275
187537310.80704	89794598791.65688	180246357391.28717	10864258246.10748	-19384.630122111674	16686.77209214495	146.5809045515632
187540910.80704	89724804711.80948	180306410872.0956	10864784798.09882	-19389.857710933236	16676.27280804599	145.94800993487615
187544510.80704	89654991823.12822	180366426555.5542	10865309071.997965	-19395.07947469828	16665.773564861633	145.31529778107972
187548110.80704	89585160146.57854	180426404441.81476	10865831068.461836	-19400.295416057343	16655.274365121793	144.6827681210157
187551710.80704	89515309703.11632	180486344531.03824	10866350788.147465	-19405.505537660505	16644.775211353015	144.0504209853897
187555310.80704	89445440513.68791	180546246823.39468	10866868231.711996	-19410.709842157372	16634.276106078476	143.41825640477145
187558910.80704	89375552599.23013	180606111319.0632	10867383399.812681	-19415.908332197076	16623.777051818	142.78627440959497
187562510.80704	89305645980.67026	180665938018.232	10867896293.106884	-19421.10101042828	16613.27805108806	142.15447503015872
187566110.80704	89235720678.92604	180725726921.0983	10868406912.252073	-19426.287879499167	16602.779106401766	141.522858296626
187569710.80704	89165776714.90569	180785478027.86835	10868915257.90583	-19431.468942057443	16592.280220268887	140.89142423902499
187573310.80704	89095814109.50787	180845191338.75748	10869421330.725842	-19436.644200750332	16581.78139519585	140.2601728872491
187576910.80704	89025832883.62175	180904866853.99002	10869925131.369902	-19441.81365822458	16571.282633685732	139.62910427105712
187580510.80704	88955833058.12694	180964504573.7993	10870426660.495913	-19446.97731712644	16560.783938238284	138.99821842007344
187584110.80704	88885814653.89354	181024104498.4276	10870925918.76188	-19452.135180101683	16550.28531134991	138.36751536378833
187587710.80704	88815777691.78214	181083666628.12628	10871422906.82592	-19457.287249795594	16539.786755513695	137.7369951315581
187591310.80704	88745722192.64377	181143190963.15558	10871917625.34625	-19462.43352885296	16529.288273219383	137.10665775260532
187594910.80704	88675648177.31998	181202677503.7847	10872410074.981197	-19467.574019918076	16518.789866953404	136.47650325601904
187598510.80704	88605555666.64278	181262126250.29184	10872900256.389189	-19472.708725634748	16508.291539198864	135.8465316707551
187602110.80704	88535444681.43466	181321537202.9641	10873388170.228756	-19477.837648646277	16497.793292435552	135.2167430256362
187605710.80704	88465315242.5086	181380910362.09753	10873873817.158537	-19482.960791595466	16487.295129139944	134.5871373493522
187609310.80704	88395167370.66808	181440245727.99704	10874357197.837269	-19488.078157124615	16476.797051785205	133.95771467046035
187612910.80704	88325001086.70703	181499543300.97647	10874838312.923796	-19493.18974787552	16466.29906284119	133.3284750173855
187616510.80704	88254816411.40993	181558803081.35855	10875317163.077059	-19498.295566489476	16455.801164774453	132.69941841842024
187620110.80704	88184613365.5517	181618025069.47485	10875793748.956106	-19503.395615607264	16445.303360048252	132.0705449017252
187623710.80704	88114391969.89778	181677209265.66586	10876268071.220083	-19508.489897869153	16434.80565112254	131.4418544953293
187627310.80704	88044152245.2041	181736355670.28085	10876740130.528238	-19513.578415914904	16424.30804045398	130.8133472271298
187630910.80704	87973894212.21709	181795464283.67798	10877209927.539919	-19518.661172383763	16413.810530495946	130.18502312489275
187634510.80704	87903617891.67366	181854535106.2242	10877677462.91457	-19523.73816991446	16403.31312369853	129.55688221625297
187638110.80704	87833323304.30125	181913568138.29535	10878142737.31174	-19528.8094111452	16392.815822508524	128.92892452871445
187641710.80704	87763010470.81781	181972563380.27594	10878605751.391075	-19533.874898713675	16382.318629369463	128.30115008965046
187645310.80704	87692679411.93175	182031520832.5594	10879066505.812317	-19538.93463525705	16371.82154672159	127.67355892630378
187648910.80704	87622330148.34203	182090440495.54785	10879525001.235308	-19543.988623411966	16361.32457700188	127.04615106578694
187652510.80704	87551962700.73808	182149322369.65225	10879981238.319986	-19549.036865814534	16350.827722644039	126.41892653508243
187656110.80704	87481577089.7999	182208166455.29224	10880435217.726389	-19554.07936510034	16340.330986078503	125.7918853610429
187659710.80704	87411173336.19794	182266972752.89627	10880886940.114647	-19559.116123904438	16329.834369732449	125.16502757039136
187663310.80704	87340751460.5932	182325741262.9015	10881336406.144989	-19564.147144861345	16319.337876029795	124.53835318972143
187666910.80704	87270311483.63719	182384471985.75375	10881783616.477737	-19569.172430605046	16308.8415073912	123.91186224549755
187670510.80704	87199853425.97194	182443164921.90768	10882228571.773312	-19574.19198376899	16298.345266234073	123.28555476405514
187674110.80704	87129377308.23	182501820071.82654	10882671272.692225	-19579.205806986083	16287.849154972571	122.65943077160087
187677710.80704	87058883151.03442	182560437435.98227	10883111719.895084	-19584.213902888692	16277.353176017608	122.03349029421285
187681310.80704	86988370974.99883	182619017014.85553	10883549914.042591	-19589.21627410864	16266.857331776855	121.40773335784085
187684910.80704	86917840800.72731	182677558808.9356	10883985855.79554	-19594.212923277206	16256.36162465474	120.7821599883065
187688510.80704	86847292648.81453	182736062818.72046	10884419545.814817	-19599.20385302512	16245.866057052463	120.15677021130351
187692110.80704	86776726539.84567	182794529044.71667	10884850984.761402	-19604.189065982562	16235.370631367983	119.53156405239788
187695710.80704	86706142494.39645	182852957487.43948	10885280173.296366	-19609.16856477916	16224.875349996035	118.90654153702812
187699310.80704	86635540533.03311	182911348147.4127	10885707112.080872	-19614.142352043993	16214.380215328127	118.28170269050544
187702910.80704	86564920676.31242	182969701025.16876	10886131801.77617	-19619.11043040558	16203.885229752545	117.65704753801398
187706510.80704	86494282944.78172	183028016121.2487	10886554243.043608	-19624.072802491886	16193.390395654355	117.03257610461102
187710110.80704	86423627358.97887	183086293436.2021	10886974436.544617	-19629.029470930316	16182.895715415409	116.40828841522719
187713710.80704	86352953939.43225	183144532970.58716	10887392382.94072	-19633.980438347713	16172.401191414347	115.78418449466666
187717310.80704	86282262706.66083	183202734724.9706	10887808082.89353	-19638.925707370356	16161.906826026598	115.16026436760738
187720910.80704	86211553681.1741	183260898699.92773	10888221537.064749	-19643.86528062396	16151.412621624386	114.53652805860128
187724510.80704	86140826883.4721	183319024896.04233	10888632746.116163	-19648.799160733673	16140.918580576734	113.91297559207447
187728110.80704	86070082334.04544	183377113313.90674	10889041710.709652	-19653.727350324076	16130.424705249467	113.28960699232748
187731710.80704	85999320053.37524	183435163954.12183	10889448431.507177	-19658.649852019174	16119.930998005211	112.6664222835354
187735310.80704	85928540061.93323	183493176817.2969	10889852909.170792	-19663.566668442403	16109.437461203404	112.04342148974817
187738910.80704	85857742380.18164	183551151904.04984	10890255144.36263	-19668.47780221662	16098.944097200294	111.42060463489075
187742510.80704	85786927028.5733	183609089215.00693	10890655137.744919	-19673.383255964116	16088.450908348941	110.79797174276332
187746110.80704	85716094027.55159	183666988750.80295	10891052889.979963	-19678.28303230659	16077.957896999227	110.17552283704153
187749710.80704	85645243397.55045	183724850512.08115	10891448401.730158	-19683.177133865167	16067.465065497852	109.55325794127664
187753310.80704	85574375158.99437	183782674499.49316	10891841673.65798	-19688.065563260392	16056.972416188342	108.9311770788958
187756910.80704	85503489332.29843	183840460713.69913	10892232706.425993	-19692.94832311222	16046.479951411051	108.30928027320219
187760510.80704	85432585937.86827	183898209155.36755	10892621500.696842	-19697.825416040025	16035.987673503163	107.6875675473753
187764110.80704	85361664996.10011	183955919825.17538	10893008057.133257	-19702.696844662587	16025.495584798698	107.06603892447104
187767710.80704	85290726527.38074	184013592723.80795	10893392376.398048	-19707.562611598103	16015.003687628514	106.44469442742208
187771310.80704	85219770552.0875	184071227851.95895	10893774459.154112	-19712.42271946417	16004.51198432031	105.8235340790379
187774910.80704	85148797090.58833	184128825210.33047	10894154306.064423	-19717.277170877802	15994.02047719863	105.20255790200513
187778510.80704	85077806163.24178	184186384799.633	10894531917.792038	-19722.125968455406	15983.529168584866	104.58176591888767
187782110.80704	85006797790.39691	184243906620.5853	10894907295.000097	-19726.9691148128	15973.03806079726	103.96115815212694
187785710.80704	84935771992.39345	184301390673.91452	10895280438.35182	-19731.806612565197	15962.547156150911	103.34073462404207
187789310.80704	84864728789.56163	184358836960.35614	10895651348.510504	-19736.63846432721	15952.056456957773	102.72049535683007
187792910.80704	84793668202.22234	184416245480.65393	10896020026.139528	-19741.464672712853	15941.565965526663	102.10044037256611
187796510.80704	84722590250.68701	184473616235.56	10896386471.902351	-19746.28524033553	15931.075684163263	101.48056969320368
187800110.80704	84651494955.2577	184530949225.83475	10896750686.462511	-19751.10016980804	15920.585615170123	100.86088334057474
187803710.80704	84580382336.22705	184588244452.24683	10897112670.483622	-19755.909463742573	15910.095760846663	100.24138133639006
187807310.80704	84509252413.87828	184645501915.5732	10897472424.629377	-19760.713124750713	15899.606123489179	99.62206370223927
187810910.80704	84438105208.48523	184702721616.59906	10897829949.563547	-19765.511155443422	15889.116705390843	99.00293045959117
187814510.80704	84366940740.31233	184759903556.11786	10898185245.949982	-19770.303558431056	15878.62750884171	98.3839816297939
187818110.80704	84295759029.61464	184817047734.9313	10898538314.452602	-19775.090336323356	15868.138536128718	97.7652172340751
187821710.80704	84224560096.63779	184874154153.84933	10898889155.735413	-19779.87149172944	15857.649789535693	97.1466372935422
187825310.80704	84153343961.61804	184931222813.69006	10899237770.462488	-19784.647027257804	15847.161271343355	96.52824182918255
187828910.80704	84082110644.78226	184988253715.27982	10899584159.29798	-19789.416945516332	15836.672983829314	95.91003086186365
187832510.80704	84010860166.34792	185045246859.45316	10899928322.906115	-19794.181249112276	15826.18492926808	95.29200441233334
187836110.80704	83939592546.52312	185102202247.0528	10900270261.951195	-19798.939940652268	15815.697109931063	94.67416250122002
187839710.80704	83868307805.50656	185159119878.92963	10900609977.097595	-19803.69302274231	15805.209528086578	94.05650514903283
187843310.80704	83797005963.48758	185215999755.94272	10900947469.009764	-19808.440497987784	15794.722185999846	93.43903237616186
187846910.80704	83725687040.64613	185272841878.95926	10901282738.352222	-19813.182368993428	15784.235085933002	92.82174420287838
187850510.80704	83654351057.15279	185329646248.85458	10901615785.789568	-19817.91863836336	15773.748230145091	92.20464064933498
187854110.80704	83582998033.16875	185386412866.51215	10901946611.986465	-19822.649308701057	15763.261620892079	91.58772173556582
187857710.80704	83511627988.84586	185443141732.82355	10902275217.607655	-19827.374382609363	15752.77526042685	90.97098748148682
187861310.80704	83440240944.32655	185499832848.68848	10902601603.317947	-19832.093862690483	15742.289150999213	90.35443790689584
187864910.80704	83368836919.74396	185556486215.01468	10902925769.782225	-19836.807751545985	15731.803294855907	89.73807303147291
187868510.80704	83297415935.22179	185613101832.71805	10903247717.665438	-19841.516051776794	15721.317694240595	89.12189287478041
187872110.80704	83225978010.8744	185669679702.72253	10903567447.632608	-19846.218765983198	15710.83235139388	88.50589745626328
187875710.80704	83154523166.80682	185726219825.9601	10903884960.348831	-19850.915896764833	15700.347268553296	87.8900867952492
187879310.80704	83083051423.11469	185782722203.37082	10904200256.479267	-19855.607446720693	15689.862447953325	87.27446091094883
187882910.80704	83011562799.88431	185839186835.90274	10904513336.689146	-19860.293418449124	15679.377891825385	86.65901982245596
187886510.80704	82940057317.19261	185895613724.512	10904824201.643766	-19864.973814547826	15668.893602397844	86.04376354874775
187890110.80704	82868534995.1072	185952002870.16272	10905132852.008497	-19869.64863761384	15658.409581896021	85.42869210868488
187893710.80704	82796995853.68631	186008354273.82703	10905439288.448772	-19874.317890243557	15647.925832542189	84.81380552101183
187897310.80704	82725439912.97885	186064667936.48505	10905743511.630095	-19878.98157503272	15637.442356555573	84.19910380435698
187900910.80704	82653867193.02437	186120943859.1249	10906045522.21803	-19883.63969457641	15626.959156152363	83.58458697723287
187904510.80704	82582277713.85307	186177182042.7427	10906345320.87822	-19888.292251469047	15616.476233545707	82.9702550580364
187908110.80704	82510671495.48586	186233382488.34247	10906642908.276361	-19892.939248304396	15605.993590945725	82.35610806504897
187911710.80704	82439048557.93423	186289545196.9362	10906938285.078222	-19897.58068767556	15595.511230559503	81.74214601643675
187915310.80704	82367408921.20042	186345670169.5438	10907231451.949635	-19902.216572174977	15585.0291545911	81.12836893025082
187918910.80704	82295752605.2773	186401757407.19318	10907522409.556496	-19906.846904394428	15574.547365241553	80.51477682442739
187922510.80704	82224079630.1484	186457806910.9201	10907811158.564768	-19911.471686925015	15564.065864708877	79.901369716788
187926110.80704	82152390015.78796	186513818681.76828	10908097699.640476	-19916.09092235718	15553.584655188068	79.28814762503971
187929710.80704	82080683782.16086	186569792720.7893	10908382033.449709	-19920.704613280697	15543.103738871112	78.67511056677529
187933310.80704	82008960949.22266	186625729029.04263	10908664160.658619	-19925.312762284662	15532.623117946981	78.0622585594734
187936910.80704	81937221536.91962	186681627607.5956	10908944081.93342	-19929.915371957504	15522.142794601641	77.44959162049885
187940510.80704	81865465565.18866	186737488457.52347	10909221797.94039	-19934.512444886972	15511.662771018051	76.8371097671027
187944110.80704	81793693053.95741	186793311579.90927	10909497309.345867	-19939.103983660145	15501.183049376172	76.22481301642253
187947710.80704	81721904023.14418	186849096975.84393	10909770616.816252	-19943.68999086342	15490.703631852964	75.61270138548257
187951310.80704	81650098492.65797	186904844646.42618	10910041721.018005	-19948.27046908251	15480.224520622396	75.00077489119396
187954910.80704	81578276482.39847	186960554592.76257	10910310622.617651	-19952.845420902453	15469.745717855441	74.3890335503549
187958510.80704	81506438012.25606	187016226815.9675	10910577322.28177	-19957.414848907607	15459.267225720088	73.77747737965085
187962110.80704	81434583102.11182	187071861317.16312	10910841820.677008	-19961.978755681637	15448.789046381338	73.16610639565472
187965710.80704	81362711771.83752	187127458097.4794	10911104118.470062	-19966.53714380753	15438.311182001213	72.5549206148271
187969310.80704	81290824041.29567	187183017158.05408	10911364216.327698	-19971.09001586758	15427.833634738752	71.9439200535164
187972910.80704	81218919930.33945	187238538500.03265	10911622114.91673	-19975.63737444339	15417.356406750023	71.33310472795904
187976510.80704	81146999458.81276	187294022124.5684	10911877814.904041	-19980.17922211588	15406.879500188119	70.72247465427971
187980110.80704	81075062646.5502	187349468032.8223	10912131316.956564	-19984.715561465266	15396.402917203166	70.11202984849147
187983710.80704	81003109513.3771	187404876225.9631	10912382621.741291	-19989.24639507108	15385.926659942324	69.50177032649604
187987310.80704	80931140079.1095	187460246705.1673	10912631729.925274	-19993.771725512153	15375.450730549788	68.8916961040839
187990910.80704	80859154363.55412	187515579471.61905	10912878642.17562	-19998.291555366624	15364.975131166797	68.28180719693455
187994510.80704	80787152386.50847	187570874526.51025	10913123359.159489	-20002.805887211925	15354.49986393163	67.67210362061665
187998110.80704	80715134167.76071	187626131871.0405	10913365881.544102	-20007.314723624793	15344.02493097962	67.06258539058824
188001710.80704	80643099727.08978	187681351506.41702	10913606209.996735	-20011.818067181262	15333.55033444314	66.45325252219693
188005310.80704	80571049084.26534	187736533433.85474	10913844345.184715	-20016.315920456662	15323.076076451625	65.84410503068008
188008910.80704	80498982259.04774	187791677654.57626	10914080287.775427	-20020.808286025618	15312.602159131564	65.235142931165
188012510.80704	80426899271.18811	187846784169.81183	10914314038.436308	-20025.29516646205	15302.128584606502	64.62636623866914
188016110.80704	80354800140.42828	187901852980.79932	10914545597.834852	-20029.77656433916	15291.655354997054	64.01777496810024
188019710.80704	80282684886.50085	187956884088.78424	10914774966.638603	-20034.252482229458	15281.182472420895	63.40936913425662
188023310.80704	80210553529.12914	188011877495.0197	10915002145.51516	-20038.72292270473	15270.709938992772	62.801148751827256
188026910.80704	80138406088.02719	188066833200.76648	10915227135.132175	-20043.187888336048	15260.237756824505	62.19311383539203
188030510.80704	80066242582.89984	188121751207.29288	10915449936.157352	-20047.64738169378	15249.76592802499	61.58526439942192
188034110.80704	79994063033.44264	188176631515.87482	10915670549.258446	-20052.101405347566	15239.294454700199	60.97760045827917
188037710.80704	79921867459.3419	188231474127.7958	10915888975.103264	-20056.549961866338	15228.823338953189	60.37012202621747
188041310.80704	79849655880.27469	188286279044.3469	10916105214.359663	-20060.993053818303	15218.352582884101	59.76282911738219
188044910.80704	79777428315.90881	188341046266.8267	10916319267.695553	-20065.43068377095	15207.882188590165	59.15572174581051
188048510.80704	79705184785.90286	188395775796.54138	10916531135.778894	-20069.862854291045	15197.412158165702	58.54879992543166
188052110.80704	79632925309.90616	188450467634.80466	10916740819.277695	-20074.289567944634	15186.942493702129	57.942063670067064
188055710.80704	79560649907.55882	188505121782.9377	10916948318.860014	-20078.710827297033	15176.473197287958	57.33551299343056
188059310.80704	79488358598.49171	188559738242.2693	10917153635.193958	-20083.126634912835	15166.004271008806	56.72914790912857
188062910.80704	79416051402.32646	188614317014.13562	10917356768.947685	-20087.5369933559	15155.53571694739	56.12296843066028
188066510.80704	79343728338.67548	188668858099.88046	10917557720.789402	-20091.94190518937	15145.067537183537	55.51697457141785
188070110.80704	79271389427.14195	188723361500.855	10917756491.38736	-20096.341372975643	15134.599733794186	54.91116634468658
188073710.80704	79199034687.31984	188777827218.41794	10917953081.409859	-20100.735399276393	15124.132308853386	54.305543763645105
188077310.80704	79126664138.79387	188832255253.9354	10918147491.525248	-20105.123986652554	15113.665264432306	53.70010684136558
188080910.80704	79054277801.13957	188886645608.78098	10918339722.401922	-20109.507137664332	15103.198602599234	53.094855590813864
188084510.80704	78981875693.92325	188940998284.3357	10918529774.708323	-20113.884854871187	15092.73232541958	52.4897900248497
188088110.80704	78909457836.702	188995313281.98804	10918717649.112938	-20118.25714083185	15082.266434955884	51.88491015622689
188091710.80704	78837024249.02368	189049590603.1339	10918903346.2843	-20122.623998104307	15071.80093326781	51.28021599759351
188095310.80704	78764574950.427	189103830249.17657	10919086866.890987	-20126.985429245804	15061.33582241216	50.67570756149207
188098910.80704	78692109960.4414	189158032221.52673	10919268211.601624	-20131.341436812843	15050.87110444287	50.0713848603597
188102510.80704	78619629298.58717	189212196521.60248	10919447381.084877	-20135.69202336118	15040.406781411011	49.46724790652835
188106110.80704	78547132984.37537	189266323150.82928	10919624376.00946	-20140.037191445837	15029.942855364801	48.86329671222495
188109710.80704	78474621037.30786	189320412110.63995	10919799197.04413	-20144.37694362107	15019.479328349604	48.259531289571605
188113310.80704	78402093476.87732	189374463402.4747	10919971844.857685	-20148.711282440407	15009.016202407927	47.65595165058577
188116910.80704	78329550322.56725	189428477027.78104	10920142320.118969	-20153.04021045661	14998.553479579434	47.05255780718044
188120510.80704	78256991593.85193	189482452988.01385	10920310623.496866	-20157.363730221692	14988.091161900938	46.449349771164336
188124110.80704	78184417310.19649	189536391284.63535	10920476755.660305	-20161.681844286923	14977.629251406417	45.84632755424208
188127710.80704	78111827491.05684	189590291919.11505	10920640717.278254	-20165.99455520281	14967.167750127002	45.24349116801438
188131310.80704	78039222155.87975	189644154892.92978	10920802509.019724	-20170.30186551911	14956.706660090995	44.64084062397821
188134910.80704	77966601324.10277	189697980207.56363	10920962131.55377	-20174.60377778482	14946.245983323859	44.038375933526986
188138510.80704	77893965015.1543	189751767864.50806	10921119585.549484	-20178.900294548177	14935.785721848231	43.436097107950765
188142110.80704	77821313248.45357	189805517865.26172	10921274871.675999	-20183.19141835666	14925.325877683921	42.83400415843641
188145710.80704	77748646043.41063	189859230211.33057	10921427990.60249	-20187.477151756982	14914.866452847913	42.23209709606777
188149310.80704	77675963419.42636	189912904904.2278	10921578942.998169	-20191.757497295108	14904.407449354372	41.630375931825874
188152910.80704	77603265395.89249	189966541945.47394	10921727729.53229	-20196.032457516223	14893.948869214648	41.028840676589105
188156510.80704	77530551992.19157	190020141336.5966	10921874350.874144	-20200.302034964756	14883.490714437272	40.42749134113339
188160110.80704	77457823227.69702	190073703079.1307	10922018807.693062	-20204.566232184363	14873.032987027967	39.82632793613236
188163710.80704	77385079121.77307	190127227174.61844	10922161100.658413	-20208.825051717937	14862.57568898965	39.22535047215754
188167310.80704	77312319693.77483	190180713624.6091	10922301230.439604	-20213.0784961076	14852.118822322425	38.62455895967854
188170910.80704	77239544963.04822	190234162430.6592	10922439197.706078	-20217.3265678947	14841.662389023604	38.02395340906322
188174510.80704	77166754948.93005	190287573594.3325	10922575003.127316	-20221.56926961982	14831.206391087693	37.42353383057788
188178110.80704	77093949670.74799	190340947117.19986	10922708647.372837	-20225.806603822766	14820.750830506406	36.823300234387446
188181710.80704	77021129147.82051	190394283000.83936	10922840131.112194	-20230.038573042566	14810.295709268663	36.22325263055562
188185310.80704	76948293399.45702	190447581246.83618	10922969455.014978	-20234.265179817474	14799.841029360594	35.623391029045095
188188910.80704	76875442444.95772	190500841856.7827	10923096619.750816	-20238.486426684965	14789.386792765543	35.02371543971771
188192510.80704	76802576303.61372	190554064832.27844	10923221625.98937	-20242.70231618174	14778.93300146407	34.42422587233464
188196110.80704	76729694994.707	190607250174.93	10923344474.400335	-20246.91285084372	14768.479657433956	33.82492233655656
188199710.80704	76656798537.5104	190660397886.35107	10923465165.653442	-20251.11803320604	14758.026762650205	33.22580484194385
188203310.80704	76583886951.28764	190713507968.16254	10923583700.418457	-20255.31786580305	14747.574319085044	32.626873397956736
188206910.80704	76510960255.2933	190766580421.9923	10923700079.36518	-20259.51235116832	14737.122328707934	32.02812801395551
188210510.80704	76438018468.77287	190819615249.4754	10923814303.16344	-20263.701491834636	14726.670793485562	31.42956869920067
188214110.80704	76365061610.96269	190872612452.25394	10923926372.483107	-20267.885290333994	14716.219715381854	30.831195462853124
188217710.80704	76292089701.09003	190925572031.97705	10924036287.994078	-20272.063749197605	14705.769096357973	30.23300831397435
188221310.80704	76219102758.373	190978493990.30096	10924144050.366283	-20276.23687095589	14695.318938372324	29.63500726152657
188224910.80704	76146100802.02065	191031378328.88892	10924249660.269688	-20280.404658138475	14684.869243380554	29.03719231437295
188228510.80704	76073083851.23286	191084225049.41122	10924353118.374285	-20284.5671132742	14674.42001333556	28.439563481277737
188232110.80704	76000051925.20049	191137034153.5452	10924454425.350101	-20288.724238891107	14663.97125018749	27.842120770906476
188235710.80704	75927005043.10524	191189805642.9752	10924553581.867193	-20292.87603751645	14653.52295588374	27.244864191826156
188239310.80704	75853943224.11974	191242539519.39252	10924650588.59565	-20297.022511676678	14643.07513236897	26.6477937525054
188242910.80704	75780866487.4075	191295235784.4955	10924745446.20559	-20301.16366389745	14632.627781585094	26.05090946131463
188246510.80704	75707774852.12297	191347894439.98953	10924838155.367159	-20305.29949670362	14622.18090547129	25.454211326526252
188250110.80704	75634668337.4115	191400515487.58685	10924928716.750538	-20309.430012619254	14611.734505964005	24.85769935631481
188253710.80704	75561546962.40935	191453098929.00674	10925017131.025932	-20313.555214167605	14601.28858499695	24.26137355875719
188257310.80704	75488410746.2437	191505644765.9754	10925103398.863579	-20317.67510387113	14590.84314450111	23.66523394183276
188260910.80704	75415259708.03265	191558153000.226	10925187520.93374	-20321.78968425148	14580.398186404746	23.069280513423575
188264510.80704	75342093866.88524	191610623633.4987	10925269497.906712	-20325.8989578295	14569.953712633393	22.473513281314528
188268110.80704	75268913241.90141	191663056667.54047	10925349330.452812	-20330.002927125235	14559.50972510987	21.877932253193535
188271710.80704	75195717852.17206	191715452104.1053	10925427019.24239	-20334.101594657917	14549.06622575428	21.282537436651698
188275310.80704	75122507716.77898	191767809944.954	10925502564.94582	-20338.19496294597	14538.623216484013	20.687328839183486
188278910.80704	75049282854.79492	191820130191.85437	10925575968.233503	-20342.283034507014	14528.180699213746	20.0923064681869
188282510.80704	74976043285.28358	191872412846.58102	10925647229.775871	-20346.36581185785	14517.738675855455	19.497470330963655
188286110.80704	74902789027.29959	191924657910.9155	10925716350.243376	-20350.44329751447	14507.297148318405	18.902820434719338
188289710.80704	74829520099.8885	191976865386.64618	10925783330.3065	-20354.515493992054	14496.856118509164	18.308356786563596
188293310.80704	74756236522.08685	192029035275.56833	10925848170.635746	-20358.58240380497	14486.415588331602	17.7140793935103
188296910.80704	74682938312.92209	192081167579.484	10925910871.901648	-20362.64402946676	14475.975559686893	17.119988262477715
188300510.80704	74609625491.41266	192133262300.20218	10925971434.77476	-20366.70037349016	14465.53603447352	16.526083400288677
188304110.80704	74536298076.56792	192185319439.5386	10926029859.925661	-20370.75143838708	14455.097014587276	15.93236481367075
188307710.80704	74462956087.38821	192237338999.31586	10926086148.024958	-20374.797226668616	14444.658501921269	15.338832509256418
188311310.80704	74389599542.86484	192289320981.36334	10926140299.743275	-20378.83774084504	14434.220498365925	14.745486493583241
188314910.80704	74316228461.98004	192341265387.51727	10926192315.751265	-20382.8729834258	14423.783005808988	14.152326773094032
188318510.80704	74242842863.70708	192393172219.62064	10926242196.719603	-20386.902956919526	14413.346026135525	13.559353354137027
188322110.80704	74169442767.01012	192445041479.5232	10926289943.318985	-20390.927663834023	14402.909561227932	12.96656624296606
188325710.80704	74096028190.84435	192496873169.08148	10926335556.220129	-20394.947106676267	14392.473612965932	12.373965445740723
188329310.80704	74022599154.15591	192548667290.15878	10926379036.093779	-20398.96128795241	14382.038183226581	11.781550968526542
188332910.80704	73949155675.88196	192600423844.62518	10926420383.610695	-20402.970210167772	14371.603273884268	11.189322817295146
188336510.80704	73875697774.95058	192652142834.35748	10926459599.441662	-20406.97387582685	14361.168886810723	10.597280997924438
188340110.80704	73802225470.28087	192703824261.2392	10926496684.257484	-20410.97228743331	14350.735023875015	10.00542551619876
188343710.80704	73728738780.78291	192755468127.16058	10926531638.72899	-20414.965447489983	14340.301686943558	9.413756377809074
188347310.80704	73655237725.35779	192807074434.01862	10926564463.527023	-20418.95335849887	14329.868877880113	8.822273588353115
188350910.80704	73581722322.89757	192858643183.71698	10926595159.32245	-20422.936022961137	14319.436598545792	8.230977153335571
188354510.80704	73508192592.28532	192910174378.16605	10926623726.78616	-20426.913443377118	14309.004850799056	7.6398670781682485
188358110.80704	73434648552.39511	192961668019.28287	10926650166.589052	-20430.885622246304	14298.573636495727	7.048943368170238
188361710.80704	73361090222.09201	193013124108.99118	10926674479.402054	-20434.852562067357	14288.142957488983	6.458206028568081
188365310.80704	73287517620.23209	193064542649.22137	10926696665.896109	-20438.8142653381	14277.712815629366	5.867655064495942
188368910.80704	73213930765.66243	193115923641.91052	10926716726.742176	-20442.77073455551	14267.283212764782	5.277290480995775
188372510.80704	73140329677.22115	193167267089.0023	10926734662.611235	-20446.72197221573	14256.854150740503	4.687112283017488
188376110.80704	73066714373.73735	193218572992.44705	10926750474.174282	-20450.66798081406	14246.425631399175	4.097120475419112
188379710.80704	72993084874.03117	193269841354.20178	10926764162.102331	-20454.608762844957	14235.997656580817	3.50731506296697
188383310.80704	72919441196.91376	193321072176.23007	10926775727.066414	-20458.54432080203	14225.570228122824	2.917696050335834
188386910.80704	72845783361.18729	193372265460.5021	10926785169.737577	-20462.474657178045	14215.14334785997	2.328263442109096
188390510.80704	72772111385.64497	193423421208.9947	10926792490.786886	-20466.399774464928	14204.717017624414	1.739017242778934
188394110.80704	72698425289.07106	193474539423.69122	10926797690.88542	-20470.31967515375	14194.291239245698	1.1499574567464754
188397710.80704	72624725090.2408	193525620106.58167	10926800770.704275	-20474.234361734736	14183.866014550757	0.5610840883219649
188401310.80704	72551010807.9205	193576663259.6626	10926801730.914562	-20478.14383669726	14173.441345363912	-0.027602858275071918
188404910.80704	72477282460.86752	193627668884.9371	10926800572.187407	-20482.048102529854	14163.017233506884	-0.6161033789156639
188408510.80704	72403540067.83025	193678636984.41483	10926797295.193949	-20485.947161720185	14152.593680798787	-1.2044174695612324
188412110.80704	72329783647.54811	193729567560.112	10926791900.605345	-20489.841016755076	14142.17068905614	-1.7925451262634269
188415710.80704	72256013218.7516	193780460614.05136	10926784389.092764	-20493.729670120494	14131.748260092862	-2.3804863451639617
188419310.80704	72182228800.16226	193831316148.26218	10926774761.327389	-20497.613124301548	14121.326395720278	-2.968241122494452
188422910.80704	72108430410.49268	193882134164.7802	10926763017.980415	-20501.491381782496	14110.905097747125	-3.5558094545762478
188426510.80704	72034618068.44649	193932914665.6478	10926749159.723053	-20505.364445046736	14100.48436797955	-4.143191337820273
188430110.80704	71960791792.71841	193983657652.9137	10926733187.226524	-20509.232316576807	14090.064208221118	-4.730386768726859
188433710.80704	71886951601.99423	194034363128.63318	10926715101.162064	-20513.094998854387	14079.644620272808	-5.317395743885588
188437310.80704	71813097514.95079	194085031094.868	10926694902.200918	-20516.9524943603	14069.225605933023	-5.904218259975126
188440910.80704	71739229550.256	194135661553.6864	10926672591.014347	-20520.804805574502	14058.80716699759	-6.490854313763062
188444510.80704	71665347726.56883	194186254507.16302	10926648168.273619	-20524.65193497609	14048.389305259761	-7.077303902105748
188448110.80704	71591452062.53937	194236809957.37906	10926621634.650015	-20528.493885043295	14037.972022510221	-7.663567021948131
188451710.80704	71517542576.80875	194287327906.42206	10926592990.814827	-20532.330658253486	14027.555320537083	-8.249643670323593
188455310.80704	71443619288.0092	194337808356.38602	10926562237.439358	-20536.16225708316	14017.1392011259	-8.83553384435379
188458910.80704	71369682214.76404	194388251309.37137	10926529375.19492	-20539.988684007956	14006.72366605966	-9.42123754124849
188462510.80704	71295731375.68767	194438656767.485	10926494404.752836	-20543.80994150264	13996.308717118796	-10.006754758305403
188466110.80704	71221766789.38557	194489024732.84012	10926457326.78444	-20547.62603204111	13985.894356081184	-10.592085492910039
188469710.80704	71147788474.45435	194539355207.5564	10926418141.96107	-20551.43695809639	13975.480584722145	-11.177229742535529
188473310.80704	71073796449.48169	194589648193.75986	10926376850.954077	-20555.24272214064	13965.067404814454	-11.76218750474247
188476910.80704	70999790733.04639	194639903693.58292	10926333454.434822	-20559.043326645144	13954.654818128334	-12.346958777178767
188480510.80704	70925771343.71834	194690121709.16437	10926287953.07467	-20562.838774080315	13944.24282643147	-12.931543557579461
188484110.80704	70851738300.05853	194740302242.64932	10926240347.545	-20566.62906691569	13933.831431489001	-13.515941843766582
188487710.80704	70777691620.6191	194790445296.1893	10926190638.51719	-20570.414207619935	13923.420635063532	-14.100153633648977
188491310.80704	70703631323.94327	194840550871.9421	10926138826.662636	-20574.194198660833	13913.010438915127	-14.684178925222158
188494910.80704	70629557428.56538	194890618972.07193	10926084912.65273	-20577.969042505294	13902.600844801324	-15.268017716568137
188498510.80704	70555469953.01091	194940649598.74924	10926028897.15888	-20581.73874161935	13892.191854477125	-15.851670005855272
188502110.80704	70481368915.79645	194990642754.15082	10925970780.852493	-20585.503298468153	13881.783469695012	-16.4351357913381
188505710.80704	70407254335.4297	195040598440.45978	10925910564.40499	-20589.262715515975	13871.375692204938	-17.01841507135719
188509310.80704	70333126230.40953	195090516659.86554	10925848248.48779	-20593.01699522621	13860.968523754336	-17.60150784433896
188512910.80704	70258984619.22592	195140397414.56375	10925783833.77232	-20596.766140061365	13850.561966088124	-18.184414108795547
188516510.80704	70184829520.35999	195190240706.7564	10925717320.930017	-20600.510152483064	13840.156020948702	-18.767133863324624
188520110.80704	70110660952.28398	195240046538.6517	10925648710.632318	-20604.249034952052	13829.750690075958	-19.34966710660926
188523710.80704	70036478933.46132	195289814912.46414	10925578003.550665	-20607.982789928185	13819.34597520727	-19.932013837417752
188527310.80704	69962283482.34654	195339545830.41446	10925505200.356504	-20611.711419870433	13808.941878077512	-20.514174054603476
188530910.80704	69888074617.38535	195389239294.72964	10925430301.721289	-20615.43492723688	13798.538400419053	-21.09614775710472
188534510.80704	69813852357.01457	195438895307.6429	10925353308.316471	-20619.153314484727	13788.13554396176	-21.677934943944535
188538110.80704	69739616719.66225	195488513871.39368	10925274220.81351	-20622.866584070278	13777.733310433005	-22.25953561423057
188541710.80704	69665367723.74751	195538094988.2276	10925193039.88387	-20626.574738448948	13767.331701557661	-22.840949767154914
188545310.80704	69591105387.68071	195587638660.39655	10925109766.199009	-20630.277780075266	13756.930719058113	-23.422177401993956
188548910.80704	69516829729.86333	195637144890.15854	10925024400.430397	-20633.975711402865	13746.530364654252	-24.003218518108213
188552510.80704	69442540768.68802	195686613679.77783	10924936943.249502	-20637.668534884484	13736.130640063488	-24.584073114942182
188556110.80704	69368238522.53862	195736045031.52484	10924847395.327793	-20641.356252971975	13725.731547000743	-25.164741192024188
188559710.80704	69293923009.79015	195785438947.67615	10924755757.336742	-20645.038868116288	13715.333087178462	-25.74522274896622
188563310.80704	69219594248.80878	195834795430.51447	10924662029.947824	-20648.71638276748	13704.935262306608	-26.32551778546378
188566910.80704	69145252257.95187	195884114482.32874	10924566213.832512	-20652.388799374716	13694.538074092672	-26.905626301295726
188570510.80704	69070897055.568	195933396105.41397	10924468309.66228	-20656.056120386256	13684.141524241672	-27.485548296324115
188574110.80704	68996528659.99687	195982640302.07135	10924368318.108603	-20659.718348249462	13673.745614456155	-28.06528377049406
188577710.80704	68922147089.56944	196031847074.6082	10924266239.842957	-20663.375485410805	13663.350346436206	-28.644832723833563
188581310.80704	68847752362.60782	196081016425.33786	10924162075.536816	-20667.027534315843	13652.955721879442	-29.224195156453373
188584910.80704	68773344497.42534	196130148356.5799	10924055825.861654	-20670.674497409243	13642.561742481019	-29.803371068546827
188588510.80704	68698923512.326515	196179242870.65994	10923947491.488947	-20674.316377134764	13632.168409933638	-30.38236046038969
188592110.80704	68624489425.60708	196228299969.90967	10923837073.090164	-20677.953175935265	13621.775725927544	-30.96116333234001
188595710.80704	68550042255.55396	196277319656.6669	10923724571.336777	-20681.5848962527	13611.383692150528	-31.539779684837956
188599310.80704	68475582020.44531	196326301933.27545	10923609986.900255	-20685.21154052812	13600.992310287933	-32.11820951840567
188602910.80704	68401108738.55048	196375246802.08527	10923493320.452066	-20688.83311120166	13590.601582022653	-32.696452833647115
188606510.80704	68326622428.13006	196424154265.45233	10923374572.663675	-20692.449610712563	13580.211509035142	-33.27450963124792
188610110.80704	68252123107.43583	196473024325.73865	10923253744.206543	-20696.061041499153	13569.82209300341	-33.852379911975234
188613710.80704	68177610794.710815	196521856985.3123	10923130835.752129	-20699.66740599885	13559.43333560303	-34.430063676677555
188617310.80704	68103085508.18926	196570652246.54733	10923005847.97189	-20703.268706648163	13549.045238507138	-35.007560926284604
188620910.80704	68028547266.09665	196619410111.82388	10922878781.537277	-20706.864945882695	13538.65780338644	-35.584871661807135
188624510.80704	67953996086.64968	196668130583.52808	10922749637.11974	-20710.45612613713	13528.271031909211	-36.161995884336825
188628110.80704	67879431988.05631	196716813664.052	10922618415.390724	-20714.042249845246	13517.884925741297	-36.738933595046085
188631710.80704	67804854988.51573	196765459355.7938	10922485117.02167	-20717.623319439903	13507.499486546121	-37.315684795187934
188635310.80704	67730265106.21837	196814067661.1575	10922349742.684011	-20721.199337353053	13497.114715984686	-37.89224948609584
188638910.80704	67655662359.345894	196862638582.55322	10922212293.04918	-20724.77030601573	13486.730615715574	-38.46862766918357
188642510.80704	67581046766.071236	196911172122.397	10922072768.7886	-20728.336227858046	13476.347187394953	-39.04481934594502
188646110.80704	67506418344.55858	196959668283.1108	10921931170.573694	-20731.89710530921	13465.964432676577	-39.6208245179541
188649710.80704	67431777112.96336	197008127067.1226	10921787499.075874	-20735.452940797502	13455.582353211792	-40.19664318686453
188653310.80704	67357123089.43228	197056548476.8662	10921641754.96655	-20739.003736750292	13445.200950649532	-40.77227535440974
188656910.80704	67282456292.103294	197104932514.78152	10921493938.917124	-20742.549495594023	13434.820226636331	-41.34772102240271
188660510.80704	67207776739.10563	197153279183.31424	10921344051.598988	-20746.090219754224	13424.440182816317	-41.92298019273579
188664110.80704	67133084448.55978	197201588484.91602	10921192093.68353	-20749.6259116555	13414.060820831222	-42.498052867380586
188667710.80704	67058379438.57751	197249860422.0444	10921038065.842134	-20753.156573721535	13403.682142320382	-43.07293904838779
188671310.80704	66983661727.26187	197298094997.16287	10920881968.746172	-20756.682208375092	13393.304148920737	-43.64763873788703
188674910.80704	66908931332.70719	197346292212.74075	10920723803.067009	-20760.202818038008	13382.926842266837	-44.22215193808674
188678510.80704	66834188272.99908	197394452071.25327	10920563569.476002	-20763.7184051312	13372.550223990846	-44.79647865127398
188682110.80704	66759432566.214424	197442574575.1815	10920401268.6445	-20767.228972074652	13362.174295722538	-45.37061887981431
188685710.80704	66684664230.42142	197490659727.01242	10920236901.243845	-20770.73452128743	13351.79905908931	-45.94457262615164
188689310.80704	66609883283.67953	197538707529.23886	10920070467.945368	-20774.235055187673	13341.424515716177	-46.51833989280808
188692910.80704	66535089744.039536	197586717984.35944	10919901969.42039	-20777.730576192585	13331.050667225778	-47.09192068238379
188696510.80704	66460283629.54352	197634691094.8787	10919731406.340223	-20781.22108671845	13320.677515238376	-47.66531499755683
188700110.80704	66385464958.224846	197682626863.30692	10919558779.376173	-20784.70658918062	13310.305061371866	-48.23852284108302
188703710.80704	66310633748.1082	197730525292.16025	10919384089.19953	-20788.18708599351	13299.93330724177	-48.81154421579579
188707310.80704	66235790017.20958	197778386383.96066	10919207336.481577	-20791.66257957062	13289.562254461247	-49.38437912460603
188710910.80704	66160933783.536285	197826210141.23593	10919028521.893587	-20795.1330723245	13279.191904641093	-49.95702757050194
188714510.80704	66086065065.08694	197873996566.51956	10918847646.106821	-20798.59856666678	13268.822259389743	-50.52948955654891
188718110.80704	66011183879.85149	197921745662.35092	10918664709.792528	-20802.059065008154	13258.453320313274	-51.101765085889326
188721710.80704	65936290245.81119	197969457431.27515	10918479713.621946	-20805.514569758376	13248.08508901541	-51.673854161742476
188725310.80704	65861384180.938644	198017131875.8431	10918292658.266304	-20808.96508332627	13237.717567097523	-52.245756787404375
188728910.80704	65786465703.19777	198064768998.61145	10918103544.396814	-20812.41060811973	13227.350756158632	-52.81747296624763
188732510.80704	65711534830.54382	198112368802.14255	10917912372.684679	-20815.8511465457	13216.984657795412	-53.38900270172127
188736110.80704	65636591580.92339	198159931289.00458	10917719143.801088	-20819.2867010102	13206.619273602195	-53.96034599735063
