183286728.624384	152551969815.13895	83952480292.5332	8495144671.138846	-8453.009993631458	28073.973072908666	996.0591040285985
183290328.624384	152521514223.46854	84053532965.65672	8498729105.060163	-8466.761822730281	28066.399848752728	995.2930694320279
183293928.624384	152491009139.61948	84154558363.9914	8502310781.202656	-8480.505648285593	28058.820413864207	994.5270047496557
183297528.624384	152460454592.40604	84255556465.19394	8505889699.458745	-8494.24146954581	28051.234776778827	993.7609103873706
183301128.624384	152429850610.6448	84356527246.95178	8509465859.722314	-8507.96928576818	28043.642946027176	992.9947867505564
183304728.624384	152399197223.1554	84457470686.98311	8513039261.888702	-8521.689096218706	28036.044930134685	992.2286342440955
183308328.624384	152368494458.75986	84558386763.03685	8516609905.854715	-8535.400900172175	28028.440737621673	991.4624532723674
183311928.624384	152337742346.28284	84659275452.89229	8520177791.518592	-8549.104696912082	28020.830377003294	990.6962442392514
183315528.624384	152306940914.55157	84760136734.3597	8523742918.780043	-8562.800485730695	28013.21385678954	989.9300075481221
183319128.624384	152276090192.39594	84860970585.27985	8527305287.540232	-8576.488265928976	28005.59118548526	989.1637436018536
183322728.624384	152245190208.64807	84961776983.52412	8530864897.7017565	-8590.168036816614	27997.962371590107	988.3974528028181
183326328.624384	152214240992.14282	85062555906.99437	8534421749.168671	-8603.839797711968	27990.327423598595	987.6311355528868
183329928.624384	152183242571.71738	85163307333.62323	8537975841.846477	-8617.50354794208	27982.68635000002	986.8647922534287
183333528.624384	152152194976.21124	85264031241.37384	8541527175.642117	-8631.159286842678	27975.039159278524	986.0984233053113
183337128.624384	152121098234.4665	85364727608.23975	8545075750.46398	-8644.807013758094	27967.38585991303	985.3320291089027
183340728.624384	152089952375.32733	85465396412.24496	8548621566.22188	-8658.446728041316	27959.72646037729	984.5656100640698
183344328.624384	152058757427.6405	85566037631.44437	8552164622.827099	-8672.078429053974	27952.060969139813	983.7991665701766
183347928.624384	152027513420.25485	85666651243.92294	8555704920.192329	-8685.702116166269	27944.38939466394	983.0326990260892
183351528.624384	151996220382.02155	85767237227.7962	8559242458.231704	-8699.317788757	27936.71174540777	982.2662078301729
183355128.624384	151964878341.79398	85867795561.2103	8562777236.860803	-8712.925446213558	27929.028029824185	981.4996933802918
183358728.624384	151933487328.42764	85968326222.34146	8566309255.9966135	-8726.525087931881	27921.338256360843	980.7331560738108
183362328.624384	151902047370.78043	86068829189.39676	8569838515.557579	-8740.116713316473	27913.64243346015	979.9665963075947
183365928.624384	151870558497.7121	86169304440.61322	8573365015.463553	-8753.700321780343	27905.9405695593	979.2000144780097
183369528.624384	151839020738.0846	86269751954.25848	8576888755.63582	-8767.275912745048	27898.23267309023	978.4334109809214
183373128.624384	151807434120.76202	86370171708.63052	8580409735.997092	-8780.843485640638	27890.51875247961	977.6667862116963
183376728.624384	151775798674.61038	86470563682.0575	8583927956.471492	-8794.403039905657	27882.798816148876	976.9001405652025
183380328.624384	151744114428.4977	86570927852.89801	8587443416.98458	-8807.954574987123	27875.072872514185	976.1334744358085
183383928.624384	151712381411.29413	86671264199.54092	8590956117.463326	-8821.49809034052	27867.340929986425	975.3667882173847
183387528.624384	151680599651.87158	86771572700.40536	8594466057.836115	-8835.033585429785	27859.60299697123	974.600082303303
183391128.624384	151648769179.104	86871853333.94064	8597973238.032747	-8848.561059727284	27851.859081868923	973.8333570864363
183394728.624384	151616890021.86713	86972106078.62634	8601477657.98444	-8862.080512713796	27844.109193074568	973.0666129591604
183398328.624384	151584962209.03867	87072330912.9724	8604979317.62383	-8875.591943878528	27836.35333897793	972.2998503133521
183401928.624384	151552985769.498	87172527815.5187	8608478216.884947	-8889.09535271906	27828.591527963457	971.5330695403909
183405528.624384	151520960732.12643	87272696764.83545	8611974355.703234	-8902.590738741354	27820.823768410326	970.7662710311595
183409128.624384	151488887125.80707	87372837739.52306	8615467734.015554	-8916.078101459749	27813.05006869239	969.9994551760417
183412728.624384	151456764979.4245	87472950718.21191	8618958351.760159	-8929.557440396915	27805.27043717819	969.2326223649252
183416328.624384	151424594321.86526	87573035679.5626	8622446208.876701	-8943.028755083864	27797.484882230954	968.4657729872011
183419928.624384	151392375182.01752	87673092602.26584	8625931305.30625	-8956.492045059937	27789.69341220857	967.6989074317628
183423528.624384	151360107588.77103	87773121465.04245	8629413640.991262	-8969.947309872783	27781.896035463607	966.932026087007
183427128.624384	151327791571.01715	87873122246.6431	8632893215.875593	-8983.394549078317	27774.092760343323	966.1651293408352
183430728.624384	151295427157.64886	87973094925.84894	8636370029.904501	-8996.833762240793	27766.283595189583	965.3982175806511
183434328.624384	151263014377.5608	88073039481.47055	8639844083.024626	-9010.26494893265	27758.468548338948	964.6312911933643
183437928.624384	151230553259.64886	88172955892.34894	8643315375.184006	-9023.688108734641	27750.647628122613	963.8643505653868
183441528.624384	151198043832.81064	88272844137.35493	8646783906.33207	-9037.103241235738	27742.820842866422	963.0973960826362
183445128.624384	151165486125.9452	88372704195.3895	8650249676.419634	-9050.510346033127	27734.988200890857	962.3304281305343
183448728.624384	151132880167.95294	88472536045.38327	8653712685.398907	-9063.909422732202	27727.14971051103	961.5634470940079
183452328.624384	151100225987.73572	88572339666.29709	8657172933.223476	-9077.300470946582	27719.305380036672	960.7964533574877
183455928.624384	151067523614.19675	88672115037.12137	8660630419.848299	-9090.683490298015	27711.455217772163	960.0294473049117
183459528.624384	151034773076.24063	88771862136.87677	8664085145.229744	-9104.058480416468	27703.59923201648	959.262429319722
183463128.624384	151001974402.77332	88871580944.6137	8667537109.325546	-9117.425440940042	27695.737431063204	958.4953997848652
183466728.624384	150969127622.7018	88971271439.41214	8670986312.094799	-9130.784371514947	27687.869823200555	957.7283590827969
183470328.624384	150936232764.93472	89070933600.38232	8674432753.498	-9144.13527179556	27679.996416711336	956.9613075954759
183473928.624384	150903289858.38165	89170567406.66403	8677876433.497002	-9157.478141444348	27672.117219872947	956.1942457043688
183477528.624384	150870298931.9535	89270172837.42688	8681317352.05504	-9170.81298013188	27664.23224095739	955.4271737904476
183481128.624384	150837260014.5623	89369749871.87036	8684755509.136724	-9184.13978753681	27656.34148823123	954.6600922341913
183484728.624384	150804173135.12112	89469298489.22357	8688190904.708014	-9197.458563345861	27648.444969955654	953.8930014155862
183488328.624384	150771038322.54443	89568818668.74532	8691623538.736256	-9210.76930725379	27640.542694386404	953.1259017141265
183491928.624384	150737855605.74756	89668310389.72426	8695053411.19015	-9224.072018963427	27632.634669773786	952.3587935088117
183495528.624384	150704625013.64688	89767773631.47873	8698480522.039768	-9237.366698185619	27624.72090436269	951.5916771781496
183499128.624384	150671346575.1599	89867208373.35663	8701904871.256536	-9250.65334463921	27616.80140639257	950.8245531001568
183502728.624384	150638020319.20514	89966614594.73557	8705326458.813246	-9263.931958051053	27608.876184097415	950.0574216523567
183506328.624384	150604646274.70193	90065992275.0228	8708745284.684044	-9277.202538155998	27600.9452457058	949.2902832117809
183509928.624384	150571224470.57068	90165341393.65527	8712161348.844433	-9290.465084696862	27593.00859944083	948.52313815497
183513528.624384	150537754935.7327	90264661930.09924	8715574651.271273	-9303.719597424391	27585.066253520155	947.7559868579729
183517128.624384	150504237699.11008	90363953863.85083	8718985191.94277	-9316.966076097302	27577.118216155977	946.9888296963478
183520728.624384	150470672789.62595	90463217174.43567	8722392970.8385	-9330.204520482255	27569.16449555501	946.221667045161
183524328.624384	150437060236.20404	90562451841.40878	8725797987.939358	-9343.43493035379	27561.205099918516	945.4544992789886
183527928.624384	150403400067.76907	90661657844.3548	8729200243.227615	-9356.657305494366	27553.24003744229	944.687326771917
183531528.624384	150369692313.24646	90760835162.88794	8732599736.686874	-9369.871645694338	27545.269316316615	943.9201498975406
183535128.624384	150335937001.56226	90859983776.65173	8735996468.302084	-9383.07795075193	27537.292944726312	943.1529690289642
183538728.624384	150302134161.6434	90959103665.31924	8739390438.059536	-9396.276220473213	27529.31093085072	942.3857845388043
183542328.624384	150268283822.41745	91058194808.59296	8742781645.946865	-9409.466454672125	27521.323282863665	941.6185967991864
183545928.624384	150234386012.8126	91157257186.2047	8746170091.953035	-9422.64865317041	27513.33000893351	940.8514061817473
183549528.624384	150200440761.7577	91256290777.91592	8749555776.068363	-9435.822815797663	27505.33111722306	940.0842130576335
183553128.624384	150166448098.1821	91355295563.51718	8752938698.28449	-9448.988942391261	27497.32661588968	939.3170177975039
183556728.624384	150132408051.0159	91454271522.82858	8756318858.594389	-9462.147032796378	27489.31651308517	938.5498207715284
183560328.624384	150098320649.1896	91553218635.6994	8759696256.99237	-9475.297086865961	27481.300816955834	937.7826223493881
183563928.624384	150064185921.63422	91652136882.00848	8763070893.474075	-9488.439104460747	27473.27953564247	937.0154229002751
183567528.624384	150030003897.28137	91751026241.66359	8766442768.036459	-9501.573085449172	27465.252677280332	936.2482227928962
183571128.624384	149995774605.06305	91849886694.60219	8769811880.677832	-9514.699029707463	27457.220249999154	935.4810223954671
183574728.624384	149961498073.91168	91948718220.79065	8773178231.3978	-9527.816937119525	27449.182261923143	934.7138220757183
183578328.624384	149927174332.76013	92047520800.22484	8776541820.197315	-9540.926807577003	27441.138721170944	933.9466222008919
183581928.624384	149892803410.5416	92146294412.92961	8779902647.078623	-9554.028640979208	27433.089635855707	933.1794231377435
183585528.624384	149858385336.18964	92245039038.95921	8783260712.045317	-9567.122437233164	27425.035014084984	932.4122252525417
183589128.624384	149823920138.6382	92343754658.397	8786616015.102295	-9580.208196253541	27416.97486396082	931.645028911068
183592728.624384	149789407846.82144	92442441251.35541	8789968556.25577	-9593.285917962665	27408.909193579675	930.8778344786184
183596328.624384	149754848489.67374	92541098797.97614	8793318335.513268	-9606.355602290507	27400.83801103247	930.1106423200024
183599928.624384	149720242096.12988	92639727278.42996	8796665352.88364	-9619.417249174665	27392.76132440455	929.3434527995428
183603528.624384	149685588695.12466	92738326672.91666	8800009608.377028	-9632.470858560337	27384.679141775712	928.5762662810785
183607128.624384	149650888315.59332	92836896961.66519	8803351102.0049	-9645.51643040033	27376.59147122017	927.809083127962
183610728.624384	149616140986.47092	92935438124.9336	8806689833.78002	-9658.553964655042	27368.49832080656	927.0419037030604
183614328.624384	149581346736.6929	93033950143.00888	8810025803.716473	-9671.583461292445	27360.39969859795	926.2747283687559
183617928.624384	149546505595.1948	93132432996.20708	8813359011.829622	-9684.604920288035	27352.295612651815	925.5075574869469
183621528.624384	149511617590.91202	93230886664.87314	8816689458.136154	-9697.61834162488	27344.186071020053	924.740391419047
183625128.624384	149476682752.78027	93329311129.3812	8820017142.654047	-9710.62372529359	27336.07108174897	923.9732305259854
183628728.624384	149441701109.7351	93427706370.13419	8823342065.40258	-9723.621071292264	27327.950652879266	923.2060751682068
183632328.624384	149406672690.71216	93526072367.5641	8826664226.402334	-9736.61037962653	27319.824792446056	922.438925705673
183635928.624384	149371597524.647	93624409102.13162	8829983625.67517	-9749.59165030948	27311.693508478857	921.6717824978628
183639528.624384	149336475640.4751	93722716554.32654	8833300263.244255	-9762.564883361702	27303.556809001548	920.9046459037705
183643128.624384	149301307067.1319	93820994704.66739	8836614139.134043	-9775.530078811224	27295.414702032445	920.137516281909
183646728.624384	149266091833.5527	93919243533.70178	8839925253.370281	-9788.487236693561	27287.267195584212	919.3703939903069
183650328.624384	149230829968.6728	94017463022.00586	8843233605.979998	-9801.436357051622	27279.11429766392	918.6032793865116
183653928.624384	149195521501.42694	94115653150.18475	8846539196.991514	-9814.377439935764	27270.95601627299	917.8361728275878
183657528.624384	149160166460.75006	94213813898.87245	8849842026.434439	-9827.310485403752	27262.79235940725	917.069074670118
183661128.624384	149124764875.57684	94311945248.7315	8853142094.33965	-9840.235493520719	27254.62333505688	916.3019852702035
183664728.624384	149089316774.8415	94410047180.45346	8856439400.73932	-9853.152464359215	27246.448951206432	915.5349049834642
183668328.624384	149053822187.47806	94508119674.7584	8859733945.666893	-9866.06139799914	27238.26921583482	914.7678341650383
183671928.624384	149018281142.42044	94606162712.3952	8863025729.157095	-9878.962294527722	27230.084136915328	914.0007731695842
183675528.624384	148982693668.6019	94704176274.1415	8866314751.245928	-9891.8551540396	27221.893722415574	913.2337223512773
183679128.624384	148947059794.95566	94802160340.80351	8869601011.970663	-9904.73997663667	27213.697980297547	912.4666820638154
183682728.624384	148911379550.4143	94900114893.21603	8872884511.369846	-9917.616762428166	27205.496918517594	911.699652660415
183686328.624384	148875652963.91022	94998039912.2427	8876165249.483303	-9930.48551153063	27197.29054502638	910.9326344938117
183689928.624384	148839880064.37515	95095935378.77568	8879443226.35211	-9943.3462240679	27189.07886776892	910.1656279162626
183693528.624384	148804060880.7406	95193801273.73561	8882718442.018623	-9956.19890017105	27180.861894684596	909.398633279546
183697128.624384	148768195441.9375	95291637578.07191	8885990896.526472	-9969.04353997845	27172.639633707084	908.6316509349585
183700728.624384	148732283776.89615	95389444272.76245	8889260589.920532	-9981.880143635704	27164.41209276441	907.8646812333207
183704328.624384	148696325914.54648	95487221338.81345	8892527522.246944	-9994.708711295636	27156.179279778946	907.0977245249737
183707928.624384	148660321883.8178	95584968757.25986	8895791693.553122	-10007.5292431183	27147.941202667364	906.3307811597804
183711528.624384	148624271713.63885	95682686509.16515	8899053103.887728	-10020.34173927098	27139.697869340653	905.5638514871241
183715128.624384	148588175432.93768	95780374575.62115	8902311753.300678	-10033.146199928111	27131.449287704134	904.7969358559121
183718728.624384	148552033070.64175	95878032937.74811	8905567641.843155	-10045.942625271333	27123.195465657445	904.0300346145733
183722328.624384	148515844655.6779	95975661576.69485	8908820769.56759	-10058.73101548944	27114.936411094535	903.2631481110602
183725928.624384	148479610216.97214	96073260473.63846	8912071136.52766	-10071.511370778393	27106.672131903644	902.4962766928469
183729528.624384	148443329783.44995	96170829609.78447	8915318742.778297	-10084.283691341276	27098.402635967333	901.729420706932
183733128.624384	148407003384.0359	96268368966.36679	8918563588.37568	-10097.047977388314	27090.12793116246	900.9625804998368
183736728.624384	148370631047.6539	96365878524.64761	8921805673.377243	-10109.80422913683	27081.848025360174	900.1957564176071
183740328.624384	148334212803.227	96463358265.91757	8925044997.841652	-10122.55244681126	27073.562926425937	899.4289488058123
183743928.624384	148297748679.67746	96560808171.4956	8928281561.828827	-10135.292630643122	27065.272642219483	898.6621580095457
183747528.624384	148261238705.92673	96658228222.72873	8931515365.399916	-10148.02478087099	27056.977180594844	897.8953843734265
183751128.624384	148224682910.8952	96755618400.99237	8934746408.617321	-10160.748897740526	27048.676549400334	897.1286282415978
183754728.624384	148188081323.50272	96852978687.69034	8937974691.544674	-10173.46498150442	27040.370756478547	896.3618899577273
183758328.624384	148151433972.66782	96950309064.25438	8941200214.246845	-10186.173032422397	27032.05980966636	895.5951698650097
183761928.624384	148114740887.30838	97047609512.14462	8944422976.789942	-10198.873050761204	27023.74371679494	894.8284683061645
183765528.624384	148078002096.34113	97144880012.8494	8947642979.2413	-10211.565036794585	27015.42248568969	894.0617856234367
183769128.624384	148041217628.68182	97242120547.88513	8950860221.66949	-10224.248990803317	27007.096124170326	893.2951221585978
183772728.624384	148004387513.24542	97339331098.79636	8954074704.144314	-10236.92491307509	26998.764640050795	892.5284782529469
183776328.624384	147967511778.94547	97436511647.15576	8957286426.736795	-10249.592803904616	26990.428041139323	891.7618542473086
183779928.624384	147930590454.69464	97533662174.56418	8960495389.519186	-10262.252663593536	26982.086335238404	890.9952504820349
183783528.624384	147893623569.40454	97630782662.65045	8963701592.56496	-10274.904492450432	26973.73953014478	890.2286672970051
183787128.624384	147856611151.98563	97727873093.0715	8966905035.948826	-10287.548290790819	26965.387633649447	889.4621050316268
183790728.624384	147819553231.34714	97824933447.5124	8970105719.7467	-10300.184058937133	26957.03065353766	888.6955640248343
183794328.624384	147782449836.39713	97921963707.68597	8973303644.035719	-10312.811797218694	26948.668597588916	887.9290446150912
183797928.624384	147745300996.04257	98018963855.33334	8976498808.894247	-10325.431505971716	26940.301473576958	887.1625471403886
183801528.624384	147708106739.18915	98115933872.22336	8979691214.40186	-10338.04318553929	26931.929289269785	886.3960719382471
183805128.624384	147670867094.7413	98212873740.15302	8982880860.63934	-10350.646836271382	26923.55205242961	885.6296193457158
183808728.624384	147633582091.60217	98309783440.94714	8986067747.688684	-10363.242458524777	26915.169770812925	884.8631896993729
183812328.624384	147596251758.67365	98406662956.45844	8989251875.63311	-10375.830052663108	26906.782452170413	884.0967833353275
183815928.624384	147558876124.8563	98503512268.56758	8992433244.557037	-10388.409619056838	26898.39010424702	883.3304005892169
183819528.624384	147521455219.0493	98600331359.18314	8995611854.546093	-10400.98115808323	26889.99273478191	882.5640417962095
183823128.624384	147483989070.15048	98697120210.24146	8998787705.687117	-10413.544670126354	26881.590351508472	881.7977072910037
183826728.624384	147446477707.0563	98793878803.70673	9001960798.068138	-10426.100155577049	26873.18296215432	881.031397407829
183830328.624384	147408921158.66174	98890607121.57095	9005131131.778399	-10438.64761483292	26864.77057444128	880.2651124804453
183833928.624384	147371319453.86044	98987305145.85396	9008298706.908344	-10451.18704829835	26856.353196085438	879.4988528421447
183837528.624384	147333672621.54443	99083972858.60327	9011463523.54961	-10463.71845638445	26847.930834797036	878.7326188257499
183841128.624384	147295980690.60446	99180610241.89423	9014625581.795036	-10476.241839509057	26839.503498280574	877.9664107636168
183844728.624384	147258243689.92944	99277217277.82982	9017784881.738651	-10488.757198096744	26831.071194234744	877.2002289876314
183848328.624384	147220461648.40704	99373793948.54092	9020941423.475689	-10501.264532578774	26822.633930352447	876.4340738292134
183851928.624384	147182634594.92328	99470340236.18582	9024095207.10256	-10513.763843393104	26814.1917143208	875.6679456193157
183855528.624384	147144762558.3625	99566856122.95065	9027246232.71688	-10526.255130984367	26805.744553821114	874.9018446884234
183859128.624384	147106845567.60748	99663341591.04916	9030394500.417446	-10538.738395803877	26797.2924565289	874.1357713665548
183862728.624384	147068883651.53946	99759796622.72269	9033540010.304245	-10551.213638309579	26788.83543011387	873.3697259832622
183866328.624384	147030876839.03793	99856221200.24025	9036682762.47845	-10563.680858966083	26780.373482239942	872.6037088676317
183869928.624384	146992825158.98056	99952615305.89825	9039822757.042406	-10576.140058244597	26771.9066205652	871.8377203482835
183873528.624384	146954728640.24362	100048978922.0209	9042959994.099663	-10588.591236622964	26763.43485274195	871.0717607533721
183877128.624384	146916587311.70142	100145312030.95978	9046094473.754936	-10601.034394585615	26754.958186416672	870.3058304105874
183880728.624384	146878401202.2265	100241614615.09406	9049226196.114115	-10613.469532623581	26746.476629230023	869.5399296471535
183884328.624384	146840170340.68982	100337886656.83041	9052355161.284283	-10625.896651234458	26737.990188816864	868.7740587898302
183887928.624384	146801894755.96033	100434128138.6028	9055481369.37368	-10638.315750922407	26729.498872806224	868.0082181649138
183891528.624384	146763574476.90527	100530339042.87305	9058604820.49174	-10650.72683219815	26721.002688821318	867.2424080982345
183895128.624384	146725209532.38998	100626519352.1299	9061725514.74905	-10663.129895578912	26712.501644479533	866.4766289151612
183898728.624384	146686799951.27798	100722669048.88998	9064843452.257378	-10675.524941588495	26703.995747392422	865.7108809405972
183902328.624384	146648345762.43073	100818788115.69699	9067958633.129662	-10687.911970757168	26695.485005165734	864.9451644989833
183905928.624384	146609846994.7081	100914876535.12216	9071071057.480001	-10700.290983621704	26686.969425399366	864.1794799142989
183909528.624384	146571303676.9676	101010934289.76395	9074180725.42366	-10712.661980725381	26678.449015687394	863.4138275100584
183913128.624384	146532715838.06506	101106961362.24829	9077287637.077078	-10725.024962617934	26669.92378361806	862.6482076093151
183916728.624384	146494083506.85434	101202957735.22826	9080391792.55784	-10737.37992985555	26661.39373677376	861.8826205346613
183920328.624384	146455406712.187	101298923391.38443	9083493191.984703	-10749.7268830009	26652.85888273106	861.1170666082257
183923928.624384	146416685482.91296	101394858313.42435	9086591835.477585	-10762.065822623032	26644.31922906069	860.3515461516774
183927528.624384	146377919847.87967	101490762484.08316	9089687723.157547	-10774.39674929747	26635.774783327524	859.5860594862224
183931128.624384	146339109835.93283	101586635886.12292	9092780855.146818	-10786.719663606105	26627.225553090597	858.8206069326084
183934728.624384	146300255475.91586	101682478502.33307	9095871231.568779	-10799.034566137256	26618.671545903093	858.0551888111202
183938328.624384	146261356796.6701	101778290315.53012	9098958852.547958	-10811.341457485603	26610.11276931236	857.2898054415841
183941928.624384	146222413827.03464	101874071308.55789	9102043718.210045	-10823.640338252213	26601.549230859873	856.5244571433653
183945528.624384	146183426595.84662	101969821464.28716	9105125828.681862	-10835.931209044491	26592.980938081288	855.7591442353713
183949128.624384	146144395131.94073	102065540765.61588	9108205184.091385	-10848.214070476195	26584.407898506368	854.9938670360486
183952728.624384	146105319464.14972	102161229195.46928	9111281784.567755	-10860.488923167439	26575.83011965903	854.2286258633849
183956328.624384	146066199621.3037	102256886736.79938	9114355630.241219	-10872.75576774462	26567.247609057347	853.4634210349097
183959928.624384	146027035632.2309	102352513372.58533	9117426721.243195	-10885.014604840444	26558.660374213534	852.6982528676956
183963528.624384	145987827525.75708	102448109085.83362	9120495057.706238	-10897.265435093963	26550.068422633907	851.9331216783535
183967128.624384	145948575330.7057	102543673859.57727	9123560639.764032	-10909.50825915044	26541.47176181895	851.1680277830399
183970728.624384	145909279075.89786	102639207676.87659	9126623467.551407	-10921.743077661456	26532.87039926328	850.4029714974527
183974328.624384	145869938790.15237	102734710520.81885	9129683541.204325	-10933.96989128482	26524.26434245562	849.6379531368323
183977928.624384	145830554502.28564	102830182374.51816	9132740860.85988	-10946.188700684608	26515.653598878853	848.8729730159632
183981528.624384	145791126241.11176	102925623221.11566	9135795426.65631	-10958.399506531121	26507.038176009966	848.1080314491724
183985128.624384	145751654035.44208	103021033043.77927	9138847238.732956	-10970.60230950086	26498.418081320087	847.3431287503317
183988728.624384	145712137914.08594	103116411825.70389	9141896297.230324	-10982.797110276559	26489.79332227447	846.5782652328564
183992328.624384	145672577905.8499	103211759550.11134	9144942602.290028	-10994.983909547122	26481.16390633247	845.8134412097063
183995928.624384	145632974039.53815	103307076200.25018	9147986154.054804	-11007.162708007658	26472.52984094758	845.0486569933859
183999528.624384	145593326343.95236	103402361759.39577	9151026952.66852	-11019.333506359415	26463.891133567435	844.2839128959454
184003128.624384	145553634847.8917	103497616210.85043	9154064998.276175	-11031.496305309834	26455.24779163372	843.519209228979
184006728.624384	145513899580.1526	103592839537.94302	9157100291.023863	-11043.65110557247	26446.599822582306	842.7545463036278
184010328.624384	145474120569.52908	103688031724.02939	9160132831.05882	-11055.79790786701	26437.947233843144	841.989924430579
184013928.624384	145434297844.81262	103783192752.49194	9163162618.529398	-11067.93671291928	26429.290032840305	841.2253439200656
184017528.624384	145394431434.7919	103878322606.73996	9166189653.58505	-11080.067521461195	26420.628226991965	840.4608050818665
184021128.624384	145354521368.25302	103973421270.20938	9169213936.376366	-11092.19033423077	26411.961823710404	839.6963082253085
184024728.624384	145314567673.97946	104068488726.36261	9172235467.055021	-11104.305151972094	26403.29083040204	838.9318536592665
184028328.624384	145274570380.752	104163524958.6891	9175254245.773829	-11116.411975435347	26394.615254467357	838.1674416921604
184031928.624384	145234529517.3486	104258529950.70456	9178270272.686695	-11128.510805376736	26385.93510330097	837.4030726319604
184035528.624384	145194445112.5446	104353503685.95148	9181283547.948637	-11140.601642558528	26377.250384291587	836.6387467861837
184039128.624384	145154317195.11252	104448446147.99896	9184294071.71578	-11152.684487749022	26368.561104822016	835.8744644618962
184042728.624384	145114145793.8222	104543357320.44252	9187301844.145355	-11164.759341722522	26359.867272269174	835.1102259657133
184046328.624384	145073930937.44067	104638237186.90439	9190306865.395695	-11176.82620525935	26351.168894004077	834.3460316037995
184049928.624384	145033672654.7319	104733085731.03333	9193309135.626232	-11188.885079145839	26342.465977391814	833.5818816818667
184053528.624384	144993370974.45743	104827902936.50443	9196308654.997498	-11200.935964174267	26333.758529791605	832.8177765051792
184057128.624384	144953025925.37555	104922688787.01947	9199305423.671127	-11212.978861142914	26325.04655855673	832.05371637855
184060728.624384	144912637536.2419	105017443266.30649	9202299441.809849	-11225.013770855998	26316.33007103459	831.2897016063434
184064328.624384	144872205835.8091	105112166358.12015	9205290709.577484	-11237.040694123694	26307.609074566666	830.5257324924739
184067928.624384	144831730852.82697	105206858046.24147	9208279227.138948	-11249.059631762106	26298.88357648852	829.7618093404062
184071528.624384	144791212616.04227	105301518314.47775	9211264994.660254	-11261.070584593244	26290.15358412983	828.9979324531589
184075128.624384	144750651154.1987	105396147146.66281	9214248012.30849	-11273.073553445058	26281.419104814315	828.2341021332995
184078728.624384	144710046496.0372	105490744526.65686	9217228280.251856	-11285.068539151373	26272.680145859824	827.470318682949
184082328.624384	144669398670.29553	105585310438.3462	9220205798.659616	-11297.05554255188	26263.93671457828	826.7065824037812
184085928.624384	144628707705.70856	105679844865.64378	9223180567.702131	-11309.034564492184	26255.18881827568	825.9428935970213
184089528.624384	144587973631.008	105774347792.48853	9226152587.55084	-11321.005605823706	26246.436464252103	825.1792525634487
184093128.624384	144547196474.9223	105868819202.84586	9229121858.378273	-11332.968667403764	26237.67965980171	824.4156596033946
184096728.624384	144506376266.17734	105963259080.70735	9232088380.358036	-11344.923750095459	26228.91841221276	823.6521150167457
184100328.624384	144465513033.49527	106057667410.09077	9235052153.664803	-11356.870854767738	26220.152728767564	822.8886191029414
184103928.624384	144424606805.59552	106152044175.04022	9238013178.474344	-11368.809982295374	26211.382616742532	822.1251721609759
184107528.624384	144383657611.19424	106246389359.62576	9240971454.963486	-11380.741133558895	26202.608083408137	821.3617744893983
184111128.624384	144342665479.0044	106340702947.9439	9243926983.310148	-11392.664309444663	26193.829136028926	820.5984263863118
184114728.624384	144301630437.73563	106434984924.11707	9246879763.693308	-11404.579510844782	26185.045781863526	819.8351281493754
184118328.624384	144260552516.09457	106529235272.29388	9249829796.29302	-11416.486738657135	26176.258028164648	819.0718800758041
184121928.624384	144219431742.78452	106623453976.64911	9252777081.290407	-11428.385993785349	26167.46588217905	818.3086824623679
184125528.624384	144178268146.50546	106717641021.38348	9255721618.867655	-11440.277277138779	26158.66935114759	817.5455356053944
184129128.624384	144137061755.95416	106811796390.72397	9258663409.208027	-11452.160589632524	26149.86844230516	816.782439800766
184132728.624384	144095812599.82407	106905920068.92343	9261602452.49584	-11464.035932187382	26141.06316288075	816.0193953439232
184136328.624384	144054520706.80524	107000012040.2607	9264538748.916475	-11475.903305729857	26132.253520097405	815.256402529864
184139928.624384	144013186105.5845	107094072289.04071	9267472298.65638	-11487.762711192141	26123.43952117225	814.4934616531438
184143528.624384	143971808824.8452	107188100799.59439	9270403101.903053	-11499.614149512106	26114.621173316456	813.7305730078746
184147128.624384	143930388893.26746	107282097556.27855	9273331158.845066	-11511.457621633295	26105.798483735274	812.9677368877283
184150728.624384	143888926339.52777	107376062543.47585	9276256469.67203	-11523.29312850488	26096.971459628006	812.2049535859351
184154328.624384	143847421192.29938	107469995745.59503	9279179034.574617	-11535.120671081706	26088.14010818803	811.4422233952828
184157928.624384	143805873480.25198	107563897147.07062	9282098853.74456	-11546.940250324227	26079.30443660278	810.6795466081202
184161528.624384	143764283232.0519	107657766732.36304	9285015927.374632	-11558.751867198516	26070.464452053748	809.9169235163547
184165128.624384	143722650476.36182	107751604485.95844	9287930255.65866	-11570.555522676257	26061.62016171649	809.1543544114537
184168728.624384	143680975241.84113	107845410392.36902	9290841838.791527	-11582.351217734727	26052.771572760623	808.3918395844445
184172328.624384	143639257557.14545	107939184436.13263	9293750676.969152	-11594.138953356785	26043.91869234982	807.6293793259157
184175928.624384	143597497450.9271	108032926601.81284	9296656770.388506	-11605.91873053085	26035.06152764181	806.8669739260165
184179528.624384	143555694951.83453	108126636873.9991	9299560119.247599	-11617.690550250903	26026.200085788383	806.1046236744573
184183128.624384	143513850088.513	108220315237.30652	9302460723.745485	-11629.454413516467	26017.334373935395	805.3423288605106
184186728.624384	143471962889.6038	108313961676.37596	9305358584.082264	-11641.210321332619	26008.464399222725	804.5800897730089
184190328.624384	143430033383.74475	108407576175.87402	9308253700.45907	-11652.958274709934	25999.59016878434	803.8179067003493
184193928.624384	143388061599.56998	108501158720.49284	9311146073.07807	-11664.6982746645	25990.71168974824	803.0557799304901
184197528.624384	143346047565.71002	108594709294.95044	9314035702.142475	-11676.43032221793	25981.828969236492	802.2937097509525
184201128.624384	143303991310.7917	108688227883.99017	9316922587.856531	-11688.154418397278	25972.942014365213	801.531696448822
184204728.624384	143261892863.438	108781714472.3812	9319806730.425505	-11699.8705642351	25964.05083224456	800.7697403107467
184208328.624384	143219752252.26834	108875169044.91809	9322688130.055704	-11711.578760769411	25955.155429978757	800.0078416229392
184211928.624384	143177569505.89838	108968591586.42136	9325566786.954475	-11723.279009043687	25946.255814666067	799.2460006711749
184215528.624384	143135344652.9399	109061982081.73654	9328442701.330162	-11734.971310106816	25937.351993398806	798.4842177407962
184219128.624384	143093077722.00098	109155340515.73515	9331315873.392174	-11746.655665013139	25928.443973263336	797.7224931167084
184222728.624384	143050768741.6859	109248666873.3139	9334186303.350914	-11758.332074822401	25919.531761340088	796.9608270833833
184226328.624384	143008417740.5951	109341961139.39514	9337053991.417824	-11770.000540599747	25910.615364703503	796.1992199248573
184229928.624384	142966024747.3252	109435223298.9266	9339918937.805363	-11781.661063415722	25901.6947904221	795.4376719247339
184233528.624384	142923589790.46878	109528453336.8815	9342781142.72701	-11793.313644346246	25892.77004555844	794.6761833661818
184237128.624384	142881112898.6148	109621651238.2584	9345640606.397268	-11804.958284472603	25883.84113716913	793.914754531937
184240728.624384	142838594100.34824	109714816988.0814	9348497329.031652	-11816.59498488146	25874.908072304795	793.1533857043015
184244328.624384	142796033424.25	109807950571.3997	9351351310.846685	-11828.223746664782	25865.970858010158	792.3920771651465
184247928.624384	142753430898.89725	109901051973.28818	9354202552.059921	-11839.844570919906	25857.02950132394	791.6308291959092
184251528.624384	142710786552.8631	109994121178.84685	9357051052.88992	-11851.457458749479	25848.084009278933	790.8696420775949
184255128.624384	142668100414.71667	110087158173.20103	9359896813.556242	-11863.062411261451	25839.134388901966	790.1085160907782
184258728.624384	142625372513.02304	110180162941.50131	9362739834.279463	-11874.659429569077	25830.1806472139	789.3474515156016
184262328.624384	142582602876.34344	110273135468.92375	9365580115.281181	-11886.248514790903	25821.22279122966	788.5864486317768
184265928.624384	142539791533.2349	110366075740.66943	9368417656.78398	-11897.829668050745	25812.260827958184	787.8255077185839
184269528.624384	142496938512.25052	110458983741.96474	9371252459.011457	-11909.402890477675	25803.294764402497	787.064629054875
184273128.624384	142454043841.93915	110551859458.06117	9374084522.188206	-11920.96818320602	25794.32460755962	786.3038129190704
184276728.624384	142411107550.84567	110644702874.23563	9376913846.539843	-11932.525547375366	25785.350364420636	785.5430595891604
184280328.624384	142368129667.5109	110737513975.78984	9379740432.29295	-11944.0749841305	25776.372041970673	784.7823693427082
184283928.624384	142325110220.47147	110830292748.05096	9382564279.675138	-11955.616494621445	25767.389647188906	784.0217424568461
184287528.624384	142282049238.25977	110923039176.37115	9385385388.915	-11967.15008000342	25758.40318704852	783.2611792082782
184291128.624384	142238946749.4042	111015753246.12766	9388203760.242136	-11978.675741436846	25749.41266851677	782.5006798732807
184294728.624384	142195802782.4288	111108434942.72275	9391019393.887117	-11990.193480087311	25740.418098554936	781.740244727702
184298328.624384	142152617365.8535	111201084251.58383	9393832290.081528	-12001.703297125594	25731.419484118345	780.9798740469628
184301928.624384	142109390528.194	111293701158.16335	9396642449.057941	-12013.20519372762	25722.416832156367	780.2195681060565
184305528.624384	142066122297.96173	111386285647.93874	9399449871.049915	-12024.699171074477	25713.41014961239	779.4593271795491
184309128.624384	142022812703.66394	111478837706.4123	9402254556.291988	-12036.185230352365	25704.399443423867	778.6991515415812
184312728.624384	141979461773.80344	111571357319.11134	9405056505.019688	-12047.66337275261	25695.384720522285	777.9390414658673
184316328.624384	141936069536.87897	111663844471.58826	9407855717.469542	-12059.133599471683	25686.365987833145	777.1789972256947
184319928.624384	141892636021.3846	111756299149.42029	9410652193.879044	-12070.595911711134	25677.34325227602	776.4190190939261
184323528.624384	141849161255.81052	111848721338.20953	9413445934.486673	-12082.050310677612	25668.316520764503	775.6591073429992
184327128.624384	141805645268.64227	111941111023.58293	9416236939.531897	-12093.496797582828	25659.285800206228	774.8992622449266
184330728.624384	141762088088.361	112033468191.1924	9419025209.255146	-12104.935373643586	25650.251097502874	774.1394840712967
184334328.624384	141718489743.44357	112125792826.71469	9421810743.897846	-12116.36604008173	25641.212419550135	773.3797730932733
184337928.624384	141674850262.36246	112218084915.85117	9424593543.70238	-12127.788798124151	25632.16977323777	772.6201295815973
184341528.624384	141631169673.58563	112310344444.32816	9427373608.912115	-12139.203649002779	25623.123165449564	771.8605538065858
184345128.624384	141587448005.57672	112402571397.89687	9430150939.771393	-12150.610593954563	25614.072603063345	771.1010460381324
184348728.624384	141543685286.79483	112494765762.33295	9432925536.525522	-12162.009634221458	25605.018092950962	770.341606545709
184352328.624384	141499881545.69446	112586927523.4371	9435697399.420776	-12173.400771050441	25595.959641978323	769.582235598364
184355928.624384	141456036810.7259	112679056667.0344	9438466528.704407	-12184.78400569344	25586.89725700537	768.8229334647253
184359528.624384	141412151110.3346	112771153178.97495	9441232924.624622	-12196.159339407404	25577.83094488606	768.0637004129972
184363128.624384	141368224472.96176	112863217045.13324	9443996587.430601	-12207.526773454207	25568.76071246842	767.3045367109647
184366728.624384	141324256927.04382	112955248251.40855	9446757517.372478	-12218.8863091007	25559.686566594497	766.5454426259907
184370328.624384	141280248501.0128	113047246783.72476	9449515714.701366	-12230.237947618676	25550.608514100375	765.7864184250179
184373928.624384	141236199223.29596	113139212628.03033	9452271179.669321	-12241.581690284864	25541.526561816176	765.0274643745681
184377528.624384	141192109122.3162	113231145770.2983	9455023912.529364	-12252.917538380898	25532.440716566074	764.2685807407447
184381128.624384	141147978226.49158	113323046196.52628	9457773913.535477	-12264.245493193335	25523.350985168254	763.50976778923
184384728.624384	141103806564.2356	113414913892.73636	9460521182.942587	-12275.565556013622	25514.25737443497	762.751025785288
184388328.624384	141059594163.9571	113506748844.97513	9463265721.006582	-12286.877728138094	25505.159891172498	761.9923549937641
184391928.624384	141015341054.06027	113598551039.31384	9466007527.98431	-12298.182010867982	25496.058542181134	761.233755679084
184395528.624384	140971047262.94458	113690320461.84808	9468746604.13356	-12309.478405509351	25486.95333425526	760.4752281052565
184399128.624384	140926712819.00476	113782057098.69794	9471482949.713074	-12320.766913373154	25477.84427418324	759.716772535872
184402728.624384	140882337750.63083	113873760936.00781	9474216564.98254	-12332.047535775151	25468.731368747525	758.9583892341037
184406328.624384	140837922086.20813	113965431959.94662	9476947450.202595	-12343.320274035945	25459.61462472457	758.2000784627082
184409928.624384	140793465854.11716	114057070156.70767	9479675605.634825	-12354.585129480984	25450.494048884906	757.4418404840244
184413528.624384	140748969082.73364	114148675512.50847	9482401031.541746	-12365.842103440482	25441.36964799307	756.6836755599763
184417128.624384	140704431800.42856	114240248013.59119	9485123728.186834	-12377.091197249505	25432.24142880763	755.9255839520696
184420728.624384	140659854035.56802	114331787646.22208	9487843695.834494	-12388.332412247855	25423.109398081247	755.1675659213962
184424328.624384	140615235816.51337	114423294396.6917	9490560934.750076	-12399.565749780144	25413.973562560568	754.409621728633
184427928.624384	140570577171.62094	114514768251.31482	9493275445.199858	-12410.791211195721	25404.833928986318	753.6517516340408
184431528.624384	140525878129.24246	114606209196.43074	9495987227.451067	-12422.00879784871	25395.69050409323	752.8939558974664
184435128.624384	140481138717.72458	114697617218.40279	9498696281.77186	-12433.218511097988	25386.5432946101	752.1362347783418
184438728.624384	140436358965.409	114788992303.61848	9501402608.431324	-12444.420352307134	25377.392307259764	751.378588535686
184442328.624384	140391538900.6327	114880334438.48976	9504106207.699482	-12455.614322844474	25368.23754875908	750.6210174281031
184445928.624384	140346678551.72763	114971643609.45227	9506807079.847279	-12466.800424083016	25359.079025818988	749.8635217137869
184449528.624384	140301777947.0208	115062919802.9664	9509505225.146603	-12477.978657400497	25349.916745144434	749.106101650515
184453128.624384	140256837114.83423	115154163005.51605	9512200643.870255	-12489.149024179322	25340.75071343442	748.3487574956554
184456728.624384	140211856083.48492	115245373203.60986	9514893336.29197	-12500.311525806585	25331.58093738198	747.5914895061613
184460328.624384	140166834881.28497	115336550383.78003	9517583302.686405	-12511.466163674038	25322.40742367422	746.8342979385769
184463928.624384	140121773536.5413	115427694532.58311	9520270543.329138	-12522.6129391781	25313.230178992257	746.0771830490324
184467528.624384	140076672077.556	115518805636.59966	9522955058.496677	-12533.75185371982	25304.049210011264	745.3201450932492
184471128.624384	140031530532.62598	115609883682.43402	9525636848.466436	-12544.882908704878	25294.86452340048	744.5631843265376
184474728.624384	139986348930.04312	115700928656.71497	9528315913.51676	-12556.006105543605	25285.67612582315	743.8063010037956
184478328.624384	139941127298.09415	115791940546.09485	9530992253.926907	-12567.121445650915	25276.4840239366	743.0494953795146
184481928.624384	139895865665.06082	115882919337.2501	9533665869.977037	-12578.228930446323	25267.288224392185	742.2927677077739
184485528.624384	139850564059.21964	115973865016.88121	9536336761.94825	-12589.328561353952	25258.088733835306	741.5361182422446
184489128.624384	139805222508.842	116064777571.71242	9539004930.12253	-12600.420339802491	25248.88555890542	740.7795472361885
184492728.624384	139759841042.19424	116155656988.492	9541670374.782799	-12611.504267225213	25239.678706236027	740.0230549424591
184496328.624384	139714419687.5375	116246503253.99202	9544333096.212875	-12622.58034505993	25230.46818245467	739.2666416135017
184499928.624384	139668958473.12766	116337316355.00833	9546993094.697481	-12633.648574749008	25221.253994182956	738.5103075013543
184503528.624384	139623457427.21533	116428096278.36072	9549650370.52225	-12644.708957739356	25212.036148036517	737.7540528576465
184507128.624384	139577916578.04617	116518843010.89272	9552304923.973717	-12655.761495482391	25202.814650625063	736.9978779336017
184510728.624384	139532335953.8604	116609556539.4716	9554956755.339334	-12666.806189434054	25193.589508552348	736.2417829800374
184514328.624384	139486715582.89304	116700236850.98859	9557605864.90744	-12677.843041054804	25184.36072841615	735.4857682473621
184517928.624384	139441055493.37384	116790883932.35846	9560252252.967281	-12688.872051809572	25175.128316808343	734.7298339855809
184521528.624384	139395355713.52725	116881497770.51978	9562895919.809002	-12699.893223167792	25165.892280314805	733.9739804442916
184525128.624384	139349616271.57254	116972078352.43475	9565536865.723644	-12710.906556603335	25156.652625515526	733.2182078726884
184528728.624384	139303837195.7235	117062625665.08936	9568175091.003145	-12721.91205359457	25147.4093589845	732.462516519559
184532328.624384	139258018514.18863	117153139695.49324	9570810595.940344	-12732.9097156243	25138.162487289777	731.7069066332871
184535928.624384	139212160255.17114	117243620430.67953	9573443380.82896	-12743.89954417977	25128.9120169935	730.9513784618529
184539528.624384	139166262446.8689	117334067857.70511	9576073445.963625	-12754.881540752653	25119.657954651837	730.1959322528319
184543128.624384	139120325117.4743	117424481963.65045	9578700791.639835	-12765.85570683904	25110.40030681502	729.4405682533966
184546728.624384	139074348295.17444	117514862735.6195	9581325418.153997	-12776.822043939435	25101.139080027348	728.6852867103161
184550328.624384	139028332008.15097	117605210160.73972	9583947325.803392	-12787.780553558727	25091.87428082717	727.930087869958
184553928.624384	138982276284.58	117695524226.16235	9586566514.886198	-12798.731237206208	25082.60591574688	727.1749719782849
184557528.624384	138936181152.6324	117785804919.06186	9589182985.701468	-12809.67409639553	25073.333991312964	726.4199392808606
184561128.624384	138890046640.47348	117876052226.63638	9591796738.549149	-12820.609132644728	25064.058514045937	725.664990022845
184564728.624384	138843872776.26306	117966266136.10745	9594407773.730053	-12831.536347476173	25054.77949046039	724.9101244489974
184568328.624384	138797659588.15552	118056446634.71997	9597016091.545895	-12842.455742416598	25045.49692706498	724.1553428036763
184571928.624384	138751407104.2997	118146593709.74234	9599621692.299248	-12853.367318997047	25036.210830362426	723.40064533084
184575528.624384	138705115352.83893	118236707348.46645	9602224576.293577	-12864.271078752921	25026.921206849485	722.6460322740452
184579128.624384	138658784361.91098	118326787538.20729	9604824743.833212	-12875.167023223898	25017.628063017026	721.8915038764509
184582728.624384	138612414159.6482	118416834266.30356	9607422195.22337	-12886.055153953977	25008.33140534994	721.1370603808153
184586328.624384	138566004774.17715	118506847520.11694	9610016930.770126	-12896.935472491452	24999.031240327222	720.3827020294981
184589928.624384	138519556233.61902	118596827287.03284	9612608950.780447	-12907.807980388901	24989.72757442188	719.6284290644583
184593528.624384	138473068566.0893	118686773554.4595	9615198255.562143	-12918.672679203144	24980.420414101056	718.8742417272606
184597128.624384	138426541799.69778	118776686309.82883	9617784845.423923	-12929.5295704953	24971.109765825906	718.1201402590669
184600728.624384	138379975962.54883	118866565540.59567	9620368720.67534	-12940.378655830713	24961.795636051702	717.3661249006454
184604328.624384	138333371082.74112	118956411234.2383	9622949881.626827	-12951.219936778969	24952.478031227754	716.6121958923657
184607928.624384	138286727188.36743	119046223378.25818	9625528328.589674	-12962.053414913902	24943.156957797444	715.8583534741991
184611528.624384	138240044307.5152	119136001960.17981	9628104061.876038	-12972.879091813542	24933.832422198244	715.1045978857223
184615128.624384	138193322468.26596	119225746967.55112	9630677081.798935	-12983.696969060142	24924.50443086169	714.3509293661145
184618728.624384	138146561698.69565	119315458387.94281	9633247388.672241	-12994.507048240142	24915.1729902134	713.5973481541607
184622328.624384	138099762026.8744	119405136208.94917	9635814982.810701	-13005.309330944194	24905.838106673054	712.843854488248
184625928.624384	138052923480.8667	119494780418.18715	9638379864.5299	-13016.103818767086	24896.499786654433	712.090448606371
184629528.624384	138006046088.73123	119584391003.29697	9640942034.146292	-13026.8905133078	24887.158036565368	711.3371307461284
184633128.624384	137959129878.5209	119673967951.94199	9643501491.977182	-13037.669416169494	24877.812862807776	710.5839011447238
184636728.624384	137912174878.2829	119763511251.8085	9646058238.34073	-13048.440528959429	24868.46427177767	709.8307600389683
184640328.624384	137865181116.05853	119853020890.60577	9648612273.55594	-13059.20385328903	24859.11226986513	709.0777076652785
184643928.624384	137818148619.8834	119942496856.06615	9651163597.94268	-13069.959390773834	24849.756863454317	708.324744259678
184647528.624384	137771077417.7872	120031939135.94485	9653712211.821653	-13080.707143033513	24840.39805892349	707.5718700577978
184651128.624384	137723967537.79388	120121347718.0203	9656258115.514423	-13091.447111691832	24831.035862644967	706.8190852948759
184654728.624384	137676819007.92142	120210722590.09346	9658801309.343386	-13102.179298376645	24821.67028098517	706.0663902057584
184658328.624384	137629631856.18198	120300063739.9886	9661341793.631796	-13112.903704719913	24812.301320304603	705.3137850248986
184661928.624384	137582406110.58188	120389371155.55249	9663879568.703741	-13123.620332357636	24802.928986957864	704.5612699863614
184665528.624384	137535141799.12146	120478644824.65512	9666414634.88415	-13134.329182929918	24793.553287293616	703.8088453238166
184669128.624384	137487838949.7953	120567884735.18906	9668946992.4988	-13145.03025808089	24784.17422765465	703.0565112705464
184672728.624384	137440497590.59186	120657090875.0698	9671476641.874306	-13155.723559458736	24774.791814377815	702.3042680594419
184676328.624384	137393117749.49376	120746263232.23578	9674003583.33812	-13166.409088715689	24765.406053794064	701.5521159230032
184679928.624384	137345699454.47769	120835401794.64795	9676527817.218521	-13177.086847507982	24756.01695222844	700.800055093342
184683528.624384	137298242733.51422	120924506550.29022	9679049343.844635	-13187.756837495876	24746.62451600008	700.0480858021799
184687128.624384	137250747614.56825	121013577487.16908	9681568163.54642	-13198.419060343624	24737.22875142224	699.2962082808515
184690728.624384	137203214125.59836	121102614593.314	9684084276.65466	-13209.073517719495	24727.82966480224	698.5444227603002
184694328.624384	137155642294.55724	121191617856.7768	9686597683.50097	-13219.720211295724	24718.427262441506	697.7927294710835
184697928.624384	137108032149.3916	121280587265.6322	9689108384.417803	-13230.359142748519	24709.021550635574	697.04112864337
184701528.624384	137060383718.04199	121369522807.97757	9691616379.738434	-13240.990313758066	24699.612535674074	696.289620506941
184705128.624384	137012697028.44301	121458424471.93286	9694121669.796959	-13251.613726008487	24690.200223840744	695.538205291192
184708728.624384	136964972108.52316	121547292245.64055	9696624254.928308	-13262.229381187859	24680.78462141342	694.7868832251303
184712328.624384	136917208986.2049	121636126117.26587	9699124135.468235	-13272.837280988182	24671.365734664043	694.035654537378
184715928.624384	136869407689.4045	121724926074.99649	9701621311.753307	-13283.437427105395	24661.94356985866	693.2845194561711
184719528.624384	136821568246.03214	121813692107.04266	9704115784.12092	-13294.029821239335	24652.51813325743	692.5334782093596
184723128.624384	136773690683.9919	121902424201.63724	9706607552.909286	-13304.614465093762	24643.089431114608	691.7825310244086
184726728.624384	136725775031.18176	121991122347.03555	9709096618.457443	-13315.191360376306	24633.657469678565	691.0316781283987
184730328.624384	136677821315.49344	122079786531.51535	9711582981.105232	-13325.7605087985	24624.222255191795	690.2809197480252
184733928.624384	136629829564.81256	122168416743.37675	9714066641.19332	-13336.321912075737	24614.78379389089	689.5302561096009
184737528.624384	136581799807.01859	122257012970.94263	9716547599.063183	-13346.875571927281	24605.34209200656	688.779687439054
184741128.624384	136533732069.98476	122345575202.55795	9719025855.05711	-13357.421490076245	24595.89715576362	688.0292139619289
184744728.624384	136485626381.57797	122434103426.59036	9721501409.51821	-13367.959668249601	24586.448991381032	687.2788359033879
184748328.624384	136437482769.65926	122522597631.4296	9723974262.79039	-13378.490108178132	24576.997605071858	686.5285534882106
184751928.624384	136389301262.08293	122611057805.488	9726444415.218365	-13389.012811596465	24567.543003043254	685.7783669407937
184755528.624384	136341081886.69746	122699483937.2001	9728911867.147675	-13399.527780243028	24558.08519149654	685.0282764851529
184759128.624384	136292824671.34485	122787876015.02275	9731376618.924637	-13410.035015860052	24548.62417662714	684.2782823449227
184762728.624384	136244529643.86082	122876234027.43527	9733838670.896404	-13420.534520193592	24539.15996462459	683.5283847433548
184766328.624384	136196196832.07487	122964557962.93889	9736298023.410904	-13431.026294993437	24529.692561672564	682.7785839033224
184769928.624384	136147826263.81021	123052847810.05756	9738754676.816889	-13441.510342013205	24520.221973948876	682.0288800473166
184773528.624384	136099417966.88364	123141103557.33702	9741208631.46389	-13451.98666301024	24510.74820762543	681.2792733974495
184777128.624384	136050971969.10564	123229325193.34561	9743659887.702265	-13462.455259745668	24501.2712688683	680.5297641754526
184780728.624384	136002488298.28043	123317512706.6734	9746108445.883137	-13472.91613398432	24491.79116383768	679.7803526026808
184784328.624384	135953966982.20583	123405666085.93303	9748554306.358444	-13483.369287494814	24482.30789868788	679.0310389001066
184787928.624384	135905408048.6732	123493785319.75917	9750997469.480927	-13493.814722049472	24472.821479567352	678.2818232883255
184791528.624384	135856811525.46767	123581870396.8086	9753437935.604097	-13504.25243942432	24463.331912618687	677.5327059875556
184795128.624384	135808177440.36783	123669921305.75998	9755875705.082272	-13514.682441399109	24453.839203978634	676.7836872176368
184798728.624384	135759505821.14597	123757938035.31448	9758310778.270563	-13525.10472975728	24444.343359778046	676.0347671980311
184802328.624384	135710796695.56776	123845920574.19505	9760743155.52486	-13535.519306285962	24434.844386141922	675.2859461478236
184805928.624384	135662050091.39272	123933868911.14673	9763172837.20185	-13545.926172775973	24425.342289189422	674.537224285723
184809528.624384	135613266036.37369	124021783034.93658	9765599823.659004	-13556.325331021766	24415.837075033854	673.7886018300624
184813128.624384	135564444558.2571	124109662934.35367	9768024115.25458	-13566.716782821486	24406.32874978263	673.0400789987975
184816728.624384	135515585684.78291	124197508598.20901	9770445712.347607	-13577.10052997692	24396.81731953735	672.2916560095094
184820328.624384	135466689443.68468	124285320015.33568	9772864615.297918	-13587.476574293489	24387.30279039375	671.5433330794042
184823928.624384	135417755862.68932	124373097174.58847	9775280824.46611	-13597.84491758023	24377.785168441715	670.7951104253134
184827528.624384	135368784969.51718	124460840064.84442	9777694340.213573	-13608.205561649836	24368.26445976527	670.0469882636921
184831128.624384	135319776791.88226	124548548675.00208	9780105162.902462	-13618.55850831857	24358.740670442614	669.2989668106244
184834728.624384	135270731357.49203	124636222993.98207	9782513292.89572	-13628.903759406316	24349.213806546104	668.5510462818189
184838328.624384	135221648694.0471	124723863010.72693	9784918730.557056	-13639.241316736561	24339.68387414221	667.80322689261
184841928.624384	135172528829.24179	124811468714.20096	9787321476.250969	-13649.57118213635	24330.150879291614	667.0555088579616
184845528.624384	135123371790.76378	124899040093.39021	9789721530.342716	-13659.893357436313	24320.61482804913	666.3078923924633
184849128.624384	135074177606.29416	124986577137.30252	9792118893.198334	-13670.207844470635	24311.075726463743	665.5603777103331
184852728.624384	135024946303.5073	125074079834.96759	9794513565.184628	-13680.51464507707	24301.533580578594	664.8129650254168
184856328.624384	134975677910.0711	125161548175.43677	9796905546.66917	-13690.813761096897	24291.988396431007	664.06565455119
184859928.624384	134926372453.64668	125248982147.78323	9799294838.020306	-13701.105194374944	24282.440180052432	663.318446500755
184863528.624384	134877029961.8887	125336381741.10172	9801681439.607141	-13711.388946759549	24272.888937468546	662.5713410868456
184867128.624384	134827650462.4449	125423746944.50873	9804065351.799547	-13721.665020102573	24263.334674699145	661.824338521824
184870728.624384	134778233982.95654	125511077747.14255	9806446574.96817	-13731.933416259399	24253.777397758215	661.0774390176819
184874328.624384	134728780551.05821	125598374138.16281	9808825109.484404	-13742.19413708887	24244.21711265394	660.3306427860438
184877928.624384	134679290194.3777	125685636106.751	9811200955.72041	-13752.447184453347	24234.65382538864	659.5839500381628
184881528.624384	134629762940.5361	125772863642.11017	9813574114.04911	-13762.69256021866	24225.08754195884	658.8373609849235
184885128.624384	134580198817.14781	125860056733.46487	9815944584.844187	-13772.930266254101	24215.518268355223	658.0908758368428
184888728.624384	134530597851.82053	125947215370.06134	9818312368.480076	-13783.16030443243	24205.946010562682	657.3444948040685
184892328.624384	134480960072.15506	126034339541.16711	9820677465.331968	-13793.382676629855	24196.370774560266	656.5982180963817
184895928.624384	134431285505.74571	126121429236.07147	9823039875.77581	-13803.59738472601	24186.792566321226	655.8520459231954
184899528.624384	134381574180.17966	126208484444.08508	9825399600.188305	-13813.804430603977	24177.21139181298	655.1059784935559
184903128.624384	134331826123.03775	126295505154.54013	9827756638.946905	-13824.003816150249	24167.627256997173	654.3600160161435
184906728.624384	134282041361.89352	126382491356.79025	9830110992.429815	-13834.195543254753	24158.040167829586	653.6141586992703
184910328.624384	134232219924.31416	126469443040.21045	9832462661.015984	-13844.379613810783	24148.450130260233	652.868406750885
184913928.624384	134182361837.85966	126556360194.1972	9834811645.085114	-13854.556029715055	24138.857150233314	652.1227603785687
184917528.624384	134132467130.08348	126643242808.16835	9837157945.01765	-13864.724792867655	24129.26123368722	651.3772197895393
184921128.624384	134082535828.53201	126730090871.56302	9839501561.194784	-13874.885905172046	24119.662386554537	650.6317851906485
184924728.624384	134032567960.74495	126816904373.84192	9841842493.998457	-13885.039368535065	24110.060614762057	649.8864567883841
184928328.624384	133982563554.25504	126903683304.48686	9844180743.811348	-13895.185184866901	24100.45592423077	649.14123478887
184931928.624384	133932522636.58807	126990427653.00104	9846516311.01687	-13905.323356081088	24090.848320875873	648.396119397866
184935528.624384	133882445235.26309	127077137408.9089	9848849195.99919	-13915.453884094495	24081.23781060677	647.6511108207694
184939128.624384	133832331377.79214	127163812561.75616	9851179399.1432	-13925.576770827327	24071.624399327065	646.9062092626141
184942728.624384	133782181091.68033	127250453101.10986	9853506920.834545	-13935.692018203114	24062.00809293457	646.1614149280714
184946328.624384	133731994404.42601	127337059016.5582	9855831761.459595	-13945.799628148678	24052.388897321332	645.4167280214509
184949928.624384	133681771343.5203	127423630297.71057	9858153921.40546	-13955.899602594163	24042.766818373573	644.6721487466998
184953528.624384	133631511936.44765	127510166934.19757	9860473401.059977	-13965.991943472996	24033.141861971766	643.9276773074045
184957128.624384	133581216210.68527	127596668915.67087	9862790200.811718	-13976.076652721882	24023.51403399057	643.1833139067899
184960728.624384	133530884193.70364	127683136231.8034	9865104321.049994	-13986.153732280814	24013.883340298897	642.4390587477204
184964328.624384	133480515912.96611	127769568872.28922	9867415762.164835	-13996.22318409303	24004.24978675985	641.6949120327006
184967928.624384	133430111395.92914	127855966826.8433	9869724524.547005	-14006.285010105046	23994.61337923078	640.9508739638745
184971528.624384	133379670670.04202	127942330085.2019	9872030608.587994	-14016.339212266612	23984.97412356324	640.2069447430265
184975128.624384	133329193762.7471	128028658637.1222	9874334014.680012	-14026.385792530717	23975.332025603035	639.4631245715831
184978728.624384	133278680701.47968	128114952472.38248	9876634743.216005	-14036.424752853578	23965.68709119017	638.7194136506097
184982328.624384	133228131513.66808	128201211580.78206	9878932794.589638	-14046.45609519464	23956.03932615891	637.9758121808155
184985928.624384	133177546226.73352	128287435952.14111	9881228169.195293	-14056.479821516547	23946.388736337736	637.2323203625508
184989528.624384	133126924868.09007	128373625576.30093	9883520867.428074	-14066.49593378515	23936.735327549384	636.488938395808
184993128.624384	133076267465.14478	128459780443.12373	9885810889.683805	-14076.504433969498	23927.079105610792	635.7456664802221
184996728.624384	133025574045.29759	128545900542.49254	9888098236.359032	-14086.505324041816	23917.420076333183	635.0025048150719
185000328.624384	132974844635.9414	128631985864.31146	9890382907.85101	-14096.498605977504	23907.75824552198	634.259453599279
185003928.624384	132924079264.46194	128718036398.50537	9892664904.55772	-14106.484281755134	23898.093618976887	633.5165130314094
185007528.624384	132873277958.23781	128804052135.02014	9894944226.877851	-14116.46235335643	23888.426202491817	632.773683309672
185011128.624384	132822440744.6404	128890033063.82239	9897220875.210802	-14126.43282276627	23878.756001854967	632.0309646319218
185014728.624384	132771567651.03415	128975979174.89943	9899494849.956692	-14136.395691972655	23869.083022848758	631.288357195658
185018328.624384	132720658704.7761	129061890458.2598	9901766151.516342	-14146.350962966742	23859.40727124988	630.5458611980246
185021928.624384	132669713933.21623	129147766903.93228	9904034780.29128	-14156.298637742782	23849.728752829255	629.8034768358125
185025528.624384	132618733363.69737	129233608501.96683	9906300736.683754	-14166.238718298151	23840.047473352104	629.0612043054577
185029128.624384	132567717023.55516	129319415242.43405	9908564021.096714	-14176.171206633338	23830.363438577857	628.3190438030427
185032728.624384	132516664940.11789	129405187115.42514	9910824633.933805	-14186.096104751909	23820.67665426024	627.5769955242971
185036328.624384	132465577140.7068	129490924111.05217	9913082575.599394	-14196.013414660527	23810.98712614724	626.8350596645977
185039928.624384	132414453652.63579	129576626219.44778	9915337846.498531	-14205.92313836893	23801.294859981084	626.0932364189683
185043528.624384	132363294503.21156	129662293430.76524	9917590447.036976	-14215.825277889911	23791.599861498296	625.3515259820814
185047128.624384	132312099719.73357	129747925735.17868	9919840377.621204	-14225.719835239357	23781.90213642965	624.6099285482563
185050728.624384	132260869329.49403	129833523122.88254	9922087638.658361	-14235.606812436154	23772.201690500213	623.868444311464
185054328.624384	132209603359.77779	129919085584.09209	9924332230.556314	-14245.48621150228	23762.498529429293	623.1270734653206
185057928.624384	132158301837.86252	130004613109.04314	9926574153.723616	-14255.35803446272	23752.792658930503	622.3858162030937
185061528.624384	132106964791.01854	130090105687.99191	9928813408.569508	-14265.222283345478	23743.084084711743	621.6446727177015
185065128.624384	132055592246.50887	130175563311.21542	9931049995.503944	-14275.078960181596	23733.372812475158	620.9036432017101
185068728.624384	132004184231.58923	130260985969.01096	9933283914.937553	-14284.928067005098	23723.65884791721	620.1627278473384
185072328.624384	131952740773.508	130346373651.69647	9935515167.281668	-14294.76960585303	23713.942196728625	619.4219268464541
185075928.624384	131901261899.50623	130431726349.61023	9937743752.948303	-14304.6035787654	23704.222864594427	618.6812403905777
185079528.624384	131849747636.8176	130517044053.11124	9939969672.350166	-14314.429987785225	23694.500857193932	617.9406686708805
185083128.624384	131798198012.66841	130602326752.57857	9942192925.900646	-14324.248834958471	23684.776180200737	617.2002118781862
185086728.624384	131746613054.27763	130687574438.41196	9944413514.013828	-14334.06012233409	23675.048839282746	616.4598702029701
185090328.624384	131694992788.85687	130772787101.03148	9946631437.104477	-14343.863851963968	23665.318840102158	615.7196438353616
185093928.624384	131643337243.61034	130857964730.87753	9948846695.58804	-14353.660025902936	23655.58618831547	614.9795329651421
185097528.624384	131591646445.73476	130943107318.41098	9951059289.88065	-14363.448646208788	23645.850889573474	614.2395377817467
185101128.624384	131539920422.41953	131028214854.1129	9953269220.399118	-14373.229714942223	23636.11294952128	613.4996584742648
185104728.624384	131488159200.8466	131113287328.48471	9955476487.560942	-14383.003234166863	23626.37237379829	612.7598952314396
