183286728.624384	152551969815.13895	83952480292.5332	8495144671.138846	-8452.7771474741	28074.05223283457	996.1764468165662
183290328.624384	152521515059.3075	84053533249.6385	8498729526.314976	-8466.530313397087	28066.478456812278	995.4097573450359
183293928.624384	152491010806.4905	84154558929.97163	8502311621.357418	-8480.275472632478	28058.89847193996	994.6430392795166
183297528.624384	152460457085.51346	84255557311.19609	8505890956.163959	-8494.012624435358	28051.312286748795	993.8762930224052
183301128.624384	152429853925.20438	84356528371.00607	8509467530.633832	-8507.741768069583	28043.719909764837	993.1095189756036
183304728.624384	152399201354.394	84457472087.12646	8513041344.667717	-8521.462902807776	28036.12134950902	992.3427175405184
183308328.624384	152368499401.91568	84558388437.31282	8516612398.167739	-8535.176027931304	28028.516614497137	991.5758891180614
183311928.624384	152337748096.6053	84659277399.35135	8520180691.037463	-8548.881142730266	28020.90571323984	990.8090341086496
183315528.624384	152306947467.30124	84760138951.05887	8523746223.181897	-8562.578246503484	28013.288654242642	990.0421529122054
183319128.624384	152276097542.8445	84860973070.2828	8527308994.507486	-8576.26733855848	28005.6654460059	989.2752459281568
183322728.624384	152245198352.0785	84961779734.90121	8530869004.922113	-8589.948418211467	27998.03609702481	988.5083135554372
183326328.624384	152214249923.84906	85062558922.82268	8534426254.335097	-8603.621484787334	27990.400615789407	987.7413561924863
183329928.624384	152183252287.00452	85163310611.98637	8537980742.657188	-8617.286537619633	27982.759010784554	986.9743742372491
183333528.624384	152152205470.39548	85264034780.36198	8541532469.800571	-8630.943576050564	27975.111290489935	986.2073680871774
183337128.624384	152121109502.875	85364731405.94972	8545081435.678859	-8644.592599430956	27967.457463380055	985.440338139229
183340728.624384	152089964413.2984	85465400466.7803	8548627640.207092	-8658.23360712026	27959.797537924227	984.6732847898679
183344328.624384	152058770230.52332	85566041940.91492	8552171083.30174	-8671.866598486533	27952.13152258657	983.9062084350653
183347928.624384	152027526983.40964	85666655806.44522	8555711764.880693	-8685.491572906416	27944.459425826	983.1391094702986
183351528.624384	151996234700.81946	85767242041.4933	8559249684.863268	-8699.108529765133	27936.78125609623	982.3719882905525
183355128.624384	151964893411.61713	85867800624.21169	8562784843.1702	-8712.717468456469	27929.097021845755	981.6048452903185
183358728.624384	151933503144.6691	85968331532.7833	8566317239.723646	-8726.318388382753	27921.406731517854	980.8376808635957
183362328.624384	151902063928.844	86068834745.42145	8569846874.447179	-8739.911288954852	27913.710393550584	980.0704954038902
183365928.624384	151870575793.01254	86169310240.36981	8573373747.265786	-8753.49616959215	27906.008016376767	979.3032893042159
183369528.624384	151839038766.04755	86269757995.90242	8576897858.105872	-8767.073029722536	27898.29960842399	978.5360629570945
183373128.624384	151807452876.82382	86370177990.32364	8580419206.895251	-8780.641868782392	27890.585178114598	977.7688167545555
183376728.624384	151775818154.21826	86470570201.96812	8583937793.5631485	-8794.202686216573	27882.86473386569	977.0015510881364
183380328.624384	151744134627.10968	86570934609.20084	8587453618.040198	-8807.7554814784	27875.13828408911	976.2342663488831
183383928.624384	151712402324.37888	86671271190.41702	8590966680.258442	-8821.300254029642	27867.40583719144	975.46696292735
183387528.624384	151680621274.90857	86771579924.04216	8594476980.151325	-8834.837003340503	27859.667401574003	974.6996412135996
183391128.624384	151648791507.58334	86871860788.53197	8597984517.653698	-8848.365728889605	27851.922985632846	973.9323015972038
183394728.624384	151616913051.2897	86972113762.37239	8601489292.701809	-8861.886430163977	27844.172597758738	973.164944467243
183398328.624384	151584985934.91592	87072338824.07957	8604991305.23331	-8875.399106659042	27836.416246337172	972.3975702123067
183401928.624384	151553010187.3521	87172535952.19983	8608490555.187252	-8888.9037578786	27828.653939748354	971.630179220494
183405528.624384	151520985837.4901	87272705125.30962	8611987042.504078	-8902.400383334809	27820.88568636719	970.8627718794131
183409128.624384	151488912914.22357	87372846322.01556	8615480767.12563	-8915.888982548186	27813.111494563294	970.095348576182
183412728.624384	151456791446.4478	87472959520.9544	8618971728.995136	-8929.369555047579	27805.331372700974	969.3279096974285
183416328.624384	151424621463.05984	87573044700.79297	8622459928.057222	-8942.842100370155	27797.545329139226	968.5604556292903
183419928.624384	151392402992.9583	87673101840.2282	8625945364.257902	-8956.306618061393	27789.753372231735	967.7929867574154
183423528.624384	151360136065.0435	87773130917.98705	8629428037.544575	-8969.763107675064	27781.95551032686	967.025503466962
183427128.624384	151327820708.21725	87873131912.82655	8632907947.866024	-8983.211568773217	27774.15175176764	966.2580061425991
183430728.624384	151295456951.38306	87973104803.53378	8636385095.17242	-8996.652000926166	27766.34210489178	965.4904951685061
183434328.624384	151263044823.44583	88073049568.9258	8639859479.415318	-9010.084403712477	27758.52657803165	964.7229709283733
183437928.624384	151230584353.31207	88172966187.84962	8643331100.547646	-9023.508776718954	27750.70517951428	963.9554338054024
183441528.624384	151198075569.88968	88272854639.1823	8646799958.523716	-9036.925119540623	27742.877917661343	963.1878841823061
183445128.624384	151165518502.08807	88372714901.83076	8650266053.299217	-9050.33343178072	27735.044800789172	962.4203224413086
183448728.624384	151132913178.81802	88472546954.73193	8653729384.831211	-9063.733713050675	27727.205837208738	961.6527489641459
183452328.624384	151100259628.99173	88572350776.85258	8657189953.078135	-9077.125962970098	27719.361035225647	960.8851641320656
183455928.624384	151067557881.5227	88672126347.18942	8660647757.999794	-9090.510181166768	27711.51040314014	960.1175683258275
183459528.624384	151034807965.32584	88771873644.76901	8664102799.557367	-9103.886367276617	27703.65394924708	959.3499619257036
183463128.624384	151002009909.31726	88871592648.64778	8667555077.713402	-9117.254520943714	27695.791681835963	958.5823453114783
183466728.624384	150969163742.4144	88971283337.91196	8671004592.431808	-9130.614641820257	27687.923609190886	957.8147188624486
183470328.624384	150936269493.53592	89070945691.67761	8674451343.677864	-9143.966729566551	27680.049739590573	957.0470829574241
183473928.624384	150903327191.60168	89170579689.09059	8677895331.41821	-9157.310783851	27672.170081308344	956.2794379747278
183477528.624384	150870336865.53275	89270185309.32654	8681336555.620842	-9170.646804350092	27664.284642612125	955.5117842921956
183481128.624384	150837298544.25128	89369762531.59082	8684775016.255125	-9183.974790748383	27656.393431764438	954.7441222871768
183484728.624384	150804212256.68063	89469311335.11856	8688210713.291775	-9197.294742738484	27648.496457022396	953.9764523365343
183488328.624384	150771078031.7452	89568831699.1746	8691643646.702866	-9210.606660021049	27640.5937266377	953.2087748166449
183491928.624384	150737895898.37048	89668323603.05348	8695073816.461823	-9223.910542304759	27632.68524885663	952.4410901033993
183495528.624384	150704665885.48297	89767787026.07939	8698501222.543428	-9237.206389306306	27624.771031920045	951.6733985722024
183499128.624384	150671388022.01016	89867221947.6062	8701925864.923811	-9250.494200750385	27616.85108406338	950.9057005979734
183502728.624384	150638062336.88055	89966628347.01743	8705347743.580452	-9263.773976369675	27608.92541351663	950.1379965551461
183506328.624384	150604688859.0236	90066006203.72617	8708766858.492176	-9277.045715904827	27600.994028504356	949.3702868176691
183509928.624384	150571267617.36963	90165355497.17516	8712183209.639154	-9290.30941910445	27593.056937245678	948.6025717590062
183513528.624384	150537798640.8499	90264676206.8367	8715596797.002903	-9303.565085725095	27585.114147954268	947.834851752136
183517128.624384	150504281958.39658	90363968312.21265	8719007620.566278	-9316.812715531249	27577.16566883834	947.067127169553
183520728.624384	150470717598.94254	90463231792.8344	8722415680.313478	-9330.052308295308	27569.211508100667	946.2993983832669
183524328.624384	150437105591.42157	90562466628.26286	8725820976.23004	-9343.283863797575	27561.251673938543	945.5316657648032
183527928.624384	150403445964.7682	90661672798.08847	8729223508.302832	-9356.50738182624	27553.286174543806	944.7639296852036
183531528.624384	150369738747.91766	90760850281.93112	8732623276.520063	-9369.72286217737	27545.31501810282	943.9961905150261
183535128.624384	150335983969.80597	90859999059.44017	8736020280.871275	-9382.930304654888	27537.33821279648	943.228448624345
183538728.624384	150302181659.3698	90959119110.29442	8739414521.347338	-9396.12970907057	27529.355766800196	942.4607043827513
183542328.624384	150268331845.54654	91058210414.2021	8742805997.940453	-9409.32107524402	27521.36768828389	941.6929581593527
183545928.624384	150234434557.27414	91157272950.90083	8746194710.64415	-9422.504403002666	27513.373985412007	940.9252103227742
183549528.624384	150200489823.4912	91256306700.15762	8749580659.453283	-9435.679692181735	27505.374666343487	940.1574612411581
183553128.624384	150166497673.1369	91355311641.76884	8752963844.364033	-9448.846942624254	27497.369739231777	939.3897112821641
183556728.624384	150132458135.15097	91454287755.56021	8756344265.373901	-9462.006154181023	27489.359212224823	938.6219608129695
183560328.624384	150098371238.47363	91553235021.38676	8759721922.481712	-9475.157326710609	27481.343093465064	937.8542102002699
183563928.624384	150064237012.04565	91652153419.13283	8763096815.687609	-9488.300460079327	27473.321391089426	937.0864598102788
183567528.624384	150030055484.80823	91751042928.71202	8766468944.993052	-9501.43555416123	27465.29411322932	936.3187100087281
183571128.624384	149995826685.703	91849903530.06725	8769838310.400816	-9514.562608838094	27457.26126801064	935.5509611608683
183574728.624384	149961550643.67203	91948735203.17061	8773204911.914991	-9527.681623999404	27449.22286355375	934.7832136314687
183578328.624384	149927227387.65775	92047537928.02348	8776568749.540981	-9540.792599542343	27441.178907973495	934.0154677848177
183581928.624384	149892856946.60297	92146311684.6564	8779929823.285498	-9553.895535371772	27433.12940937918	933.2477239847229
183585528.624384	149858439349.45084	92245056453.12912	8783288133.156563	-9566.990431400223	27425.074375874574	932.4799825945115
183589128.624384	149823974625.14474	92343772213.53053	8786643679.163506	-9580.077287547881	27417.013815557904	931.7122439770303
183592728.624384	149789462802.62842	92442458945.97868	8789996461.31696	-9593.156103742574	27408.947736521855	930.944508494646
183596328.624384	149754903910.84583	92541116630.62074	8793346479.628862	-9606.226879919755	27400.87614685356	930.1767765092455
183599928.624384	149720297978.7411	92639745247.63298	8796693734.112455	-9619.289616022492	27392.799054634597	929.4090483822362
183603528.624384	149685645035.2586	92738344777.22075	8800038224.782278	-9632.344312001449	27384.716467940994	928.6413244745459
183607128.624384	149650945109.3429	92836915199.61847	8803379951.65417	-9645.390967814883	27376.628394843206	927.8736051466233
183610728.624384	149616198229.9386	92935456495.08961	8806718914.745262	-9658.429583428619	27368.53484340613	927.1058907584384
183614328.624384	149581404425.99048	93033968643.92667	8810055114.073988	-9671.46015881604	27360.435821689087	926.3381816694822
183617928.624384	149546563726.44342	93132451626.45111	8813388549.660072	-9684.482693958078	27352.33133774583	925.5704782387674
183621528.624384	149511676160.2423	93230905423.01343	8816719221.524529	-9697.497188843196	27344.221399624526	924.8027808248283
183625128.624384	149476741756.33206	93329330013.99304	8820047129.689661	-9710.503643467371	27336.106015367768	924.0350897857215
183628728.624384	149441760543.65765	93427725379.79836	8823372274.179064	-9723.50205783409	27327.98519301256	923.2674054790256
183632328.624384	149406732551.16397	93526091500.86665	8826694655.017616	-9736.492431954328	27319.85894059031	922.4997282618415
183635928.624384	149371657807.79587	93624428357.66415	8830014272.231483	-9749.474765846537	27311.727266126843	921.7320584907932
183639528.624384	149336536342.4981	93722735930.68594	8833331125.848112	-9762.449059536635	27303.590177642378	920.9643965220273
183643128.624384	149301368184.2154	93821014200.45598	8836645215.89623	-9775.415313057989	27295.447683151535	920.1967427112138
183646728.624384	149266153361.89224	93919263147.52704	8839956542.405848	-9788.373526451402	27287.299790663328	919.4290974135458
183650328.624384	149230891904.47302	94017482752.48076	8843265105.408249	-9801.323699765098	27279.146508181162	918.6614609837404
183653928.624384	149195583840.90195	94115672995.92755	8846570904.935997	-9814.265833054718	27270.98784370283	917.8938337760384
183657528.624384	149160229200.123	94213833858.50662	8849873941.022928	-9827.199926383293	27262.823805220505	917.1262161442047
183661128.624384	149124828011.07986	94311965320.88593	8853174213.704151	-9840.125979821236	27254.65440072074	916.3586084415285
183664728.624384	149089380302.71606	94410067363.76218	8856471723.016047	-9853.043993446332	27246.47963818447	915.5910110208239
183668328.624384	149053886103.97473	94508139967.8608	8859766468.996264	-9865.953967343723	27238.299525586994	914.8234242344294
183671928.624384	149018345443.79874	94606183113.9359	8863058451.683718	-9878.855901605888	27230.11407089798	914.0558484342089
183675528.624384	148982758351.1306	94704196782.77031	8866347671.118593	-9891.749796332639	27221.92328208146	913.2882839715514
183679128.624384	148947124854.91248	94802180955.17549	8869634127.342339	-9904.635651631099	27213.727167095836	912.5207311973718
183682728.624384	148911444984.08606	94900135611.99155	8872917820.397661	-9917.513467615698	27205.525733893857	911.7531904621104
183686328.624384	148875718767.59268	94998060734.0872	8876198750.328531	-9930.383244408149	27197.31899042263	910.9856621157339
183689928.624384	148839946234.3732	95095956302.3598	8879476917.18018	-9943.244982137443	27189.106944623614	910.2181465077351
183693528.624384	148804127413.368	95193822297.73523	8882752320.999092	-9956.098680939831	27180.88960443261	909.4506439871335
183697128.624384	148768262333.51697	95291658701.16797	8886024961.83301	-9968.944340958813	27172.666977779765	908.6831549024752
183700728.624384	148732351023.75946	95389465493.641	8889294839.73093	-9981.781962345123	27164.43907258957	907.9156796018334
183704328.624384	148696393513.03427	95487242656.16588	8892561954.743101	-9994.611545256717	27156.20589678084	907.1482184328087
183707928.624384	148660389830.2796	95584990169.7826	8895826306.92102	-10007.433089858756	27147.967458266736	906.3807717425292
183711528.624384	148624340004.43304	95682708015.55965	8899087896.317438	-10020.246596323597	27139.72376495474	905.6133398776508
183715128.624384	148588244064.4316	95780396174.594	8902346722.986347	-10033.05206483078	27131.474824746663	904.8459231843573
183718728.624384	148552102039.21158	95878054628.01102	8905602786.982986	-10045.849495567008	27123.22064553864	904.078522008361
183722328.624384	148515913957.70862	95975683356.96454	8908856088.363842	-10058.638888726146	27114.961235221122	903.3111366949028
183725928.624384	148479679848.8576	96073282342.63675	8912106627.186638	-10071.42024450919	27106.696601678876	902.5437675887521
183729528.624384	148443399741.59274	96170851566.23822	8915354403.510342	-10084.193563124272	27098.426752790983	901.7764150342075
183733128.624384	148407073664.84744	96268391009.00787	8918599417.395159	-10096.958844786634	27090.151696430836	901.0090793750971
183736728.624384	148370701647.55435	96365900652.21298	8921841668.902529	-10109.716089718619	27081.871440466126	900.2417609547784
183740328.624384	148334283718.64526	96463380477.14912	8925081158.09513	-10122.46529814966	27073.585992758857	899.4744601161387
183743928.624384	148297819907.05118	96560830465.14018	8928317885.036875	-10135.206470316265	27065.295361165325	898.7071772015955
183747528.624384	148261310241.7022	96658250597.53828	8931551849.792902	-10147.939606462	27056.999553536123	897.9399125530966
183751128.624384	148224754751.5276	96755640855.72382	8934783052.429586	-10160.66470683748	27048.698577716143	897.1726665121204
183754728.624384	148188153465.4556	96853001221.10541	8938011493.014528	-10173.381771700359	27040.392441544558	896.4054394196761
183758328.624384	148151506412.41364	96950331675.1199	8941237171.616556	-10186.090801315304	27032.081152854837	895.6382316163041
183761928.624384	148114813621.3281	97047632199.23233	8944460088.305721	-10198.791795953997	27023.764719474726	894.8710434420763
183765528.624384	148078075121.1244	97144902774.93588	8947680243.153301	-10211.484755895115	27015.443149226252	894.1038752365959
183769128.624384	148041290940.72693	97242143383.7519	8950897636.231794	-10224.169681424313	27007.116449925725	893.3367273389983
183772728.624384	148004461109.05908	97339354007.22986	8954112267.614918	-10236.846572834218	26998.78462938373	892.5696000879512
183776328.624384	147967585655.04312	97436534626.94734	8957324137.37761	-10249.51543042441	26990.447695405113	891.8024938216545
183779928.624384	147930664607.60025	97533685224.51001	8960533245.596022	-10262.176254501413	26982.105655789	891.0354088778406
183783528.624384	147893697995.65054	97630805781.5516	8963739592.347523	-10274.82904537868	26973.758518328777	890.2683455937754
183787128.624384	147856685848.11298	97727896279.7339	8966943177.710693	-10287.473803376577	26965.406290812094	889.5013043062577
183790728.624384	147819628193.9053	97824956700.74672	8970144001.765327	-10300.110528822379	26957.048981020864	888.7342853516197
183794328.624384	147782525061.94412	97921987026.30786	8973342064.592428	-10312.739222050244	26948.686596731248	887.9672890657278
183797928.624384	147745376481.1448	98018987238.16312	8976537366.274206	-10325.35988340121	26940.31914571367	887.200315783982
183801528.624384	147708182480.42148	98115957318.08624	8979729906.89408	-10337.972513223178	26931.946635732802	886.4333658413168
183805128.624384	147670943088.687	98212897247.87895	8982919686.53667	-10350.577111870898	26923.569074547566	885.6664395722013
183808728.624384	147633658334.853	98309807009.37085	8986106705.287807	-10363.17367970596	26915.186469911125	884.8995373106393
183812328.624384	147596328247.82968	98406686584.41946	8989290963.234516	-10375.762217096775	26906.798829570886	884.1326593901698
183815928.624384	147558952856.526	98503535954.9102	8992472460.465025	-10388.342724418566	26898.4061612685	883.3658061438672
183819528.624384	147521532189.84952	98600355102.75633	8995651197.06876	-10400.915202053355	26890.008472739853	882.5989779043415
183823128.624384	147484066276.7064	98697144009.89894	8998827173.136343	-10413.479650389949	26881.60577171506	881.8321750037387
183826728.624384	147446555146.0014	98793902658.30696	9002000388.759592	-10426.036069823924	26873.19806591848	881.065397773741
183830328.624384	147408998826.63788	98890631029.9771	9005170844.031517	-10438.584460757618	26864.78536306869	880.298646545567
183833928.624384	147371397347.51767	98987329106.93385	9008338539.04632	-10451.124823600114	26856.3676708785	879.531921649972
183837528.624384	147333750737.54117	99083996871.22946	9011503473.899393	-10463.657158767226	26847.944997054936	878.7652234172485
183841128.624384	147296059025.60724	99180634304.94392	9014665648.687315	-10476.18146668149	26839.51734929925	877.9985521772262
183844728.624384	147258322240.61325	99277241390.18494	9017825063.507854	-10488.697747772147	26831.08473530692	877.2319082592722
183848328.624384	147220540411.45496	99373818109.08788	9020981718.459963	-10501.206002475134	26822.647162767622	876.4652919922919
183851928.624384	147182713567.02655	99470364443.81583	9024135613.643774	-10513.706231233065	26814.204639365264	875.6987037047284
183855528.624384	147144841736.22067	99566880376.5595	9027286749.160604	-10526.198434495227	26805.757172777954	874.9321437245633
183859128.624384	147106924947.92825	99663365889.53722	9030435125.112951	-10538.682612717555	26797.304770678013	874.1656123793169
183862728.624384	147068963231.0386	99759820964.99496	9033580741.604488	-10551.158766362634	26788.847440731966	873.3991099960487
183866328.624384	147030956614.43936	99856245585.20627	9036723598.740068	-10563.626895899672	26780.38519060054	872.6326369013569
183869928.624384	146992905127.01648	99952639732.47224	9039863696.625715	-10576.087001804495	26771.918027938664	871.8661934213799
183873528.624384	146954808797.65414	100049003389.12157	9043001035.36863	-10588.539084559534	26763.445960395467	871.0997798817954
183877128.624384	146916667655.23483	100145336537.5104	9046135615.077183	-10600.983144653806	26754.968995614272	870.3333966078213
183880728.624384	146878481728.63922	100241639160.02246	9049267435.860914	-10613.41918258291	26746.4871412326	869.5670439242161
183884328.624384	146840251046.74622	100337911239.06891	9052396497.830534	-10625.847198849006	26738.000404882154	868.8007221552787
183887928.624384	146801975638.4329	100434152757.0884	9055522801.097918	-10638.267193960808	26729.508794188834	868.0344316248489
183891528.624384	146763655532.57446	100530363696.547	9058646345.776106	-10650.67916843357	26721.012316772725	867.268172656308
183895128.624384	146725290758.0443	100626544039.93823	9061767131.979303	-10663.083122789069	26712.510980248095	866.5019455725786
183898728.624384	146686881343.7139	100722693769.78299	9064885159.822876	-10675.479057555596	26704.004792223393	865.7357506961253
183902328.624384	146648427318.4528	100818812868.62956	9068000429.42335	-10687.866973267945	26695.49376030125	864.9695883489544
183905928.624384	146609928711.1286	100914901319.0536	9071112940.898409	-10700.246870467394	26686.977892078474	864.203458852615
183909528.624384	146571385550.607	101010959103.65808	9074222694.366894	-10712.618749701698	26678.457195146046	863.4373625281985
183913128.624384	146532797865.75165	101106986205.0733	9077329689.948803	-10724.982611525074	26669.931677089124	862.6712996963395
183916728.624384	146494165685.42422	101202982605.95686	9080433927.765284	-10737.338456498188	26661.401345487036	861.9052706772158
183920328.624384	146455489038.48438	101298948288.99364	9083535407.938639	-10749.686285188143	26652.866207913274	861.1392757905485
183923928.624384	146416767953.7897	101394883236.89575	9086634130.592318	-10762.026098168464	26644.3262719355	860.3733153556028
183927528.624384	146378002460.1957	101490787432.40256	9089730095.850924	-10774.35789601909	26635.781545115544	859.607389691188
183931128.624384	146339192586.55582	101586660858.28064	9092823303.840202	-10786.681679326355	26627.232035009394	858.8414991156576
183934728.624384	146300338361.7213	101682503497.32375	9095913754.687046	-10798.997448682981	26618.677749167196	858.0756439469098
183938328.624384	146261439814.54132	101778315332.35281	9099001448.51949	-10811.305204688064	26610.11869513326	857.309824502388
183941928.624384	146222496973.86285	101874096346.21593	9102086385.466713	-10823.604947947057	26601.554880446045	856.5440410990806
183945528.624384	146183509868.53067	101969846521.78828	9105168565.659033	-10835.896679071764	26592.98631263817	855.7782940535218
183949128.624384	146144478527.38736	102065565841.97221	9108247989.227907	-10848.18039868032	26584.41299923641	855.0125836817916
183952728.624384	146105402979.27325	102161254289.6971	9111324656.30593	-10860.456107397187	26575.83494776168	854.2469102995161
183956328.624384	146066283253.02643	102256911847.91942	9114398567.026829	-10872.723805853133	26567.252165729045	853.4812742218678
183959928.624384	146027119377.48267	102352538499.62268	9117469721.525469	-10884.983494685224	26558.664660647722	852.7156757635661
183963528.624384	145987911381.47546	102448134227.81743	9120538119.937845	-10897.23517453681	26550.072440021067	851.9501152388773
183967128.624384	145948659293.836	102543699015.54118	9123603762.401085	-10909.478846057516	26541.475511346584	851.1845929616152
183970728.624384	145909363143.39307	102639232845.85846	9126666649.053442	-10921.71450990322	26532.873882115913	850.419109245141
183974328.624384	145870022958.9731	102734735701.86073	9129726780.034298	-10933.942166736053	26524.267559814834	849.653664402364
183977928.624384	145830638769.40018	102830207566.66641	9132784155.484161	-10946.161817224374	26515.65655192326	848.8882587457417
183981528.624384	145791210603.4959	102925648423.42084	9135838775.544664	-10958.37346204277	26507.04086591525	848.1228925872801
183985128.624384	145751738490.07947	103021058255.29622	9138890640.35856	-10970.57710187203	26498.42050925898	847.3575662385342
183988728.624384	145712222457.9676	103116437045.49167	9141939750.069727	-10982.772737399142	26489.795489416774	846.5922800106077
183992328.624384	145672662535.97452	103211784777.23314	9144986104.823156	-10994.960369317281	26481.165813845073	845.8270342141542
183995928.624384	145633058752.912	103307101433.77342	9148029704.76496	-11007.139998325789	26472.531489994453	845.0618291593768
183999528.624384	145593411137.5892	103402386998.3921	9151070550.042366	-11019.311625130169	26463.892525309617	844.2966651560284
184003128.624384	145553719718.81284	103497641454.39558	9154108640.803717	-11031.475250442068	26455.248927229386	843.5315425134128
184006728.624384	145513984525.38696	103592864785.117	9157143977.198467	-11043.63087497927	26446.600703186705	842.766461540384
184010328.624384	145474205586.11307	103688056973.91629	9160176559.377182	-11055.778499465678	26437.947860608645	842.0014225453468
184013928.624384	145434382929.79	103783218004.18005	9163206387.491537	-11067.918124631304	26429.290406916396	841.2364258362578
184017528.624384	145394516585.21402	103878347859.32164	9166233461.694315	-11080.049751212257	26420.62834952526	840.4714717206247
184021128.624384	145354606581.17868	103973446522.78108	9169257782.139406	-11092.17337995073	26411.96169584466	839.7065605055071
184024728.624384	145314652946.47488	104068513978.02505	9172279348.981804	-11104.289011594985	26403.290453278132	838.941692497517
184028328.624384	145274655709.8908	104163550208.54689	9175298162.377605	-11116.396646899348	26394.614629223328	838.1768680028185
184031928.624384	145234614900.2119	104258555197.86655	9178314222.484007	-11128.496286624188	26385.934231072006	837.4120873271287
184035528.624384	145194530546.2209	104353528929.53056	9181327529.459309	-11140.587931535909	26377.249266210034	836.6473507757177
184039128.624384	145154402676.6977	104448471387.11206	9184338083.462906	-11152.671582406938	26368.559742017394	835.8826586534088
184042728.624384	145114231320.41946	104543382554.21074	9187345884.655293	-11164.74724001571	26359.865665868176	835.1180112645794
184046328.624384	145074016506.16055	104638262414.4528	9190350933.198055	-11176.814905146657	26351.167045130565	834.3534089131607
184049928.624384	145033758262.69244	104733110951.491	9193353229.253876	-11188.8745785902	26342.46388716686	833.588851902638
184053528.624384	144993456618.78378	104827928149.00456	9196352772.986526	-11200.926261142728	26333.75619933346	832.8243405360514
184057128.624384	144953111603.20032	104922713990.69919	9199349564.560871	-11212.969953606591	26325.04398898086	832.059875115996
184060728.624384	144912723244.70496	105017468460.30702	9202343604.14286	-11225.00565679009	26316.32726345366	831.295455944622
184064328.624384	144872291572.05762	105112191541.58665	9205334891.899532	-11237.03337150746	26307.606030090556	830.5310833236351
184067928.624384	144831816614.0153	105206883218.32307	9208323427.999012	-11249.053098578855	26298.880296224343	829.7667575542971
184071528.624384	144791298399.33203	105301543474.32767	9211309212.610506	-11261.064838830349	26290.15006918191	829.0024789374257
184075128.624384	144750736956.7589	105396172293.43817	9214292245.904305	-11273.068593093907	26281.415356284237	828.2382477733953
184078728.624384	144710132315.04395	105490769659.51868	9217272528.051777	-11285.064362207386	26272.676164846405	827.4740643621369
184082328.624384	144669484502.9322	105585335556.4596	9220250059.225374	-11297.052147014514	26263.93250217758	826.7099290031387
184085928.624384	144628793549.1656	105679869968.17764	9223224839.598621	-11309.031948364882	26255.184375581022	825.9458419954462
184089528.624384	144588059482.48306	105774372878.61581	9226196869.34612	-11321.003767113933	26246.431792354077	825.1818036376629
184093128.624384	144547282331.62045	105868844271.74338	9229166148.643549	-11332.967604122943	26237.674759788177	824.4178142279502
184096728.624384	144506462125.31042	105963284131.55582	9232132677.667656	-11344.92346025902	26228.91328516885	823.6538740640277
184100328.624384	144465598892.2826	106057692442.07486	9235096456.596262	-11356.871336395081	26220.147375775694	822.889983443174
184103928.624384	144424692661.26334	106152069187.3484	9238057485.608255	-11368.811233409846	26211.37703888241	822.1261426622264
184107528.624384	144383743460.97592	106246414351.45053	9241015764.883595	-11380.743152187824	26202.60228175677	821.3623520175815
184111128.624384	144342751320.1404	106340727918.48149	9243971294.603302	-11392.6670936193	26193.823111660626	820.598611805196
184114728.624384	144301716267.4736	106435009872.56764	9246924074.949467	-11404.583058600325	26185.03953584992	819.834922320586
184118328.624384	144260638331.68915	106529260197.86147	9249874106.105238	-11416.491048032702	26176.251561574667	819.071283858828
184121928.624384	144219517541.49734	106623478878.54152	9252821388.254831	-11428.391062823974	26167.459196078966	818.3076967145593
184125528.624384	144178353925.6053	106717665898.81245	9255765921.583517	-11440.283103887416	26158.662446600985	817.5441611819778
184129128.624384	144137147512.71674	106811821242.90495	9258707706.277628	-11452.167172142013	26149.861320372976	816.7806775548427
184132728.624384	144095898331.53214	106905944895.07571	9261646742.524551	-11464.043268512463	26141.055824621268	816.0172461264748
184136328.624384	144054606410.7486	107000036839.60747	9264583030.51273	-11475.91139392915	26132.245966566254	815.2538671897568
184139928.624384	144013271779.05988	107094097060.8089	9267516570.43166	-11487.771549328138	26123.43175342241	814.4905410371333
184143528.624384	143971894465.15634	107188125543.01466	9270447362.47189	-11499.623735651161	26114.61319239828	813.7272679606118
184147128.624384	143930474497.72495	107282122270.58536	9273375406.825018	-11511.467953845611	26105.79029069648	812.9640482517623
184150728.624384	143889011905.44925	107376087227.9075	9276300703.683693	-11523.304204864524	26096.9630555137	812.200882201718
184154328.624384	143847506717.00937	107470020399.39351	9279223253.24161	-11535.132489666565	26088.131494040696	811.4377701011755
184157928.624384	143805958961.08194	107563921769.48167	9282143055.693508	-11546.95280921602	26079.295613462295	810.6747122403953
184161528.624384	143764368666.34015	107657791322.63612	9285060111.235174	-11558.765164482786	26070.455420957387	809.9117089092018
184165128.624384	143722735861.45364	107751629043.34686	9287974420.063437	-11570.569556442353	26061.610923698932	809.1487603969842
184168728.624384	143681060575.08856	107845434916.12965	9290885982.376162	-11582.365986075798	26052.762128853956	808.3858669926962
184172328.624384	143639342835.9075	107939208925.5261	9293794798.37226	-11594.154454369771	26043.909043583553	807.6230289848562
184175928.624384	143597582672.56952	108032951056.10353	9296700868.251675	-11605.934962316478	26035.051675042876	806.8602466615487
184179528.624384	143555780113.73004	108126661292.45506	9299604192.21539	-11617.707510913679	26026.19003038114	806.0975203104234
184183128.624384	143513935188.04095	108220339619.19951	9302504770.465422	-11629.472101164667	26017.324116741634	805.3348502186964
184186728.624384	143472047924.15048	108313986020.9814	9305402603.20482	-11641.22873407826	26008.453941261698	804.5722366731497
184190328.624384	143430118350.7032	108407600482.47095	9308297690.637669	-11652.977410668793	25999.579511072734	803.8096799601326
184193928.624384	143388146496.34003	108501182988.36403	9311190032.969076	-11664.718131956097	25990.70083330021	803.0471803655608
184197528.624384	143346132389.69824	108594733523.38216	9314079630.405186	-11676.450898965495	25981.817915063646	802.2847381749178
184201128.624384	143304076059.41138	108688252072.27246	9316966483.153164	-11688.175712727789	25972.93076347663	801.5223536732547
184204728.624384	143261977534.10925	108781738619.8077	9319850591.421202	-11699.892574279243	25964.039385646804	800.7600271451903
184208328.624384	143219836842.41797	108875193150.78615	9322731955.418518	-11711.601484661578	25955.14378867586	799.997758874912
184211928.624384	143177654012.95984	108968615650.03171	9325610575.35535	-11723.302444921954	25946.24397965956	799.235549146176
184215528.624384	143135429074.35342	109062006102.39375	9328486451.44296	-11734.995456112963	25937.339965687715	798.4733982423071
184219128.624384	143093162055.21344	109155364492.74721	9331359583.893625	-11746.680519292617	25928.43175384419	797.7113064461997
184222728.624384	143050852984.15085	109248690805.99248	9334229972.92064	-11758.357635524333	25919.51935120691	796.9492740403178
184226328.624384	143008501889.77274	109341985027.05544	9337097618.738321	-11770.026805876923	25910.60276484785	796.1873013066953
184229928.624384	142966108800.6823	109435247140.8874	9339962521.561993	-11781.688031424583	25901.682001833036	795.4253885269364
184233528.624384	142923673745.47894	109528477132.46512	9342824681.607996	-11793.34131324688	25892.75706922256	794.6635359822161
184237128.624384	142881196752.7581	109621674986.79076	9345684099.093683	-11804.98665242874	25883.827974070555	793.9017439532803
184240728.624384	142838677851.1113	109714840688.89185	9348540774.237415	-11816.624050060444	25874.89472342521	793.1400127204461
184244328.624384	142796117069.1262	109807974223.82129	9351394707.258562	-11828.253507237598	25865.95732432876	792.3783425636022
184247928.624384	142753514435.3864	109901075576.65732	9354245898.3775	-11839.875025061141	25857.015783817504	791.6167337622096
184251528.624384	142710869978.47165	109994144732.50351	9357094347.815613	-11851.488604637325	25848.07010892178	790.8551865953012
184255128.624384	142668183726.95758	110087181676.48872	9359940055.795284	-11863.094247077699	25839.12030666598	790.0937013414828
184258728.624384	142625455709.4159	110180186393.76709	9362783022.539902	-11874.691953499107	25830.166384068547	789.3322782789329
184262328.624384	142582685954.41425	110273158869.51802	9365623248.273855	-11886.281725023668	25821.20834814197	788.5709176854036
184265928.624384	142539874490.51624	110366099088.94614	9368460733.222532	-11897.863562778768	25812.24620589279	787.8096198382206
184269528.624384	142497021346.2814	110459007037.28127	9371295477.612318	-11909.437467897049	25803.279964321595	787.0483850142831
184273128.624384	142454126550.26517	110551882699.77846	9374127481.670595	-11921.003441516397	25794.309630423024	786.2872134900653
184276728.624384	142411190131.0189	110644726061.71791	9376956745.625738	-11932.56148477993	25785.33521118576	785.5261055416155
184280328.624384	142368212117.08978	110737537108.40497	9379783269.707117	-11944.111598835983	25776.356713592537	784.7650614445572
184283928.624384	142325192537.02094	110830315825.17012	9382607054.145092	-11955.653784838107	25767.37414462013	784.0040814740892
184287528.624384	142282131419.35123	110923062197.36894	9385428099.171013	-11967.188043945041	25758.38751123937	783.2431659049857
184291128.624384	142239028792.61542	111015776210.38211	9388246405.01722	-11978.714377320717	25749.39682041512	782.4823150115973
184294728.624384	142195884685.344	111108457849.61536	9391061971.917036	-11990.232786134238	25740.40207910631	781.7215290678505
184298328.624384	142152699126.0633	111201107100.49945	9393874800.104774	-12001.743271559872	25731.403294265892	780.9608083472486
184301928.624384	142109472143.2954	111293723948.49017	9396684889.815731	-12013.245834777035	25722.400472840887	780.200153122872
184305528.624384	142066203765.55814	111386308379.06833	9399492241.286182	-12024.740476970288	25713.393621772346	779.4395636673784
184309128.624384	142022894021.36502	111478860377.73969	9402296854.753386	-12036.227199329314	25704.38274799537	778.6790402530029
184312728.624384	141979542939.22534	111571379930.03496	9405098730.45558	-12047.706003048917	25695.3678584391	777.9185831515588
184316328.624384	141936150547.644	111663867021.50981	9407897868.631979	-12059.176889329006	25686.348960026728	777.1581926344377
184319928.624384	141892716875.12164	111756321637.74483	9410694269.522774	-12070.639859374583	25677.32605967549	776.3978689726098
184323528.624384	141849241950.15454	111848743764.34544	9413487933.369133	-12082.094914395733	25668.29916429667	775.6376124366245
184327128.624384	141805725801.2346	111941133386.94202	9416278860.413193	-12093.542055607613	25659.268280795586	774.8774232966103
184330728.624384	141762168456.84927	112033490491.18971	9419067050.898067	-12104.981284230438	25650.23341607161	774.1173018222757
184334328.624384	141718569945.48175	112125815062.76854	9421852505.067837	-12116.412601489475	25641.19457701815	773.3572482829089
184337928.624384	141674930295.61072	112218107087.38332	9424635223.16755	-12127.836008615026	25632.151770522658	772.5972629473787
184341528.624384	141631249535.71042	112310366550.76363	9427415205.443224	-12139.251506842416	25623.10500346664	771.8373460841344
184345128.624384	141587527694.25064	112402593438.66385	9430192452.141844	-12150.659097411992	25614.054282725636	771.0774979612066
184348728.624384	141543764799.69675	112494787736.86307	9432966963.511354	-12162.058781569096	25604.999615169232	770.3177188462072
184352328.624384	141499960880.50955	112586949431.16512	9435738739.800667	-12173.450560564068	25595.941007661062	769.5580090063297
184355928.624384	141456115965.1454	112679078507.39851	9438507781.259651	-12184.834435652225	25586.878467058796	768.7983687083499
184359528.624384	141412230082.05603	112771174951.41646	9441274088.139137	-12196.210408093855	25577.81200021415	768.038798218626
184363128.624384	141368303259.68875	112863238749.09679	9444037660.690914	-12207.578479154205	25568.741613972892	767.2792978030986
184366728.624384	141324335526.48624	112955269886.342	9446798499.167727	-12218.938650103464	25559.667315174822	766.519867727292
184370328.624384	141280326910.8866	113047268349.07918	9449556603.823277	-12230.290922216764	25550.58911065379	765.7605082563134
184373928.624384	141236277441.32333	113139234123.26003	9452311974.912216	-12241.635296774157	25541.507007237688	765.0012196548541
184377528.624384	141192187146.22534	113231167194.8608	9455064612.690151	-12252.971775060609	25532.42101174845	764.2420021871897
184381128.624384	141148056054.01688	113323067549.8823	9457814517.413641	-12264.300358365987	25523.331131002058	763.4828561171797
184384728.624384	141103884193.11752	113414935174.34987	9460561689.340189	-12275.62104798505	25514.237371808533	762.723781708269
184388328.624384	141059671591.94223	113506770054.31334	9463306128.728249	-12286.933845217438	25505.139740971943	761.9647792234874
184391928.624384	141015418278.90125	113598572175.84705	9466047835.837221	-12298.238751367657	25496.0382452904	761.2058489254504
184395528.624384	140971124282.40012	113690341525.04977	9468786810.92745	-12309.53576774507	25486.932891556065	760.446991076359
184399128.624384	140926789630.83963	113782078088.04474	9471523054.260223	-12320.82489566389	25477.823686555133	759.6882059380009
184402728.624384	140882414352.6159	113873781850.97958	9474256566.09777	-12332.106136443163	25468.710637067852	758.9294937717499
184406328.624384	140837998476.12024	113965452800.02637	9476987346.70326	-12343.379491406757	25459.59374986851	758.170854838567
184409928.624384	140793542029.73917	114057090921.3815	9479715396.340801	-12354.644961883354	25450.473031725443	757.4122893990003
184413528.624384	140749045041.85446	114148696201.26576	9482440715.275438	-12365.902549206441	25441.348489401033	756.6537977131856
184417128.624384	140704507540.84305	114240268625.92427	9485163303.773153	-12377.15225471429	25432.2201296517	755.8953800408465
184420728.624384	140659929555.0771	114331808181.62645	9487883162.10086	-12388.394079749958	25423.087959227923	755.1370366412949
184424328.624384	140615311112.9238	114423314854.666	9490600290.52641	-12399.628025661268	25413.951984874217	754.3787677734315
184427928.624384	140570652242.74564	114514788631.36092	9493314689.318579	-12410.854093800801	25404.812213329147	753.6205736957457
184431528.624384	140525952972.90012	114606229498.05342	9496026358.747078	-12422.072285525885	25395.668651325323	752.8624546663166
184435128.624384	140481213331.7399	114697637441.10999	9498735299.082544	-12433.282602198582	25386.5213055894	752.1044109428126
184438728.624384	140436433347.6127	114789012446.92126	9501441510.596542	-12444.485045185682	25377.37018284208	751.3464427824923
184442328.624384	140391613048.86133	114880354501.9021	9504144993.561562	-12455.679615858684	25368.21528979812	750.5885504422047
184445928.624384	140346752463.82364	114971663592.4915	9506845748.251017	-12466.866315593794	25359.05663316632	749.8307341783893
184449528.624384	140301851620.83252	115062939705.15263	9509543774.939245	-12478.045145771905	25349.894219649526	749.072994247077
184453128.624384	140256910548.21588	115154182826.37276	9512239073.901503	-12489.216107778595	25340.728055944634	748.3153309038896
184456728.624384	140211929274.29666	115245392942.66324	9514931645.413965	-12500.37920300411	25331.558148742588	747.5577444040413
184460328.624384	140166907827.39273	115336570040.55952	9517621489.753729	-12511.534432843353	25322.384504728387	746.8002350023379
184463928.624384	140121846235.817	115427714106.62112	9520308607.198805	-12522.681798695878	25313.20713058107	746.0428029531779
184467528.624384	140076744527.87723	115518825127.43156	9522992998.02812	-12533.821301965872	25304.02603297374	745.2854485105526
184471128.624384	140031602731.87625	115609903089.59839	9525674662.521513	-12544.952944062155	25294.841218573532	744.5281719280463
184474728.624384	139986420876.1117	115700947979.75314	9528353600.959738	-12556.076726398156	25285.65269404165	743.770973458837
184478328.624384	139941198988.8762	115791959784.55133	9531029813.624456	-12567.192650391911	25276.46046603334	743.0138533556966
184481928.624384	139895937098.45718	115882938490.6724	9533703300.79824	-12578.300717466049	25267.2645411979	742.2568118709909
184485528.624384	139850635233.13702	115973884084.81973	9536374062.764572	-12589.40092904778	25258.064926178682	741.4998492566805
184489128.624384	139805293421.1929	116064796553.72063	9539042099.807837	-12600.493286568892	25248.861627613092	740.7429657643208
184492728.624384	139759911690.89688	116155675884.12625	9541707412.213324	-12611.577791465726	25239.654652132587	739.9861616450628
184496328.624384	139714490070.51578	116246522062.81163	9544370000.26723	-12622.654445179181	25230.444006362683	739.2294371496525
184499928.624384	139669028588.31128	116337335076.57565	9547029864.256649	-12633.723249154691	25221.229696922943	738.4727925284325
184503528.624384	139623527272.53983	116428114912.24101	9549687004.469582	-12644.784204842219	25212.011730426995	737.7162280313413
184507128.624384	139577986151.45264	116518861556.65419	9552341421.194923	-12655.837313696247	25202.79011348251	736.9597439079142
184510728.624384	139532405253.2957	116609574996.68547	9554993114.722467	-12666.882577175767	25193.56485269123	736.2033404072837
184514328.624384	139486784606.30966	116700255219.22887	9557642085.342903	-12677.919996744264	25184.33595464894	735.4470177781794
184517928.624384	139441124238.73004	116790902211.20215	9560288333.347815	-12688.94957386971	25175.103425945494	734.6907762689289
184521528.624384	139395424178.78696	116881515959.54678	9562931859.02968	-12699.971310024552	25165.867273164793	733.9346161274576
184525128.624384	139349684454.70526	116972096451.22794	9565572662.68187	-12710.985206685702	25156.627502884803	733.1785376012897
184528728.624384	139303905094.70444	117062643673.23444	9568210744.598644	-12721.991265334527	25147.38412167755	732.4225409375479
184532328.624384	139258086126.9987	117153157612.57878	9570846105.075151	-12732.989487456838	25138.137136109122	731.6666263829541
184535928.624384	139212227579.7968	117243638256.29706	9573478744.407429	-12743.979874542874	25128.886552739663	730.9107941838298
184539528.624384	139166329481.30225	117334085591.449	9576108662.892397	-12754.962428087301	25119.63237812338	730.1550445860964
184543128.624384	139120391859.71304	117424499605.1179	9578735860.827864	-12765.937149589196	25110.374618808542	729.3993778352755
184546728.624384	139074414743.22186	117514880284.41063	9581360338.51252	-12776.904040552034	25101.113281337482	728.643794176489
184550328.624384	139028398160.01593	117605227616.45758	9583982096.245937	-12787.863102483681	25091.848372246593	727.88829385446
184553928.624384	138982342138.277	117695541588.41269	9586601134.32857	-12798.814336896387	25082.57989806634	727.1328771135129
184557528.624384	138936246706.18146	117785822187.45338	9589217453.061745	-12809.757745306762	25073.307865321243	726.3775441975737
184561128.624384	138890111891.90018	117876069400.78055	9591831052.747673	-12820.693329235786	25064.032280529897	725.6222953501702
184564728.624384	138843937723.5985	117966283215.61856	9594441933.68944	-12831.621090208779	25054.753150204957	724.8671308144328
184568328.624384	138797724229.43637	118056463619.2152	9597050096.191002	-12842.541029755399	25045.470480853153	724.1120508330945
184571928.624384	138751471437.56815	118146610598.84167	9599655540.557194	-12853.453149409634	25036.184278975274	723.3570556484913
184575528.624384	138705179376.14267	118236724141.79259	9602258267.093718	-12864.357450709786	25026.894551066187	722.6021455025627
184579128.624384	138658848073.30322	118326804235.38591	9604858276.10715	-12875.253935198465	25017.60130361482	721.847320636852
184582728.624384	138612477557.18756	118416850866.96295	9607455567.90493	-12886.142604422577	25008.304543104183	721.0925812925065
184586328.624384	138566067855.92783	118506864023.88837	9610050142.79537	-12897.02345993331	24999.00427601135	720.337927710278
184589928.624384	138519618997.6506	118596843693.55011	9612642001.087646	-12907.896503286129	24989.700508807466	719.5833601305233
184593528.624384	138473131010.47687	118686789863.3594	9615231143.0918	-12918.761736040762	24980.393247957756	718.8288787932041
184597128.624384	138426603922.52194	118776702520.75078	9617817569.118736	-12929.61915976119	24971.082499921515	718.074483937888
184600728.624384	138380037761.89554	118866581653.18196	9620401279.480219	-12940.468776015641	24961.768271152112	717.3201758037483
184604328.624384	138333432556.7017	118956427248.13393	9622982274.488874	-12951.31058637657	24952.450568096996	716.5659546295645
184607928.624384	138286788335.0388	119046239293.11084	9625560554.458189	-12962.144592420662	24943.129397197692	715.811820653723
184611528.624384	138240105124.99954	119136017775.64006	9628136119.702505	-12972.970795728806	24933.804764889803	715.0577741142168
184615128.624384	138193382954.67093	119225762683.27208	9630708970.53702	-12983.789197886099	24924.476677603012	714.3038152486466
184618728.624384	138146621852.13425	119315474003.58054	9633279107.277788	-12994.599800481827	24915.14514176108	713.5499442942206
184622328.624384	138099821845.46503	119405151724.16219	9635846530.241716	-13005.402605109455	24905.81016378185	712.796161487755
184625928.624384	138052982962.7331	119494795832.63689	9638411239.746561	-13016.197613366625	24896.471750077246	712.0424670656745
184629528.624384	138006105232.0025	119584406316.64755	9640973236.110933	-13026.984826855132	24887.129907053277	711.2888612640127
184633128.624384	137959188681.33154	119673983163.86017	9643532519.65429	-13037.764247180927	24877.784641110036	710.5353443184121
184636728.624384	137912233338.77267	119763526361.96371	9646089090.696936	-13048.535875954098	24868.435958641698	709.7819164641247
184640328.624384	137865239232.3726	119853035898.67021	9648642949.560022	-13059.299714788864	24859.083866036526	709.0285779360127
184643928.624384	137818206390.17218	119942511761.71466	9651194096.565548	-13070.055765303561	24849.728369676875	708.275328968548
184647528.624384	137771134840.20645	120031953938.85503	9653742532.03635	-13080.80402912064	24840.36947593918	707.5221697958135
184651128.624384	137724024610.5046	120121362417.87221	9656288256.296112	-13091.544507866643	24831.00719119397	706.7691006515028
184654728.624384	137676875729.08997	120210737186.57005	9658831269.669355	-13102.277203172207	24821.64152180586	706.0161217689206
184658328.624384	137629688223.97995	120300078232.77527	9661371572.481441	-13113.002116672045	24812.272474133566	705.2632333809837
184661928.624384	137582462123.18613	120389385544.3375	9663909165.05857	-13123.719250004939	24802.900054529888	704.5104357202206
184665528.624384	137535197454.71414	120478659109.12918	9666444047.72778	-13134.428604813727	24793.52426934172	703.7577290187722
184669128.624384	137487894246.56372	120567898915.04565	9668976220.816936	-13145.1301827453	24784.145124910057	703.0051135083922
184672728.624384	137440552526.72864	120657104950.00504	9671505684.654747	-13155.823985450583	24774.762627569984	702.2525894204474
184676328.624384	137393172323.19675	120746277201.94826	9674032439.570747	-13166.51001458453	24765.376783650685	701.500156985918
184679928.624384	137345753663.94992	120835415658.83902	9676556485.895306	-13177.188271806112	24755.987599475444	700.747816435398
184683528.624384	137298296576.96405	120924520308.66376	9679077823.95962	-13187.858758778308	24746.595081361647	699.9955679990956
184687128.624384	137250801090.20901	121013591139.43167	9681596454.095713	-13198.521477168095	24737.199235620774	699.2434119068334
184690728.624384	137203267231.64873	121102628139.17465	9684112376.636436	-13209.176428646439	24727.800068558412	698.4913483880492
184694328.624384	137155695029.24104	121191631295.94727	9686625591.915468	-13219.823614888279	24718.397586474246	697.7393776717959
184697928.624384	137108084510.9378	121280600597.82678	9689136100.26731	-13230.463037572525	24708.991795662074	696.9874999867418
184701528.624384	137060435704.68478	121369536032.9131	9691643902.027283	-13241.094698382043	24699.582702409793	696.2357155611716
184705128.624384	137012748638.42169	121458437589.32875	9694148997.531534	-13251.718599003647	24690.17031299941	695.4840246229859
184708728.624384	136965023340.08215	121547305255.21884	9696651387.117027	-13262.334741128087	24680.754633707038	694.7324273997023
184712328.624384	136917259837.59372	121636139018.7511	9699151071.121544	-13272.94312645004	24671.3356708029	693.9809241184553
184715928.624384	136869458158.87784	121724938868.1158	9701648049.883684	-13283.543756668103	24661.913430551333	693.2295150059969
184719528.624384	136821618331.8498	121813704791.52576	9704142323.742863	-13294.136633484777	24652.48791921078	692.4782002886968
184723128.624384	136773740384.41878	121902436777.21631	9706633893.039309	-13304.721758606463	24643.059143033806	691.7269801925431
184726728.624384	136725824344.48781	121991134813.4453	9709122758.114065	-13315.299133743449	24633.627108267086	690.9758549431422
184730328.624384	136677870239.95375	122079798888.49303	9711608919.308987	-13325.868760609896	24624.19182115141	690.2248247657192
184733928.624384	136629878098.70728	122168428990.66226	9714092376.966736	-13336.430640923838	24614.753287921685	689.4738898851188
184737528.624384	136581847948.63289	122257025108.2782	9716573131.430786	-13346.984776407164	24605.311514806945	688.723050525805
184741128.624384	136533779817.60887	122345587229.68848	9719051183.045416	-13357.531168785612	24595.866508030333	687.9723069118619
184744728.624384	136485673733.50728	122434115343.26309	9721526532.155714	-13368.069819788756	24586.418273809122	687.2216592669939
184748328.624384	136437529724.19395	122522609437.39442	9723999179.107569	-13378.600731149998	24576.966818354704	686.4711078145261
184751928.624384	136389347817.52849	122611069500.49721	9726469124.247677	-13389.12390460656	24567.512147872592	685.7206527774046
184755528.624384	136341128041.3642	122699495521.00851	9728936367.923532	-13399.639341899472	24558.054268562435	684.9702943781967
184759128.624384	136292870423.54813	122787887487.3877	9731400910.483433	-13410.14704477356	24548.593186618004	684.2200328390919
184762728.624384	136244574991.92104	122876245388.11642	9733862752.276472	-13420.64701497744	24539.128908227194	683.4698683819014
184766328.624384	136196241774.31738	122964569211.69861	9736321893.652546	-13431.139254263506	24529.66143957204	682.7198012280592
184769928.624384	136147870798.56532	123052858946.66043	9738778334.962343	-13441.623764387923	24520.190786828698	681.9698315986219
184773528.624384	136099462092.48666	123141114581.55028	9741232076.55735	-13452.100547110613	24510.716956167464	681.2199597142696
184777128.624384	136051015683.89688	123229336104.93874	9743683118.789845	-13462.569604195247	24501.239953752767	680.4701857953058
184780728.624384	136002531600.6051	123317523505.41858	9746131462.0129	-13473.030937409238	24491.759785743176	679.7205100616579
184784328.624384	135954009870.41406	123405676771.60475	9748577106.580376	-13483.484548523726	24482.27645829139	678.9709327328777
184787928.624384	135905450521.12012	123493795892.13432	9751020052.846926	-13493.930439313574	24472.789977544253	678.2214540281417
184791528.624384	135856853580.51326	123581880855.66649	9753460301.16799	-13504.368611557353	24463.300349642745	677.4720741662512
184795128.624384	135808219076.37703	123669931650.88254	9755897851.899796	-13514.799067037336	24453.80758072199	676.7227933656333
184798728.624384	135759547036.48857	123757948266.48582	9758332705.399357	-13525.221807539487	24444.31167691126	675.9736118443403
184802328.624384	135710837488.61858	123845930691.20178	9760764862.024471	-13535.63683485345	24434.812644333968	675.2245298200513
184805928.624384	135662090460.5313	123933878913.77785	9763194322.133718	-13546.044150772545	24425.310489107673	674.4755475100714
184809528.624384	135613305979.98453	124021792922.9835	9765621086.086462	-13556.443757093748	24415.805217344085	673.7266651313325
184813128.624384	135564484074.72958	124109672707.61021	9768045154.242842	-13566.835655617693	24406.29683514906	672.9778829003943
184816728.624384	135515624772.51128	124197518256.47139	9770466526.963781	-13577.219848148652	24396.785348622612	672.2292010334435
184820328.624384	135466728101.06793	124285329558.40242	9772885204.61098	-13587.596336494535	24387.2707638589	671.4806197462949
184823928.624384	135417794088.13136	124373106602.2606	9775301187.54691	-13597.96512246687	24377.75308694625	670.7321392543918
184827528.624384	135368822761.42685	124460849376.92516	9777714476.134823	-13608.326207880807	24368.23232396713	669.9837597728058
184831128.624384	135319814148.67311	124548557871.29718	9780125070.738743	-13618.679594555093	24358.70848099818	669.235481516238
184834728.624384	135270768277.58235	124636232074.29964	9782532971.723467	-13629.025284312072	24349.181564110182	668.4873046990186
184838328.624384	135221685175.86018	124723871974.87735	9784938179.45456	-13639.363278977677	24339.6515793681	667.7392295351077
184841928.624384	135172564871.20563	124811477561.99693	9787340694.298359	-13649.693580381412	24330.118532831046	666.9912562380955
184845528.624384	135123407391.31114	124899048824.64684	9789740516.62197	-13660.016190356351	24320.582430552302	666.2433850212026
184849128.624384	135074212763.86256	124986585751.83728	9792137646.793262	-13670.331110739124	24311.043278579316	665.4956160972806
184852728.624384	135024981016.53912	125074088332.60023	9794532085.180876	-13680.638343369907	24301.50108295371	664.7479496788123
184856328.624384	134975712177.0134	125161556555.98941	9796923832.154211	-13690.937890092413	24291.955849711263	664.0003859779122
184859928.624384	134926406272.95134	125248990411.08025	9799312888.083431	-13701.229752753889	24282.407584881938	663.2529252063265
184863528.624384	134877063332.01222	125336389886.96988	9801699253.339464	-13711.513933205093	24272.856294489862	662.5055675754339
184867128.624384	134827683381.84868	125423754972.77711	9804082928.293997	-13721.7904333003	24263.301984553345	661.7583132962459
184870728.624384	134778266450.10666	125511085657.64243	9806463913.319473	-13732.059254897282	24253.744661084867	661.0111625794068
184874328.624384	134728812564.42538	125598381930.7279	9808842208.789097	-13742.3203998573	24244.18433009109	660.2641156351945
184877928.624384	134679321752.43741	125685643781.21725	9811217815.076826	-13752.5738700451	24234.62099757286	659.5171726735205
184881528.624384	134629794041.76854	125772871198.3158	9813590732.557377	-13762.819667328897	24225.054669525198	658.7703339039306
184885128.624384	134580229460.03787	125860064171.2504	9815960961.606216	-13773.057793580369	24215.48535193731	658.0235995356052
184888728.624384	134530628034.85774	125947222689.26949	9818328502.599566	-13783.288250674648	24205.913050792595	657.2769697773593
184892328.624384	134480989793.83374	126034346741.64302	9820693355.914396	-13793.511040490312	24196.33777206863	656.5304448376436
184895928.624384	134431314764.56468	126121436317.66246	9823055521.928429	-13803.726164909367	24186.759521737185	655.7840249245438
184899528.624384	134381602974.64261	126208491406.64076	9825415001.020134	-13813.93362581725	24177.178305764228	655.037710245782
184903128.624384	134331854451.65276	126295511997.91235	9827771793.56873	-13824.133425102813	24167.59413010991	654.2915010087165
184906728.624384	134282069223.17355	126382498080.83308	9830125899.954176	-13834.325564658311	24158.00700072858	653.5453974203424
184910328.624384	134232247316.77663	126469449644.78026	9832477320.557182	-13844.510046379402	24148.416923568784	652.7993996872917
184913928.624384	134182388760.02675	126556366679.15257	9834826055.7592	-13854.686872165128	24138.823904573273	652.053508015834
184917528.624384	134132493580.48187	126643249173.3701	9837172105.942417	-13864.85604391791	24129.22794967899	651.3077226118766
184921128.624384	134082561805.69308	126730097116.8743	9839515471.48977	-13875.017563543537	24119.62906481708	650.5620436809648
184924728.624384	134032593463.20462	126816910499.12793	9841856152.784933	-13885.171432951163	24110.027255912897	649.816471428283
184928328.624384	133982588580.5538	126903689309.61511	9844194150.212315	-13895.31765405329	24100.422528886003	649.0710060586538
184931928.624384	133932547185.2711	126990433537.84125	9846529464.15706	-13905.456228765759	24090.814889650163	648.3256477765394
184935528.624384	133882469304.88005	127077143173.33302	9848862095.005054	-13915.58715900775	24081.204344113354	647.5803967860417
184939128.624384	133832354966.8973	127163818205.63838	9851192043.142914	-13925.710446701762	24071.59089817776	646.8352532909023
184942728.624384	133782204198.83253	127250458624.3265	9853519308.957987	-13935.82609377361	24061.97455773979	646.0902174945036
184946328.624384	133732017028.18855	127337064418.98778	9855843892.838356	-13945.934102152414	24052.355328690064	645.3452895998682
184949928.624384	133681793482.46115	127423635579.2338	9858165795.17283	-13956.03447377059	24042.733216913413	644.6004698096602
184953528.624384	133631533589.13919	127510172094.69733	9860485016.350952	-13966.127210563836	24033.108228288893	643.855758326185
184957128.624384	133581237375.70456	127596673955.0323	9862801556.762989	-13976.212314471139	24023.480368689783	643.1111553513897
184960728.624384	133530904869.63214	127683141149.91377	9865115416.799934	-13986.289787434744	24013.849643983587	642.3666610868638
184964328.624384	133480536098.38983	127769573669.0379	9867426596.853508	-13996.359631400159	24004.21606003203	641.6222757338392
184967928.624384	133430131089.43852	127855971502.12195	9869735097.316153	-14006.421848316144	23994.579622691068	640.8779994931907
184971528.624384	133379689870.23207	127942334638.90424	9872040918.581034	-14016.4764401347	23984.940337810884	640.1338325654367
184975128.624384	133329212468.21732	128028663069.14415	9874344061.042038	-14026.523408811061	23975.298211235895	639.3897751507388
184978728.624384	133278698910.83405	128114956782.6221	9876644525.093773	-14036.562756303681	23965.653248804752	638.645827448903
184982328.624384	133228149225.515	128201215769.13951	9878942311.131565	-14046.594484574232	23956.005456350344	637.9019896593794
184985928.624384	133177563439.68582	128287440018.51878	9881237419.551455	-14056.61859558759	23946.35483969979	637.158261981263
184989528.624384	133126941580.7651	128373629520.6033	9883529850.750202	-14066.635091311828	23936.701404674455	636.4146446132938
184993128.624384	133076283676.16435	128459784265.25737	9885819605.12528	-14076.643973718205	23927.045157089946	635.6711377538576
184996728.624384	133025589753.28795	128545904242.36624	9888106683.074877	-14086.645244781159	23917.386102756114	634.9277416009855
185000328.624384	132974859839.53317	128631989441.83607	9890391084.997892	-14096.6389064783	23907.724247477054	634.1844563523554
185003928.624384	132924093962.29018	128718039853.5939	9892672811.293936	-14106.624960790396	23898.05959705111	633.4412822052914
185007528.624384	132873292148.94197	128804055467.58762	9894951862.363329	-14116.603409701365	23888.392157270875	632.6982193567646
185011128.624384	132822454426.86443	128890036273.78596	9897228238.6071	-14126.574255198271	23878.7219339232	631.9552680033936
185014728.624384	132771580823.42625	128975982262.17851	9899501940.426983	-14136.53749927131	23869.04893278919	631.2124283414444
185018328.624384	132720671365.989	129061893422.77563	9901772968.225422	-14146.493143913804	23859.373159644198	630.4697005668312
185021928.624384	132669726081.907	129147769745.60846	9904041322.405563	-14156.441191122189	23849.694620257844	629.7270848751167
185025528.624384	132618744998.52744	129233611220.72891	9906307003.371256	-14166.38164289601	23840.013320394006	628.9845814615122
185029128.624384	132567728143.19026	129319417838.20964	9908570011.527054	-14176.314501237912	23830.329265810826	628.2421905208784
185032728.624384	132516675543.22823	129405189588.144	9910830347.278208	-14186.239768153624	23820.642462260712	627.499912247725
185036328.624384	132465587225.96686	129490926460.64606	9913088011.030672	-14196.157445651961	23810.952915490343	626.757746836212
185039928.624384	132414463218.72443	129576628445.85056	9915343003.191095	-14206.067535744807	23801.26063124066	626.0156944801497
185043528.624384	132363303548.81197	129662295533.9129	9917595324.166828	-14215.970040447108	23791.56561524688	625.2737553729987
185047128.624384	132312108243.53325	129747927715.00912	9919844974.365911	-14225.864961776866	23781.867873238494	624.5319297078707
185050728.624384	132260877330.18478	129833524979.33588	9922091954.197086	-14235.75230175513	23772.16741093927	623.7902176775287
185054328.624384	132209610836.0558	129919087317.1104	9924336264.069782	-14245.632062405983	23762.464234067254	623.0486194743875
185057928.624384	132158308788.42822	130004614718.57053	9926577904.394125	-14255.504245756534	23752.758348334773	622.3071352905138
185061528.624384	132106971214.57668	130090107173.97462	9928816875.580927	-14265.368853836915	23743.04975944844	621.5657653176268
185065128.624384	132055598141.76848	130175564673.60161	9931053178.041695	-14275.225888680268	23733.338473109146	620.8245097470985
185068728.624384	132004189597.26361	130260987207.7509	9933286812.18862	-14285.075352322734	23723.624495012074	620.0833687699542
185072328.624384	131952745608.31474	130346374766.74242	9935517778.43458	-14294.917246803449	23713.9078308467	619.3423425768724
185075928.624384	131901266202.16718	130431727340.91653	9937746077.193142	-14304.751574164533	23704.188486296785	618.6014313581858
185079528.624384	131849751406.05885	130517044920.63411	9939971708.878555	-14314.57833645108	23694.46646704039	617.860635303881
185083128.624384	131798201247.22037	130602327496.2764	9942194673.905754	-14324.397535711154	23684.74177874987	617.1199546035997
185086728.624384	131746615752.87491	130687575058.24507	9944414972.690353	-14334.209173995774	23675.014427091883	616.3793894466382
185090328.624384	131694994950.2383	130772787596.9622	9946632605.64865	-14344.01325335891	23665.28441772738	615.6389400219483
185093928.624384	131643338866.51895	130857965102.87024	9948847573.197617	-14353.809775857471	23655.551756311623	614.8986065181375
185097528.624384	131591647528.91788	130943107566.43196	9951059875.754911	-14363.598743551305	23645.816448494174	614.1583891234694
185101128.624384	131539920964.62866	131028214978.1305	9953269513.738863	-14373.380158503176	23636.07849991891	613.4182880258641
185104728.624384	131488159200.83746	131113287328.46924	9955476487.56848	-14383.154022778766	23626.33791622401	612.6783034128982
