181471037.533056	161002721346.04453	30078590130.671127	6342656223.151071	-541.3577292554737	30906.979266299357	1368.4655350041169
181474637.533056	161000741021.01013	30189849375.653194	6347581460.291586	-558.8218135238603	30903.71056543716	1367.7772710529266
181478237.533056	160998697836.421	30301096833.60826	6352504219.144589	-576.2797029531594	30900.430919537957	1367.0887087146289
181481837.533056	160996591814.5911	30412332465.151394	6357424498.637046	-593.7313905625579	30897.140338201316	1366.3998486360338
181485437.533056	160994422977.85947	30523556230.93225	6362342297.698253	-611.1768693866679	30893.83883102929	1365.710691463584
181489037.533056	160992191348.59036	30634768091.635296	6367257615.259844	-628.6161324755421	30890.526407626377	1365.0212378433525
181492637.533056	160989896949.17285	30745968007.97921	6372170450.255763	-646.049172894589	30887.20307759951	1364.3314884210454
181496237.533056	160987539802.021	30857155940.717583	6377080801.622288	-663.4759837246393	30883.86885055801	1363.641443841997
181499837.533056	160985119929.57385	30968331850.638382	6381988668.298014	-680.8965580618906	30880.523736113606	1362.9511047511728
181503437.533056	160982637354.29504	31079495698.564278	6386894049.223856	-698.3108890179283	30877.167743880338	1362.2604717931652
181507037.533056	160980092098.67322	31190647445.35251	6391796943.343056	-715.7189697196854	30873.800883474614	1361.5695456121957
181510637.533056	160977484185.22162	31301787051.895016	6396697349.60117	-733.1207933094747	30870.423164515105	1360.8783268521113
181514237.533056	160974813636.47812	31412914479.1183	6401595266.946068	-750.5163529449537	30867.034596622805	1360.1868161563857
181517837.533056	160972080475.00534	31524029687.983524	6406490694.327944	-767.9056417991114	30863.635189420933	1359.4950141681184
181521437.533056	160969284723.3903	31635132639.48652	6411383630.699301	-785.2886530602809	30860.224952534958	1358.8029215300314
181525037.533056	160966426404.24457	31746223294.657738	6416274075.014952	-802.6653799321157	30856.803895592533	1358.1105388844724
181528637.533056	160963505540.20416	31857301614.56227	6421162026.232029	-820.0358156335706	30853.372028223515	1357.4178668734103
181532237.533056	160960522153.92953	31968367560.299953	6426047483.30997	-837.3999533989336	30849.929360059905	1356.7249061384362
181535837.533056	160957476268.10535	32079421093.005295	6430930445.210527	-854.7577864777768	30846.475900735844	1356.031657320762
181539437.533056	160954367905.4406	32190462173.847435	6435810910.897751	-872.1093081349582	30843.01165988758	1355.338121061221
181543037.533056	160951197088.6685	32301490764.03021	6440688879.338002	-889.4545116506133	30839.53664715345	1354.6442980002648
181546637.533056	160947963840.54654	32412506824.792225	6445564349.499958	-906.793390320162	30836.050872173844	1353.9501887779643
181550237.533056	160944668183.85605	32523510317.40675	6450437320.354581	-924.1259374542797	30832.554344591204	1353.2557940340077
181553837.533056	160941310141.4027	32634501203.181805	6455307790.875147	-941.4521463789024	30829.04707404996	1352.5611144077
181557437.533056	160937889736.016	32745479443.46001	6460175760.037226	-958.7720104351865	30825.52907019655	1351.866150537964
181561037.533056	160934406990.54938	32856444999.61878	6465041226.818693	-976.0855229795479	30822.000342679385	1351.1709030633365
181564637.533056	160930861927.8803	32967397833.070415	6469904190.19972	-993.3926773836329	30818.460901148792	1350.4753726219685
181568237.533056	160927254570.9099	33078337905.261845	6474764649.162776	-1010.6934670342871	30814.91075525702	1349.7795598516263
181571837.533056	160923584942.5633	33189265177.674656	6479622602.692624	-1027.9878853335722	30811.34991465824	1349.0834653896886
181575437.533056	160919853065.78906	33300179611.825314	6484478049.776317	-1045.2759256987538	30807.77838900846	1348.3870898731464
181579037.533056	160916058963.55963	33411081169.265022	6489330989.403207	-1062.5575815622797	30804.19618796555	1347.6904339386022
181582637.533056	160912202658.87106	33521969811.579773	6494181420.564934	-1079.8328463717871	30800.60332118918	1346.9934982222685
181586237.533056	160908284174.74286	33632845500.390297	6499029342.255433	-1097.1017135900775	30796.999798340858	1346.2962833599695
181589837.533056	160904303534.2181	33743708197.35211	6503874753.470915	-1114.3641766951196	30793.38562908383	1345.5987899871373
181593437.533056	160900260760.3634	33854557864.155617	6508717653.20989	-1131.6202291800419	30789.760823083107	1344.9010187388117
181597037.533056	160896155876.26855	33965394462.52581	6513558040.473145	-1148.8698645530867	30786.125390005433	1344.2029702496425
181600637.533056	160891988905.04697	34076217954.222748	6518395914.263759	-1166.113076337674	30782.479339519246	1343.5046451538842
181604237.533056	160887759869.835	34187028301.041077	6523231273.587086	-1183.3498580723199	30778.82268129466	1342.8060440853978
181607837.533056	160883468793.79263	34297825464.810356	6528064117.450766	-1200.5802033106647	30775.155425003468	1342.1071676776508
181611437.533056	160879115700.10266	34408609407.39501	6532894444.864716	-1217.804105621457	30771.477580319064	1341.4080165637133
181615037.533056	160874700611.97137	34519380090.6942	6537722254.841136	-1235.0215585885317	30767.789156916493	1340.708591376262
181618637.533056	160870223552.62775	34630137476.641975	6542547546.394497	-1252.2325558108241	30764.090164472345	1340.0088927475736
181622237.533056	160865684545.3241	34740881527.20723	6547370318.541551	-1269.4370909023464	30760.380612664798	1339.3089213095295
181625837.533056	160861083613.33545	34851612204.393555	6552190570.301313	-1286.6351574921573	30756.660511173555	1338.6086776936118
181629437.533056	160856420779.95996	34962329470.23965	6557008300.695086	-1303.826749224405	30752.92986967986	1337.9081625309034
181633037.533056	160851696068.51846	35073033286.81889	6561823508.746438	-1321.0118597582687	30749.188697866426	1337.2073764520874
181636637.533056	160846909502.35474	35183723616.239494	6566636193.481196	-1338.1904827679555	30745.437005417447	1336.5063200874465
181640237.533056	160842061104.83514	35294400420.644745	6571446353.92748	-1355.3626119427363	30741.67480201856	1335.8049940668611
181643837.533056	160837150899.3489	35405063662.21256	6576253989.115648	-1372.5282409868805	30737.90209735683	1335.1033990198111
181647437.533056	160832178909.30774	35515713303.155815	6581059098.078344	-1389.687363619646	30734.118901120717	1334.4015355753718
181651037.533056	160827145158.1461	35626349305.72234	6585861679.85047	-1406.8399735753283	30730.32522300008	1333.6994043622171
181654637.533056	160822049669.32068	35736971632.19478	6590661733.469183	-1423.9860646031939	30726.5210726861	1332.997006008614
181658237.533056	160816892466.31107	35847580244.89066	6595459257.973913	-1441.1256304674944	30722.70645987131	1332.294341142427
181661837.533056	160811673572.61902	35958175106.16248	6600254252.406347	-1458.2586649474433	30718.88139424955	1331.591410391113
181665437.533056	160806393011.76862	36068756178.39757	6605046715.810422	-1475.3851618372264	30715.045885515963	1330.8882143817236
181669037.533056	160801050807.3063	36179323424.018105	6609836647.232337	-1492.5051149459732	30711.19994336691	1330.184753740903
181672637.533056	160795646982.80093	36289876805.48131	6614624045.720549	-1509.6185180977454	30707.343577500058	1329.4810290948876
181676237.533056	160790181561.84335	36400416285.27925	6619408910.325766	-1526.7253651315586	30703.476797614214	1328.7770410695043
181679837.533056	160784654568.04666	36510941825.93893	6624191240.100944	-1543.8256499013141	30699.599613409453	1328.0727902901726
181683437.533056	160779066025.04614	36621453390.02231	6628971034.101301	-1560.919366275867	30695.712034586977	1327.3682773819
181687037.533056	160773415956.49896	36731950940.126076	6633748291.384289	-1578.0065081389193	30691.81407084917	1326.663502969286
181690637.533056	160767704386.08426	36842434438.882164	6638523011.0096245	-1595.0870693891202	30687.905731899504	1325.9584676765148
181694237.533056	160761931337.50333	36952903848.95716	6643295192.039253	-1612.1610439399428	30683.987027442607	1325.2531721273626
181697837.533056	160756096834.47925	37063359133.052765	6648064833.53738	-1629.2284257197698	30680.057967184126	1324.5476169451904
181701437.533056	160750200900.75684	37173800253.90561	6652831934.570449	-1646.289208671832	30676.11856083084	1323.841802752946
181705037.533056	160744243560.10263	37284227174.287094	6657596494.207136	-1663.3433867541908	30672.16881809051	1323.1357301731648
181708637.533056	160738224836.3052	37394639857.00378	6662358511.5183735	-1680.3909539397719	30668.208748671936	1322.429399827965
181712237.533056	160732144753.17456	37505038264.89718	6667117985.577326	-1697.4319042163233	30664.23836228491	1321.7228123390512
181715837.533056	160726003334.54233	37615422360.843575	6671874915.459391	-1714.466231586398	30660.257668640195	1321.0159683277107
181719437.533056	160719800604.26184	37725792107.75429	6676629300.242202	-1731.4939300673514	30656.2666774495	1320.308868414815
181723037.533056	160713536586.20773	37836147468.57578	6681381139.005638	-1748.5149936913695	30652.26539842544	1319.6015132208163
181726637.533056	160707211304.27625	37946488406.28923	6686130430.831799	-1765.529416505391	30648.25384128158	1318.8939033657507
181730237.533056	160700824782.38495	38056814883.91091	6690877174.80502	-1782.5371925711488	30644.23201573233	1318.1860394692349
181733837.533056	160694377044.4729	38167126864.49206	6695621370.01187	-1799.5383159651246	30640.199931492964	1317.4779221504646
181737437.533056	160687868114.5003	38277424311.11892	6700363015.5411415	-1816.5327807785825	30636.157598279606	1316.7695520282175
181741037.533056	160681298016.44867	38387707186.91255	6705102110.4838505	-1833.5205811174874	30632.105025809193	1316.0609297208496
181744637.533056	160674666774.3207	38497975455.02928	6709838653.933251	-1850.5017111025882	30628.04222379945	1315.3520558462947
181748237.533056	160667974412.14017	38608229078.660126	6714572644.984804	-1867.476164869313	30623.969201968885	1314.642931022065
181751837.533056	160661220953.9521	38718468021.03132	6719304082.736209	-1884.4439365678354	30619.88597003674	1313.9335558652508
181755437.533056	160654406423.8224	38828692245.40399	6724032966.287378	-1901.405020363014	30615.792537722984	1313.2239309925171
181759037.533056	160647530845.83795	38938901715.074196	6728759294.7404375	-1918.3594104343902	30611.68891474831	1312.514057020107
181762637.533056	160640594244.10672	39049096393.37306	6733483067.199743	-1935.3071009761952	30607.5751108341	1311.8039345638379
181766237.533056	160633596642.7573	39159276243.6667	6738204282.771854	-1952.2480861973381	30603.451135702366	1311.0935642391005
181769837.533056	160626538065.9394	39269441229.35633	6742922940.565559	-1969.1823603213752	30599.316999075785	1310.3829466608618
181773437.533056	160619418537.82324	39379591313.87794	6747639039.691847	-1986.1099175865047	30595.172710677656	1309.672082443661
181777037.533056	160612238082.59985	39489726460.70272	6752352579.263922	-2003.0307522455832	30591.01828023186	1308.9609722016096
181780637.533056	160604996724.48108	39599846633.336784	6757063558.397203	-2019.944858566073	30586.85371746286	1308.2496165483924
181784237.533056	160597694487.6991	39709951795.321335	6761771976.209313	-2036.8522308300617	30582.67903209569	1307.5380160972645
181787837.533056	160590331396.50677	39820041910.23242	6766477831.820082	-2053.7528633342263	30578.494233855883	1306.826171461053
181791437.533056	160582907475.1776	39930116941.68133	6771181124.351547	-2070.646750389861	30574.299332469527	1306.1140832521542
181795037.533056	160575422748.0053	40040176853.31409	6775881852.927943	-2087.5338863228135	30570.094337663155	1305.4017520825346
181798637.533056	160567877239.30423	40150221608.81203	6780580016.675719	-2104.4142654735315	30565.87925916382	1304.6891785637297
181802237.533056	160560270973.40887	40260251171.89131	6785275614.723517	-2121.287882196998	30561.65410669895	1303.9763633068433
181805837.533056	160552603974.67404	40370265506.30318	6789968646.202175	-2138.154730862764	30557.418889996483	1303.2633069225467
181809437.533056	160544876267.47504	40480264575.83388	6794659110.244739	-2155.0148058548966	30553.17361878469	1302.5500100210788
181813037.533056	160537087876.20706	40590248344.30468	6799347005.986439	-2171.868101572013	30548.918302792288	1301.836473212245
181816637.533056	160529238825.2856	40700216775.57192	6804032332.56471	-2188.714612427225	30544.65295174831	1301.1226971054166
181820237.533056	160521329139.14612	40810169833.5269	6808715089.119173	-2205.554332848171	30540.37757538214	1300.4086823095295
181823837.533056	160513358842.2442	40920107482.09602	6813395274.791643	-2222.3872572769606	30536.092183423494	1299.6944294330856
181827437.533056	160505327959.05554	41030029685.24057	6818072888.726126	-2239.2133801701884	30531.79678560237	1298.9799390841506
181831037.533056	160497236514.0755	41139936406.95696	6822747930.068811	-2256.032695998927	30527.491391649077	1298.265211870354
181834637.533056	160489084531.81946	41249827611.27674	6827420397.968081	-2272.845199248706	30523.17601129415	1297.5502483988869
181838237.533056	160480872036.8226	41359703262.2663	6832090291.574502	-2289.6508844195077	30518.850654268364	1296.8350492765048
181841837.533056	160472599053.63992	41469563324.027145	6836757610.040819	-2306.44974602574	30514.51533030272	1296.1196151095228
181845437.533056	160464265606.84607	41579407760.6958	6841422352.521964	-2323.241778596238	30510.170049128414	1295.40394650382
181849037.533056	160455871721.03543	41689236536.44391	6846084518.175049	-2340.026976674262	30505.814820476793	1294.6880440648333
181852637.533056	160447417420.82193	41799049615.477974	6850744106.159357	-2356.8053348174653	30501.449654079384	1293.9719083975613
181856237.533056	160438902730.83917	41908846962.03963	6855401115.63636	-2373.5768475978766	30497.07455966784	1293.2555401065624
181859837.533056	160430327675.7402	42018628540.40565	6860055545.769702	-2390.341509601947	30492.68954697391	1292.5389397959525
181863437.533056	160421692280.19745	42128394314.88756	6864707395.725191	-2407.099315430438	30488.29462572946	1291.822108069407
181867037.533056	160412996568.90292	42238144249.83229	6869356664.670825	-2423.85025969852	30483.88980566639	1291.1050455301588
181870637.533056	160404240566.56796	42347878309.621475	6874003351.776758	-2440.594337035667	30479.475096516697	1290.387752780998
181874237.533056	160395424297.92307	42457596458.671974	6878647456.215319	-2457.3315420857234	30475.050508012355	1289.6702304242713
181877837.533056	160386547787.71805	42567298661.43563	6883288977.161006	-2474.061869506827	30470.616049885382	1288.9524790618811
181881437.533056	160377611060.72214	42676984882.39926	6887927913.790479	-2490.785313971426	30466.17173186777	1288.2344992952867
181885037.533056	160368614141.72342	42786655086.08486	6892564265.282566	-2507.5018701662866	30461.7175636915	1287.5162917255007
181888637.533056	160359557055.52917	42896309237.04931	6897198030.818257	-2524.211532792443	30457.253555088457	1286.7978569530915
181892237.533056	160350439826.96594	43005947299.884705	6901829209.580708	-2540.9142965652263	30452.779715790486	1286.0791955781801
181895837.533056	160341262480.87888	43115569239.2179	6906457800.75522	-2557.6101562141876	30448.296055529336	1285.3603082004424
181899437.533056	160332025042.13245	43225175019.71104	6911083803.529267	-2574.2991064831785	30443.80258403663	1284.6411954191058
181903037.533056	160322727535.60974	43334764606.061165	6915707217.092473	-2590.981142130262	30439.299311043866	1283.9218578329508
181906637.533056	160313369986.21292	43444337963.000374	6920328040.636614	-2607.6562579277297	30434.78624628239	1283.2022960403092
181910237.533056	160303952418.86276	43553895055.29592	6924946273.35563	-2624.324448662108	30430.26339948336	1282.482510639063
181913837.533056	160294474858.49887	43663435847.74994	6929561914.445604	-2640.985709134109	30425.73078037775	1281.7625022266475
181917437.533056	160284937330.0795	43772960305.199554	6934174963.104764	-2657.6400341586323	30421.188398696326	1281.042271400046
181921037.533056	160275339858.5817	43882468392.5171	6938785418.533502	-2674.287418564776	30416.63626416961	1280.3218187557918
181924637.533056	160265682469.0008	43991960074.60988	6943393279.934343	-2690.927857195811	30412.07438652785	1279.6011448899665
181928237.533056	160255965186.35095	44101435316.42006	6947998546.511959	-2707.5613449091315	30407.502775501067	1278.8802503982026
181931837.533056	160246188035.66473	44210894082.92508	6952601217.473172	-2724.1878765763013	30402.921440818944	1278.1591358756787
181935437.533056	160236351041.99298	44320336339.13724	6957201292.026939	-2740.8074470830215	30398.33039221088	1277.4378019171209
181939037.533056	160226454230.40524	44429762050.10394	6961798769.384365	-2757.4200513290907	30393.729639405905	1276.7162491168037
181942637.533056	160216497625.98904	44539171180.907585	6966393648.758682	-2774.0256842284425	30389.11919213274	1275.9944780685455
181946237.533056	160206481253.85046	44648563696.66559	6970985929.365272	-2790.6243407090833	30384.4990601197	1275.2724893657141
181949837.533056	160196405139.11368	44757939562.53044	6975575610.421641	-2807.2160157131266	30379.869253094705	1274.5502836012197
181953437.533056	160186269306.92114	44867298743.689514	6980162691.147436	-2823.8007041967294	30375.229780785277	1273.8278613675195
181957037.533056	160176073782.43335	44976641205.3654	6984747170.764435	-2840.3784011301404	30370.58065291851	1273.1052232566135
181960637.533056	160165818590.82892	45085966912.81559	6989329048.496544	-2856.949101497642	30365.921879221027	1272.3823698600468
181964237.533056	160155503757.30444	45195275831.33251	6993908323.569797	-2873.512800297536	30361.253469418993	1271.6593017689077
181967837.533056	160145129307.07465	45304567926.24376	6998484995.2123575	-2890.0694925421794	30356.57543323807	1270.9360195738277
181971437.533056	160134695265.372	45413843162.91183	7003059062.6545105	-2906.619173257909	30351.887780403435	1270.21252386498
181975037.533056	160124201657.447	45523101506.73433	7007630525.128675	-2923.1618374850887	30347.190520639684	1269.4888152320805
181978637.533056	160113648508.5678	45632342923.143776	7012199381.869379	-2939.697480278055	30342.483663670926	1268.7648942643855
181982237.533056	160103035844.02063	45741567377.60778	7016765632.113282	-2956.2260967051225	30337.76721922066	1268.0407615506938
181985837.533056	160092363689.10907	45850774835.62889	7021329275.099157	-2972.747681848561	30333.041197011797	1267.3164176793434
181989437.533056	160081632069.15472	45959965262.74463	7025890310.06789	-2989.2622308045975	30328.30560676667	1266.5918632382134
181993037.533056	160070841009.49658	46069138624.527626	7030448736.262493	-3005.7697386834034	30323.560458206946	1265.8670988147214
181996637.533056	160059990535.49136	46178294886.58541	7035004552.9280815	-3022.2702006090585	30318.805761053685	1265.1421249958253
182000237.533056	160049080672.51318	46287434014.56052	7039557759.311889	-3038.763611719566	30314.041525027256	1264.41694236802
182003837.533056	160038111445.95374	46396555974.1306	7044108354.663263	-3055.2499671668393	30309.267759847335	1263.6915515173393
182007437.533056	160027082881.22217	46505660731.00812	7048656338.23365	-3071.7292621166525	30304.48447523293	1262.9659530293557
182011037.533056	160015995003.7449	46614748250.94062	7053201709.276611	-3088.201491748682	30299.691680902302	1262.240147489177
182014637.533056	160004847838.96576	46723818499.710625	7057744467.047813	-3104.6666512564534	30294.889386572973	1261.514135481449
182018237.533056	159993641412.34576	46832871443.13559	7062284610.805017	-3121.1247358473465	30290.07760196171	1260.7879175903536
182021837.533056	159982375749.36325	46941907047.06804	7066822139.808101	-3137.5757407425854	30285.256336784507	1260.061494399608
182025437.533056	159971050875.51373	47050925277.39546	7071357053.319036	-3154.0196611772208	30280.42560075654	1259.3348664924642
182029037.533056	159959666816.3098	47159926100.040146	7075889350.601888	-3170.456492400088	30275.585403592173	1258.6080344517113
182032637.533056	159948223597.28122	47268909480.959625	7080419030.92283	-3186.8862296738644	30270.735755004953	1257.8809988596709
182036237.533056	159936721243.9746	47377875386.14614	7084946093.550116	-3203.3088682749867	30265.876664707564	1257.1537602981987
182039837.533056	159925159781.9537	47486823781.62712	7089470537.75411	-3219.7244034936866	30261.0081424118	1256.4263193486847
182043437.533056	159913539236.79916	47595754633.46478	7093992362.807259	-3236.1328306339356	30256.130197828592	1255.6986765920517
182047037.533056	159901859634.10843	47704667907.75638	7098511567.984099	-3252.5341450134792	30251.24284066793	1254.9708326087548
182050637.533056	159890120999.49597	47813563570.63416	7103028152.561267	-3268.9283419637877	30246.34608063891	1254.242787978782
182054237.533056	159878323358.5928	47922441588.26515	7107542115.817466	-3285.3154168300525	30241.43992744964	1253.5145432816519
182057837.533056	159866466737.04684	48031301926.85162	7112053457.033505	-3301.6953649711922	30236.52439080729	1252.7860990964161
182061437.533056	159854551160.52264	48140144552.63053	7116562175.4922695	-3318.0681817598206	30231.59948041805	1252.0574560016553
182065037.533056	159842576654.70135	48248969431.87376	7121068270.478719	-3334.4338625822147	30226.665205987083	1251.3286145754823
182068637.533056	159830543245.28073	48357776530.88839	7125571741.279907	-3350.7924028383586	30221.721577218537	1250.5995753955387
182072237.533056	159818450957.9751	48466565816.01618	7130072587.184955	-3367.143797941877	30216.768603815555	1249.8703390389965
182075837.533056	159806299818.51523	48575337253.63393	7134570807.485067	-3383.4880433200588	30211.806295480157	1249.140906082556
182079437.533056	159794089852.64835	48684090810.1534	7139066401.473524	-3399.82513441381	30206.83466191335	1248.4112771024475
182083037.533056	159781821086.13803	48792826452.021065	7143559368.445668	-3416.1550666776675	30201.853712815013	1247.6814526744288
182086637.533056	159769493544.7643	48901544145.71861	7148049707.698931	-3432.4778355797853	30196.86345788392	1246.9514333737857
182090237.533056	159757107254.3233	49010243857.762436	7152537418.532799	-3448.793436601901	30191.8639068177	1246.221219775332
182093837.533056	159744662240.62762	49118925554.704056	7157022500.248848	-3465.101865239365	30186.855069312853	1245.4908124534072
182097437.533056	159732158529.50583	49227589203.1295	7161504952.150691	-3481.4031170010485	30181.83695506472	1244.7602119818798
182101037.533056	159719596146.80283	49336234769.660034	7165984773.544025	-3497.6971874094197	30176.809573767438	1244.0294189341432
182104637.533056	159706975118.37946	49444862220.95177	7170461963.73661	-3513.9840720004886	30171.772935113928	1243.298433883116
182108237.533056	159694295470.11276	49553471523.69567	7174936522.038269	-3530.2637663237865	30166.727048795914	1242.5672574012438
182111837.533056	159681557227.89557	49662062644.61753	7179408447.760868	-3546.536265942371	30161.671924503895	1241.8358900604967
182115437.533056	159668760417.63693	49770635550.47813	7183877740.218357	-3562.801566432803	30156.607571927067	1241.1043324323687
182119037.533056	159655905065.2615	49879190208.07307	7188344398.726723	-3579.0596633851465	30151.53400075339	1240.3725850878789
182122637.533056	159642991196.7101	49987726584.23285	7192808422.604015	-3595.3105524029224	30146.45122066952	1239.6406485975708
182126237.533056	159630018837.93903	50096244645.82282	7197269811.170335	-3611.554229103155	30141.359241360795	1238.90852353151
182129837.533056	159616988014.92053	50204744359.74324	7201728563.747835	-3627.7906891162893	30136.258072511235	1238.1762104592858
182133437.533056	159603898753.64264	50313225692.92905	7206184679.660715	-3644.0199280862134	30131.147723803515	1237.443709950012
182137037.533056	159590751080.10876	50421688612.35039	7210638158.235232	-3660.2419416702805	30126.028204918937	1236.7110225723206
182140637.533056	159577545020.33826	50530133085.01187	7215088998.799674	-3676.456725539212	30120.899525537432	1235.9781488943704
182144237.533056	159564280600.36572	50638559077.95326	7219537200.684392	-3692.664275377165	30115.76169533753	1235.2450894838382
182147837.533056	159550957846.24152	50746966558.24893	7223982763.22176	-3708.8645868816684	30110.614723996347	1234.5118449079237
182151437.533056	159537576784.03134	50855355493.008224	7228425685.746207	-3725.0576557636296	30105.45862118955	1233.7784157333467
182155037.533056	159524137439.81635	50963725849.37535	7232865967.594203	-3741.2434777473236	30100.29339659139	1233.0448025263483
182158637.533056	159510639839.69296	51072077594.52917	7237303608.10424	-3757.422048570368	30095.119059874607	1232.311005852689
182162237.533056	159497084009.7731	51180410695.68356	7241738606.616863	-3773.5933639837276	30089.935620710487	1231.5770262776484
182165837.533056	159483469976.18384	51288725120.08699	7246170962.474637	-3789.757419751667	30084.74308876881	1230.8428643660275
182169437.533056	159469797765.0675	51397020835.02296	7250600675.02217	-3805.9142116517814	30079.54147371782	1230.108520682144
182173037.533056	159456067402.58167	51505297807.8096	7255027743.606097	-3822.0637354749506	30074.330785224232	1229.373995789836
182176637.533056	159442278914.89883	51613556005.80005	7259452167.575082	-3838.2059870253606	30069.111032953213	1228.6392902524587
182180237.533056	159428432328.20685	51721795396.38198	7263873946.279818	-3854.340962120433	30063.882226568345	1227.9044046328859
182183837.533056	159414527668.7083	51830015946.97799	7268293079.073015	-3870.4686565908623	30058.644375731637	1227.1693394935082
182187437.533056	159400564962.6211	51938217625.04547	7272709565.309421	-3886.589066280593	30053.39749010348	1226.4340953962342
182191037.533056	159386544236.1778	52046400398.076546	7277123404.345793	-3902.7021870467925	30048.141579342657	1225.6986729024893
182194637.533056	159372465515.62604	52154564233.59817	7281534595.540915	-3918.8080147598394	30042.87665310628	1224.963072573215
182198237.533056	159358328827.22812	52262709099.17192	7285943138.2555895	-3934.906545303319	30037.60272104984	1224.227294968869
182201837.533056	159344134197.26135	52370834962.39429	7290349031.852631	-3950.9977745740125	30032.319792827126	1223.491340649425
182205437.533056	159329881652.01767	52478941790.896484	7294752275.696878	-3967.081698481874	30027.027878090266	1222.7552101743722
182209037.533056	159315571217.80365	52587029552.34432	7299152869.155172	-3983.158312950013	30021.726986489655	1222.0189041027147
182212637.533056	159301202920.9406	52695098214.43853	7303550811.596374	-3999.227613914695	30016.417127673965	1221.282422992972
182216237.533056	159286776787.7645	52803147744.914505	7307946102.391345	-4015.2895973253244	30011.098311290152	1220.5457674031773
182219837.533056	159272292844.6258	52911178111.542274	7312338740.912966	-4031.344259144418	30005.77054698338	1219.808937890879
182223437.533056	159257751117.88943	53019189282.12683	7316728726.536121	-4047.391595347617	30000.433844397063	1219.071935013137
182227037.533056	159243151633.9348	53127181224.50762	7321116058.637692	-4063.4316019236467	29995.088213172807	1218.334759326527
182230637.533056	159228494419.1559	53235153906.55894	7325500736.596572	-4079.4642748743136	29989.73366295043	1217.597411387138
182234237.533056	159213779499.96088	53343107296.18962	7329882759.793642	-4095.4896102144876	29984.370203367922	1216.8598917505706
182237837.533056	159199006902.77222	53451041361.343475	7334262127.611804	-4111.507603972121	29978.997844061407	1216.1222009719377
182241437.533056	159184176654.0269	53558956069.99876	7338638839.435936	-4127.51825218817	29973.616594665174	1215.3843396058655
182245037.533056	159169288780.17587	53666851390.168526	7343012894.652925	-4143.521550916648	29968.22646481164	1214.646308206491
182248637.533056	159154343307.6844	53774727289.90041	7347384292.651648	-4159.5174962245665	29962.827464131326	1213.9081073274642
182252237.533056	159139340263.03186	53882583737.276825	7351753032.822971	-4175.506084191945	29957.41960225285	1213.1697375219446
182255837.533056	159124279672.71173	53990420700.41475	7356119114.559756	-4191.487310911791	29952.002888802886	1212.4311993426043
182259437.533056	159109161563.23148	54098238147.46587	7360482537.256852	-4207.461172490077	29946.5773334062	1211.6924933416244
182263037.533056	159093985961.11267	54206036046.616455	7364843300.311091	-4223.427665045737	29941.142945685602	1210.9536200706982
182266637.533056	159078752892.89062	54313814366.087524	7369201403.121298	-4239.386784710673	29935.699735261893	1210.2145800810265
182270237.533056	159063462385.11484	54421573074.134674	7373556845.088274	-4255.338527629688	29930.247711753917	1209.4753739233224
182273837.533056	159048114464.3484	54529312139.048004	7377909625.614803	-4271.2828899605165	29924.78688477852	1208.7360021478066
182277437.533056	159032709157.1684	54637031529.1524	7382259744.105654	-4287.219867873798	29919.317263950506	1207.996465304211
182281037.533056	159017246490.1656	54744731212.80735	7386607199.96757	-4303.149457553075	29913.838858882653	1207.256763941774
182284637.533056	159001726489.9445	54852411158.406845	7390951992.609274	-4319.071655194755	29908.351679185693	1206.5168986092426
182288237.533056	158986149183.1232	54960071334.37946	7395294121.441452	-4334.986457008098	29902.85573446827	1205.7768698548748
182291837.533056	158970514596.33356	55067711709.18849	7399633585.876779	-4350.8938592152435	29897.35103433698	1205.036678226434
182295437.533056	158954822756.2209	55175332251.33177	7403970385.329892	-4366.793858051163	29891.83758839627	1204.2963242711912
182299037.533056	158939073689.44412	55282932929.34152	7408304519.217395	-4382.686449763602	29886.31540624852	1203.555808535927
182302637.533056	158923267422.67563	55390513711.78484	7412635986.957871	-4398.571630613192	29880.78449749395	1202.8151315669268
182306237.533056	158907403982.60123	55498074567.263084	7416964787.971853	-4414.449396873295	29875.244871730632	1202.0742939099841
182309837.533056	158891483395.9201	55605615464.41237	7421290921.68185	-4430.319744830099	29869.696538554483	1201.3332961103984
182313437.533056	158875505689.34482	55713136371.90328	7425614387.512329	-4446.182670782534	29864.13950755925	1200.5921387129754
182317037.533056	158859470889.60132	55820637258.44093	7429935184.889721	-4462.038171042288	29858.573788336467	1199.8508222620274
182320637.533056	158843379023.42856	55928118092.76496	7434253313.242405	-4477.886241933803	29852.999390475466	1199.1093473013716
182324237.533056	158827230117.579	56035578843.649506	7438568772.0007305	-4493.726879794219	29847.41632356336	1198.3677143743323
182327837.533056	158811024198.81808	56143019479.90324	7442881560.596993	-4509.56008097342	29841.824597185012	1197.625924023736
182331437.533056	158794761293.92438	56250439970.36935	7447191678.465443	-4525.385841833971	29836.224220923024	1196.8839767919176
182335037.533056	158778441429.6896	56357840283.9255	7451499125.042286	-4541.20415875112	29830.615204357742	1196.1418732207144
182338637.533056	158762064632.91843	56465220389.483826	7455803899.765673	-4557.015028112796	29824.99755706721	1195.3996138514685
182342237.533056	158745630930.4286	56572580255.991005	7460106002.075708	-4572.818446319578	29819.37128862717	1194.657199225027
182345837.533056	158729140349.05066	56679919852.4281	7464405431.414434	-4588.6144097846945	29813.736408611054	1193.9146298817386
182349437.533056	158712592915.6281	56787239147.81061	7468702187.225843	-4604.40291493398	29808.09292658996	1193.1719063614598
182353037.533056	158695988657.01736	56894538111.18858	7472996268.95587	-4620.183958205918	29802.440852132626	1192.4290292035462
182356637.533056	158679327600.08755	57001816711.64648	7477287676.052391	-4635.957536051569	29796.78019480542	1191.6859989468585
182360237.533056	158662609771.72055	57109074918.30322	7481576407.965216	-4651.723644934587	29791.110964172374	1190.942816129761
182363837.533056	158645835198.81097	57216312700.31213	7485862464.146101	-4667.482281331221	29785.433169795055	1190.199481290118
182367437.533056	158629003908.26617	57323530026.86075	7490145844.048725	-4683.233441730222	29779.746821232697	1189.4559949652999
182371037.533056	158612115927.00592	57430726867.17142	7494426547.128712	-4698.977122632949	29774.05192804204	1188.7123576921758
182374637.533056	158595171281.96274	57537903190.500565	7498704572.843612	-4714.713320553255	29768.34849977743	1187.9685700071186
182378237.533056	158578170000.0817	57645058966.13915	7502979920.65291	-4730.442032017514	29762.636545990747	1187.2246324460034
182381837.533056	158561112108.32016	57752194163.41251	7507252590.018015	-4746.163253564623	29756.916076231395	1186.4805455442042
182385437.533056	158543997633.64807	57859308751.68032	7511522580.402262	-4761.876981745953	29751.18710004629	1185.7363098365986
182389037.533056	158526826603.04776	57966402700.33661	7515789891.270912	-4777.5832131253455	29745.449626979855	1184.9919258575642
182392637.533056	158509599043.51385	58073475978.80978	7520054522.091152	-4793.281944279116	29739.703666573998	1184.2473941409794
182396237.533056	158492314982.0533	58180528556.56257	7524316472.332083	-4808.973171796013	29733.949228368092	1183.5027152202233
182399837.533056	158474974445.68536	58287560403.09213	7528575741.464733	-4824.65689227723	29728.186321898986	1182.7578896281752
182403437.533056	158457577461.4414	58394571487.92978	7532832328.962039	-4840.33310233637	29722.414956700937	1182.0129178972143
182407037.533056	158440124056.36508	58501561780.64131	7537086234.298863	-4856.001798599449	29716.63514230566	1181.2678005592202
182410637.533056	158422614257.51205	58608531250.82675	7541337456.951973	-4871.662977704862	29710.84688824226	1180.5225381455712
182414237.533056	158405048091.95023	58715479868.120476	7545585996.400058	-4887.316636303394	29705.05020403725	1179.7771311871456
182417837.533056	158387425586.7593	58822407602.19111	7549831852.123706	-4902.962771058186	29699.245099214517	1179.031580214321
182421437.533056	158369746769.0312	58929314422.741516	7554075023.605419	-4918.601378644721	29693.43158329532	1178.2858857569734
182425037.533056	158352011665.86966	59036200299.508896	7558315510.329609	-4934.232455750816	29687.609665798285	1177.5400483444787
182428637.533056	158334220304.39038	59143065202.26478	7562553311.782588	-4949.855999076639	29681.779356239356	1176.7940685057097
182432237.533056	158316372711.72076	59249909100.814835	7566788427.452574	-4965.472005334622	29675.940664131806	1176.0479467690384
182435837.533056	158298468915.00034	59356731964.99894	7571020856.829682	-4981.080471249499	29670.093598986223	1175.3016836623356
182439437.533056	158280508941.38013	59463533764.6913	7575250599.405931	-4996.681393558288	29664.238170310502	1174.5552797129697
182443037.533056	158262492818.02295	59570314469.80031	7579477654.675237	-5012.274769010275	29658.37438760979	1173.8087354478057
182446637.533056	158244420572.10336	59677074050.26867	7583702022.1334095	-5027.860594366991	29652.502260386533	1173.062051393207
182450237.533056	158226292230.8075	59783812476.073044	7587923701.278151	-5043.438866402189	29646.621798140408	1172.315228075035
182453837.533056	158208107821.3331	59890529717.2246	7592142691.609062	-5059.009581901867	29640.733010368334	1171.5682660186467
182457437.533056	158189867370.88953	59997225743.76853	7596358992.627633	-5074.572737664216	29634.835906564458	1170.8211657488969
182461037.533056	158171570906.69742	60103900525.78401	7600572603.837227	-5090.1283304995995	29628.930496220146	1170.0739277901382
182464637.533056	158153218455.98923	60210554033.3848	7604783524.743122	-5105.676357230598	29623.01678882395	1169.3265526662174
182468237.533056	158134810046.00848	60317186236.71847	7608991754.852453	-5121.216814691918	29617.0947938616	1168.57904090048
182471837.533056	158116345704.01035	60423797105.966866	7613197293.674259	-5136.749699730442	29611.164520816008	1167.8313930157665
182475437.533056	158097825457.2611	60530386611.34602	7617400140.71945	-5152.275009205189	29605.22597916722	1167.0836095344125
182479037.533056	158079249333.0385	60636954723.1059	7621600295.500817	-5167.792739987261	29599.279178392448	1166.3356909782524
182482637.533056	158060617358.63135	60743501411.53085	7625797757.53303	-5183.302888959918	29593.32412796601	1165.5876378686125
182486237.533056	158041929561.33987	60850026646.93904	7629992526.332631	-5198.805453018469	29587.360837359345	1164.8394507263176
182489837.533056	158023185968.47525	60956530399.683	7634184601.418046	-5214.3004290703375	29581.389316040986	1164.0911300716857
182493437.533056	158004386607.3599	61063012640.14905	7638373982.309557	-5229.787814034974	29575.40957347656	1163.3426764245314
182497037.533056	157985531505.3272	61169473338.75792	7642560668.529336	-5245.26760484391	29569.421619128752	1162.5940903041637
182500637.533056	157966620689.72168	61275912465.96405	7646744659.601405	-5260.739798440688	29563.425462457315	1161.8453722293862
182504237.533056	157947654187.89874	61382329992.25616	7650925955.051662	-5276.204391780881	29557.421112919033	1161.096522718497
182507837.533056	157928632027.22476	61488725888.156975	7655104554.407874	-5291.661381832077	29551.40857996775	1160.3475422892893
182511437.533056	157909554235.0771	61595100124.22315	7659280457.199663	-5307.110765573836	29545.387873054286	1159.5984314590496
182515037.533056	157890420838.8438	61701452671.04552	7663453662.958519	-5322.5525399977205	29539.359001626486	1158.8491907445593
182518637.533056	157871231865.92392	61807783499.24881	7667624171.217784	-5337.9867021072305	29533.321975129187	1158.0998206620936
182522237.533056	157851987343.72702	61914092579.4917	7671791981.512662	-5353.413248917832	29527.276803004195	1157.3503217274215
182525837.533056	157832687299.6736	62020379882.46696	7675957093.380214	-5368.832177456912	29521.223494690275	1156.6006944558053
182529437.533056	157813331761.1948	62126645378.90138	7680119506.359359	-5384.243484763796	29515.162059623144	1155.8509393620006
182533037.533056	157793920755.7323	62232889039.555435	7684279219.99085	-5399.647167889696	29509.092507235473	1155.1010569602577
182536637.533056	157774454310.73853	62339110835.22401	7688436233.817319	-5415.043223897733	29503.014846956812	1154.3510477643176
182540237.533056	157754932453.6763	62445310736.73541	7692590547.383219	-5430.431649862881	29496.929088213667	1153.6009122874175
182543837.533056	157735355212.01907	62551488714.95227	7696742160.234865	-5445.812442872007	29490.835240429413	1152.8506510422844
182547437.533056	157715722613.25067	62657644740.77095	7700891071.920414	-5461.185600023798	29484.7333130243	1152.10026454114
182551037.533056	157696034684.86536	62763778785.12178	7705037281.989866	-5476.551118428791	29478.623315415483	1151.349753295698
182554637.533056	157676291454.36795	62869890818.96898	7709180789.995065	-5491.908995209334	29472.505257016936	1150.5991178171644
182558237.533056	157656492949.27325	62975980813.310684	7713321595.489687	-5507.259227499591	29466.379147239488	1149.8483586162376
182561837.533056	157636639197.10678	63082048739.17877	7717459698.029248	-5522.601812445497	29460.244995490808	1149.0974762031083
182565437.533056	157616730225.4039	63188094567.63915	7721595097.171106	-5537.936747204789	29454.102811175362	1148.3464710874587
182569037.533056	157596766061.71048	63294118269.79146	7725727792.474445	-5553.264028946932	29447.952603694448	1147.595343778464
182572637.533056	157576746733.58246	63400119816.769226	7729857783.500289	-5568.583654853161	29441.794382446133	1146.8440947847903
182576237.533056	157556672268.58594	63506099179.73984	7733985069.811485	-5583.895622116449	29435.628156825253	1146.092724614595
182579837.533056	157536542694.29697	63612056329.90441	7738109650.972713	-5599.199927941463	29429.45393622344	1145.3412337755278
182583437.533056	157516358038.30182	63717991238.497925	7742231526.550475	-5614.496569544597	29423.271730029042	1144.5896227747294
182587037.533056	157496118328.19666	63823903876.78912	7746350696.113101	-5629.785544153914	29417.081547627186	1143.8378921188319
182590637.533056	157475823591.58762	63929794216.08068	7750467159.230755	-5645.066849009178	29410.883398399692	1143.0860423139582
182594237.533056	157455473856.09076	64035662227.70867	7754580915.4753895	-5660.340481361771	29404.677291725115	1142.334073865723
182597837.533056	157435069149.33212	64141507883.04339	7758691964.420819	-5675.606438474766	29398.463236978692	1141.5819872792301
182601437.533056	157414609498.94727	64247331153.4885	7762800305.64264	-5690.864717622836	29392.241243532353	1140.8297830590764
182605037.533056	157394094932.58203	64353132010.48156	7766905938.7182865	-5706.115316092282	29386.011320754733	1140.0774617093477
182608637.533056	157373525477.89148	64458910425.49393	7771008863.226995	-5721.358231181012	29379.773478011084	1139.325023733621
182612237.533056	157352901162.5408	64564666370.03054	7775109078.749823	-5736.5934601985155	29373.527724663327	1138.5724696349637
182615837.533056	157332222014.2046	64670399815.630035	7779206584.869625	-5751.821000465842	29367.274070070056	1137.8197999159336
182619437.533056	157311488060.5671	64776110733.86478	7783301381.171073	-5767.040849315619	29361.012523586418	1137.0670150785782
182623037.533056	157290699329.3224	64881799096.340775	7787393467.24065	-5782.253004092009	29354.743094564245	1136.3141156244358
182626637.533056	157269855848.17377	64987464874.69781	7791482842.666633	-5797.457462150711	29348.46579235191	1135.5611020545339
182630237.533056	157248957644.83414	65093108040.6091	7795569507.0391035	-5812.6542208589235	29342.180626294426	1134.8079748693906
182633837.533056	157228004747.02594	65198728565.78178	7799653459.949954	-5827.843277595368	29335.887605733344	1134.0547345690125
182637437.533056	157206997182.48093	65304326421.956215	7803734700.992863	-5843.024629750219	29329.586740006805	1133.3013816528987
182641037.533056	157185934978.94034	65409901580.90682	7807813229.763315	-5858.1982747251495	29323.278038449476	1132.5479166200348
182644637.533056	157164818164.15466	65515454014.44127	7811889045.858585	-5873.3642099332765	29316.961510392575	1131.794339968897
182648237.533056	157143646765.8836	65620983694.40101	7815962148.877746	-5888.5224327991755	29310.637165163847	1131.0406521974512
182651837.533056	157122420811.8964	65726490592.66102	7820032538.42166	-5903.6729407588155	29304.305012087563	1130.2868538031526
182655437.533056	157101140329.97113	65831974681.12979	7824100214.0929785	-5918.815731259618	29297.965060484472	1129.5329452829446
182659037.533056	157079805347.89532	65937435931.749466	7828165175.496141	-5933.950801760377	29291.617319671826	1128.7789271332613
182662637.533056	157058415893.4655	66042874316.49557	7832227422.237378	-5949.078149731273	29285.261798963365	1128.0247998500245
182666237.533056	157036971994.4873	66148289807.37726	7836286953.924695	-5964.19777265385	29278.898507669277	1127.2705639286457
182669837.533056	157015473678.77545	66253682376.43728	7840343770.167893	-5979.309668021041	29272.527455096213	1126.5162198640242
182673437.533056	156993920974.1536	66359051995.75158	7844397870.578535	-5994.413833337068	29266.14865054727	1125.7617681505503
182677037.533056	156972313908.45447	66464398637.42996	7848449254.76999	-6009.510266117515	29259.76210332197	1125.0072092821001
182680637.533056	156950652509.5196	66569722273.615456	7852497922.357376	-6024.598963889255	29253.367822716245	1124.2525437520408
182684237.533056	156928936805.1994	66675022876.48463	7856543872.957602	-6039.679924190477	29246.96581802245	1123.497772053226
182687837.533056	156907166823.35333	66780300418.24749	7860587106.189348	-6054.753144570637	29240.556098529327	1122.7428946779992
182691437.533056	156885342591.84933	66885554871.1474	7864627621.67306	-6069.81862259045	29234.138673522004	1121.9879121181925
182695037.533056	156863464138.56445	66990786207.461334	7868665419.030966	-6084.87635582191	29227.71355228197	1121.2328248651245
182698637.533056	156841531491.3841	67095994399.499466	7872700497.887046	-6099.926341848222	29221.280744087086	1120.477633409604
182702237.533056	156819544678.20264	67201179419.60561	7876732857.867064	-6114.968578263836	29214.840258211556	1119.722338241927
182705837.533056	156797503726.923	67306341240.156555	7880762498.598524	-6130.003062674373	29208.39210392592	1118.9669398518784
182709437.533056	156775408665.45663	67411479833.56288	7884789419.710715	-6145.029792696693	29201.93629049704	1118.2114387287293
182713037.533056	156753259521.7237	67516595172.26824	7888813620.834675	-6160.0487659588025	29195.47282718809	1117.4558353612408
182716637.533056	156731056323.65268	67621687228.74987	7892835101.603209	-6175.059980099902	29189.00172325856	1116.7001302376607
182720237.533056	156708799099.18076	67726755975.51807	7896853861.650866	-6190.063432770297	29182.522987964214	1115.9443238457254
182723837.533056	156686487876.25333	67831801385.11667	7900869900.61396	-6205.059121631478	29176.036630557086	1115.188416672658
182727437.533056	156664122682.82434	67936823430.12268	7904883218.130555	-6220.047044356018	29169.542660285504	1114.4324092051706
182731037.533056	156641703546.8561	68041822083.146385	7908893813.840468	-6235.027198627609	29163.04108639404	1113.6763019294622
182734637.533056	156619230496.31915	68146797316.83146	7912901687.38526	-6249.999582141042	29156.531918123503	1112.9200953312197
182738237.533056	156596703559.19235	68251749103.854675	7916906838.408246	-6264.96419260216	29150.015164710952	1112.1637898956176
182741837.533056	156574122763.46283	68356677416.926285	7920909266.554487	-6279.921027727911	29143.49083538963	1111.4073861073173
182745437.533056	156551488137.12582	68461582228.78948	7924908971.470777	-6294.870085246237	29136.958939389042	1110.6508844504688
182749037.533056	156528799708.18488	68566463512.22093	7928905952.805667	-6309.811362896149	29130.41948593485	1109.894285408708
182752637.533056	156506057504.65155	68671321240.03035	7932900210.209439	-6324.744858427667	29123.872484248936	1109.1375894651599
182756237.533056	156483261554.5454	68776155385.0607	7936891743.334112	-6339.670569601806	29117.317943549322	1108.3807971024353
182759837.533056	156460411885.8943	68880965920.1881	7940880551.83345	-6354.588494190565	29110.755873050246	1107.6239088026337
182763437.533056	156437508526.73383	68985752818.32196	7944866635.362946	-6369.49862997695	29104.18628196205	1106.8669250473404
182767037.533056	156414551505.1077	69090516052.4047	7948849993.579826	-6384.400974754894	29097.609179491246	1106.1098463176277
182770637.533056	156391540849.0674	69195255595.4117	7952830626.14304	-6399.295526329254	29091.02457484049	1105.3526730940587
182774237.533056	156368476586.67255	69299971420.35193	7956808532.7132845	-6414.182282515876	29084.43247720853	1104.5954058566786
182777837.533056	156345358745.99042	69404663500.26706	7960783712.952968	-6429.061241141473	29077.832895790234	1103.8380450850223
182781437.533056	156322187355.096	69509331808.2321	7964756166.526231	-6443.932400043678	29071.225839776595	1103.0805912581122
182785037.533056	156298962442.07233	69613976317.35497	7968725893.098934	-6458.795757071012	29064.61131835465	1102.3230448544562
182788637.533056	156275684035.0099	69718597000.77673	7972692892.338661	-6473.6513100828415	29057.989340707565	1101.565406352051
182792237.533056	156252352162.0071	69823193831.67163	7976657163.914725	-6488.4990569494375	29051.359916014528	1100.8076762283772
182795837.533056	156228966851.1698	69927766783.24663	7980618707.498136	-6503.33899555185	29044.723053450813	1100.0498549604067
182799437.533056	156205528130.61154	70032315828.742	7984577522.761637	-6518.171123782001	29038.07876218774	1099.2919430245952
182803037.533056	156182036028.45352	70136840941.43094	7988533609.379681	-6532.995439542613	29031.427051392624	1098.5339408968853
182806637.533056	156158490572.82434	70241342094.6196	7992486967.028434	-6547.8119407471995	29024.767930228863	1097.7758490527085
182810237.533056	156134891791.8601	70345819261.64711	7996437595.385772	-6562.620625320066	29018.10140785584	1097.0176679669812
182813837.533056	156111239713.70447	70450272415.88565	8000385494.131275	-6577.421491196277	29011.42749342892	1096.2593981141072
182817437.533056	156087534366.50845	70554701530.74031	8004330662.94624	-6592.214536321651	29004.746196099506	1095.501039967978
182821037.533056	156063775778.4303	70659106579.64911	8008273101.513662	-6606.9997586527525	28998.05752501495	1094.7425940019702
182824637.533056	156039963977.63593	70763487536.08286	8012212809.518236	-6621.777156156857	28991.361489318595	1093.9840606889497
182828237.533056	156016098992.29822	70867844373.54561	8016149786.646372	-6636.5467268119655	28984.658098149725	1093.2254405012663
182831837.533056	155992180850.5975	70972177065.57394	8020084032.586163	-6651.308468606755	28977.94736064358	1092.4667339107584
182835437.533056	155968209580.72125	71076485585.73761	8024015547.027412	-6666.062379540604	28971.229285931367	1091.707941388751
182839037.533056	155944185210.8642	71180769907.63898	8027944329.66161	-6680.808457623517	28964.50388314019	1090.949063406055
182842637.533056	155920107769.22818	71285030004.91348	8031870380.18195	-6695.546700876198	28957.771161393095	1090.1901004329693
182846237.533056	155895977284.0221	71389265851.22922	8035793698.283304	-6710.277107329951	28951.031129809027	1089.4310529392787
182849837.533056	155871793783.46188	71493477420.28726	8039714283.6622505	-6724.999675026725	28944.283797502812	1088.6719213942542
182853437.533056	155847557295.77075	71597664685.82132	8043632136.017044	-6739.714402019043	28937.529173585215	1087.9127062666553
182857037.533056	155823267849.17853	71701827621.59802	8047547255.047631	-6754.4212863700495	28930.76726716283	1087.153408024726
182860637.533056	155798925471.92236	71805966201.4168	8051459640.455645	-6769.120326153455	28923.99808733814	1086.3940271361994
182864237.533056	155774530192.24603	71910080399.10968	8055369291.944395	-6783.811519453518	28917.221643209512	1085.634564068294
182867837.533056	155750082038.40033	72014170188.54166	8059276209.218882	-6798.494864365088	28910.437943871097	1084.8750192877133
182871437.533056	155725581038.64294	72118235543.61023	8063180391.985773	-6813.170358993487	28903.64699841294	1084.1153932606517
182875037.533056	155701027221.23822	72222276438.24577	8067081839.953421	-6827.838001454586	28896.848815920905	1083.3556864527873
182878637.533056	155676420614.45734	72326292846.41133	8070980552.831856	-6842.497789874779	28890.04340547666	1082.5958993292852
182882237.533056	155651761246.5782	72430284742.10254	8074876530.332769	-6857.149722390893	28883.230776157696	1081.8360323547997
182885837.533056	155627049145.8854	72534252099.34787	8078769772.169542	-6871.7937971502915	28876.410937037286	1081.0760859934678
182889437.533056	155602284340.67023	72638194892.20834	8082660278.057217	-6886.430012310745	28869.583897184504	1080.3160607089171
182893037.533056	155577466859.23047	72742113094.77759	8086548047.712495	-6901.058366040504	28862.749665664203	1079.5559569642594
182896637.533056	155552596729.8706	72846006681.18196	8090433080.853762	-6915.678856518222	28855.90825153701	1078.795775222096
182900237.533056	155527673980.9016	72949875625.58041	8094315377.201054	-6930.291481932993	28849.05966385929	1078.0355159445116
182903837.533056	155502698640.64096	73053719902.16444	8098194936.476076	-6944.896240484288	28842.20391168318	1077.275179593081
182907437.533056	155477670737.41254	73157539485.15804	8102071758.40219	-6959.493130381969	28835.341004056543	1076.514766628864
182911037.533056	155452590299.54672	73261334348.81796	8105945842.70442	-6974.082149846275	28828.47095002298	1075.7542775124084
182914637.533056	155427457355.38025	73365104467.43332	8109817189.109446	-6988.663297107793	28821.593758621824	1074.9937127037479
182918237.533056	155402271933.2563	73468849815.32599	8113685797.345606	-7003.236570407467	28814.709438888087	1074.2330726624039
182921837.533056	155377034061.52417	73572570366.85016	8117551667.142886	-7017.801967996552	28807.81799985251	1073.4723578473845
182925437.533056	155351743768.53964	73676266096.39261	8121414798.232929	-7032.359488136605	28800.919450541507	1072.7115687171852
182929037.533056	155326401082.6646	73779936978.37256	8125275190.349022	-7046.9091290995075	28794.013799977198	1071.9507057297883
182932637.533056	155301006032.2672	73883582987.24176	8129132843.226103	-7061.450889167405	28787.10105717736	1071.189769342663
182936237.533056	155275558645.72174	73987204097.48438	8132987756.6007595	-7075.984766632718	28780.18123115542	1070.428760012766
182939837.533056	155250058951.4086	74090800283.617	8136839930.211213	-7090.510759798107	28773.254330920485	1069.6676781965407
182943437.533056	155224506977.71436	74194371520.18877	8140689363.797337	-7105.028866976488	28766.32036547731	1068.9065243499178
182947037.533056	155198902753.0316	74297917781.78098	8144536057.100642	-7119.539086490985	28759.379343826244	1068.1452989283162
182950637.533056	155173246305.75882	74401439043.00763	8148380009.864275	-7134.04141667495	28752.431274963306	1067.38400238664
182954237.533056	155147537664.30072	74504935278.5149	8152221221.833028	-7148.535855871903	28745.47616788012	1066.6226351792832
182957837.533056	155121776857.06772	74608406462.98126	8156059692.753313	-7163.022402435564	28738.514031563893	1065.8611977601252
182961437.533056	155095963912.47632	74711852571.11783	8159895422.373191	-7177.50105472981	28731.544874997475	1065.0996905825332
182965037.533056	155070098858.94876	74815273577.66776	8163728410.442343	-7191.971811128666	28724.568707159266	1064.3381140993624
182968637.533056	155044181724.91318	74918669457.40662	8167558656.712082	-7206.434670016299	28717.58553702326	1063.5764687629553
182972237.533056	155018212538.8036	75022040185.14236	8171386160.935354	-7220.889629786988	28710.595373559012	1062.814755025141
182975837.533056	154992191329.05954	75125385735.71501	8175210922.866722	-7235.336688845124	28703.59822573166	1062.0529733372377
182979437.533056	154966118124.12662	75228706083.99709	8179032942.26238	-7249.775845605182	28696.594102501887	1061.2911241500503
182983037.533056	154939992952.4559	75332001204.89334	8182852218.880146	-7264.20709849173	28689.583012825915	1060.5292079138715
182986637.533056	154913815842.50403	75435271073.34048	8186668752.479444	-7278.63044593937	28682.564965655492	1059.7672250784817
182990237.533056	154887586822.73352	75538515664.30774	8190482542.82133	-7293.045886392778	28675.53996993791	1059.0051760931494
182993837.533056	154861305921.61224	75641734952.79651	8194293589.668472	-7307.453418306648	28668.50803461596	1058.2430614066302
182997437.533056	154834973167.61377	75744928913.84021	8198101892.785154	-7321.853040145693	28661.469168627948	1057.4808814671687
183001037.533056	154808588589.21713	75848097522.50455	8201907451.93727	-7336.244750384637	28654.42338090769	1056.7186367224967
183004637.533056	154782152214.9067	75951240753.88737	8205710266.892325	-7350.628547508178	28647.370680384476	1055.956327619834
183008237.533056	154755664073.17264	76054358583.11865	8209510337.419438	-7365.004430010992	28640.311075983096	1055.1939546058893
183011837.533056	154729124192.51	76157450985.36049	8213307663.28933	-7379.372396397736	28633.244576623787	1054.431518126858
183015437.533056	154702532601.41968	76260517935.80707	8217102244.274327	-7393.7324451829745	28626.171191222267	1053.6690186284254
183019037.533056	154675889328.4076	76363559409.68475	8220894080.148369	-7408.084574891237	28619.090928689704	1052.906456555763
183022637.533056	154649194401.9851	76466575382.25177	8224683170.686975	-7422.428784056923	28612.003797932728	1052.1438323535335
183026237.533056	154622447850.66876	76569565828.79865	8228469515.667288	-7436.765071224389	28604.90980785337	1051.381146465885
183029837.533056	154595649702.98044	76672530724.6478	8232253114.868038	-7451.0934349478275	28597.808967349138	1050.618399336456
183033437.533056	154568799987.447	76775470045.15373	8236033968.069552	-7465.413873791341	28590.701285312913	1049.8555914083722
183037037.533056	154541898732.60068	76878383765.70291	8239812075.053751	-7479.726386328854	28583.586770633032	1049.09272312425
183040637.533056	154514945966.9787	76981271861.71384	8243587435.604154	-7494.030971144152	28576.465432193203	1048.3297949261923
183044237.533056	154487941719.1234	77084134308.63684	8247360049.505854	-7508.327626830841	28569.337278872546	1047.5668072557924
183047837.533056	154460886017.58215	77186971081.95448	8251129916.545555	-7522.6163519923475	28562.202319545562	1046.8037605541306
183051437.533056	154433778890.90735	77289782157.18102	8254897036.511537	-7536.897145241885	28555.060563082123	1046.0406552617783
183055037.533056	154406620367.65637	77392567509.86273	8258661409.19366	-7551.170005202461	28547.912018347502	1045.277491818794
183058637.533056	154379410476.39148	77495327115.57785	8262423034.38338	-7565.434930506836	28540.756694202282	1044.5142706647266
183062237.533056	154352149245.67993	77598060949.93633	8266181911.873717	-7579.691919797538	28533.594599502452	1043.7509922386134
183065837.533056	154324836704.0938	77700768988.58018	8269938041.459296	-7593.940971726828	28526.42574309931	1042.9876569789815
183069437.533056	154297472880.20993	77803451207.18321	8273691422.936291	-7608.182084956699	28519.250133839505	1042.2242653238468
183073037.533056	154270057802.61008	77906107581.451	8277442056.102477	-7622.415258158837	28512.06778056501	1041.460817710715
183076637.533056	154242591499.88077	78008738087.12103	8281189940.757182	-7636.640490014638	28504.878692113132	1040.6973145765812
183080237.533056	154215074000.61322	78111342699.96259	8284935076.701326	-7650.857779215179	28497.682877316467	1039.9337563579293
183083837.533056	154187505333.4032	78213921395.77673	8288677463.737384	-7665.067124461188	28490.48034500293	1039.1701434907345
183087437.533056	154159885526.85138	78316474150.39621	8292417101.669404	-7679.268524463063	28483.271103995736	1038.4064764104608
183091037.533056	154132214609.5629	78419000939.68564	8296153990.303006	-7693.461977940823	28476.055163113368	1037.6427555520618
183094637.533056	154104492610.14755	78521501739.54135	8299888129.445367	-7707.647483624119	28468.83253116961	1036.8789813499811
183098237.533056	154076719557.21967	78623976525.89136	8303619518.905233	-7721.825040252203	28461.60321697351	1036.1151542381538
183101837.533056	154048895479.39813	78726425274.69537	8307348158.4929085	-7735.994646573925	28454.36722932938	1035.3512746500028
183105437.533056	154021020405.3062	78828847961.94498	8311074048.020262	-7750.156301347729	28447.124577036775	1034.587343018442
183109037.533056	153993094363.57175	78931244563.66309	8314797187.30071	-7764.310003341572	28439.87526889053	1033.8233597758779
183112637.533056	153965117382.8269	79033615055.90451	8318517576.149233	-7778.455751333011	28432.619313680683	1033.0593253542042
183116237.533056	153937089491.70844	79135959414.75568	8322235214.382365	-7792.593544109114	28425.356720192533	1032.295240184807
183119837.533056	153909010718.85706	79238277616.33446	8325950101.818182	-7806.723380466473	28418.08749720659	1031.5311046985628
183123437.533056	153880881092.91818	79340569636.79065	8329662238.276329	-7820.845259211195	28410.811653498575	1030.7669193258378
183127037.533056	153852700642.5413	79442835452.3053	8333371623.577978	-7834.95917915886	28403.529197839438	1030.002684496491
183130637.533056	153824469396.38022	79545075039.09128	8337078257.545872	-7849.065139134544	28396.240138995297	1029.2384006398695
183134237.533056	153796187383.0929	79647288373.39278	8340782140.004269	-7863.163137972763	28388.944485727512	1028.4740681848148
183137837.533056	153767854631.34155	79749475431.48572	8344483270.778997	-7877.253174517492	28381.642246792573	1027.7096875596574
183141437.533056	153739471169.7925	79851636189.67737	8348181649.697409	-7891.335247622138	28374.3334309422	1026.9452591922195
183145037.533056	153711037027.11615	79953770624.30664	8351877276.5884	-7905.409356149524	28367.018046923244	1026.1807835098148
183148637.533056	153682552231.9871	80055878711.7439	8355570151.282413	-7919.4754989718795	28359.696103477738	1025.4162609392486
183152237.533056	153654016813.08374	80157960428.39087	8359260273.611412	-7933.533674970818	28352.36760934287	1024.6516919068176
183155837.533056	153625430799.08878	80260015750.6808	8362947643.408897	-7947.58388303733	28345.032573250974	1023.8870768383106
183159437.533056	153596794218.68872	80362044655.07841	8366632260.5099125	-7961.626122071764	28337.691003929514	1023.1224161590078
183163037.533056	153568107100.57404	80464047118.07971	8370314124.751022	-7975.660390983817	28330.342910101106	1022.3577102936814
183166637.533056	153539369473.4391	80566023116.21216	8373993235.970313	-7989.686688692511	28322.988300483477	1021.592959666596
183170237.533056	153510581365.98218	80667972626.03473	8377669594.007416	-8003.705014126188	28315.627183789475	1020.8281647015083
183173837.533056	153481742806.90533	80769895624.13748	8381343198.703468	-8017.715366222493	28308.259568727055	1020.0633258216669
183177437.533056	153452853824.9146	80871792087.14197	8385014049.901141	-8031.717743928348	28300.8854639993	1019.2984434498137
183181037.533056	153423914448.71964	80973661991.70114	8388682147.444626	-8045.712146199961	28293.504878304353	1018.5335180081825
183184637.533056	153394924707.03375	81075505314.49902	8392347491.179622	-8059.698572002788	28286.11782033547	1017.7685499184997
183188237.533056	153365884628.5742	81177322032.2512	8396010080.953366	-8073.677020311537	28278.724298780988	1017.003539601985
183191837.533056	153336794242.0617	81279112121.70438	8399669916.61459	-8087.6474901101365	28271.324322324293	1016.2384874793504
183195437.533056	153307653576.22083	81380875559.63649	8403326998.013554	-8101.609980391733	28263.91789964387	1015.4733939708017
183199037.533056	153278462659.7795	81482612322.85672	8406981325.00202	-8115.564490158671	28256.505039413263	1014.7082594960378
183202637.533056	153249221521.46948	81584322388.2056	8410632897.433269	-8129.511018422487	28249.08575030102	1013.94308447425
183206237.533056	153219930190.02585	81686005732.55466	8414281715.162079	-8143.449564203884	28241.66004097081	1013.1778693241242
183209837.533056	153190588694.18735	81787662332.80667	8417927778.044746	-8157.380126532714	28234.227920081285	1012.4126144638393
183213437.533056	153161197062.69614	81889292165.89569	8421571085.93907	-8171.302704447984	28226.78939628614	1011.6473203110677
183217037.533056	153131755324.29776	81990895208.78683	8425211638.704337	-8185.217296997827	28219.344478234118	1010.8819872829764
183220637.533056	153102263507.74133	82092471438.47627	8428849436.201354	-8199.123903239475	28211.893174568948	1010.1166157962259
183224237.533056	153072721641.77914	82194020831.99136	8432484478.292421	-8213.022522239275	28204.43549392939	1009.351206266971
183227837.533056	153043129755.167	82295543366.39053	8436116764.841323	-8226.913153072648	28196.971444949202	1008.5857591108604
183231437.533056	153013487876.66388	82397039018.76334	8439746295.713362	-8240.795794824096	28189.501036257137	1007.8202747430373
183235037.533056	152983796035.03223	82498507766.23032	8443373070.77532	-8254.670446587163	28182.024276476943	1007.0547535781402
183238637.533056	152954054259.03757	82599949585.94301	8446997089.895467	-8268.537107464426	28174.54117422735	1006.289196030302
183242237.533056	152924262577.4486	82701364455.08414	8450618352.943574	-8282.395776567526	28167.051738122052	1005.5236025131492
183245837.533056	152894421019.03745	82802752350.86725	8454236859.7908945	-8296.24645301708	28159.555976769738	1004.7579734398046
183249437.533056	152864529612.57913	82904113250.53688	8457852610.310167	-8310.089135942704	28152.05389877404	1003.9923092228863
183253037.533056	152834588386.85187	83005447131.36877	8461465604.375624	-8323.923824483034	28144.54551273354	1003.2266102745057
183256637.533056	152804597370.63712	83106753970.66927	8465075841.862963	-8337.750517785622	28137.0308272418	1002.4608770062729
183260237.533056	152774556592.71915	83208033745.77583	8468683322.649378	-8351.569215007003	28129.509850887298	1001.6951098292909
183263837.533056	152744466081.88538	83309286434.05692	8472288046.613535	-8365.379915312666	28121.98259225345	1000.9293091541585
183267437.533056	152714325866.9262	83410512012.91158	8475890013.63558	-8379.182617876984	28114.44905991863	1000.1634753909727
183271037.533056	152684135976.63495	83511710459.77014	8479489223.597134	-8392.977321883292	28106.909262456073	999.397608949323
183274637.533056	152653896439.8079	83612881752.09348	8483085676.381292	-8406.764026523793	28099.363208434	998.6317102382974
183278237.533056	152623607285.24417	83714025867.37325	8486679371.872616	-8420.542730999543	28091.810906415514	997.8657796664813
183281837.533056	152593268541.74582	83815142783.13232	8490270309.9571495	-8434.313434520538	28084.252364958604	997.0998176419532
183285437.533056	152562880238.11768	83916232476.92392	8493858490.522384	-8448.076136305568	28076.687592616174	996.3338245722907
183289037.533056	152532442403.16742	84017294926.33234	8497443913.4573	-8461.830835582276	28069.11659793603	995.5678008645683
