190549492.989696	-0.000335396681705078	-0.0027349430310065793	-0.00013308071418035848
190553092.989696	-0.0003343137799026334	-0.002734589487677663	-0.0001330314105899148
190556692.989696	-0.000333231400953415	-0.0027342357468800385	-0.00013298211459600523
190560292.989696	-0.00033214954456509127	-0.002733881808957575	-0.00013293282620555375
190563892.989696	-0.0003310682104453723	-0.0027335276742536875	-0.00013288354542546728
190567492.989696	-0.0003299873983020094	-0.0027331733431113234	-0.00013283427226263442
190571092.989696	-0.0003289071078427965	-0.0027328188158729713	-0.00013278500672392535
190574692.989696	-0.0003278273387755708	-0.0027324640928806545	-0.00013273574881619225
190578292.989696	-0.0003267480908082121	-0.0027321091744759375	-0.00013268649854627061
190581892.989696	-0.0003256693636486424	-0.002731754060999918	-0.0001326372559209795
190585492.989696	-0.0003245911570048273	-0.002731398752793244	-0.00013258802094712224
190589092.989696	-0.00032351347058477556	-0.0027310432501960902	-0.00013253879363148429
190592692.989696	-0.0003224363040965427	-0.0027306875535481868	-0.0001324895739808331
190596292.989696	-0.0003213596572482299	-0.0027303316631887985	-0.00013244036200191737
190599892.989696	-0.00032028352974798467	-0.0027299755794567377	-0.00013239115770146938
190603492.989696	-0.0003192079213040011	-0.0027296193026903545	-0.0001323419610862043
190607092.989696	-0.0003181328316245213	-0.002729262833227541	-0.0001322927721628181
190610692.989696	-0.00031705826041783226	-0.002728906171405735	-0.00013224359093799408
190614292.989696	-0.00031598420739226927	-0.0027285493175619145	-0.00013219441741839648
190617892.989696	-0.00031491067225621484	-0.002728192272032604	-0.00013214525161067277
190621492.989696	-0.0003138376547181004	-0.002727835035153875	-0.00013209609352145285
190625092.989696	-0.0003127651544864069	-0.002727477607261343	-0.00013204694315734913
190628692.989696	-0.00031169317126966467	-0.0027271199886901697	-0.00013199780052495616
190632292.989696	-0.0003106217047764529	-0.0027267621797750574	-0.00013194866563085111
190635892.989696	-0.0003095507547153995	-0.0027264041808502566	-0.00013189953848159562
190639492.989696	-0.0003084803207951812	-0.002726045992249563	-0.00013185041908373577
190643092.989696	-0.00030741040272452244	-0.002725687614306316	-0.00013180130744380064
190646692.989696	-0.0003063410002121978	-0.0027253290473534027	-0.00013175220356830217
190650292.989696	-0.00030527211296703193	-0.0027249702917232633	-0.0001317031074637344
190653892.989696	-0.0003042037406978995	-0.00272461134774788	-0.0001316540191365741
190657492.989696	-0.000303135883113725	-0.0027242522157587858	-0.00013160493859328134
190661092.989696	-0.00030206853992348175	-0.0027238928960870543	-0.00013155586584030022
190664692.989696	-0.00030100171083619217	-0.0027235333890633143	-0.0001315068008840595
190668292.989696	-0.0002999353955609267	-0.0027231736950177367	-0.0001314577437309714
190671892.989696	-0.0002988695938068051	-0.0027228138142800446	-0.00013140869438743206
190675492.989696	-0.00029780430528299624	-0.0027224537471795115	-0.0001313596528598205
190679092.989696	-0.00029673952969871915	-0.002722093494044965	-0.0001313106191544991
190682692.989696	-0.00029567526676324205	-0.002721733055204778	-0.00013126159327781316
190686292.989696	-0.00029461151618588284	-0.0027213724309868774	-0.00013121257523609223
190689892.989696	-0.0002935482776760078	-0.0027210116217187344	-0.00013116356503564995
190693492.989696	-0.00029248555094303256	-0.0027206506277273803	-0.00013111456268278472
190697092.989696	-0.00029142333569642125	-0.0027202894493393954	-0.00013106556818377925
190700692.989696	-0.00029036163164568725	-0.0027199280868809147	-0.00013101658154490034
190704292.989696	-0.00028930043850039424	-0.0027195665406776273	-0.00013096760277239827
190707892.989696	-0.0002882397559701569	-0.0027192048110547813	-0.00013091863187250673
190711492.989696	-0.0002871795837646411	-0.0027188428983371754	-0.00013086966885144283
190715092.989696	-0.0002861199215935643	-0.002718480802849169	-0.000130820713715408
190718692.989696	-0.00028506076916669487	-0.0027181185249146728	-0.0001307717664705882
190722292.989696	-0.0002840021261938528	-0.002717756064857159	-0.0001307228271231547
190725892.989696	-0.0002829439923849087	-0.0027173934229996507	-0.0001306738956792633
190729492.989696	-0.0002818863674497868	-0.0027170305996647433	-0.00013062497214505426
190733092.989696	-0.00028082925109846425	-0.002716667595174581	-0.00013057605652665088
190736692.989696	-0.00027977264304097276	-0.002716304409850873	-0.00013052714883015937
190740292.989696	-0.0002787165429873998	-0.0027159410440148924	-0.00013047824906167014
190743892.989696	-0.00027766095064788734	-0.0027155774979874658	-0.00013042935722725827
190747492.989696	-0.0002766058657326335	-0.0027152137720889823	-0.00013038047333298447
190751092.989696	-0.00027555128795188994	-0.0027148498666393944	-0.00013033159738489478
190754692.989696	-0.00027449721701596093	-0.0027144857819582165	-0.00013028272938901906
190758292.989696	-0.00027344365263521356	-0.002714121518364527	-0.00013023386935137021
190761892.989696	-0.0002723905945200694	-0.002713757076176971	-0.0001301850172779467
190765492.989696	-0.0002713380423810099	-0.002713392455713752	-0.00013013617317472824
190769092.989696	-0.00027028599592857224	-0.0027130276572926416	-0.00013008733704768016
190772692.989696	-0.0002692344548733517	-0.002712662681230972	-0.0001300385089027538
190776292.989696	-0.0002681834189260008	-0.002712297527845636	-0.0001299896887458852
190779892.989696	-0.0002671328877972314	-0.002711932197453098	-0.00012994087658299447
190783492.989696	-0.0002660828611978124	-0.002711566690369382	-0.00012989207241998732
190787092.989696	-0.00026503333883857186	-0.0027112010069100835	-0.0001298432762627536
190790692.989696	-0.00026398432043039764	-0.0027108351473903607	-0.00012979448811716629
190794292.989696	-0.0002629358056842369	-0.0027104691121249383	-0.00012974570798908182
190797892.989696	-0.0002618877943110962	-0.00271010290142811	-0.00012969693588434254
190801492.989696	-0.00026084028602203893	-0.0027097365156137265	-0.00012964817180877655
190805092.989696	-0.00025979328052818637	-0.00270936995499521	-0.00012959941576819796
190808692.989696	-0.0002587467775407181	-0.002709003219885547	-0.00012955066776840606
190812292.989696	-0.0002577007767708726	-0.002708636310597297	-0.0001295019278151842
190815892.989696	-0.0002566552779299478	-0.0027082692274425853	-0.00012945319591429948
190819492.989696	-0.00025561028072930073	-0.002707901970733107	-0.00012940447207150372
190823092.989696	-0.000254565784880347	-0.002707534540780123	-0.00012935575629253372
190826692.989696	-0.00025352179009455975	-0.0027071669378944643	-0.00012930704858311263
190830292.989696	-0.0002524782960834699	-0.002706799162386529	-0.00012925834894894942
190833892.989696	-0.0002514353025586651	-0.002706431214566281	-0.0001292096573957389
190837492.989696	-0.0002503928092317915	-0.002706063094743262	-0.0001291609739291613
190841092.989696	-0.0002493508158145534	-0.002705694803226583	-0.0001291122985548815
190844692.989696	-0.0002483093220187139	-0.002705326340324928	-0.000129063631278549
190848292.989696	-0.0002472683275560945	-0.00270495770634655	-0.00012901497210579847
190851892.989696	-0.00024622783213857605	-0.002704588901599282	-0.00012896632104225043
190855492.989696	-0.0002451878354780966	-0.0027042199263905184	-0.0001289176780935112
190859092.989696	-0.00024414833728665306	-0.002703850781027233	-0.00012886904326517393
190862692.989696	-0.0002431093372763009	-0.0027034814658159763	-0.00012882041656281774
190866292.989696	-0.00024207083515915466	-0.0027031119810628714	-0.00012877179799200742
190869892.989696	-0.000241032830647389	-0.002702742327073619	-0.0001287231875582925
190873492.989696	-0.00023999532345324008	-0.0027023725041535026	-0.0001286745852672078
190877092.989696	-0.00023895831328900498	-0.0027020025126073747	-0.00012862599112427295
190880692.989696	-0.00023792179986704268	-0.00270163235273967	-0.0001285774051349938
190884292.989696	-0.0002368857828997735	-0.0027012620248544022	-0.00012852882730486292
190887892.989696	-0.0002358502620996785	-0.0027008915292551588	-0.00012848025763935954
190891492.989696	-0.00023481523717930046	-0.0027005208662451074	-0.00012843169614394908
190895092.989696	-0.00023378070785124572	-0.0027001500361270026	-0.00012838314282408265
190898692.989696	-0.0002327466738281847	-0.0026997790392031765	-0.00012833459768519585
190902292.989696	-0.00023171313482285357	-0.0026994078757755446	-0.00012828606073270922
190905892.989696	-0.00023068009054805333	-0.002699036546145603	-0.0001282375319720291
190909492.989696	-0.00022964754071664865	-0.002698665050614426	-0.00012818901140854847
190913092.989696	-0.00022861548504156902	-0.0026982933894826727	-0.0001281404990476473
190916692.989696	-0.00022758392323580959	-0.002697921563050582	-0.00012809199489469226
190920292.989696	-0.00022655285501243	-0.002697549571617981	-0.00012804349895503586
190923892.989696	-0.00022552228008455605	-0.002697177415484274	-0.00012799501123401675
190927492.989696	-0.0002244921981653826	-0.002696805094948458	-0.000127946531736957
190931092.989696	-0.00022346260896817115	-0.0026964326103091074	-0.0001278980604691646
190934692.989696	-0.00022243351220624908	-0.0026960599618643835	-0.0001278495974359354
190938292.989696	-0.00022140490759301162	-0.002695687149912031	-0.00012780114264255064
190941892.989696	-0.0002203767948419201	-0.0026953141747493746	-0.00012775269609427843
190945492.989696	-0.00021934917366650176	-0.0026949410366733277	-0.00012770425779637463
190949092.989696	-0.00021832204378035	-0.002694567735980387	-0.00012765582775408135
190952692.989696	-0.00021729540489712638	-0.0026941942729666393	-0.00012760740597262592
190956292.989696	-0.00021626925673056077	-0.0026938206479277566	-0.00012755899245722065
190959892.989696	-0.00021524359899445083	-0.0026934468611589948	-0.00012751058721306358
190963492.989696	-0.0002142184314026606	-0.002693072912955196	-0.00012746219024534002
190967092.989696	-0.00021319375366911993	-0.002692698803610788	-0.00012741380155922345
190970692.989696	-0.0002121695655078239	-0.002692324533419784	-0.00012736542115987458
190974292.989696	-0.00021114586663283376	-0.0026919501026757844	-0.00012731704905244123
190977892.989696	-0.00021012265675827773	-0.002691575511671983	-0.0001272686852420571
190981492.989696	-0.0002090999355983507	-0.0026912007607011543	-0.00012722032973384122
190985092.989696	-0.00020807770286731527	-0.002690825850055671	-0.00012717198253289926
190988692.989696	-0.0002070559582795001	-0.002690450780027489	-0.00012712364364432334
190992292.989696	-0.0002060347015492996	-0.002690075550908155	-0.0001270753130731938
190995892.989696	-0.00020501393239117353	-0.0026897001629888027	-0.00012702699082457866
190999492.989696	-0.00020399365051964683	-0.002689324616560156	-0.0001269786769035338
191003092.989696	-0.00020297385564931096	-0.0026889489119125334	-0.00012693037131510218
191006692.989696	-0.0002019545474948244	-0.002688573049335846	-0.00012688207406431312
191010292.989696	-0.00020093572577091254	-0.0026881970291195954	-0.0001268337851561819
191013892.989696	-0.00019991739019236911	-0.0026878208515528816	-0.00012678550459571054
191017492.989696	-0.000198899540474055	-0.0026874445169243937	-0.00012673723238788837
191021092.989696	-0.00019788217633089842	-0.0026870680255224183	-0.00012668896853769304
191024692.989696	-0.00019686529747789413	-0.002686691377634829	-0.00012664071305009032
191028292.989696	-0.00019584890363010484	-0.0026863145735490997	-0.00012659246593003408
191031892.989696	-0.00019483299450266184	-0.002685937613552303	-0.0001265442271824654
191035492.989696	-0.000193817569810766	-0.002685560497931107	-0.00012649599681231128
191039092.989696	-0.0001928026292696892	-0.002685183226971783	-0.00012644777482448532
191042692.989696	-0.000191788172594774	-0.002684805800960193	-0.0001263995612238876
191046292.989696	-0.00019077419950143344	-0.0026844282201818016	-0.00012635135601540658
191049892.989696	-0.0001897607097051509	-0.002684050484921668	-0.00012630315920391933
191053492.989696	-0.00018874770292148004	-0.00268367259546445	-0.00012625497079429162
191057092.989696	-0.00018773517886604566	-0.0026832945520944094	-0.00012620679079137587
191060692.989696	-0.00018672313725454532	-0.0026829163550954067	-0.00012615861920001184
191064292.989696	-0.0001857115778027497	-0.0026825380047509036	-0.00012611045602502606
191067892.989696	-0.00018470050022650338	-0.0026821595013439637	-0.00012606230127123197
191071492.989696	-0.00018368990424172523	-0.002681780845157253	-0.00012601415494342853
191075092.989696	-0.0001826797895644063	-0.0026814020364730362	-0.00012596601704640582
191078692.989696	-0.00018167015591061129	-0.002681023075573175	-0.0001259178875849403
191082292.989696	-0.00018066100299647642	-0.0026806439627391375	-0.00012586976656379855
191085892.989696	-0.00017965233053821234	-0.0026802646982519948	-0.00012582165398773422
191089492.989696	-0.0001786441382521047	-0.002679885282392416	-0.00012577354986148702
191093092.989696	-0.0001776364258545135	-0.0026795057154406824	-0.0001257254541897844
191096692.989696	-0.00017662919306187343	-0.002679125997676675	-0.00012567736697734067
191100292.989696	-0.00017562243959069382	-0.0026787461293798706	-0.000125629288228858
191103892.989696	-0.0001746161651575581	-0.0026783661108293576	-0.0001255812179490274
191107492.989696	-0.000173610369479122	-0.00267798594230382	-0.00012553315614252937
191111092.989696	-0.00017260505227211415	-0.0026776056240815477	-0.00012548510281403278
191114692.989696	-0.00017160021325333683	-0.0026772251564404393	-0.00012543705796819434
191118292.989696	-0.00017059585213966675	-0.002676844539657993	-0.0001253890216096577
191121892.989696	-0.00016959196864805589	-0.0026764637740113216	-0.00012534099374305363
191125492.989696	-0.00016858856249552952	-0.002676082859777131	-0.00012529297437300062
191129092.989696	-0.00016758563339918663	-0.00267570179723174	-0.00012524496350410657
191132692.989696	-0.0001665831810761976	-0.0026753205866510664	-0.00012519696114096843
191136292.989696	-0.00016558120524380504	-0.002674939228310637	-0.00012514896728817285
191139892.989696	-0.00016457970561932362	-0.002674557722485583	-0.00012510098195029498
191143492.989696	-0.0001635786819201413	-0.0026741760694506487	-0.00012505300513189805
191147092.989696	-0.00016257813386371967	-0.0026737942694801844	-0.00012500503683753283
191150692.989696	-0.00016157806116759386	-0.002673412322848152	-0.0001249570770717378
191154292.989696	-0.00016057846354937226	-0.0026730302298281134	-0.00012490912583903993
191157892.989696	-0.0001595793407267358	-0.002672647990693248	-0.00012486118314395574
191161492.989696	-0.0001585806924174378	-0.00267226560571634	-0.00012481324899099176
191165092.989696	-0.00015758251833930374	-0.0026718830751697857	-0.0001247653233846441
191168692.989696	-0.00015658481821023232	-0.0026715003993255894	-0.0001247174063293978
191172292.989696	-0.0001555875917481967	-0.0026711175784553745	-0.00012466949782972614
191175892.989696	-0.0001545908386712449	-0.0026707346128303725	-0.0001246215978900899
191179492.989696	-0.00015359455869750008	-0.002670351502721436	-0.000124573706514938
191183092.989696	-0.00015259875154516122	-0.0026699682483990223	-0.00012452582370870826
191186692.989696	-0.00015160341693250482	-0.0026695848501332078	-0.00012447794947582845
191190292.989696	-0.00015060855457787637	-0.0026692013081936767	-0.00012443008382071705
191193892.989696	-0.0001496141641996987	-0.002668817622849734	-0.00012438222674778266
191197492.989696	-0.0001486202455164725	-0.0026684337943702996	-0.00012433437826142208
191201092.989696	-0.00014762679824677666	-0.0026680498230239103	-0.00012428653836601942
191204692.989696	-0.0001466338221092689	-0.002667665709078725	-0.0001242387070659465
191208292.989696	-0.00014564131682268488	-0.002667281452802516	-0.00012419088436556398
191211892.989696	-0.00014464928210583755	-0.00266689705446267	-0.00012414307026922334
191215492.989696	-0.0001436577176776176	-0.0026665125143261956	-0.00012409526478126658
191219092.989696	-0.00014266662325699463	-0.0026661278326597132	-0.00012404746790602408
191222692.989696	-0.00014167599856301696	-0.002665743009729466	-0.00012399967964781583
191226292.989696	-0.0001406858433148108	-0.002665358045801315	-0.00012395190001095296
191229892.989696	-0.0001396961572315859	-0.0026649729411407468	-0.00012390412899973154
191233492.989696	-0.00013870694003263148	-0.0026645876960128645	-0.0001238563666184369
191237092.989696	-0.00013771819143731806	-0.0026642023106823874	-0.00012380861287134432
191240692.989696	-0.00013672991116509497	-0.002663816785413654	-0.00012376086776271872
191244292.989696	-0.00013574209893549129	-0.002663431120470627	-0.00012371313129681574
191247892.989696	-0.00013475475446811497	-0.002663045316116881	-0.0001236654034778814
191251492.989696	-0.00013376787748265383	-0.002662659372615617	-0.00012361768431015156
191255092.989696	-0.00013278146769887662	-0.0026622732902296573	-0.00012356997379785016
191258692.989696	-0.00013179552483663325	-0.0026618870692214475	-0.00012352227194518915
191262292.989696	-0.0001308100486158548	-0.0026615007098530524	-0.0001234745787563695
191265892.989696	-0.00012982503875655235	-0.0026611142123861564	-0.00012342689423558263
191269492.989696	-0.0001288404949788157	-0.0026607275770820647	-0.00012337921838701112
191273092.989696	-0.00012785641700281341	-0.0026603408042017015	-0.00012333155121482846
191276692.989696	-0.0001268728045487924	-0.0026599538940056153	-0.0001232838927231982
191280292.989696	-0.0001258896573370792	-0.0026595668467539807	-0.00012323624291627326
191283892.989696	-0.00012490697508808033	-0.0026591796627065934	-0.00012318860179819525
191287492.989696	-0.00012392475752228248	-0.002658792342122876	-0.00012314096937309535
191291092.989696	-0.00012294300436025145	-0.002658404885261869	-0.00012309334564509432
191294692.989696	-0.00012196171532263166	-0.002658017292382238	-0.000123045730618304
191298292.989696	-0.00012098089013014553	-0.002657629563742274	-0.00012299812429682745
191301892.989696	-0.00012000052850359293	-0.002657241699599889	-0.00012295052668475888
191305492.989696	-0.00011902063016385188	-0.002656853700212626	-0.0001229029377861829
191309092.989696	-0.00011804119483187937	-0.0026564655658376526	-0.0001228553576051741
191312692.989696	-0.00011706222222871203	-0.0026560772967317656	-0.00012280778614579636
191316292.989696	-0.00011608371207546654	-0.0026556888931513864	-0.00012276022341210319
191319892.989696	-0.00011510566409333951	-0.0026553003553525687	-0.00012271266940813843
191323492.989696	-0.00011412807800360657	-0.0026549116835909883	-0.00012266512413793714
191327092.989696	-0.00011315095352762238	-0.0026545228781219526	-0.00012261758760552608
191330692.989696	-0.00011217429038682042	-0.0026541339392003984	-0.0001225700598149237
191334292.989696	-0.00011119808830271378	-0.002653744867080887	-0.00012252254077013886
191337892.989696	-0.00011022234699689723	-0.0026533556620176252	-0.00012247503047517095
191341492.989696	-0.00010924706619104781	-0.0026529663242644413	-0.00012242752893400818
191345092.989696	-0.00010827224560692561	-0.0026525768540748016	-0.00012238003615062823
191348692.989696	-0.00010729788496637312	-0.0026521872517017964	-0.0001223325521289995
191352292.989696	-0.0001063239839913145	-0.0026517975173981556	-0.00012228507687308271
191355892.989696	-0.0001053505424037547	-0.0026514076514162353	-0.0001222376103868313
191359492.989696	-0.00010437755992578047	-0.0026510176540080277	-0.0001221901526741903
191363092.989696	-0.0001034050362795626	-0.002650627525425159	-0.00012214270373909453
191366692.989696	-0.00010243297118735769	-0.0026502372659188947	-0.00012209526358546735
191370292.989696	-0.00010146136437150783	-0.0026498468757401336	-0.00012204783221722183
191373892.989696	-0.00010049021555443836	-0.002649456355139409	-0.00012200040963826332
191377492.989696	-9.951952445865945e-05	-0.002649065704366886	-0.00012195299585248844
191381092.989696	-9.854929080676717e-05	-0.002648674923672365	-0.00012190559086378403
191384692.989696	-9.757951432143922e-05	-0.0026482840133052812	-0.00012185819467603092
191388292.989696	-9.661019472543732e-05	-0.0026478929735147	-0.00012181080729310198
191391892.989696	-9.564133174161122e-05	-0.0026475018045493412	-0.00012176342871885764
191395492.989696	-9.467292509289543e-05	-0.0026471105066575478	-0.00012171605895714952
191399092.989696	-9.37049745023105e-05	-0.0026467190800873006	-0.00012166869801182025
191402692.989696	-9.273747969296374e-05	-0.0026463275250862206	-0.00012162134588670233
191406292.989696	-9.177044038804699e-05	-0.0026459358419015614	-0.00012157400258562019
191409892.989696	-9.080385631083533e-05	-0.0026455440307802114	-0.00012152666811239214
191413492.989696	-8.98377271846872e-05	-0.002645152091968696	-0.00012147934247082925
191417092.989696	-8.887205273304574e-05	-0.0026447600257131793	-0.00012143202566473325
191420692.989696	-8.790683267944e-05	-0.0026443678322594652	-0.0001213847176978955
191424292.989696	-8.694206674748492e-05	-0.002643975511853	-0.00012133741857409737
191427892.989696	-8.597775466088025e-05	-0.0026435830647388594	-0.00012129012829711146
191431492.989696	-8.501389614340947e-05	-0.002643190491161764	-0.00012124284687070335
191435092.989696	-8.405049091893857e-05	-0.002642797791366066	-0.0001211955742986317
191438692.989696	-8.308753871141608e-05	-0.002642404965595755	-0.00012114831058464799
191442292.989696	-8.212503924487354e-05	-0.0026420120140944643	-0.0001211010557324959
191445892.989696	-8.116299224342606e-05	-0.0026416189371054714	-0.00012105380974590991
191449492.989696	-8.020139743127272e-05	-0.002641225734871686	-0.00012100657262861523
191453092.989696	-7.924025453269685e-05	-0.0026408324076356675	-0.00012095934438432854
191456692.989696	-7.827956327206515e-05	-0.0026404389556396145	-0.00012091212501675858
191460292.989696	-7.731932337382716e-05	-0.0026400453791253615	-0.00012086491452960702
191463892.989696	-7.635953456251465e-05	-0.002639651678334386	-0.00012081771292656889
191467492.989696	-7.540019656274177e-05	-0.00263925785350781	-0.00012077052021133236
191471092.989696	-7.444130909920561e-05	-0.0026388639048863984	-0.00012072333638757786
191474692.989696	-7.348287189668705e-05	-0.002638469832710563	-0.00012067616145897752
191478292.989696	-7.252488468005174e-05	-0.0026380756372203595	-0.0001206289954291946
191481892.989696	-7.15673471742505e-05	-0.0026376813186554894	-0.0001205818383018839
191485492.989696	-7.061025910431937e-05	-0.0026372868772553027	-0.00012053469008069285
191489092.989696	-6.965362019537877e-05	-0.0026368923132587883	-0.00012048755076926181
191492692.989696	-6.869743017263342e-05	-0.0026364976269045858	-0.00012044042037122532
191496292.989696	-6.774168876137207e-05	-0.002636102818430975	-0.00012039329889021108
191499892.989696	-6.678639568696913e-05	-0.0026357078880758947	-0.00012034618632983969
191503492.989696	-6.58315506748856e-05	-0.002635312836076925	-0.00012029908269372293
191507092.989696	-6.487715345067108e-05	-0.0026349176626713046	-0.00012025198798546381
191510692.989696	-6.392320373996373e-05	-0.0026345223680959134	-0.00012020490220865662
191514292.989696	-6.296970126848953e-05	-0.002634126952587282	-0.00012015782536688876
191517892.989696	-6.201664576206072e-05	-0.0026337314163815888	-0.00012011075746374219
191521492.989696	-6.106403694657533e-05	-0.00263333575971466	-0.00012006369850279336
191525092.989696	-6.0111874548019216e-05	-0.0026329399828219752	-0.00012001664848761179
191528692.989696	-5.91601582924683e-05	-0.0026325440859386647	-0.00011996960742175813
191532292.989696	-5.8208887906087714e-05	-0.00263214806929951	-0.00011992257530878476
191535892.989696	-5.7258063115131116e-05	-0.002631751933138949	-0.0001198755521522368
191539492.989696	-5.630768364594507e-05	-0.002631355677691066	-0.00011982853795564976
191543092.989696	-5.5357749224963576e-05	-0.0026309593031895954	-0.00011978153272255369
191546692.989696	-5.440825957870663e-05	-0.0026305628098679187	-0.00011973453645647568
191550292.989696	-5.345921443378439e-05	-0.002630166197959073	-0.00011968754916093437
191553892.989696	-5.251061351689628e-05	-0.0026297694676957447	-0.00011964057083944067
191557492.989696	-5.156245655482967e-05	-0.002629372619310282	-0.0001195936014955002
191561092.989696	-5.061474327446209e-05	-0.002628975653034677	-0.00011954664113260966
191564692.989696	-4.966747340276251e-05	-0.0026285785691005795	-0.00011949968975425689
191568292.989696	-4.8720646666789535e-05	-0.0026281813677392885	-0.00011945274736392283
191571892.989696	-4.7774262793688944e-05	-0.002627784049181755	-0.00011940581396508363
191575492.989696	-4.682832151069272e-05	-0.0026273866136585795	-0.00011935888956121129
191579092.989696	-4.588282254511961e-05	-0.0026269890614000176	-0.00011931197415577223
191582692.989696	-4.4937765624376506e-05	-0.002626591392635978	-0.00011926506775222548
191586292.989696	-4.399315047595959e-05	-0.00262619360759603	-0.00011921817035402202
191589892.989696	-4.3048976827454053e-05	-0.00262579570650939	-0.00011917128196460439
191593492.989696	-4.2105244406533394e-05	-0.0026253976896049363	-0.00011912440258740918
191597092.989696	-4.11619529409579e-05	-0.0026249995571111942	-0.0001190775322258676
191600692.989696	-4.0219102158573975e-05	-0.0026246013092563456	-0.00011903067088340649
191604292.989696	-3.9276691787313626e-05	-0.002624202946268227	-0.00011898381856344792
191607892.989696	-3.833472155519432e-05	-0.0026238044683743293	-0.00011893697526940807
191611492.989696	-3.739319119031913e-05	-0.0026234058758018036	-0.00011889014100469628
191615092.989696	-3.645210042088406e-05	-0.002623007168777458	-0.00011884331577271425
191618692.989696	-3.551144897516873e-05	-0.002622608347527766	-0.00011879649957685717
191622292.989696	-3.4571236581542705e-05	-0.0026222094122788486	-0.00011874969242051413
191625892.989696	-3.3631462968461464e-05	-0.0026218103632564883	-0.00011870289430706962
191629492.989696	-3.269212786446661e-05	-0.002621411200686124	-0.00011865610523990399
191633092.989696	-3.175323099818633e-05	-0.002621011924792855	-0.00011860932522239286
191636692.989696	-3.0814772098336465e-05	-0.002620612535801443	-0.00011856255425790647
191640292.989696	-2.9876750893721605e-05	-0.002620213033936311	-0.00011851579234980816
191643892.989696	-2.8939167113236205e-05	-0.0026198134194215456	-0.00011846903950145421
191647492.989696	-2.8002020485864833e-05	-0.0026194136924808944	-0.00011842229571619427
191651092.989696	-2.7065310740681846e-05	-0.0026190138533377697	-0.00011837556099737281
191654692.989696	-2.612903760685049e-05	-0.002618613902215238	-0.00011832883534833001
191658292.989696	-2.519320081362259e-05	-0.0026182138393360294	-0.00011828211877240252
191661892.989696	-2.4257800090338896e-05	-0.002617813664922539	-0.0001182354112729226
191665492.989696	-2.3322835166430555e-05	-0.002617413379196829	-0.0001181887128532165
191669092.989696	-2.2388305771420675e-05	-0.002617012982380626	-0.00011814202351660329
191672692.989696	-2.1454211634925423e-05	-0.002616612474695325	-0.00011809534326639525
191676292.989696	-2.0520552486653547e-05	-0.002616211856361978	-0.00011804867210589911
191679892.989696	-1.9587328056405213e-05	-0.0026158111276013045	-0.00011800201003841721
191683492.989696	-1.8654538074071147e-05	-0.002615410288633687	-0.00011795535706724776
191687092.989696	-1.7722182269632683e-05	-0.0026150093396791717	-0.0001179087131956853
191690692.989696	-1.679026037316235e-05	-0.0026146082809574687	-0.00011786207842702089
191694292.989696	-1.5858772114825397e-05	-0.0026142071126879604	-0.00011781545276453796
191697892.989696	-1.492771722487883e-05	-0.0026138058350896926	-0.00011776883621151538
191701492.989696	-1.3997095433677232e-05	-0.0026134044483813817	-0.00011772222877122256
191705092.989696	-1.306690647166502e-05	-0.0026130029527814047	-0.00011767563044692615
191708692.989696	-1.2137150069377644e-05	-0.0026126013485078033	-0.0001176290412418897
191712292.989696	-1.1207825957443017e-05	-0.0026121996357782837	-0.00011758246115937208
191715892.989696	-1.0278933866579426e-05	-0.002611797814810218	-0.00011753589020262882
191719492.989696	-9.350473527595206e-06	-0.0026113958858206476	-0.00011748932837491154
191723092.989696	-8.422444671390504e-06	-0.002610993849026281	-0.00011744277567946625
191726692.989696	-7.494847028958781e-06	-0.0026105917046434987	-0.00011739623211953216
191730292.989696	-6.56768033138641e-06	-0.002610189452888342	-0.00011734969769834259
191733892.989696	-5.6409443098507965e-06	-0.002609787093976524	-0.00011730317241912716
191737492.989696	-4.714638695618376e-06	-0.0026093846281234163	-0.00011725665628511283
191741092.989696	-3.788763220043806e-06	-0.0026089820555440617	-0.00011721014929952447
191744692.989696	-2.863317614570475e-06	-0.0026085793764531687	-0.0001171636514655835
191748292.989696	-1.9383016107318016e-06	-0.0026081765910651203	-0.00011711716278650666
191751892.989696	-1.0137149401522278e-06	-0.0026077736995939664	-0.00011707068326550482
191755492.989696	-8.955733454731257e-08	-0.002607370702253429	-0.00011702421290578335
191759092.989696	8.341714742771906e-07	-0.0026069675992568967	-0.00011697775171054334
191762692.989696	1.7574717544266612e-06	-0.0026065643908174283	-0.00011693129968298295
191766292.989696	2.680343773918624e-06	-0.0026061610771477527	-0.00011688485682629844
191769892.989696	3.602787800682855e-06	-0.0026057576584602635	-0.0001168384231436838
191773492.989696	4.524804102560561e-06	-0.0026053541349670335	-0.0001167919986383298
191777092.989696	5.446392947303041e-06	-0.0026049505068798046	-0.0001167455833134228
191780692.989696	6.367554602570604e-06	-0.002604546774409999	-0.00011669917717214398
191784292.989696	7.2882893359322065e-06	-0.002604142937768707	-0.00011665278021766952
191787892.989696	8.208597414866012e-06	-0.0026037389971666942	-0.00011660639245317186
191791492.989696	9.128479106760382e-06	-0.002603334952814397	-0.00011656001388182113
191795092.989696	1.0047934678914577e-05	-0.002602930804921928	-0.00011651364450678629
191798692.989696	1.0966964398538495e-05	-0.0026025265536990688	-0.00011646728433123441
191802292.989696	1.188556853275138e-05	-0.002602122199355281	-0.00011642093335832947
191805892.989696	1.2803747348580005e-05	-0.002601717742099707	-0.0001163745915912308
191809492.989696	1.3721501112957276e-05	-0.0026013131821411646	-0.00011632825903309208
191813092.989696	1.4638830092722108e-05	-0.002600908519688148	-0.00011628193568706237
191816692.989696	1.5555734554620583e-05	-0.002600503754948833	-0.00011623562155628845
191820292.989696	1.6472214765307268e-05	-0.002600098888131061	-0.00011618931664391608
191823892.989696	1.7388270991345625e-05	-0.0025996939194423505	-0.00011614302095309038
191827492.989696	1.8303903499206563e-05	-0.002599288849089903	-0.00011609673448695392
191831092.989696	1.9219112555266506e-05	-0.0025988836772806	-0.00011605045724864411
191834692.989696	2.013389842580688e-05	-0.002598478404221004	-0.00011600418924129426
191838292.989696	2.104826137701497e-05	-0.0025980730301173524	-0.00011595793046803525
191841892.989696	2.196220167498167e-05	-0.002597667555175564	-0.00011591168093199313
191845492.989696	2.287571958570235e-05	-0.0025972619796012356	-0.0001158654406362899
191849092.989696	2.3788815375082844e-05	-0.002596856303599637	-0.00011581920958405081
191852692.989696	2.4701489308933184e-05	-0.0025964505273757123	-0.00011577298777839723
191856292.989696	2.5613741652972933e-05	-0.0025960446511340976	-0.00011572677522244967
191859892.989696	2.652557267282521e-05	-0.002595638675079101	-0.00011568057191932432
191863492.989696	2.7436982634017547e-05	-0.002595232599414715	-0.0001156343778721332
191867092.989696	2.8347971801982756e-05	-0.002594826424344614	-0.00011558819308398434
191870692.989696	2.9258540442059167e-05	-0.002594420150072146	-0.00011554201755798344
191874292.989696	3.0168688819491937e-05	-0.002594013776800338	-0.00011549585129723547
191877892.989696	3.107841719943468e-05	-0.002593607304731897	-0.00011544969430484556
191881492.989696	3.198772584694973e-05	-0.002593200734069202	-0.00011540354658391781
191885092.989696	3.28966150270073e-05	-0.0025927940650143236	-0.00011535740813755407
191888692.989696	3.3805085004483886e-05	-0.002592387297769008	-0.00011531127896885231
191892292.989696	3.471313604416194e-05	-0.0025919804325346928	-0.00011526515908090707
191895892.989696	3.5620768410730446e-05	-0.002591573469512485	-0.00011521904847681028
191899492.989696	3.652798236878652e-05	-0.0025911664089031776	-0.00011517294715965285
191903092.989696	3.743477818283702e-05	-0.0025907592509072383	-0.00011512685513252589
191906692.989696	3.834115611729916e-05	-0.0025903519957248154	-0.00011508077239852047
191910292.989696	3.9247116436500116e-05	-0.0025899446435557463	-0.00011503469896072709
191913892.989696	4.0152659404675886e-05	-0.002589537194599547	-0.0001149886348222339
191917492.989696	4.105778528597024e-05	-0.002589129649055421	-0.00011494257998612649
191921092.989696	4.19624943444343e-05	-0.0025887220071222567	-0.0001148965344554876
191924692.989696	4.286678684402712e-05	-0.002588314268998621	-0.00011485049823339826
191928292.989696	4.3770663048616814e-05	-0.0025879064348827696	-0.00011480447132293922
191931892.989696	4.467412322198165e-05	-0.002587498504972637	-0.00011475845372719175
191935492.989696	4.5577167627810166e-05	-0.0025870904794658453	-0.00011471244544923777
191939092.989696	4.647979652970048e-05	-0.0025866823585597	-0.00011466644649215884
191942692.989696	4.7382010191158696e-05	-0.0025862741424511966	-0.00011462045685903491
191946292.989696	4.828380887559735e-05	-0.0025858658313370215	-0.00011457447655294335
191949892.989696	4.918519284633465e-05	-0.002585457425413545	-0.0001145285055769589
191953492.989696	5.008616236659499e-05	-0.002585048924876826	-0.0001144825439341549
191957092.989696	5.0986717699510265e-05	-0.0025846403299226127	-0.00011443659162760537
191960692.989696	5.1886859108120985e-05	-0.0025842316407463325	-0.00011439064866038573
191964292.989696	5.2786586855376414e-05	-0.002583822857543106	-0.00011434471503557314
191967892.989696	5.368590120413282e-05	-0.002583413980507741	-0.00011429879075624452
191971492.989696	5.458480241715098e-05	-0.0025830050098347417	-0.00011425287582547402
191975092.989696	5.548329075709444e-05	-0.0025825959457183	-0.00011420697024633224
191978692.989696	5.638136648653006e-05	-0.002582186788352299	-0.00011416107402188758
191982292.989696	5.727902986793089e-05	-0.0025817775379303144	-0.00011411518715521024
191985892.989696	5.817628116367754e-05	-0.0025813681946455958	-0.00011406930964937306
191989492.989696	5.907312063605722e-05	-0.002580958758691089	-0.00011402344150745033
191993092.989696	5.9969548547260656e-05	-0.0025805492302594375	-0.00011397758273251393
191996692.989696	6.086556515938519e-05	-0.002580139609542967	-0.00011393173332763714
192000292.989696	6.176117073443354e-05	-0.0025797298967337014	-0.00011388589329589306
192003892.989696	6.265636553430778e-05	-0.0025793200920233563	-0.00011384006264034993
192007492.989696	6.355114982081437e-05	-0.0025789101956033376	-0.0001137942413640747
192011092.989696	6.444552385566671e-05	-0.002578500207664733	-0.00011374842947014007
192014692.989696	6.533948790048364e-05	-0.0025780901283983236	-0.00011370262696161774
192018292.989696	6.623304221679069e-05	-0.0025776799579945837	-0.00011365683384158128
192021892.989696	6.712618706602091e-05	-0.0025772696966436712	-0.00011361105011310685
192025492.989696	6.801892270951277e-05	-0.002576859344535445	-0.00011356527577926985
192029092.989696	6.891124940850863e-05	-0.0025764489018594515	-0.00011351951084314268
192032692.989696	6.980316742415532e-05	-0.0025760383688049372	-0.00011347375530779655
192036292.989696	7.069467701750553e-05	-0.002575627745560832	-0.000113428009176304
192039892.989696	7.158577844951852e-05	-0.0025752170323157493	-0.0001133822724517409
192043492.989696	7.247647198106206e-05	-0.002574806229258002	-0.0001133365451371867
192047092.989696	7.336675787291883e-05	-0.0025743953365755887	-0.00011329082723572288
192050692.989696	7.425663638577428e-05	-0.0025739843544562023	-0.00011324511875043058
192054292.989696	7.514610778022008e-05	-0.002573573283087238	-0.00011319941968439014
192057892.989696	7.603517231675604e-05	-0.0025731621226557813	-0.00011315373004068183
192061492.989696	7.692383025578953e-05	-0.0025727508733486048	-0.00011310804982238663
192065092.989696	7.781208185763678e-05	-0.0025723395353521796	-0.00011306237903258847
192068692.989696	7.869992738252365e-05	-0.002571928108852663	-0.00011301671767437436
192072292.989696	7.9587367090586e-05	-0.0025715165940359028	-0.00011297106575083429
192075892.989696	8.047440124186972e-05	-0.0025711049910874524	-0.0001129254232650607
192079492.989696	8.136103009632927e-05	-0.0025706933001925576	-0.00011287979022014693
192083092.989696	8.224725391382672e-05	-0.0025702815215361626	-0.00011283416661918646
192086692.989696	8.313307295413136e-05	-0.002569869655302907	-0.00011278855246527353
192090292.989696	8.401848747691995e-05	-0.0025694577016771285	-0.00011274294776150388
192093892.989696	8.490349774177756e-05	-0.0025690456608428573	-0.00011269735251097621
192097492.989696	8.578810400819858e-05	-0.0025686335329838162	-0.000112651766716793
192101092.989696	8.667230653558705e-05	-0.0025682213182834325	-0.0001126061903820608
192104692.989696	8.755610558325565e-05	-0.0025678090169248247	-0.00011256062350988873
192108292.989696	8.843950141042419e-05	-0.0025673966290908185	-0.00011251506610338759
192111892.989696	8.93224942762178e-05	-0.00256698415496394	-0.00011246951816566852
192115492.989696	9.020508443966601e-05	-0.002566571594726415	-0.00011242397969984315
192119092.989696	9.108727215970339e-05	-0.002566158948560168	-0.00011237845070902513
192122692.989696	9.196905769517097e-05	-0.0025657462166468158	-0.00011233293119633194
192126292.989696	9.285044130481842e-05	-0.0025653333991676732	-0.00011228742116488661
192129892.989696	9.37314232473041e-05	-0.002564920496303764	-0.00011224192061781745
192133492.989696	9.461200378119242e-05	-0.0025645075082358043	-0.00011219642955825508
192137092.989696	9.549218316495098e-05	-0.0025640944351442182	-0.00011215094798933009
192140692.989696	9.637196165694897e-05	-0.002563681277209135	-0.00011210547591417256
192144292.989696	9.725133951545985e-05	-0.0025632680346103797	-0.00011206001333591509
192147892.989696	9.81303169986647e-05	-0.002562854707527475	-0.00011201456025769624
192151492.989696	9.900889436464916e-05	-0.0025624412961396457	-0.00011196911668265838
192155092.989696	9.988707187140529e-05	-0.002562027800625812	-0.00011192368261394882
192158692.989696	0.0001007648497768321	-0.0025616142211645986	-0.00011187825805471809
192162292.989696	0.00010164222833873717	-0.0025612005579343294	-0.00011183284300812457
192165892.989696	0.00010251920781482508	-0.0025607868111130424	-0.00011178743747731902
192169492.989696	0.00010339578846270864	-0.0025603729808784687	-0.00011174204146546011
192173092.989696	0.00010427197053990518	-0.0025599590674080398	-0.00011169665497570956
192176692.989696	0.0001051477543038359	-0.002559545070878886	-0.00011165127801123105
192180292.989696	0.00010602314001183074	-0.0025591309914678403	-0.00011160591057519515
192183892.989696	0.00010689812792112956	-0.002558716829351428	-0.00011156055267078
192187492.989696	0.00010777271828888086	-0.002558302584705885	-0.00011151520430116887
192191092.989696	0.00010864691137213836	-0.0025578882577071468	-0.00011146986546954607
192194692.989696	0.00010952070742786009	-0.0025574738485308573	-0.00011142453617909656
192198292.989696	0.00011039410671290991	-0.0025570593573523612	-0.00011137921643300823
192201892.989696	0.00011126710948405995	-0.002556644784346701	-0.0001113339062344745
192205492.989696	0.0001121397159979927	-0.002556230129688616	-0.00011128860558669622
192209092.989696	0.00011301192651130197	-0.002555815393552548	-0.0001112433144928818
192212692.989696	0.00011388374128049149	-0.0025554005761126426	-0.000111198032956245
192216292.989696	0.0001147551605619739	-0.002554985677542751	-0.00011115276098000317
192219892.989696	0.00011562618461206916	-0.0025545706980164306	-0.00011110749856737633
192223492.989696	0.00011649681368700492	-0.0025541556377069448	-0.00011106224572158762
192227092.989696	0.00011736704804291743	-0.0025537404967872603	-0.00011101700244586518
192230692.989696	0.00011823688793585262	-0.0025533252754300433	-0.0001109717687434436
192234292.989696	0.00011910633362176758	-0.0025529099738076616	-0.00011092654461756515
192237892.989696	0.00011997538535653053	-0.00255249459209219	-0.00011088133007147937
192241492.989696	0.00012084404339592002	-0.0025520791304554096	-0.00011083612510844188
192245092.989696	0.00012171230799562315	-0.002551663589068808	-0.00011079092973171242
192248692.989696	0.00012258017941123487	-0.0025512479681035864	-0.00011074574394455473
192252292.989696	0.00012344765789825698	-0.002550832267730651	-0.00011070056775023639
192255892.989696	0.0001243147437120989	-0.0025504164881206153	-0.00011065540115203066
192259492.989696	0.00012518143710807863	-0.0025500006294437954	-0.00011061024415321812
192263092.989696	0.00012604773834142395	-0.0025495846918702123	-0.00011056509675708758
192266692.989696	0.0001269136476672726	-0.002549168675569595	-0.00011051995896693612
192270292.989696	0.00012777916534067112	-0.002548752580711385	-0.00011047483078606723
192273892.989696	0.0001286442916165729	-0.002548336407464732	-0.00011042971221778897
192277492.989696	0.0001295090267498364	-0.0025479201559985027	-0.00011038460326541312
192281092.989696	0.00013037337099522454	-0.0025475038264812684	-0.00011033950393225595
192284692.989696	0.0001312373246074059	-0.0025470874190813065	-0.00011029441422164048
192288292.989696	0.00013210088784095723	-0.002546670933966602	-0.0001102493341368988
192291892.989696	0.00013296406095036472	-0.0025462543713048423	-0.00011020426368137246
192295492.989696	0.0001338268441900237	-0.0025458377312634313	-0.00011015920285841128
192299092.989696	0.00013468923781423576	-0.0025454210140094845	-0.00011011415167137104
192302692.989696	0.00013555124207720608	-0.0025450042197098246	-0.00011006911012361228
192306292.989696	0.0001364128572330452	-0.0025445873485309884	-0.00011002407821849978
192309892.989696	0.00013727408353576788	-0.002544170400639223	-0.00010997905595940353
192313492.989696	0.00013813492123929854	-0.002543753376200477	-0.000109934043349706
192317092.989696	0.00013899537059746403	-0.00254333627538041	-0.00010988904039279237
192320692.989696	0.00013985543186400957	-0.002542919098344383	-0.00010984404709206664
192324292.989696	0.00014071510529258262	-0.002542501845257472	-0.00010979906345093455
192327892.989696	0.0001415743911367386	-0.0025420845162844657	-0.00010975408947280901
192331492.989696	0.00014243328964994186	-0.0025416671115898654	-0.000109709125161111
192335092.989696	0.00014329180108556202	-0.002541249631337879	-0.0001096641705192664
192338692.989696	0.00014414992569687423	-0.002540832075692425	-0.00010961922555070743
192342292.989696	0.00014500766373706333	-0.0025404144448171267	-0.00010957429025887602
192345892.989696	0.00014586501545922696	-0.002539996738875311	-0.00010952936464722646
192349492.989696	0.00014672198111637596	-0.002539578958030018	-0.00010948444871922451
192353092.989696	0.0001475785609614318	-0.0025391611024439954	-0.00010943954247834411
192356692.989696	0.00014843475524722462	-0.0025387431722797096	-0.0001093946459280654
192360292.989696	0.0001492905642264919	-0.0025383251676993368	-0.00010934975907187376
192363892.989696	0.00015014598815188025	-0.0025379070888647626	-0.00010930488191326224
192367492.989696	0.00015100102727594761	-0.00253748893593758	-0.000109260014455734
