194180875.17235202	-53162190713.314125	229700726562.91217	8646084674.262928	-21481.86711845811	-1104.0484325287555	-713.5721483742158
194184475.17235202	-53239521947.04929	229696736955.1091	8643515243.96839	-21479.928985858325	-1112.4000821826342	-713.8891032871967
194188075.17235202	-53316846199.02327	229692717284.22687	8640944672.885412	-21477.98836239499	-1120.7501431598546	-714.2059197411728
194191675.17235202	-53394163460.27063	229688667555.98492	8638372961.512316	-21476.045249005274	-1129.0986153309118	-714.5225978104022
194195275.17235202	-53471473721.82932	229684587776.1032	8635800110.34715	-21474.099646625305	-1137.4454985660334	-714.8391375694624
194198875.17235202	-53548776974.74067	229680477950.30212	8633226119.8877	-21472.151556190154	-1145.790792735175	-715.1555390932537
194202475.17235202	-53626073210.04935	229676338084.30255	8630650990.631472	-21470.200978633846	-1154.1344977080146	-715.4718024570016
194206075.17235202	-53703362418.803406	229672168183.82584	8628074723.07571	-21468.247914889344	-1162.4766133539479	-715.7879277362603
194209675.17235202	-53780644592.054245	229667968254.59378	8625497317.71738	-21466.292365888556	-1170.8171395420832	-716.1039150069151
194213275.17235202	-53857919720.85661	229663738302.32864	8622918775.053179	-21464.33433256233	-1179.1560761412359	-716.419764345186
194216875.17235202	-53935187796.268616	229659478332.7532	8620339095.579523	-21462.373815840445	-1187.4934230199228	-716.7354758276301
194220475.17235202	-54012448809.3517	229655188351.5907	8617758279.792555	-21460.410816651616	-1195.8291800463574	-717.0510495311457
194224075.17235202	-54089702751.170654	229650868364.56485	8615176328.18814	-21458.445335923487	-1204.1633470884437	-717.3664855329748
194227675.17235202	-54166949612.79361	229646518377.3998	8612593241.261868	-21456.477374582624	-1212.4959240137716	-717.6817839107066
194231275.17235202	-54244189385.29202	229642138395.82025	8610009019.50904	-21454.506933554523	-1220.8269106896107	-717.9969447422804
194234875.17235202	-54321422059.740685	229637728425.5513	8607423663.424685	-21452.534013763594	-1229.1563069829053	-718.3119681059892
194238475.17235202	-54398647627.21771	229633288472.31857	8604837173.503544	-21450.558616133167	-1237.4841127602685	-718.6268540804825
194242075.17235202	-54475866078.80454	229628818541.8482	8602249550.240078	-21448.580741585487	-1245.8103278879769	-718.9416027447701
194245675.17235202	-54553077405.58593	229624318639.86673	8599660794.12846	-21446.60039104171	-1254.134952231964	-719.256214178225
194249275.17235202	-54630281598.64995	229619788772.10123	8597070905.662577	-21444.617565421893	-1262.457985657815	-719.5706884605875
194252875.17235202	-54707478649.087975	229615228944.27927	8594479885.33603	-21442.632265645003	-1270.7794280307612	-719.885025671968
194256475.17235202	-54784668547.994705	229610639162.12885	8591887733.642128	-21440.644492628908	-1279.099279215673	-720.199225892851
194260075.17235202	-54861851286.46812	229606019431.3785	8589294451.073893	-21438.654247290367	-1287.4175390770556	-720.5132892040982
194263675.17235202	-54939026855.609505	229601369757.75726	8586700038.124052	-21436.661530545036	-1295.7342074790417	-720.8272156869522
194267275.17235202	-55016195246.52345	229596690146.9946	8584104495.285043	-21434.66634330746	-1304.0492842853862	-721.1410054230399
194270875.17235202	-55093356450.317825	229591980604.8205	8581507823.049005	-21432.668686491073	-1312.3627693594594	-721.4546584943764
194274475.17235202	-55170510458.10379	229587241136.96545	8578910021.907783	-21430.66856100819	-1320.6746625642415	-721.7681749833685
194278075.17235202	-55247657260.99578	229582471749.16043	8576311092.352924	-21428.665967770008	-1328.9849637623154	-722.0815549728184
194281675.17235202	-55324796850.11152	229577672447.13693	8573711034.875678	-21426.660907686593	-1337.2936728158609	-722.3947985459279
194285275.17235202	-55401929216.572	229572843236.6269	8571109849.966992	-21424.65338166689	-1345.6007895866483	-722.7079057863018
194288875.17235202	-55479054351.50149	229567984123.3628	8568507538.117515	-21422.643390618705	-1353.9063139360321	-723.0208767779518
194292475.17235202	-55556172246.02751	229563095113.0776	8565904099.817588	-21420.630935448717	-1362.2102457249446	-723.3337116053003
194296075.17235202	-55633282891.28086	229558176211.5048	8563299535.557252	-21418.61601706246	-1370.512584813889	-723.6464103531843
194299675.17235202	-55710386278.395584	229553227424.37833	8560693845.826239	-21416.598636364324	-1378.8133310629323	-723.9589731068593
194303275.17235202	-55787482398.50899	229548248757.4327	8558087031.113973	-21414.578794257555	-1387.1124843316998	-724.2713999520037
194306875.17235202	-55864571242.76163	229543240216.4029	8555479091.909571	-21412.55649164424	-1395.4100444793667	-724.5836909747226
194310475.17235202	-55941652802.2973	229538201807.02438	8552870028.701838	-21410.531729425325	-1403.706011364652	-724.895846261552
194314075.17235202	-56018727068.26305	229533133535.03317	8550259841.979266	-21408.50450850058	-1412.0003848458123	-725.2078658994633
194317675.17235202	-56095794031.809135	229528035406.16577	8547648532.230035	-21406.474829768624	-1420.2931647806333	-725.5197499758666
194321275.17235202	-56172853684.08909	229522907426.15918	8545036099.942008	-21404.442694126898	-1428.5843510264244	-725.8314985786158
194324875.17235202	-56249906016.259636	229517749600.75098	8542422545.602732	-21402.408102471676	-1436.8739434400102	-726.143111796012
194328475.17235202	-56326951019.48074	229512561935.6792	8539807869.699433	-21400.371055698055	-1445.1619418777238	-726.4545897168089
194332075.17235202	-56403988684.915596	229507344436.6824	8537192072.71902	-21398.331554699955	-1453.4483461953996	-726.7659324302163
194335675.17235202	-56481019003.73059	229502097109.4997	8534575155.148077	-21396.289600370103	-1461.7331562483648	-727.0771400259052
194339275.17235202	-56558041967.09534	229496819959.8707	8531957117.472866	-21394.24519360004	-1470.0163718914332	-727.3882125940123
194342875.17235202	-56635057566.182655	229491512993.53555	8529337960.179324	-21392.19833528011	-1478.2979929788974	-727.6991502251442
194346475.17235202	-56712065792.168564	229486176216.2349	8526717683.75306	-21390.149026299463	-1486.5780193645207	-728.009953010382
194350075.17235202	-56789066636.232285	229480809633.70993	8524096288.679355	-21388.097267546043	-1494.8564509015305	-728.3206210412859
194353675.17235202	-56866060089.55623	229475413251.7024	8521473775.443158	-21386.043059906584	-1503.1332874426091	-728.6311544099002
194357275.17235202	-56943046143.326004	229469987075.95453	8518850144.529088	-21383.98640426661	-1511.4085288398867	-728.9415532087577
194360875.17235202	-57020024788.73041	229464531112.2091	8516225396.421428	-21381.92730151042	-1519.6821749449325	-729.2518175308849
194364475.17235202	-57096996016.9614	229459045366.20944	8513599531.604126	-21379.8657525211	-1527.9542256087477	-729.5619474698068
194368075.17235202	-57173959819.21414	229453529843.69943	8510972550.560793	-21377.8017581805	-1536.2246806817566	-729.871943119552
194371675.17235202	-57250916186.68694	229447984550.42343	8508344453.774699	-21375.735319369243	-1544.493540013799	-730.1818045746575
194375275.17235202	-57327865110.58129	229442409492.1264	8505715241.728775	-21373.666436966712	-1552.7608034541217	-730.4915319301732
194378875.17235202	-57404806582.101845	229436804674.55383	8503084914.905607	-21371.595111851042	-1561.02647085137	-730.8011252816677
194382475.17235202	-57481740592.45641	229431170103.45172	8500453473.7874365	-21369.521344899127	-1569.2905420535794	-731.1105847252333
194386075.17235202	-57558667132.855965	229425505784.56665	8497820918.856159	-21367.445136986604	-1577.5530169081665	-731.419910357491
194389675.17235202	-57635586194.51461	229419811723.64578	8495187250.59332	-21365.366488987853	-1585.8138952619202	-731.7291022755962
194393275.17235202	-57712497768.64962	229414087926.43677	8492552469.480115	-21363.285401775986	-1594.0731769609936	-732.0381605772442
194396875.17235202	-57789401846.48139	229408334398.68784	8489916575.997386	-21361.201876222847	-1602.330861850895	-732.3470853606749
194400475.17235202	-57866298419.23346	229402551146.1478	8487279570.625622	-21359.115913199006	-1610.5869497764786	-732.6558767246789
194404075.17235202	-57943187478.1325	229396738174.56598	8484641453.844953	-21357.02751357375	-1618.8414405819362	-732.9645347686027
194407675.17235202	-58020069014.40831	229390895489.69232	8482002226.135152	-21354.93667821508	-1627.0943341107868	-733.273059592354
194411275.17235202	-58096943019.29381	229385023097.2773	8479361887.975632	-21352.8434079897	-1635.3456302058685	-733.5814512964081
194414875.17235202	-58173809484.02503	229379121003.07196	8476720439.845441	-21350.74770376303	-1643.595328709328	-733.8897099818133
194418475.17235202	-58250668399.84113	229373189212.8279	8474077882.223264	-21348.64956639917	-1651.8434294626118	-734.1978357501969
194422075.17235202	-58327519757.984375	229367227732.29733	8471434215.587418	-21346.548996760917	-1660.0899323064561	-734.5058287037709
194425675.17235202	-58404363549.70012	229361236567.233	8468789440.415851	-21344.44599570975	-1668.3348370808778	-734.8136889453384
194429275.17235202	-58481199766.236824	229355215723.38824	8466143557.186141	-21342.340564105827	-1676.5781436251646	-735.1214165782987
194432875.17235202	-58558028398.84605	229349165206.51697	8463496566.375492	-21340.232702807978	-1684.8198517778644	-735.4290117066541
194436475.17235202	-58634849438.78243	229343085022.3737	8460848468.460732	-21338.122412673692	-1693.0599613767765	-735.7364744350158
194440075.17235202	-58711662877.30372	229336975176.7135	8458199263.918313	-21336.00969455913	-1701.29847225894	-736.04380486861
194443675.17235202	-58788468705.67071	229330835675.29208	8455548953.224305	-21333.894549319088	-1709.5353842606235	-736.351003113285
194447275.17235202	-58865266915.147285	229324666523.8657	8452897536.854397	-21331.77697780702	-1717.770697217316	-736.6580692755168
194450875.17235202	-58942057497.00041	229318467728.1912	8450245015.283892	-21329.65698087502	-1726.0044109637151	-736.9650034624165
194454475.17235202	-59018840442.50011	229312239294.02603	8447591388.987708	-21327.534559373806	-1734.2365253337177	-737.2718057817356
194458075.17235202	-59095615742.91944	229305981227.12827	8444936658.440374	-21325.409714152724	-1742.4670401604083	-737.5784763418735
194461675.17235202	-59172383389.53456	229299693533.25653	8442280824.116027	-21323.282446059744	-1750.6959552760482	-737.8850152518839
194465275.17235202	-59249143373.62464	229293376218.17014	8439623886.488409	-21321.152755941443	-1758.9232705120648	-738.1914226214817
194468875.17235202	-59325895686.471924	229287029287.6289	8436965846.030869	-21319.020644643006	-1767.1489856990402	-738.4976985610497
194472475.17235202	-59402640319.36167	229280652747.39337	8434306703.216352	-21316.88611300821	-1775.3731006666994	-738.8038431816459
194476075.17235202	-59479377263.58219	229274246603.22458	8431646458.517409	-21314.749161879434	-1783.5956152438996	-739.1098565950109
194479675.17235202	-59556106510.42482	229267810860.88428	8428985112.406182	-21312.609792097624	-1791.8165292586184	-739.4157389135744
194483275.17235202	-59632828051.18392	229261345526.1348	8426322665.354409	-21310.468004502312	-1800.0358425379425	-739.7214902504626
194486875.17235202	-59709541877.15687	229254850604.7391	8423659117.83342	-21308.323799931597	-1808.2535549080555	-740.0271107195053
194490475.17235202	-59786247979.64406	229248326102.46075	8420994470.314133	-21306.177179222133	-1816.4696661942264	-740.3326004352436
194494075.17235202	-59862946349.9489	229241772025.064	8418328723.267052	-21304.028143209136	-1824.6841762207964	-740.6379595129375
194497675.17235202	-59939636979.3778	229235188378.3137	8415661877.162266	-21301.876692726357	-1832.8970848111678	-740.9431880685731
194501275.17235202	-60016319859.240166	229228575167.9753	8412993932.469444	-21299.722828606093	-1841.1083917877907	-741.248286218871
194504875.17235202	-60092994980.8484	229221932399.81497	8410324889.657835	-21297.56655167916	-1849.3180969721504	-741.5532540812939
194508475.17235202	-60169662335.51788	229215260079.59946	8407654749.196262	-21295.4078627749	-1857.526200184756	-741.858091774054
194512075.17235202	-60246321914.56699	229208558213.09622	8404983511.5531225	-21293.24676272117	-1865.7327012451262	-742.1627994161213
194515675.17235202	-60322973709.317085	229201826806.0733	8402311177.196383	-21291.083252344324	-1873.9375999717777	-742.4673771272318
194519275.17235202	-60399617711.092476	229195065864.29944	8399637746.593579	-21288.917332469216	-1882.1408961822103	-742.7718250278953
194522875.17235202	-60476253911.22045	229188275393.54404	8396963220.21181	-21286.74900391919	-1890.3425896928948	-743.0761432394039
194526475.17235202	-60552882301.031265	229181455399.57712	8394287598.517736	-21284.578267516063	-1898.5426803192584	-743.3803318838409
194530075.17235202	-60629502871.85812	229174605888.1694	8391610881.977579	-21282.405124080116	-1906.741167875672	-743.6843910840888
194533675.17235202	-60706115615.037186	229167726865.09232	8388933071.057116	-21280.229574430105	-1914.9380521754365	-743.9883209638385
194537275.17235202	-60782720521.90755	229160818336.1179	8386254166.221675	-21278.051619383223	-1923.1333330307677	-744.2921216475974
194540875.17235202	-60859317583.81125	229153880307.01886	8383574167.936137	-21275.871259755113	-1931.3270102527838	-744.5957932606981
194544475.17235202	-60935906792.09326	229146912783.56866	8380893076.664931	-21273.68849635985	-1939.5190836514896	-744.8993359293079
194548075.17235202	-61012488138.101494	229139915771.54138	8378210892.872027	-21271.50333000993	-1947.7095530357626	-745.2027497804377
194551675.17235202	-61089061613.18676	229132889276.71185	8375527617.02094	-21269.315761516267	-1955.8984182133383	-745.5060349419509
194555275.17235202	-61165627208.702805	229125833304.85553	8372843249.574718	-21267.125791688173	-1964.085678990795	-745.8091915425736
194558875.17235202	-61242184916.00628	229118747861.74863	8370157790.995951	-21264.93342133336	-1972.2713351735385	-746.1122197119032
194562475.17235202	-61318734726.45674	229111632953.16803	8367471241.746754	-21262.738651257918	-1980.4553865657879	-746.4151195804186
194566075.17235202	-61395276631.41664	229104488584.89133	8364783602.2887745	-21260.54148226632	-1988.637832970559	-746.7178912794892
194569675.17235202	-61471810622.25133	229097314762.69684	8362094873.083186	-21258.34191516139	-1996.81867418965	-747.0205349413852
194573275.17235202	-61548336690.32903	229090111492.36362	8359405054.590682	-21256.139950744317	-2004.9979100236244	-747.323050699287
194576875.17235202	-61624854827.020874	229082878779.6714	8356714147.271476	-21253.93558981463	-2013.1755402717959	-747.6254386872956
194580475.17235202	-61701365023.70084	229075616630.4006	8354022151.585296	-21251.728833170197	-2021.3515647322108	-747.927699040443
194584075.17235202	-61777867271.7458	229068325050.3325	8351329067.991384	-21249.51968160719	-2029.525983201633	-748.2298318947026
194587675.17235202	-61854361562.53546	229061004045.249	8348634896.948488	-21247.30813592011	-2037.6987954755257	-748.5318373869993
194591275.17235202	-61930847887.45242	229053653620.93277	8345939638.9148655	-21245.094196901748	-2045.8700013480363	-748.8337156552209
194594875.17235202	-62007326237.88211	229046273783.16724	8343243294.348272	-21242.877865343184	-2054.0396006119786	-749.1354668382277
194598475.17235202	-62083796605.2128	229038864537.73654	8340545863.705964	-21240.65914203378	-2062.2075930588157	-749.4370910758638
194602075.17235202	-62160258980.8356	229031425890.42563	8337847347.444692	-21238.438027761156	-2070.373978478642	-749.7385885089683
194605675.17235202	-62236713356.14447	229023957847.02017	8335147746.020695	-21236.214523311195	-2078.5387566601657	-750.0399592793862
194609275.17235202	-62313159722.53617	229016460413.3066	8332447059.889704	-21233.988629468015	-2086.7019273906903	-750.3412035299804
194612875.17235202	-62389598071.4103	229008933595.07214	8329745289.50693	-21231.760347013966	-2094.8634904560963	-750.6423214046431
194616475.17235202	-62466028394.16927	229001377398.10477	8327042435.327067	-21229.529676729613	-2103.0234456408234	-750.9433130483071
194620075.17235202	-62542450682.21829	228993791828.19324	8324338497.804284	-21227.29661939373	-2111.181792727852	-751.2441786069576
194623675.17235202	-62618864926.96538	228986176891.1271	8321633477.392222	-21225.06117578329	-2119.3385314986836	-751.544918227644
194627275.17235202	-62695271119.821335	228978532592.6967	8318927374.543993	-21222.82334667343	-2127.493661733322	-751.8455320584923
194630875.17235202	-62771669252.19975	228970858938.6931	8316220189.712171	-21220.58313283747	-2135.6471832102534	-752.1460202487172
194634475.17235202	-62848059315.51701	228963155934.90833	8313511923.348791	-21218.34053504687	-2143.799095706427	-752.4463829486347
194638075.17235202	-62924441301.19227	228955423587.13507	8310802575.905347	-21216.095554071246	-2151.949398997234	-752.746620309675
194641675.17235202	-63000815200.64743	228947661901.16687	8308092147.832785	-21213.848190678327	-2160.098092856488	-753.0467324843952
194645275.17235202	-63077181005.307175	228939870882.7981	8305380639.581498	-21211.59844563397	-2168.245177056406	-753.3467196264922
194648875.17235202	-63153538706.59893	228932050537.82394	8302668051.601327	-21209.346319702116	-2176.390651367585	-753.6465818908158
194652475.17235202	-63229888295.95288	228924200872.0404	8299954384.341551	-21207.091813644805	-2184.534515558983	-753.9463194333816
194656075.17235202	-63306229764.80194	228916321891.24435	8297239638.250885	-21204.834928222142	-2192.676769397897	-754.245932411385
194659675.17235202	-63382563104.58176	228908413601.23346	8294523813.777476	-21202.575664192293	-2200.81741264994	-754.5454209832145
194663275.17235202	-63458888306.730705	228900476007.80627	8291806911.368901	-21200.31402231146	-2208.956445079021	-754.8447853084665
194666875.17235202	-63535205362.68988	228892509116.76218	8289088931.472158	-21198.050003333883	-2217.093866447321	-755.1440255479588
194670475.17235202	-63611514263.90309	228884512933.90143	8286369874.533665	-21195.783608011807	-2225.229676515272	-755.443141863745
194674075.17235202	-63687815001.81685	228876487465.02512	8283649740.999252	-21193.514837095478	-2233.3638750415325	-755.7421344191293
194677675.17235202	-63764107567.88036	228868432715.93527	8280928531.314162	-21191.24369133312	-2241.496461782967	-756.0410033786802
194681275.17235202	-63840391953.54553	228860348692.43472	8278206245.923041	-21188.970171470923	-2249.62743649462	-756.3397489082461
194684875.17235202	-63916668150.26693	228852235400.32724	8275482885.2699375	-21186.694278253035	-2257.756798929693	-756.6383711749698
194688475.17235202	-63992936149.501816	228844092845.41745	8272758449.798294	-21184.41601242153	-2265.8845488395214	-756.9368703473051
194692075.17235202	-64069195942.71011	228835921033.51093	8270032939.950946	-21182.135374716403	-2274.010685973547	-757.2352465950311
194695675.17235202	-64145447521.35441	228827719970.4141	8267306356.170114	-21179.85236587555	-2282.135210079296	-757.5335000892687
194699275.17235202	-64221690876.89993	228819489661.9343	8264578698.8974	-21177.566986634753	-2290.2581209023533	-757.8316310024966
194702875.17235202	-64297926000.814575	228811230113.87982	8261849968.573784	-21175.279237727656	-2298.379418186337	-758.1296395085667
194706475.17235202	-64374152884.56885	228802941332.0599	8259120165.639616	-21172.98911988576	-2306.4991016728713	-758.4275257827214
194710075.17235202	-64450371519.6359	228794623322.28467	8256389290.534615	-21170.696633838386	-2314.617171101563	-758.7252900016094
194713675.17235202	-64526581897.49151	228786276090.36517	8253657343.697858	-21168.40178031268	-2322.7336262099725	-759.0229323433033
194717275.17235202	-64602784009.61405	228777899642.11346	8250924325.5677805	-21166.104560033586	-2330.848466733587	-759.3204529873162
194720875.17235202	-64678977847.48451	228769493983.34253	8248190236.58217	-21163.804973723814	-2338.9616924057937	-759.61785211462
194724475.17235202	-64755163402.58649	228761059119.8663	8245455077.178157	-21161.503022103843	-2347.0733029578523	-759.9151299076623
194728075.17235202	-64831340666.40615	228752595057.4997	8242718847.792215	-21159.19870589189	-2355.1832981188663	-760.212286550385
194731675.17235202	-64907509630.43226	228744101802.05862	8239981548.860152	-21156.892025803885	-2363.291677615755	-760.5093222282416
194735275.17235202	-64983670286.15614	228735579359.36	8237243180.817105	-21154.58298255347	-2371.398441173225	-760.8062371282159
194738875.17235202	-65059822625.0717	228727027735.22165	8234503744.097536	-21152.271576851967	-2379.5035885137395	-761.1030314388407
194742475.17235202	-65135966638.675385	228718446935.4625	8231763239.135224	-21149.957809408348	-2387.6071193574903	-761.3997053502165
194746075.17235202	-65212102318.466194	228709836965.9024	8229021666.363263	-21147.641680929242	-2395.709033422366	-761.6962590540315
194749675.17235202	-65288229655.94567	228701197832.3623	8226279026.214052	-21145.32319211889	-2403.8093304239205	-761.9926927435808
194753275.17235202	-65364348642.61789	228692529540.66415	8223535319.119292	-21143.002343679127	-2411.9080100753454	-762.2890066137865
194756875.17235202	-65440459269.98944	228683832096.63092	8220790545.50998	-21140.679136309376	-2420.0050720874347	-762.5852008612171
194760475.17235202	-65516561529.569435	228675105506.08664	8218044705.8164015	-21138.353570706615	-2428.1005161685557	-762.8812756841086
194764075.17235202	-65592655412.869484	228666349774.85638	8215297800.468124	-21136.025647565348	-2436.1943420246157	-763.1772312823841
194767675.17235202	-65668740911.403694	228657564908.7663	8212549829.893996	-21133.6953675776	-2444.286549359029	-763.4730678576757
194771275.17235202	-65744818016.68866	228648750913.6436	8209800794.522133	-21131.36273143288	-2452.377137872682	-763.7687856133457
194774875.17235202	-65820886720.24345	228639907795.31656	8207050694.779918	-21129.027739818168	-2460.466107263901	-764.0643847545084
194778475.17235202	-65896947013.58961	228631035559.6146	8204299531.09399	-21126.69039341788	-2468.553457228417	-764.3598654880522
194782075.17235202	-65972998888.25114	228622134212.3682	8201547303.890243	-21124.35069291386	-2476.6391874593314	-764.6552280226614
194785675.17235202	-66049042335.75448	228613203759.40894	8198794013.593813	-21122.008638985342	-2484.7232976470805	-764.9504725688395
194789275.17235202	-66125077347.62853	228604244206.56955	8196039660.629078	-21119.664232308933	-2492.805787479399	-765.2455993389311
194792875.17235202	-66201103915.40462	228595255559.6839	8193284245.419646	-21117.31747355858	-2500.8866566412853	-765.5406085471457
194796475.17235202	-66277122030.61647	228586237824.58694	8190527768.388353	-21114.968363405562	-2508.9659048149615	-765.8355004095813
194800075.17235202	-66353131684.800255	228577191007.1148	8187770229.957251	-21112.616902518443	-2517.043531679838	-766.130275144249
194803675.17235202	-66429132869.49452	228568115113.1048	8185011630.547604	-21110.26309156306	-2525.119536912474	-766.4249329710971
194807275.17235202	-66505125576.24022	228559010148.3954	8182251970.579882	-21107.906931202502	-2533.1939201865393	-766.7194741120358
194810875.17235202	-66581109796.58068	228549876118.8262	8179491250.473751	-21105.548422097057	-2541.2666811727754	-767.0138987909627
194814475.17235202	-66657085522.06161	228540713030.2381	8176729470.648069	-21103.187564904216	-2549.3378195389555	-767.3082072337879
194818075.17235202	-66733052744.23107	228531520888.47308	8173966631.520877	-21100.82436027862	-2557.4073349498444	-767.6023996684596
194821675.17235202	-66809011454.63948	228522299699.37442	8171202733.50939	-21098.458808872056	-2565.4752270671565	-767.8964763249905
194825275.17235202	-66884961644.83959	228513049468.78656	8168437777.029992	-21096.09091133341	-2573.541495549514	-768.190437435485
194828875.17235202	-66960903306.3865	228503770202.55524	8165671762.498228	-21093.720668308637	-2581.6061400524045	-768.4842832341664
194832475.17235202	-67036836430.8376	228494461906.52737	8162904690.328796	-21091.34808044075	-2589.6691602281385	-768.7780139574046
194836075.17235202	-67112761009.752625	228485124586.5512	8160136560.935539	-21088.973148369776	-2597.7305557258046	-769.0716298437441
194839675.17235202	-67188677034.69358	228475758248.4762	8157367374.731437	-21086.59587273272	-2605.7903261912265	-769.3651311339318
194843275.17235202	-67264584497.22478	228466362898.1531	8154597132.128598	-21084.21625416355	-2613.8484712669183	-769.658518070946
194846875.17235202	-67340483388.912796	228456938541.434	8151825833.538255	-21081.834293293163	-2621.904990592037	-769.9517909000259
194850475.17235202	-67416373701.32648	228447485184.17218	8149053479.37075	-21079.449990749334	-2629.9598838023376	-770.2449498687013
194854075.17235202	-67492255426.03693	228438002832.22238	8146280070.035533	-21077.06334715671	-2638.013150530124	-770.537995226823
194857675.17235202	-67568128554.61749	228428491491.44058	8143505605.941148	-21074.67436313676	-2646.064790404203	-770.8309272265939
194861275.17235202	-67643993078.643745	228418951167.68414	8140730087.495227	-21072.283039307753	-2654.1148030498334	-771.1237461226
194864875.17235202	-67719848989.69348	228409381866.81177	8137953515.104482	-21069.88937628471	-2662.1631880886785	-771.4164521718423
194868475.17235202	-67795696279.3467	228399783594.6835	8135175889.174695	-21067.493374679383	-2670.2099451387553	-771.7090456337685
194872075.17235202	-67871534939.18561	228390156357.16083	8132397210.110709	-21065.095035100214	-2678.255073814384	-772.0015267703059
194875675.17235202	-67947364960.794586	228380500160.10657	8129617478.3164215	-21062.694358152297	-2686.298573726136	-772.2938958458946
194879275.17235202	-68023186335.760185	228370815009.38498	8126836694.194772	-21060.291344437348	-2694.3404444807798	-772.5861531275214
194882875.17235202	-68098999055.67113	228361100910.86176	8124054858.147733	-21057.885994553668	-2702.3806856812284	-772.8782988847543
194886475.17235202	-68174803112.11828	228351357870.40402	8121271970.576304	-21055.4783090961	-2710.4192969264845	-773.1703333897777
194890075.17235202	-68250598496.69464	228341585893.8803	8118488031.8805	-21053.068288655988	-2718.456277811586	-773.4622569174279
194893675.17235202	-68326385200.99533	228331784987.16068	8115703042.459339	-21050.655933821155	-2726.491627927549	-773.7540697452287
194897275.17235202	-68402163216.617584	228321955156.11664	8112917002.710838	-21048.24124517585	-2734.5253468613123	-774.0457721534282
194900875.17235202	-68477932535.16072	228312096406.6212	8110129913.031999	-21045.82422330071	-2742.5574341956785	-774.3373644250356
194904475.17235202	-68553693148.226166	228302208744.54886	8107341773.818799	-21043.404868772723	-2750.5878895092555	-774.6288468458595
194908075.17235202	-68629445047.41739	228292292175.77567	8104552585.466184	-21040.98318216518	-2758.616712376395	-774.9202197045458
194911675.17235202	-68705188224.33994	228282346706.1792	8101762348.368052	-21038.559164047645	-2766.643902367133	-775.2114832926179
194915275.17235202	-68780922670.6014	228272372341.63858	8098971062.917249	-21036.132814985904	-2774.6694590471266	-775.502637904516
194918875.17235202	-68856648377.81137	228262369088.03455	8096178729.505554	-21033.70413554192	-2782.693381977593	-775.7936838376378
194922475.17235202	-68932365337.5815	228252336951.24936	8093385348.523672	-21031.273126273794	-2790.7156707152453	-776.0846213923792
194926075.17235202	-69008073541.5254	228242275937.16696	8090590920.361219	-21028.83978773572	-2798.736324812226	-776.3754508721757
194929675.17235202	-69083772981.25873	228232186051.67282	8087795445.406714	-21026.40412047794	-2806.755343816044	-776.666172583545
194933275.17235202	-69159463648.39905	228222067300.65414	8084998924.047568	-21023.96612504669	-2814.7727272695042	-776.9567868361298
194936875.17235202	-69235145534.56592	228211919689.9997	8082201356.67007	-21021.525801984164	-2822.7884747106405	-777.2472939427429
194940475.17235202	-69310818631.38083	228201743225.59998	8079402743.659376	-21019.083151828465	-2830.802585672646	-777.5376942194113
194944075.17235202	-69386482930.46721	228191537913.34717	8076603085.399503	-21016.638175113545	-2838.815059683802	-777.8279879854217
194947675.17235202	-69462138423.45041	228181303759.13516	8073802382.273307	-21014.190872369163	-2846.825896267407	-778.1181755633671
194951275.17235202	-69537785101.95766	228171040768.85953	8071000634.662481	-21011.74124412084	-2854.835094941706	-778.4082572791926
194954875.17235202	-69613422957.61809	228160748948.41763	8068197842.947536	-21009.2892908898	-2862.842655219812	-778.6982334622435
194958475.17235202	-69689051982.0627	228150428303.7086	8065394007.507793	-21006.835013192922	-2870.848576609634	-778.9881044453138
194962075.17235202	-69764672166.92433	228140078840.6333	8062589128.721367	-21004.378411542686	-2878.8528586137986	-779.2778705646957
194965675.17235202	-69840283503.83768	228129700565.09445	8059783206.965157	-21001.919486447117	-2886.8555007295713	-779.5675321602303
194969275.17235202	-69915885984.43922	228119293482.99652	8056976242.61483	-20999.458238409734	-2894.8565024487775	-779.8570895753583
194972875.17235202	-69991479600.3673	228108857600.2459	8054168236.044814	-20996.99466792949	-2902.8558632577224	-780.1465431571729
194976475.17235202	-70067064343.26198	228098392922.7508	8051359187.628278	-20994.528775500723	-2910.853582637108	-780.435893256472
194980075.17235202	-70142640204.76515	228087899456.42126	8048549097.737122	-20992.060561613085	-2918.849660061952	-780.7251402278115
194983675.17235202	-70218207176.52043	228077377207.1693	8045737966.7419615	-20989.590026751495	-2926.8440950015006	-781.0142844295601
194987275.17235202	-70293765250.17317	228066826180.90887	8042925795.012117	-20987.11717139608	-2934.836886919142	-781.303326223955
194990875.17235202	-70369314417.37045	228056246383.5558	8040112582.915598	-20984.641996022103	-2942.8280352723195	-781.592265977159
194994475.17235202	-70444854669.76106	228045637821.02786	8037298330.819087	-20982.164501099913	-2950.817539512439	-781.8811040593184
194998075.17235202	-70520385998.99547	228035000499.2449	8034483039.087928	-20979.684687094872	-2958.805399084781	-782.1698408446223
195001675.17235202	-70595908396.7258	228024334424.12872	8031666708.086108	-20977.202554467298	-2966.7916134284073	-782.4584767113611
195005275.17235202	-70671421854.60583	228013639601.60318	8028849338.1762495	-20974.718103672396	-2974.7761819760653	-782.747012041988
195008875.17235202	-70746926364.29099	228002916037.59415	8026030929.719585	-20972.231335160195	-2982.7591041540945	-783.03544722318
195012475.17235202	-70822421917.43826	227992163738.0296	8023211483.075953	-20969.74224937548	-2990.7403793823273	-783.323782645901
195016075.17235202	-70897908505.70628	227981382708.83963	8020390998.603771	-20967.250846757717	-2998.7200070739896	-783.6120187054665
195019675.17235202	-70973386120.75523	227970572955.95642	8017569476.660029	-20964.75712774099	-3006.697986635599	-783.9001558016087
195023275.17235202	-71048854754.24686	227959734485.31433	8014746917.60027	-20962.261092753935	-3014.674317466862	-784.188194338543
195026875.17235202	-71124314397.8444	227948867302.84985	8011923321.778572	-20959.762742219646	-3022.6489989605675	-784.4761347250362
195030475.17235202	-71199765043.21268	227937971414.50174	8009098689.547534	-20957.26207655562	-3030.622030502484	-784.7639773744751
195034075.17235202	-71275206682.01794	227927046826.2109	8006273021.258259	-20954.75909617368	-3038.5934114712477	-785.0517227049356
195037675.17235202	-71350639305.92795	227916093543.92056	8003446317.260334	-20952.25380147989	-3046.563141238254	-785.3393711392548
195041275.17235202	-71426062906.6119	227905111573.57617	8000618577.901818	-20949.74619287448	-3054.531219167544	-785.626923105103
195044875.17235202	-71501477475.74042	227894100921.12552	7997789803.529221	-20947.236270751782	-3062.4976446156884	-785.9143790350582
195048475.17235202	-71576883004.98555	227883061592.5187	7994959994.487484	-20944.724035500123	-3070.462416931671	-786.2017393666822
195052075.17235202	-71652279486.02072	227871993593.70816	7992129151.119967	-20942.209487501754	-3078.4255354567704	-786.4890045425968
195055675.17235202	-71727666910.52072	227860896930.64874	7989297273.768427	-20939.692627132772	-3086.386999524437	-786.7761750105628
195059275.17235202	-71803045270.16168	227849771609.29773	7986464362.772998	-20937.173454763026	-3094.3468084601727	-787.0632512235588
195062875.17235202	-71878414556.62105	227838617635.6148	7983630418.472174	-20934.651970756033	-3102.304961581403	-787.350233639862
195066475.17235202	-71953774761.57759	227827435015.56216	7980795441.20279	-20932.128175468893	-3110.261458197351	-787.637122723131
195070075.17235202	-72029125876.71132	227816223755.10443	7977959431.300004	-20929.602069252192	-3118.2162976089053	-787.9239189424899
195073675.17235202	-72104467893.7035	227804983860.20886	7975122389.097272	-20927.07365244991	-3126.169479108485	-788.2106227726141
195077275.17235202	-72179800804.23666	227793715336.8452	7972284314.926332	-20924.54292539934	-3134.1210019799073	-788.4972346938189
195080875.17235202	-72255124599.99449	227782418190.98584	7969445209.117185	-20922.009888430966	-3142.0708654982473	-788.7837551921479
195084475.17235202	-72330439272.66187	227771092428.60574	7966605071.998067	-20919.474541868392	-3150.0190689296996	-789.0701847594638
195088075.17235202	-72405744813.92482	227759738055.68256	7963763903.895437	-20916.93688602823	-3157.9656115314338	-789.3565238935408
195091675.17235202	-72481041215.4705	227748355078.19662	7960921705.133949	-20914.396921220003	-3165.9104925514494	-789.6427730981582
195095275.17235202	-72556328468.9872	227736943502.131	7958078476.036434	-20911.854647746033	-3173.853711228427	-789.9289328831959
195098875.17235202	-72631606566.16423	227725503333.47153	7955234216.923875	-20909.310065901347	-3181.7952667915765	-790.2150037647336
195102475.17235202	-72706875498.69199	227714034578.2068	7952388928.115386	-20906.763175973563	-3189.7351584604803	-790.5009862651501
195106075.17235202	-72782135258.26187	227702537242.32825	7949542609.928189	-20904.213978242784	-3197.673385444938	-790.7868809132257
195109675.17235202	-72857385836.5663	227691011331.83017	7946695262.677591	-20901.662472981483	-3205.609946944805	-791.0726882442458
195113275.17235202	-72932627225.29863	227679456852.70978	7943846886.676961	-20899.108660454393	-3213.5448421498286	-791.3584088001062
195116875.17235202	-73007859416.15317	227667873810.96722	7940997482.237702	-20896.552540918387	-3221.4780702394837	-791.6440431294207
195120475.17235202	-73083082400.82513	227656262212.6056	7938147049.669234	-20893.99411462236	-3229.4096303828005	-791.9295917876303
195124075.17235202	-73158296171.01064	227644622063.631	7935295589.278962	-20891.43338180712	-3237.3395217381917	-792.215055337116
195127675.17235202	-73233500718.40662	227632953370.05264	7932443101.372254	-20888.87034270525	-3245.267743453275	-792.5004343473124
195131275.17235202	-73308696034.71085	227621256137.88275	7929589586.252417	-20886.304997540985	-3253.1942946646927	-792.785729394825
195134875.17235202	-73383882111.6219	227609530373.13672	7926735044.220666	-20883.737346530095	-3261.119174497926	-793.0709410635496
195138475.17235202	-73459058940.8391	227597776081.8331	7923879475.576104	-20881.16738987974	-3269.0423820671103	-793.3560699447933
195142075.17235202	-73534226514.0625	227585993269.99365	7921022880.61569	-20878.595127788347	-3276.9639164748432	-793.6411166373973
195145675.17235202	-73609384822.99287	227574181943.64337	7918165259.634213	-20876.02056044547	-3284.88377681199	-793.926081747863
195149275.17235202	-73684533859.33163	227562342108.81058	7915306612.924267	-20873.443688031657	-3292.8019621574845	-794.21096589048
195152875.17235202	-73759673614.78082	227550473771.52695	7912446940.7762165	-20870.8645107183	-3300.718471578124	-794.4957696874576
195156475.17235202	-73834804081.04312	227538576937.82748	7909586243.478175	-20868.2830286675	-3308.6333041283638	-794.7804937690594
195160075.17235202	-73909925249.82173	227526651613.75064	7906724521.315971	-20865.699242031915	-3316.546458850104	-795.06513877374
195163675.17235202	-73985037112.82042	227514697805.33835	7903861774.57312	-20863.113150954607	-3324.4579347724753	-795.3497053482848
195167275.17235202	-74060139661.74344	227502715518.63605	7900998003.530793	-20860.524755568895	-3332.367730911618	-795.6341941479516
195170875.17235202	-74135232888.2955	227490704759.69275	7898133208.467788	-20857.934055998197	-3340.2758462704587	-795.9186058366156
195174475.17235202	-74210316784.18175	227478665534.56107	7895267389.660496	-20855.34105235587	-3348.1822798384815	-796.2029410869171
195178075.17235202	-74285391341.10771	227466597849.2973	7892400547.382871	-20852.745744745043	-3356.087030591493	-796.4872005804125
195181675.17235202	-74360456550.77927	227454501709.96143	7889532681.906397	-20850.14813325846	-3363.9900974913844	-796.7713850077288
195185275.17235202	-74435512404.90262	227442377122.61725	7886663793.500055	-20847.548217978303	-3371.891479485885	-797.055495068722
195188875.17235202	-74510558895.18425	227430224093.3323	7883793882.430291	-20844.94599897602	-3379.7911755083155	-797.3395314726382
195192475.17235202	-74585596013.33086	227418042628.17804	7880922948.9609785	-20842.34147631216	-3387.689184477332	-797.6234949382775
195196075.17235202	-74660623751.04936	227405832733.22983	7878050993.353388	-20839.734650036156	-3395.58550529667	-797.9073861941621
195199675.17235202	-74735642100.04683	227393594414.56702	7875178015.866147	-20837.125520186193	-3403.480136854877	-798.1912059787063
195203275.17235202	-74810651052.03044	227381327678.27295	7872304016.755209	-20834.51408678898	-3411.3730780250444	-798.4749550403911
195206875.17235202	-74885650598.70747	227369032530.4351	7869428996.273813	-20831.90034985957	-3419.264327664531	-798.758634137943
195210475.17235202	-74960640731.7852	227356708977.14502	7866552954.67245	-20829.284309401173	-3427.153884614678	-799.0422440405162
195214075.17235202	-75035621442.97092	227344357024.4985	7863675892.19882	-20826.665965404944	-3435.0417477005235	-799.3257855278802
195217675.17235202	-75110592723.97185	227331976678.59564	7860797809.097799	-20824.045317849774	-3442.927915730504	-799.6092593906102
195221275.17235202	-75185554566.49513	227319567945.54077	7857918705.611396	-20821.422366702092	-3450.8123874961584	-799.8926664302815
195224875.17235202	-75260506962.24774	227307130831.44266	7855038581.978714	-20818.797111915646	-3458.69516177182	-800.1760074596667
195228475.17235202	-75335449902.9365	227294665342.4145	7852157438.43591	-20816.169553431282	-3466.576237314304	-800.459283302939
195232075.17235202	-75410383380.26793	227282171484.57397	7849275275.216154	-20813.53969117673	-3474.4556128625845	-800.7424947958783
195235675.17235202	-75485307385.94833	227269649264.0434	7846392092.549584	-20810.907525066366	-3482.333287137469	-801.0256427860847
195239275.17235202	-75560221911.68365	227257098686.94968	7843507890.663267	-20808.27305500098	-3490.2092588412606	-801.3087281331947
195242875.17235202	-75635126949.17946	227244519759.4244	7840622669.781152	-20805.636280867548	-3498.0835266574163	-801.5917517091023
195246475.17235202	-75710022490.14087	227231912487.604	7837736430.124026	-20802.99720253897	-3505.956089250198	-801.8747143981866
195250075.17235202	-75784908526.27254	227219276877.6297	7834849171.909472	-20800.355819873832	-3513.826945264316	-802.1576170975426
195253675.17235202	-75859785049.27856	227206612935.64764	7831960895.35182	-20797.71213271616	-3521.696093324562	-802.4404607172161
195257275.17235202	-75934652050.86249	227193920667.809	7829071600.662097	-20795.066140895135	-3529.56353203544	-802.7232461804455
195260875.17235202	-76009509522.72719	227181200080.26993	7826181288.047985	-20792.417844224852	-3537.429259980779	-803.0059744239085
195264475.17235202	-76084357456.57484	227168451179.19177	7823289957.713769	-20789.767242504036	-3545.2932757233452	-803.2886463979752
195268075.17235202	-76159195844.10689	227155673970.7411	7820397609.860287	-20787.11433551577	-3553.15557780444	-803.5712630669672
195271675.17235202	-76234024677.02396	227142868461.08972	7817504244.684879	-20784.45912302719	-3561.0161647434916	-803.853825409422
195275275.17235202	-76308843947.02579	227130034656.4149	7814609862.38134	-20781.801604789227	-3568.875035037639	-804.136334418364
195278875.17235202	-76383653645.81122	227117172562.89923	7811714463.139859	-20779.141780536276	-3576.7321871613035	-804.4187911015795
195282475.17235202	-76458453765.0781	227104282186.73096	7808818047.146973	-20776.479649985915	-3584.5876195657547	-804.7011964818994
195286075.17235202	-76533244296.52321	227091363534.10388	7805920614.585507	-20773.81521283858	-3592.4413306786614	-804.9835515974879
195289675.17235202	-76608025231.84224	227078416611.21753	7803022165.634524	-20771.148468777254	-3600.293318903634	-805.2658575021387
195293275.17235202	-76682796562.7297	227065441424.2772	7800122700.469262	-20768.479417467137	-3608.143582619755	-805.5481152655783
195296875.17235202	-76757558280.87888	227052437979.49405	7797222219.261079	-20765.80805855531	-3615.992120181099	-805.8303259737768
195300475.17235202	-76832310377.98174	227039406283.08527	7794320722.177395	-20763.134391670395	-3623.838929916244	-806.1124907292653
195304075.17235202	-76907052845.72887	227026346341.27408	7791418209.381629	-20760.458416422203	-3631.6840101277703	-806.3946106514608
195307675.17235202	-76981785675.80945	227013258160.28986	7788514681.033141	-20757.78013240138	-3639.5273590917463	-806.676686876997
195311275.17235202	-77056508859.91112	227000141746.36823	7785610137.287167	-20755.099539179042	-3647.3689750572044	-806.9587205600649
195314875.17235202	-77131222389.71996	226986997105.7512	7782704578.294754	-20752.416636306385	-3655.2088562456015	-807.2407128727601
195318475.17235202	-77205926256.92038	226973824244.68716	7779798004.2027	-20749.73142331432	-3663.047000850267	-807.5226650054403
195322075.17235202	-77280620453.19508	226960623169.43115	7776890415.1534815	-20747.043899713066	-3670.883407035839	-807.8045781670907
195325675.17235202	-77355304970.22496	226947393886.24484	7773981811.28519	-20744.354064991756	-3678.7180729376832	-808.0864535856983
195329275.17235202	-77429979799.68904	226934136401.39664	7771072192.731461	-20741.661918618014	-3686.5509966613054	-808.3682925086364
195332875.17235202	-77504644933.26437	226920850721.1618	7768161559.621403	-20738.96746003754	-3694.382176281743	-808.650096203055
195336475.17235202	-77579300362.62598	226907536851.82266	7765249912.079529	-20736.270688673674	-3702.2116098429456	-808.9318659562831
195340075.17235202	-77653946079.44676	226894194799.66858	7762337250.225678	-20733.571603926946	-3710.039295357139	-809.2136030762397
195343675.17235202	-77728582075.39745	226880824570.99615	7759423574.174946	-20730.870205174637	-3717.8652308041737	-809.4953088918548
195347275.17235202	-77803208342.14644	226867426172.1093	7756508884.037602	-20728.166491770295	-3725.689414130855	-809.7769847535028
195350875.17235202	-77877824871.3598	226853999609.31946	7753593179.91902	-20725.460463043273	-3733.5118432502572	-810.0586320334454
195354475.17235202	-77952431654.70113	226840544888.94553	7750676461.919587	-20722.752118298227	-3741.332516041025	-810.3402521262869
195358075.17235202	-78027028683.83147	226827062017.31415	7747758730.134635	-20720.041456814623	-3749.1514303466506	-810.6218464494398
195361675.17235202	-78101615950.40921	226813551000.75983	7744839984.654347	-20717.32847784621	-3756.9685839747417	-810.9034164436008
195365275.17235202	-78176193446.09004	226800011845.625	7741920225.56368	-20714.613180620512	-3764.783974696264	-811.1849635732394
195368875.17235202	-78250761162.52681	226786444558.26022	7738999452.942272	-20711.89556433827	-3772.5976002447687	-811.4664893270981
195372475.17235202	-78325319091.36942	226772849145.02423	7736077666.864361	-20709.175628172892	-3780.4094583155966	-811.7479952187063
195376075.17235202	-78399867224.26477	226759225612.28415	7733154867.398687	-20706.453371269905	-3788.219546565061	-812.0294827869088
195379675.17235202	-78474405552.85663	226745573966.41562	7730231054.608407	-20703.728792746337	-3796.0278626096137	-812.3109535964081
195383275.17235202	-78548934068.7855	226731894213.80292	7727306228.550996	-20701.00189169014	-3803.834404024985	-812.5924092383193
195386875.17235202	-78623452763.68863	226718186360.83914	7724380389.278152	-20698.272667159566	-3811.6391683453085	-812.8738513307387
195390475.17235202	-78697961629.19972	226704450413.92636	7721453536.835701	-20695.541118182555	-3819.4421530622203	-813.1552815193262
195394075.17235202	-78772460656.949	226690686379.47568	7718525671.263491	-20692.80724375607	-3827.2433556239334	-813.4367014779034
195397675.17235202	-78846949838.56299	226676894263.90756	7715596792.595294	-20690.071042845437	-3835.042773434287	-813.7181129090695
195401275.17235202	-78921429165.66443	226663074073.65182	7712666900.858701	-20687.33251438368	-3842.840403851771	-813.9995175448313
195404875.17235202	-78995898629.87218	226649225815.14792	7709735996.075012	-20684.59165727081	-3850.6362441885253	-814.2809171472513
195408475.17235202	-79070358222.80104	226635349494.84503	7706804078.2591305	-20681.8484703731	-3858.4302917093123	-814.5623135091145
195412075.17235202	-79144807936.06172	226621445119.20233	7703871147.419448	-20679.10295252237	-3866.222543630461	-814.8437084546109
195415675.17235202	-79219247761.26062	226607512694.68903	7700937203.557732	-20676.355102515212	-3874.0129971187903	-815.1251038400349
195419275.17235202	-79293677689.99976	226593552227.78467	7698002246.669007	-20673.60491911222	-3881.8016492904944	-815.4065015545045
195422875.17235202	-79368097713.87662	226579563724.97925	7695066276.741439	-20670.852401037195	-3889.5884972100034	-815.6879035207
195426475.17235202	-79442507824.48404	226565547192.77344	7692129293.756209	-20668.097546976333	-3897.3735378888096	-815.9693116956216
195430075.17235202	-79516908013.41005	226551502637.67877	7689191297.687391	-20665.34035557737	-3905.156768284263	-816.2507280713701
195433675.17235202	-79591298272.23773	226537430066.21783	7686252288.501822	-20662.58082544873	-3912.9381852983297	-816.5321546759499
195437275.17235202	-79665678592.54509	226523329484.92447	7683312266.158974	-20659.818955158633	-3920.7177857763227	-816.8135935740934
195440875.17235202	-79740048965.9049	226509200900.34396	7680371230.610816	-20657.054743234166	-3928.4955665055945	-817.0950468681062
195444475.17235202	-79814409383.8846	226495044319.03326	7677429181.8016815	-20654.288188160375	-3936.271524214198	-817.3765166987356
195448075.17235202	-79888759838.04602	226480859747.56125	7674486119.668127	-20651.51928837928	-3944.0456555695064	-817.6580052460624
195451675.17235202	-79963100319.94536	226466647192.50888	7671542044.138787	-20648.74804228889	-3951.817957176794	-817.93951473042
195455275.17235202	-80037430821.13295	226452406660.46942	7668596955.134232	-20645.97444824219	-3959.5884255777755	-818.2210474133386
195458875.17235202	-80111751333.15312	226438138158.04877	7665650852.566811	-20643.19850454608	-3967.3570572491026	-818.5026055985187
195462475.17235202	-80186061847.54402	226423841691.8656	7662703736.340506	-20640.42020946031	-3975.123848600823	-818.7841916328302
195466075.17235202	-80260362355.83743	226409517268.5516	7659755606.350768	-20637.639561196367	-3982.8887959747926	-819.0658079073409
195469675.17235202	-80334652849.55862	226395164894.7518	7656806462.484363	-20634.85655791633	-3990.651895643046	-819.3474568583719
195473275.17235202	-80408933320.22615	226380784577.12476	7653856304.619199	-20632.0711977317	-3998.413143806117	-819.6291409685849
195476875.17235202	-80483203759.35168	226366376322.34283	7650905132.624164	-20629.283478702197	-4006.172536591313	-819.9108627681003
195480475.17235202	-80557464158.4398	226351940137.09247	7647952946.358949	-20626.493398834515	-4013.930070050932	-820.1926248356478
195484075.17235202	-80631714508.98782	226337476028.07446	7644999745.673873	-20623.70095608104	-4021.6857401604343	-820.4744297997529
195487675.17235202	-80705954802.4856	226322984002.00424	7642045530.409701	-20620.906148338545	-4029.4395428165544	-820.7562803399572
195491275.17235202	-80780185030.41528	226308464065.61215	7639090300.397458	-20618.10897344682	-4037.191473835362	-821.0381791880762
195494875.17235202	-80854405184.25117	226293916225.6437	7636134055.458238	-20615.30942918728	-4044.9415289502654	-821.3201291294929
195498475.17235202	-80928615255.45946	226279340488.86002	7633176795.403008	-20612.50751328154	-4052.689703809955	-821.6021330044891
195502075.17235202	-81002815235.49802	226264736862.0379	7630218520.032413	-20609.703223389915	-4060.4359939762867	-821.8841937096169
195505675.17235202	-81077005115.8162	226250105351.97043	7627259229.136561	-20606.89655710991	-4068.1803949220994	-822.1663141991102
195509275.17235202	-81151184887.85458	226235445965.46707	7624298922.494825	-20604.08751197465	-4075.922902028964	-822.4484974863412
195512875.17235202	-81225354543.04475	226220758709.3541	7621337599.875617	-20601.276085451253	-4083.6635105848663	-822.7307466453216
195516475.17235202	-81299514072.80905	226206043590.47488	7618375261.036173	-20598.462274939167	-4091.4022157818154	-823.0130648122496
195520075.17235202	-81373663468.56033	226191300615.69037	7615411905.722322	-20595.646077768444	-4099.139012713383	-823.2954551871065
195523675.17235202	-81447802721.7017	226176529791.87927	7612447533.668261	-20592.82749119797	-4106.873896372165	-823.5779210353
195527275.17235202	-81521931823.6263	226161731125.93854	7609482144.596305	-20590.00651241364	-4114.606861647172	-823.8604656893577
195530875.17235202	-81596050765.71696	226146904624.78372	7606515738.216652	-20587.183138526463	-4122.337903321126	-824.1430925506725
195534475.17235202	-81670159539.34601	226132050295.34933	7603548314.227128	-20584.357366570628	-4130.067016067681	-824.425805091303
195538075.17235202	-81744258135.87494	226117168144.58926	7600579872.312929	-20581.5291935015	-4137.79419444855	-824.7086068558335
195541675.17235202	-81818346546.65414	226102258179.4772	7597610412.1463585	-20578.69861619355	-4145.519432910539	-824.9915014632942
195545275.17235202	-81892424763.0226	226087320407.00702	7594639933.386552	-20575.8656314382	-4153.242725782489	-825.274492609143
195548875.17235202	-81966492776.3076	226072354834.19324	7591668435.679202	-20573.03023594164	-4160.964067272124	-825.557584067309
195552475.17235202	-82040550577.82443	226057361468.0714	7588695918.656271	-20570.192426322537	-4168.683451462795	-825.8407796922993
195556075.17235202	-82114598158.87602	226042340315.6987	7585722381.935697	-20567.352199109704	-4176.400872310121	-826.1240834213764
195559675.17235202	-82188635510.75264	226027291384.1542	7582747825.12109	-20564.50955073965	-4184.1163236385155	-826.4074992768044
195563275.17235202	-82262662624.73157	226012214680.5395	7579772247.801425	-20561.664477554106	-4191.829799137606	-826.6910313681706
195566875.17235202	-82336679492.07675	225997110211.97913	7576795649.550721	-20558.81697579741	-4199.541292358524	-826.9746838947825
195570475.17235202	-82410686104.0384	225981977985.62112	7573818029.927715	-20555.967041613847	-4207.250796710072	-827.2584611481533
195574075.17235202	-82484682451.8527	225966818008.6375	7570839388.475524	-20553.114671044877	-4214.9583054547775	-827.5423675145594
195577675.17235202	-82558668526.7414	225951630288.22482	7567859724.721299	-20550.25986002629	-4222.663811704802	-827.8264074776882
195581275.17235202	-82632644319.91136	225936414831.60468	7564879038.175873	-20547.402604385235	-4230.367308417722	-828.1105856213755
195584875.17235202	-82706609822.55429	225921171646.0243	7561897328.333389	-20544.542899837186	-4238.068788392159	-828.394906632431
195588475.17235202	-82780565025.84624	225905900738.75717	7558914594.670932	-20541.680741982775	-4245.7682442632695	-828.6793753035603
195592075.17235202	-82854509920.94719	225890602117.10358	7555930836.648135	-20538.816126304544	-4253.46566849807	-828.9639965363899
195595675.17235202	-82928444499.00067	225875275788.3912	7552946053.706785	-20535.949048163555	-4261.1610533906005	-829.2487753445996
195599275.17235202	-83002368751.1333	225859921759.97583	7549960245.270414	-20533.079502795892	-4268.854391056921	-829.533716857164
195602875.17235202	-83076282668.45427	225844540039.24194	7546973410.743877	-20530.207485309053	-4276.545673429938	-829.8188263217056
195606475.17235202	-83150186242.05496	225829130633.6034	7543985549.512918	-20527.332990678195	-4284.234892254052	-830.1041091079628
195610075.17235202	-83224079463.00839	225813693550.50412	7540996660.943726	-20524.456013742267	-4291.922039079616	-830.3895707113786
195613675.17235202	-83297962322.36877	225798228797.4188	7538006744.382472	-20521.576549200003	-4299.607105257193	-830.6752167568175
195617275.17235202	-83371834811.17097	225782736381.85364	7535015799.154842	-20518.694591605752	-4307.29008193161	-830.9610530024164
195620875.17235202	-83445696920.42998	225767216311.34714	7532023824.565547	-20515.81013536519	-4314.970960035792	-831.2470853435767
195624475.17235202	-83519548641.14035	225751668593.4708	7529030819.897818	-20512.923174730844	-4322.649730284375	-831.5333198171011
195628075.17235202	-83593389964.2757	225736093235.82993	7526036784.412893	-20510.03370379747	-4330.326383167093	-831.819762605481
195631675.17235202	-83667220880.78807	225720490246.0645	7523041717.349488	-20507.14171649726	-4338.000908941913	-832.1064200413391
195635275.17235202	-83741041381.60738	225704859631.85004	7520045617.923242	-20504.247206594864	-4345.673297627934	-832.393298612034
195638875.17235202	-83814851457.64076	225689201400.89835	7517048485.326152	-20501.350167682253	-4353.343538998014	-832.6804049644336
195642475.17235202	-83888651099.77199	225673515560.9586	7514050318.725994	-20498.45059317336	-4361.011622571123	-832.9677459098684
195646075.17235202	-83962440298.86078	225657802119.81808	7511051117.26572	-20495.54847629854	-4368.677537604401	-833.2553284292708
195649675.17235202	-84036219045.74216	225642061085.30328	7508050880.062837	-20492.64381009882	-4376.341273084925	-833.5431596785111
195653275.17235202	-84109987331.22572	225626292465.28085	7505049606.208765	-20489.736587419902	-4384.002817721152	-833.8312469939372
195656875.17235202	-84183745146.09499	225610496267.65857	7502047294.768184	-20486.826800905983	-4391.662159934043	-834.1195978981256
195660475.17235202	-84257492481.10658	225594672500.38647	7499043944.778344	-20483.91444299329	-4399.31928784785	-834.4082201058523
195664075.17235202	-84331229326.98953	225578821171.45786	7496039555.248371	-20480.999505903397	-4406.974189280544	-834.6971215302929
195667675.17235202	-84404955674.44447	225562942288.91043	7493034125.158535	-20478.081981636275	-4414.62685173387	-834.9863102894631
195671275.17235202	-84478671514.14284	225547035860.8275	7490027653.459501	-20475.161861963064	-4422.277262383013	-835.2757947129128
195674875.17235202	-84552376836.72598	225531101895.3392	7487020139.071559	-20472.239138418565	-4429.925408065846	-835.5655833486863
195678475.17235202	-84626071632.80437	225515140400.6236	7484011580.88382	-20469.313802293433	-4437.571275271749	-835.855684970562
195682075.17235202	-84699755892.95665	225499151384.90805	7481001977.753391	-20466.38584462604	-4445.214850129991	-836.1461085855835
195685675.17235202	-84773429607.72876	225483134856.47055	7477991328.504526	-20463.455256194033	-4452.8561183976335	-836.4368634418933
195689275.17235202	-84847092767.63295	225467090823.64102	7474979631.927736	-20460.522027505533	-4460.4950654469585	-836.7279590368814
195692875.17235202	-84920745363.14679	225451019294.8028	7471966886.778882	-20457.58614878998	-4468.131676252381	-837.0194051256643
195696475.17235202	-84994387384.71216	225434920278.394	7468953091.778227	-20454.647609988613	-4475.765935376816	-837.3112117299112
195700075.17235202	-85068018822.73419	225418793782.90912	7465938245.609466	-20451.70640074455	-4483.397826957477	-837.6033891470382
195703675.17235202	-85141639667.5802	225402639816.9005	7462922346.918709	-20448.76251039245	-4491.027334691088	-837.8959479597901
195707275.17235202	-85215249909.57852	225386458388.98004	7459905394.313442	-20445.815927947726	-4498.654441818466	-838.1888990462259
195710875.17235202	-85288849539.01735	225370249507.8208	7456887386.361443	-20442.86664209532	-4506.279131108452	-838.4822535901284
195714475.17235202	-85362438546.14354	225354013182.15872	7453868321.58966	-20439.914641178002	-4513.90138484117	-838.7760230918544
195718075.17235202	-85436016921.16135	225337749420.79446	7450848198.483055	-20436.95991318415	-4521.521184790562	-839.070219379644
195721675.17235202	-85509584654.23112	225321458232.59525	7447827015.483399	-20434.002445735012	-4529.1385122061765	-839.3648546214268
195725275.17235202	-85583141735.46799	225305139626.49673	7444804770.98803	-20431.042226071433	-4536.753347794156	-839.6599413371237
195728875.17235202	-85656688154.94041	225288793611.5051	7441781463.34856	-20428.07924103997	-4544.365671697384	-839.9554924115112
195732475.17235202	-85730223902.66878	225272420196.69904	7438757090.869541	-20425.113477078405	-4551.975463474754	-840.2515211076484
195736075.17235202	-85803748968.6239	225256019391.23187	7435731651.807074	-20422.14492020061	-4559.582702079522	-840.5480410808993
195739675.17235202	-85877263342.72543	225239591204.33386	7432705144.3673725	-20419.173555980742	-4567.187365836681	-840.8450663935896
195743275.17235202	-85950767014.84032	225223135645.31442	7429677566.705273	-20416.19936953669	-4574.789432419329	-841.142611530324
195746875.17235202	-86024259974.78104	225206652723.5646	7426648916.922681	-20413.22234551282	-4582.3888788239565	-841.4406914139943
195750475.17235202	-86097742212.30392	225190142448.5595	7423619193.066966	-20410.242468061886	-4589.985681344604	-841.7393214225182
195754075.17235202	-86171213717.10736	225173604829.86087	7420588393.1292925	-20407.259720826154	-4597.579815545817	-842.0385174063529
195757675.17235202	-86244674478.8299	225157039877.11975	7417556515.042886	-20404.2740869176	-4605.171256234335	-842.3382957068313
195761275.17235202	-86318124487.04826	225140447600.0793	7414523556.681229	-20401.28554889719	-4612.759977429449	-842.6386731753653
195764875.17235202	-86391563731.27544	225123828008.57776	7411489515.856192	-20398.29408875318	-4620.34595233196	-842.9396671935574
195768475.17235202	-86464992200.95845	225107181112.5512	7408454390.316085	-20395.299687878374	-4627.929153291663	-843.2412956942708
195772075.17235202	-86538409885.47624	225090506922.037	7405418177.743636	-20392.302327046295	-4635.50955177327	-843.5435771837049
195775675.17235202	-86611816774.13742	225073805447.17673	7402380875.753883	-20389.301986386214	-4643.087118320681	-843.8465307645391
195779275.17235202	-86685212856.17783	225057076698.21985	7399342481.891986	-20386.29864535695	-4650.661822519511	-844.150176160207
195782875.17235202	-86758598120.7581	225040320685.52704	7396302993.630942	-20383.29228271937	-4658.233632957756	-844.4545337403712
195786475.17235202	-86831972556.96115	225023537419.57394	7393262408.369218	-20380.282876507532	-4665.802517184506	-844.759624547669
195790075.17235202	-86905336153.78944	225006726910.95496	7390220723.42827	-20377.270403998384	-4673.368441666585	-845.0654703258025
195793675.17235202	-86978688900.16222	224989889170.38718	7387177936.049975	-20374.254841679893	-4680.931371743002	-845.3720935490483
195797275.17235202	-87052030784.91261	224973024208.71463	7384134043.39394	-20371.236165217597	-4688.491271577093	-845.6795174532665
195800875.17235202	-87125361796.78462	224956132036.91254	7381089042.5347	-20368.214349419413	-4696.048104106199	-845.9877660684999
195804475.17235202	-87198681924.42996	224939212666.0918	7378042930.458806	-20365.189368198644	-4703.601830988744	-846.2968642532591
195808075.17235202	-87271991156.40477	224922266107.50375	7374995704.06177	-20362.16119453503	-4711.152412548532	-846.6068377306011
195811675.17235202	-87345289481.16614	224905292372.54504	7371947360.144891	-20359.12980043375	-4718.699807716108	-846.9177131261179
195815275.17235202	-87418576887.0686	224888291472.76282	7368897895.411928	-20356.095156882253	-4726.243973966977	-847.2295180079525
195818875.17235202	-87491853362.36032	224871263419.85995	7365847306.465638	-20353.057233804728	-4733.784867256514	-847.5422809289702
195822475.17235202	-87565118895.1792	224854208225.7008	7362795589.804148	-20350.016000014144	-4741.322441951346	-847.8560314712149
195826075.17235202	-87638373473.54881	224837125902.3169	7359742741.817166	-20346.971423161645	-4748.856650756991	-848.1708002927919
195829675.17235202	-87711617085.37408	224820016461.91318	7356688758.782023	-20343.923469683163	-4756.38744464151	-848.486619177331
195833275.17235202	-87784849718.43684	224802879916.87433	7353633636.859523	-20340.872104743063	-4763.914772754907	-848.8035210862021
195836875.17235202	-87858071360.39114	224785716279.77148	7350577372.089605	-20337.81729217462	-4771.438582343979	-849.1215402136703
195840475.17235202	-87931281998.75835	224768525563.36926	7347519960.386807	-20334.758994417094	-4778.958818662318	-849.4407120451943
195844075.17235202	-88004481620.92197	224751307780.63312	7344461397.535501	-20331.69717244922	-4786.475424875144	-849.7610734190757
195847675.17235202	-88077670214.12234	224734062944.737	7341401679.184906	-20328.63178571881	-4793.9883419586395	-850.0826625916794
195851275.17235202	-88150847765.45093	224716791069.07144	7338340800.843867	-20325.562792068264	-4801.4975085934175	-850.405519306458
195854875.17235202	-88224014261.8444	224699492167.252	7335278757.875366	-20322.49014765567	-4809.002861051715	-850.729684867042
195858475.17235202	-88297169690.07849	224682166253.12827	7332215545.490767	-20319.41380687123	-4816.504333077838	-851.0552022146892
195862075.17235202	-88370314036.76137	224664813340.79294	7329151158.743773	-20316.333722248633	-4824.0018557613985	-851.3821160104026
195865675.17235202	-88443447288.32687	224647433444.5919	7326085592.524088	-20313.249844371054	-4831.495357402865	-851.7104727220252
195869275.17235202	-88516569431.02728	224630026579.1343	7323018841.550735	-20310.162121771347	-4838.984763370802	-852.0403207167222
195872875.17235202	-88589680450.92574	224612592759.30353	7319950900.365055	-20307.070500826037	-4846.469995950247	-852.3717103592155
195876475.17235202	-88662780333.88828	224595132000.2685	7316881763.323322	-20303.974925642673	-4853.950974181583	-852.7046941161639
195880075.17235202	-88735869065.57547	224577644317.4957	7313811424.588983	-20300.875337939993	-4861.427613689216	-853.0393266671873
195883675.17235202	-88808946631.4336	224560129726.76178	7310739878.1244755	-20297.771676920467	-4868.899826499255	-853.3756650229698
195887275.17235202	-88882013016.68532	224542588244.16687	7307667117.68262	-20294.663879134558	-4876.367520845386	-853.7137686510262
195890875.17235202	-88955068206.3199	224525019886.14856	7304593136.797528	-20291.551878336086	-4883.830600962025	-854.0536996097126
195894475.17235202	-89028112185.08284	224507424669.49677	7301517928.775027	-20288.43560532802	-4891.288966863735	-854.3955226911186
195898075.17235202	-89101144937.465	224489802611.3693	7298441486.682544	-20285.31498779793	-4898.742514109856	-854.7393055735457
195901675.17235202	-89174166447.69101	224472153729.3083	7295363803.338425	-20282.18995014226	-4906.1911335531795	-855.08511898433
195905275.17235202	-89247176699.70715	224454478041.25775	7292284871.3006525	-20279.060413278563	-4913.634711071436	-855.4330368738226
195908875.17235202	-89320175677.16844	224436775565.58188	7289204682.854908	-20275.926294444722	-4921.073127280171	-855.7831366014208
195912475.17235202	-89393163363.425	224419046321.08456	7286123230.001946	-20272.7875069841	-4928.506257225493	-856.1354991346341
195916075.17235202	-89466139741.50766	224401290327.0301	7283040504.444228	-20269.643960115456	-4935.933970054981	-856.4902092622775
195919675.17235202	-89539104794.1126	224383507603.16492	7279956497.5717535	-20266.49555868632	-4943.356128664946	-856.8473558229889
195923275.17235202	-89612058503.58522	224365698169.7409	7276871200.447051	-20263.34220290842	-4950.772589322011	-857.2070319503815
195926875.17235202	-89685000851.90292	224347862047.5399	7273784603.789244	-20260.183788073613	-4958.183201256842	-857.56933533626
195930475.17235202	-89757931820.65685	224329999257.8998	7270696697.957138	-20257.02020424863	-4965.5878062275915	-857.934368513462
195934075.17235202	-89830851391.03244	224312109822.7424	7267607472.931257	-20253.851335946798	-4972.986238050418	-858.302239160043
195937675.17235202	-89903759543.78893	224294193764.60272	7264516918.294733	-20250.677061774648	-4980.378322094118	-858.6730604267025
195941275.17235202	-89976656259.23729	224276251106.66052	7261425023.21298	-20247.497254051188	-4987.763874735612	-859.046951289558
195944875.17235202	-90049541517.21693	224258281872.77365	7258331776.412046	-20244.3117783973	-4995.142702772706	-859.4240369305983
195948475.17235202	-90122415297.07079	224240286087.51364	7255237166.155541	-20241.120493292474	-5002.514602790117	-859.8044491484015
195952075.17235202	-90195277577.61873	224222263776.20377	7252141180.220032	-20237.923249595813	-5009.8793604744	-860.1883268019762
195955675.17235202	-90268128337.12926	224204214964.95953	7249043805.868768	-20234.71989002787	-5017.236749872887	-860.5758162908827
195959275.17235202	-90340967553.28917	224186139680.73203	7245945029.823614	-20231.51024860955	-5024.586532591256	-860.9670720751344
195962875.17235202	-90413795203.17117	224168037951.35422	7242844838.235033	-20228.294150053884	-5031.928456923703	-861.3622572387659
195966475.17235202	-90486611263.19922	224149909805.5906	7239743216.649951	-20225.071409106007	-5039.262256909016	-861.7615441014019
195970075.17235202	-90559415709.11131	224131755273.19034	7236640149.977332	-20221.841829826062	-5046.587651305058	-862.1651148826772
195973675.17235202	-90632208515.9197	224113574384.94418	7233535622.451254	-20218.605204809242	-5053.904342473263	-862.5731624249391
195977275.17235202	-90704989657.86806	224095367172.74576	7230429617.591271	-20215.361314336355	-5061.212015163782	-862.9858909803187
195980875.17235202	-90777759108.38553	224077133669.6572	7227322118.159817	-20212.109925447578	-5068.51033519078	-863.4035170689823
195984475.17235202	-90850516840.0373	224058873909.97998	7224213106.116377	-20208.85079093117	-5075.798947986131	-863.8262704161925
195988075.17235202	-90923262824.47124	224040587929.33102	7221102562.568133	-20205.583648217886	-5083.077477018303	-864.2543949767303
195991675.17235202	-90995997032.36057	224022275764.72495	7217990467.716752	-20202.308218170707	-5090.3455220615615	-864.6881500563074
195995275.17235202	-91068719433.3418	224003937454.66257	7214876800.80094	-20199.02420375813	-5097.602657298625	-865.127811540856
195998875.17235202	-91141429995.94777	223985573039.22684	7211761540.034365	-20195.731288597715	-5104.848429237725	-865.5736732460468
