186918110.80704	101500889006.20337	169355038884.16977	10739235839.56202	-18396.4826275973	18491.0106242411	258.0879426245487
186921710.80704	101434650382.1034	169421587684.00323	10740163761.685553	-18402.75193575495	18480.54476394773	257.42437737301856
186925310.80704	101368389199.80826	169488098805.93298	10741089295.289005	-18409.014958656717	18470.07845600797	256.7609870351297
186928910.80704	101302105481.94017	169554572248.35315	10742012441.002172	-18415.271698994817	18459.61170358326	256.09777166906315
186932510.80704	101235799251.11136	169621008009.6692	10742933199.45506	-18421.522159461492	18449.144509831076	255.43473133281967
186936110.80704	101169470529.92465	169687406088.2981	10743851571.277876	-18427.766342748975	18438.676877904887	254.77186608422303
186939710.80704	101103119340.97295	169753766482.6681	10744767557.101038	-18434.004251549508	18428.208810954206	254.1091759809177
186943310.80704	101036745706.83965	169820089191.21872	10745681157.555182	-18440.23588855532	18417.740312124584	253.44666108037154
186946910.80704	100970349650.09827	169886374212.40094	10746592373.271132	-18446.46125645865	18407.271384557596	252.78432143987374
186950510.80704	100903931193.31277	169952621544.67685	10747501204.879929	-18452.680357951707	18396.802031390846	252.1221571165365
186954110.80704	100837490359.03749	170018831186.51996	10748407653.012817	-18458.893195726705	18386.332255758	251.46016816729576
186957710.80704	100771027169.8168	170085003136.41507	10749311718.301249	-18465.099772475834	18375.86206078874	250.7983546489089
186961310.80704	100704541648.18564	170151137392.85825	10750213401.376875	-18471.30009089127	18365.39144960881	250.13671661795786
186964910.80704	100638033816.66917	170217233954.35657	10751112702.871552	-18477.494153665153	18354.92042534002	249.4752541308491
186968510.80704	100571503697.78278	170283292819.42868	10752009623.417336	-18483.681963489616	18344.448991100213	248.81396724381105
186972110.80704	100504951314.03232	170349313986.6043	10752904163.646496	-18489.86352305675	18333.9771500033	248.1528560128983
186975710.80704	100438376687.91388	170415297454.42422	10753796324.191486	-18496.038835058607	18323.504905159254	247.49192049398934
186979310.80704	100371779841.91379	170481243221.44067	10754686105.68497	-18502.207902187238	18313.032259674113	246.83116074278672
186982910.80704	100305160798.50874	170547151286.21683	10755573508.759823	-18508.370727134603	18302.559216649996	246.17057681481919
186986510.80704	100238519580.1658	170613021647.32715	10756458534.049093	-18514.527312592665	18292.085779185072	245.51016876544026
186990110.80704	100171856209.3422	170678854303.35736	10757341182.18605	-18520.67766125332	18281.611950373608	244.8499366498284
186993710.80704	100105170708.48569	170744649252.904	10758221453.80416	-18526.82177580842	18271.137733305943	244.1898805229894
186997310.80704	100038463100.03415	170810406494.57492	10759099349.53707	-18532.95965894976	18260.66313106851	243.53000043975442
187000910.80704	99971733406.41574	170876126026.98917	10759974870.018642	-18539.091313369092	18250.18814674382	242.87029645478046
187004510.80704	99904981650.04907	170941807848.7767	10760848015.882927	-18545.216741758093	18239.712783410476	242.21076862255183
187008110.80704	99838207853.3431	171007451958.5786	10761718787.764174	-18551.3359468084	18229.237044143185	241.5514169973797
187011710.80704	99771412038.69688	171073058355.04706	10762587186.296822	-18557.448931211566	18218.760932012738	240.89224163340225
187015310.80704	99704594228.4999	171138627036.84534	10763453212.115513	-18563.55569765909	18208.284450086045	240.23324258458496
187018910.80704	99637754445.13199	171204158002.6476	10764316865.855072	-18569.65624884239	18197.80760142612	239.5744199047213
187022510.80704	99570892710.9633	171269651251.1392	10765178148.150532	-18575.75058745281	18187.330389092083	238.91577364743256
187026110.80704	99504009048.3542	171335106781.01633	10766037059.637106	-18581.838716181628	18176.852816139173	238.25730386616885
187029710.80704	99437103479.65546	171400524590.9863	10766893600.950205	-18587.92063772003	18166.37488561873	237.59901061420754
187033310.80704	99370176027.20804	171465904679.76733	10767747772.72543	-18593.996354759132	18155.896600578235	236.9408939446554
187036910.80704	99303226713.34337	171531247046.08868	10768599575.59857	-18600.065869989936	18145.417964061293	236.28295391044855
187040510.80704	99236255560.38303	171596551688.69046	10769449010.205608	-18606.129186103386	18134.938979107617	235.6251905643515
187044110.80704	99169262590.6391	171661818606.32382	10770296077.18272	-18612.18630579032	18124.459648753073	234.96760395895905
187047710.80704	99102247826.41388	171727047797.75064	10771140777.166264	-18618.237231741474	18113.97997602966	234.31019414669618
187051310.80704	99035211289.99985	171792239261.744	10771983110.792793	-18624.281966647493	18103.4999639655	233.65296117981615
187054910.80704	98968153003.68004	171857392997.08762	10772823078.699036	-18630.320513198916	18093.01961558489	232.99590511040446
187058510.80704	98901072989.72763	171922509002.57623	10773660681.521925	-18636.352874086177	18082.538933908236	232.33902599037594
187062110.80704	98833971270.40617	171987587277.0154	10774495919.898571	-18642.379051999607	18072.057921952113	231.68232387147663
187065710.80704	98766847867.96951	172052627819.22156	10775328794.466263	-18648.399049629417	18061.57658272926	231.02579880528378
187069310.80704	98699702804.66193	172117630628.02197	10776159305.862492	-18654.412869665706	18051.094919248568	230.36945084320638
187072910.80704	98632536102.71782	172182595702.25464	10776987454.72492	-18660.420514798458	18040.612934515073	229.71328003648392
187076510.80704	98565347784.36209	172247523040.76855	10777813241.6914	-18666.421987717535	18030.13063152999	229.0572864361888
187080110.80704	98498137871.80966	172312412642.4234	10778636667.399971	-18672.417291112677	18019.64801329069	228.40147009322402
187083710.80704	98430906387.26619	172377264506.08957	10779457732.488842	-18678.4064276735	18009.165082790747	227.7458310583271
187087310.80704	98363653352.9274	172442078630.64835	10780276437.59642	-18684.389400089476	17998.681843019884	227.0903693820672
187090910.80704	98296378790.97932	172506855014.99176	10781092783.361284	-18690.36621104995	17988.198296964	226.43508511484572
187094510.80704	98229082723.59839	172571593658.02252	10781906770.422197	-18696.33686324415	17977.714447605198	225.77997830689793
187098110.80704	98161765172.95128	172636294558.6541	10782718399.418106	-18702.30135936114	17967.230297921757	225.12504900829242
187101710.80704	98094426161.19505	172700957715.81073	10783527670.988129	-18708.259702089857	17956.745850888135	224.470297268931
187105310.80704	98027065710.47702	172765583128.42728	10784334585.771572	-18714.211894119093	17946.261109474985	223.81572313854946
187108910.80704	97959683842.93498	172830170795.4493	10785139144.407917	-18720.15793813747	17935.77607664921	223.161326666719
187112510.80704	97892280580.69682	172894720715.833	10785941347.53682	-18726.097836833487	17925.29075537384	222.5071079028438
187116110.80704	97824855945.88095	172959232888.54538	10786741195.798126	-18732.031592895484	17914.80514860815	221.85306689616328
187119710.80704	97757409960.59596	173023707312.56396	10787538689.831844	-18737.959209011635	17904.31925930761	221.1992036957513
187123310.80704	97689942646.94081	173088143986.8769	10788333830.278164	-18743.88068786995	17893.83309042391	220.54551835051763
187126910.80704	97622454027.00475	173152542910.48303	10789126617.77745	-18749.796032158294	17883.34664490496	219.89201090920676
187130510.80704	97554944122.86752	173216904082.39175	10789917052.97025	-18755.705244564353	17872.859925694884	219.2386814204001
187134110.80704	97487412956.59897	173281227501.6231	10790705136.49728	-18761.60832777565	17862.372935734016	218.58552993251328
187137710.80704	97419860550.25932	173345513167.20767	10791490868.999424	-18767.505284479535	17851.885677958937	217.9325564937992
187141310.80704	97352286925.89928	173409761078.18658	10792274251.117752	-18773.396117363183	17841.398155302446	217.27976115234725
187144910.80704	97284692105.55972	173473971233.6115	10793055283.493498	-18779.28082911358	17830.91037069359	216.62714395608344
187148510.80704	97217076111.27174	173538143632.5448	10793833966.768066	-18785.15942241756	17820.422327057626	215.97470495277003
187152110.80704	97149438965.05719	173602278274.05905	10794610301.583046	-18791.031899961745	17809.93402731609	215.3224441900078
187155710.80704	97081780688.92773	173666375157.2376	10795384288.580181	-18796.898264432588	17799.445474386728	214.67036171523404
187159310.80704	97014101304.8857	173730434281.1743	10796155928.401394	-18802.758518516348	17788.95667118355	214.01845757572363
187162910.80704	96946400834.92365	173794455644.97327	10796925221.688786	-18808.61266489909	17778.467620616826	213.3667318185901
187166510.80704	96878679301.02446	173858439247.74936	10797692169.084606	-18814.460706266684	17767.978325593067	212.7151844907848
187170110.80704	96810936725.16133	173922385088.6277	10798456771.231289	-18820.302645304804	17757.488789015046	212.06381563909775
187173710.80704	96743173129.29787	173986293166.7439	10799219028.771435	-18826.138484698924	17746.999013781802	211.41262531015724
187177310.80704	96675388535.38785	174050163481.24402	10799978942.347805	-18831.968227134315	17736.50900278865	210.76161355043126
187180910.80704	96607582965.37561	174113996031.2845	10800736512.603336	-18837.791875296043	17726.01875892715	210.1107804062264
187184510.80704	96539756441.19562	174177790816.03235	10801491740.181126	-18843.609431868965	17715.528285085147	209.4601259236884
187188110.80704	96471908984.77283	174241547834.66458	10802244625.724436	-18849.42089953771	17705.03758414679	208.80965014880445
187191710.80704	96404040618.02243	174305267086.36908	10802995169.8767	-18855.226280986713	17694.54665899247	208.15935312739964
187195310.80704	96336151362.84998	174368948570.34372	10803743373.28151	-18861.025578900186	17684.05551249888	207.5092349051405
187198910.80704	96268241241.15135	174432592285.79694	10804489236.58263	-18866.81879596212	17673.564147538986	206.85929552753322
187202510.80704	96200310274.81287	174496198231.94733	10805232760.423979	-18872.605934856278	17663.072566982093	206.20953503992598
187206110.80704	96132358485.711	174559766408.02393	10805973945.44964	-18878.386998266193	17652.58077369373	205.55995348750628
187209710.80704	96064385895.7127	174623296813.26608	10806712792.303865	-18884.16198887519	17642.088770535785	204.91055091530438
187213310.80704	95996392526.67522	174686789446.92337	10807449301.63106	-18889.93090936634	17631.596560366408	204.26132736819056
187216910.80704	95928378400.44614	174750244308.25574	10808183474.075798	-18895.69376242249	17621.104146040085	203.6122828908782
187220510.80704	95860343538.86345	174813661396.53333	10808915310.282814	-18901.450550726247	17610.611530407594	202.9634175279217
187224110.80704	95792287963.75543	174877040711.03656	10809644810.896992	-18907.201276959975	17600.118716316032	202.31473132371798
187227710.80704	95724211696.94063	174940382251.05603	10810371976.563387	-18912.945943805804	17589.625706608815	201.66622432250676
187231310.80704	95656114760.22809	175003686015.8928	10811096807.92721	-18918.684553945604	17579.132504125668	201.0178965683694
187234910.80704	95587997175.41705	175066952004.85782	10811819305.633827	-18924.41711006102	17568.639111702658	200.3697481052314
187238510.80704	95519858964.29724	175130180217.2725	10812539470.328768	-18930.14361483342	17558.145532172162	199.72177897686072
187242110.80704	95451700148.64862	175193370652.46832	10813257302.657715	-18935.864070943935	17547.651768362895	199.07398922686878
187245710.80704	95383520750.24167	175256523309.78693	10813972803.266508	-18941.578481073433	17537.157823099915	198.4263788987114
187249310.80704	95315320790.83693	175319638188.58026	10814685972.801146	-18947.28684790252	17526.663699204604	197.77894803568734
187252910.80704	95247100292.18547	175382715288.2103	10815396811.907776	-18952.98917411155	17516.169399494687	197.13169668093968
187256510.80704	95178859276.02878	175445754608.04907	10816105321.23271	-18958.685462380603	17505.674926784257	196.48462487745672
187260110.80704	95110597764.09866	175508756147.47888	10816811501.422407	-18964.375715389484	17495.18028388373	195.83773266807134
187263710.80704	95042315778.1171	175571719905.89215	10817515353.123486	-18970.05993581776	17484.68547359988	195.19102009545992
187267310.80704	94974013339.79668	175634645882.69135	10818216876.98271	-18975.73812634468	17474.19049873584	194.54448720214555
187270910.80704	94905690470.8401	175697534077.2889	10818916073.647007	-18981.410289649262	17463.69536209111	193.898134030496
187274510.80704	94837347192.94067	175760384489.10757	10819612943.763445	-18987.07642841021	17453.200066461548	193.251960622725
187278110.80704	94768983527.78174	175823197117.58	10820307487.979256	-18992.736545305972	17442.704614639366	192.60596702089123
187281710.80704	94700599497.0375	175885971962.14886	10820999706.941813	-18998.39064301469	17432.20900941317	191.9601532669015
187285310.80704	94632195122.37184	175948709022.26706	10821689601.298645	-19004.038724214242	17421.71325356792	191.31451940250582
187288910.80704	94563770425.43968	176011408297.39722	10822377171.697428	-19009.680791582203	17411.217349884966	190.6690654693046
187292510.80704	94495325427.88585	176074069787.01215	10823062418.785992	-19015.31684779586	17400.72130114204	190.0237915087423
187296110.80704	94426860151.34575	176136693490.5946	10823745343.212307	-19020.9468955322	17390.22511011325	189.3786975621116
187299710.80704	94358374617.44502	176199279407.63754	10824425945.624506	-19026.570937467935	17379.72877956909	188.73378367055176
187303310.80704	94289868847.79973	176261827537.64346	10825104226.670853	-19032.188976279445	17369.232312276454	188.0890498750507
187306910.80704	94221342864.0163	176324337880.12512	10825780186.999767	-19037.801014642835	17358.735710998626	187.4444962164431
187310510.80704	94152796687.6916	176386810434.6052	10826453827.259823	-19043.40705523389	17348.238978495305	186.80012273541251
187314110.80704	94084230340.41278	176449245200.61615	10827125148.099726	-19049.007100728093	17337.742117522575	186.15592947249058
187317710.80704	94015643843.75731	176511642177.7005	10827794150.168335	-19054.601153800617	17327.24513083292	185.51191646805677
187321310.80704	93947037219.29309	176574001365.41058	10828460834.114655	-19060.189217126317	17316.748021175255	184.86808376234035
187324910.80704	93878410488.57849	176636322763.30865	10829125200.587831	-19065.771293379752	17306.250791294886	184.2244313954189
187328510.80704	93809763673.16208	176698606370.9669	10829787250.237154	-19071.347385235134	17295.75344393356	183.58095940721967
187332110.80704	93741096794.58282	176760852187.9673	10830446983.712063	-19076.91749536638	17285.255981829425	182.93766783751863
187335710.80704	93672409874.37027	176823060213.90167	10831104401.662134	-19082.481626447065	17274.75840771706	182.29455672594275
187339310.80704	93603702934.04405	176885230448.37177	10831759504.73709	-19088.03978115045	17264.260724327465	181.65162611196791
187342910.80704	93534975995.11444	176947362890.98895	10832412293.586784	-19093.591962149472	17253.762934388094	181.0088760349213
187346510.80704	93466229079.08183	177009457541.37473	10833062768.861229	-19099.138172116727	17243.265040622795	180.36630653397867
187350110.80704	93397462207.4372	177071514399.16016	10833710931.21057	-19104.678413724476	17232.767045751873	179.7239176481679
187353710.80704	93328675401.66182	177133533463.98608	10834356781.28508	-19110.212689644657	17222.268952492108	179.0817094163683
187357310.80704	93259868683.22739	177195514735.5033	10835000319.735199	-19115.741002548857	17211.77076355668	178.43968187730889
187360910.80704	93191042073.59589	177257458213.37213	10835641547.211475	-19121.263355108327	17201.27248165523	177.79783506957114
187364510.80704	93122195594.21982	177319363897.2629	10836280464.364622	-19126.779749993984	17190.77410949385	177.15616903158696
187368110.80704	93053329266.54193	177381231786.8554	10836917071.845474	-19132.29018987639	17180.2756497751	176.51468380164187
187371710.80704	92984443111.9955	177443061881.83945	10837551370.305008	-19137.794677425743	17169.777105197987	175.87337941787183
187375310.80704	92915537152.00407	177504854181.91425	10838183360.39434	-19143.293215311925	17159.278478457978	175.23225591826616
187378910.80704	92846611407.98164	177566608686.78897	10838813042.764729	-19148.78580620444	17148.779772247024	174.59131334066626
187382510.80704	92777665901.33258	177628325396.1823	10839440418.067547	-19154.272452772442	17138.280989253533	173.95055172276693
187386110.80704	92708700653.45168	177690004309.82266	10840065486.954327	-19159.75315768473	17127.78213216238	173.3099711021153
187389710.80704	92639715685.72406	177751645427.44812	10840688250.076721	-19165.22792360973	17117.283203654933	172.66957151611217
187393310.80704	92570711019.52525	177813248748.80646	10841308708.086529	-19170.696753215532	17106.78420640902	172.0293530020112
187396910.80704	92501686676.22133	177874814273.65503	10841926861.63567	-19176.159649169822	17096.285143098972	171.38931559692134
187400510.80704	92432642677.16841	177936342001.76074	10842542711.376204	-19181.61661413996	17085.786016395596	170.74945933780373
187404110.80704	92363579043.71349	177997831932.90024	10843156257.960323	-19187.06765079289	17075.286828966204	170.10978426147528
187407710.80704	92294495797.19351	178059284066.85962	10843767502.04035	-19192.512761795224	17064.787583474583	169.47029040460632
187411310.80704	92225392958.93614	178120698403.4347	10844376444.268742	-19197.95194981317	17054.288282581027	168.83097780372196
187414910.80704	92156270550.25923	178182074942.4309	10844983085.298086	-19203.38521751258	17043.78892894233	168.19184649520264
187418510.80704	92087128592.47122	178243413683.66302	10845587425.781103	-19208.812567558907	17033.289525211796	167.55289651528358
187422110.80704	92017967106.87076	178304714626.95557	10846189466.370634	-19214.23400261723	17022.790074039232	166.91412790005558
187425710.80704	91948786114.7471	178365977772.14236	10846789207.71966	-19219.649525352237	17012.29057807096	166.2755406854655
187429310.80704	91879585637.37979	178427203119.06702	10847386650.481293	-19225.059138428238	17001.791039949825	165.63713490731539
187432910.80704	91810365696.03883	178488390667.58258	10847981795.30876	-19230.46284450915	16991.291462315166	164.9989106012631
187436510.80704	91741126311.98456	178549540417.55145	10848574642.855433	-19235.860646258494	16980.79184780287	164.36086780282352
187440110.80704	91671867506.46779	178610652368.84564	10849165193.774792	-19241.252546339387	16970.29219904534	163.7230065473683
187443710.80704	91602589300.72974	178671726521.34665	10849753448.720467	-19246.63854741457	16959.792518671497	163.0853268701245
187447310.80704	91533291716.002	178732762874.94525	10850339408.346195	-19252.018652146373	16949.292809306826	162.4478288061777
187450910.80704	91463974773.50671	178793761429.542	10850923073.30585	-19257.392863196717	16938.79307357331	161.81051239046997
187454510.80704	91394638494.45625	178854722185.04654	10851504444.253428	-19262.761183227136	16928.293314089504	161.17337765780042
187458110.80704	91325282900.05351	178915645141.3781	10852083521.843048	-19268.123614898737	16917.793533470493	160.536424642827
187461710.80704	91255908011.49178	178976530298.4653	10852660306.728958	-19273.480160872237	16907.2937343279	159.89965338006476
187465310.80704	91186513849.95486	179037377656.24615	10853234799.565529	-19278.830823807926	16896.793919269923	159.26306390388743
187468910.80704	91117100436.61685	179098187214.66806	10853807001.007252	-19284.175606365687	16886.294090901287	158.62665624852644
187472510.80704	91047667792.64229	179158958973.68774	10854376911.708738	-19289.514511204987	16875.79425182328	157.99043044807195
187476110.80704	90978215939.18625	179219692933.27142	10854944532.324741	-19294.847540984872	16865.294404633776	157.35438653647395
187479710.80704	90908744897.39409	179280389093.39447	10855509863.510109	-19300.17469836398	16854.794551927174	156.71852454753991
187483310.80704	90839254688.40173	179341047454.04178	10856072905.91983	-19305.4959860005	16844.294696294488	156.08284451493824
187486910.80704	90769745333.33536	179401668015.20746	10856633660.209007	-19310.811406552224	16833.79484032324	155.44734647219502
187490510.80704	90700216853.31183	179462250776.89484	10857192127.03286	-19316.120962676487	16823.29498659759	154.81203045269825
187494110.80704	90630669269.43823	179522795739.11676	10857748307.046734	-19321.424657030217	16812.79513769825	154.1768964896944
187497710.80704	90561102602.81218	179583302901.89514	10858302200.906096	-19326.722492269902	16802.295296202494	153.54194461629038
187501310.80704	90491516874.52164	179643772265.26135	10858853809.266518	-19332.014471051603	16791.795464684208	152.9071748654536
187504910.80704	90421912105.64514	179704203829.25595	10859403132.783712	-19337.300596030924	16781.295645713868	152.27258727001254
187508510.80704	90352288317.25162	179764597593.92865	10859950172.113487	-19342.580869863043	16770.79584185853	151.63818186265644
187512110.80704	90282645530.40033	179824953559.33856	10860494927.911789	-19347.855295202702	16760.296055681836	151.00395867593448
187515710.80704	90212983766.14113	179885271725.5538	10861037400.834658	-19353.123874704186	16749.796289744052	150.36991774225925
187519310.80704	90143303045.51428	179945552092.65198	10861577591.538273	-19358.386611021346	16739.296546602036	149.73605909390324
187522910.80704	90073603389.55042	180005794660.7198	10862115500.678917	-19363.643506807584	16728.79682880924	149.102382763001
187526510.80704	90003884819.27072	180065999429.85294	10862651128.912985	-19368.89456471583	16718.297138915743	148.46888878155033
187530110.80704	89934147355.68672	180126166400.15652	10863184476.897	-19374.13978739859	16707.797479468227	147.83557718140935
187533710.80704	89864391019.80055	180186295571.7447	10863715545.287588	-19379.379177507893	16697.297853009986	147.2024479943002
187537310.80704	89794615832.60463	180246386944.74078	10864244334.741493	-19384.61273769533	16686.798262080953	146.5695012518069
187540910.80704	89724821815.08188	180306440519.27734	10864770845.915573	-19389.840470612024	16676.298709217663	145.93673698537657
187544510.80704	89655008988.20578	180366456295.4959	10865295079.466797	-19395.062378908624	16665.79919695329	145.30415522631966
187548110.80704	89585177372.94006	180426434273.54712	10865817036.052246	-19400.27846523533	16655.29972781763	144.67175600580953
187551710.80704	89515326990.23917	180486374453.59094	10866336716.32912	-19405.488732241876	16644.80030433712	144.03953935488346
187555310.80704	89445457861.0479	180546276835.7962	10866854120.954723	-19410.69318257751	16634.300929034835	143.4075053044429
187558910.80704	89375570006.3015	180606141420.3409	10867369250.586472	-19415.89181889104	16623.801604430482	142.7756538852526
187562510.80704	89305663446.92557	180665968207.412	10867882105.881893	-19421.084643830767	16613.30233304042	142.1439851279418
187566110.80704	89235738203.83636	180725757197.2056	10868392687.498623	-19426.271660044546	16602.803117377654	141.51249906300433
187569710.80704	89165794297.94055	180785508389.927	10868900996.094414	-19431.452870179735	16592.30395995183	140.88119572079853
187573310.80704	89095831750.1352	180845221785.79016	10869407032.327116	-19436.628276883217	16581.804863269263	140.25007513154816
187576910.80704	89025850581.30792	180904897385.01843	10869910796.8547	-19441.797882801406	16571.305829832905	139.61913732534094
187580510.80704	88955850812.33678	180964535187.84387	10870412290.335234	-19446.961690580218	16560.806862142403	138.98838233213155
187584110.80704	88885832464.0903	181024135194.50775	10870911513.426905	-19452.11970286508	16550.30796269403	138.3578101817389
187587710.80704	88815795557.42763	181083697405.2601	10871408466.78799	-19457.271922300944	16539.809133980765	137.727420903849
187591310.80704	88745740113.19806	181143221820.36026	10871903151.076893	-19462.41835153227	16529.31037849222	137.09721452801227
187594910.80704	88675666152.24162	181202708440.07617	10872395566.95211	-19467.558993203023	16518.81169871471	136.46719108364624
187598510.80704	88605573695.38884	181262157264.68484	10872885715.072247	-19472.693849956657	16508.313097131217	135.8373506000355
187602110.80704	88535462763.46065	181321568294.47232	10873373596.09602	-19477.822924436165	16497.8145762214	135.20769310632983
187605710.80704	88465333377.26846	181380941529.7334	10873859210.682234	-19482.946219283996	16487.31613846162	134.57821863154794
187609310.80704	88395185557.61421	181440276970.77197	10874342559.489822	-19488.063737142147	16476.817786324915	133.9489272045733
187612910.80704	88325019325.29028	181499574617.9006	10874823643.1778	-19493.17548065208	16466.31952228101	133.3198188541587
187616510.80704	88254834701.0796	181558834471.44104	10875302462.4053	-19498.281452454754	16455.821348796326	132.69089360892286
187620110.80704	88184631705.75546	181618056531.72363	10875779017.831547	-19503.381655190627	16445.323268333996	132.06215149735374
187623710.80704	88114410360.08188	181677240799.08768	10876253310.115873	-19508.47609149966	16434.82528335385	131.43359254780643
187627310.80704	88044170684.8132	181736387273.88132	10876725339.917719	-19513.564764021274	16424.327396312416	130.8052167885047
187630910.80704	87973912700.69434	181795495956.46155	10877195107.896612	-19518.64767539439	16413.829609662935	130.17702424754037
187634510.80704	87903636428.46059	181854566847.1943	10877662614.712194	-19523.724828257436	16403.331925855357	129.54901495287334
187638110.80704	87833341888.83794	181913599946.45407	10878127861.0242	-19528.79622524828	16392.834347336368	128.92118893233442
187641710.80704	87763029102.5427	181972595254.6244	10878590847.492474	-19533.8618690043	16382.33687654933	128.29354621362052
187645310.80704	87692698090.28178	182031552772.0974	10879051574.776934	-19538.92176216235	16371.839515934378	127.66608682430058
187648910.80704	87622348872.75266	182090472499.2742	10879510043.53763	-19543.97590735875	16361.342267928341	127.03881079181161
187652510.80704	87551981470.64322	182149354436.56458	10879966254.434696	-19549.024307229294	16350.84513496479	126.41171814346063
187656110.80704	87481595904.63182	182208198584.38696	10880420208.12836	-19554.066964409256	16340.348119474007	125.78480890642419
187659710.80704	87411192195.38753	182267004943.1687	10880871905.27895	-19559.103881533374	16329.851223883054	125.15808310775026
187663310.80704	87340770363.56975	182325773513.3457	10881321346.546896	-19564.13506123585	16319.354450615683	124.53154077435596
187666910.80704	87270330429.82837	182384504295.3628	10881768532.592716	-19569.16050615038	16308.857802092421	123.90518193302887
187670510.80704	87199872414.80405	182443197289.67334	10882213464.077036	-19574.180218910078	16298.361280730538	123.27900661042855
187674110.80704	87129396339.12766	182501852496.73956	10882656141.660566	-19579.19420214756	16287.864888944043	122.65301483308457
187677710.80704	87058902223.42087	182560469917.0321	10883096566.00412	-19584.202458494867	16277.368629143702	122.02720662739858
187681310.80704	86988390088.29561	182619049551.03067	10883534737.7686	-19589.204990583537	16266.872503737033	121.40158201964215
187684910.80704	86917859954.35461	182677591399.2232	10883970657.615011	-19594.201801044524	16256.376515128337	120.77614103596073
187688510.80704	86847311842.19084	182736095462.10663	10884404326.20444	-19599.19289250827	16245.88066571863	120.15088370236919
187692110.80704	86776745772.38817	182794561740.18634	10884835744.198078	-19604.178267604646	16235.384957905762	119.52581004475684
187695710.80704	86706161765.5206	182852990233.97632	10885264912.257204	-19609.157928962974	16224.889394084292	118.90092008888377
187699310.80704	86635559842.15294	182911380943.9994	10885691831.04319	-19614.131879212036	16214.393976645582	118.27621386038271
187702910.80704	86564940022.84045	182969733870.78668	10886116501.217503	-19619.100120980056	16203.898707977767	117.65169138475983
187706510.80704	86494302328.12889	183028049014.87823	10886538923.441696	-19624.0626568947	16193.40359046576	117.02735268739332
187710110.80704	86423646778.55466	183086326376.82233	10886959098.377415	-19629.019489583072	16182.908626491258	116.40319779353547
187713710.80704	86352973394.64464	183144565957.17603	10887377026.686403	-19633.970621671713	16172.41381843275	115.77922672831136
187717310.80704	86282282196.91624	183202767756.50494	10887792709.030483	-19638.91605578662	16161.919168665494	115.15543951671953
187720910.80704	86211573205.87741	183260931775.3832	10888206146.071577	-19643.855794553205	16151.424679561565	114.53183618363249
187724510.80704	86140846442.02673	183319058014.39346	10888617338.471691	-19648.789840596328	16140.930353489826	113.9084167537967
187728110.80704	86070101925.85323	183377146474.12683	10889026286.892918	-19653.71819654027	16130.436192815943	113.28518125183325
187731710.80704	85999339677.83664	183435197155.18304	10889432991.997448	-19658.640865008765	16119.942199902389	112.66212970223694
187735310.80704	85928559718.447	183493210058.17026	10889837454.447548	-19663.557848624936	16109.448377108427	112.0392621293775
187738910.80704	85857762068.1452	183551185183.70517	10890239674.905579	-19668.469150011362	16098.95472679015	111.41657855749969
187742510.80704	85786946747.38246	183609122532.41293	10890639654.033993	-19673.374771790048	16088.461251300452	110.79407901072301
187746110.80704	85716113776.60066	183667022104.92712	10891037392.495312	-19678.2747165824	16077.967952989056	110.17176351304266
187749710.80704	85645263176.2323	183724883901.8899	10891432890.952173	-19683.168987009267	16067.474834202489	109.54963208832862
187753310.80704	85574394966.70029	183782707923.95166	10891826150.067266	-19688.057585690898	16056.98189728411	108.92768476032694
187756910.80704	85503509168.4182	183840494171.77142	10892217170.503391	-19692.940515246974	16046.489144574103	108.30592155265936
187760510.80704	85432605801.7903	183898242646.01645	10892605952.92342	-19697.81777829658	16035.99657840951	107.68434248882477
187764110.80704	85361684887.21115	183955953347.36258	10892992497.990309	-19702.689377458213	16025.504201124148	107.06294759219645
187767710.80704	85290746445.06613	184013626276.49402	10893376806.367111	-19707.555315349797	16015.012015048722	106.44173688602552
187771310.80704	85219790495.73105	184071261434.1032	10893758878.716946	-19712.41559458864	16004.520022510755	105.82071039343964
187774910.80704	85148817059.57231	184128858820.8911	10894138715.703028	-19717.270217791483	15994.02822583462	105.19986813744305
187778510.80704	85077826156.94704	184186418437.56702	10894516317.988646	-19722.119187574463	15983.536627341538	104.57921014091761
187782110.80704	85006817808.20274	184243940284.84857	10894891686.237183	-19726.962506553104	15973.04522934957	103.95873642662161
187785710.80704	84935792033.67769	184301424363.46173	10895264821.112087	-19731.800177342353	15962.554034173649	103.3384470171921
187789310.80704	84864748853.7006	184358870674.14075	10895635723.276897	-19736.63220255655	15952.06304412554	102.71834193514275
187792910.80704	84793688288.59082	184416279217.62836	10896004393.395237	-19741.45858480943	15941.572261513893	102.09842120286567
187796510.80704	84722610358.6584	184473649994.67535	10896370832.130804	-19746.27932671413	15931.081688644212	101.47868484263182
187800110.80704	84651515084.20378	184530983006.04105	10896735040.147379	-19751.094430883186	15920.591327818858	100.85913287658889
187803710.80704	84580402485.5182	184588278252.4929	10897097018.108818	-19755.903899928497	15910.101181337079	100.23976532676505
187807310.80704	84509272582.88333	184645535734.80664	10897456766.679058	-19760.707736461383	15899.611251494984	99.62058221506561
187810910.80704	84438125396.57156	184702755453.76633	10897814286.522118	-19765.505943092547	15889.12154058557	99.00158356327586
187814510.80704	84366960946.8458	184759937410.16434	10898169578.302092	-19770.298522432073	15878.63205089869	98.3827693930595
187818110.80704	84295779253.9597	184817081604.80106	10898522642.683151	-19775.08547708943	15868.142784721125	97.76413972596117
187821710.80704	84224580338.15721	184874188038.48526	10898873480.329546	-19779.866809673484	15857.653744336492	97.14569458340242
187825310.80704	84153364219.67332	184931256712.03394	10899222091.905603	-19784.642522792456	15847.16493202534	96.52743398668753
187828910.80704	84082130918.73337	184988287626.27228	10899568478.075733	-19789.412619053972	15836.676350065078	95.90935795699892
187832510.80704	84010880455.5533	185045280782.03357	10899912639.504402	-19794.17710106502	15826.188000730046	95.29146651540015
187836110.80704	83939612850.33968	185102236180.15942	10900254576.856173	-19798.935971431965	15815.699886291442	94.67375968283403
187839710.80704	83868328123.2898	185159153821.4995	10900594290.795671	-19803.689232760564	15805.212009017407	94.05623748012528
187843310.80704	83797026294.5915	185216033706.91162	10900931781.987608	-19808.436887655924	15794.72437117296	93.43889992797881
187846910.80704	83725707384.42328	185272875837.26193	10901267051.09676	-19813.178938722544	15784.236975020049	92.82174704698053
187850510.80704	83654371412.95416	185329680213.42453	10901600098.78798	-19817.915388564266	15773.74982281753	92.20477885759772
187854110.80704	83583018400.344	185386446836.28168	10901930925.726192	-19822.64623978432	15763.262916821172	91.58799538017911
187857710.80704	83511648366.74295	185443175706.72382	10902259532.576395	-19827.371494985295	15752.776259283644	90.97139663495437
187861310.80704	83440261332.29214	185499866825.64935	10902585920.003662	-19832.09115676915	15742.289852454587	90.35498264203653
187864910.80704	83368857317.12321	185556520193.96497	10902910088.673141	-19836.805227737186	15731.803698580537	89.73875342141952
187868510.80704	83297436341.35832	185613135812.58536	10903232039.250048	-19841.513710490093	15721.317799904942	89.12270899297903
187872110.80704	83225998425.11038	185669713682.43326	10903551772.399666	-19846.216607627895	15710.832158668216	88.50684937647412
187875710.80704	83154543588.48305	185726253804.4394	10903869288.787357	-19850.913921749983	15700.346777107703	87.89117459154681
187879310.80704	83083071851.57033	185782756179.54272	10904184589.078548	-19855.605655455103	15689.861657457664	87.27568465772043
187882910.80704	83011583234.45712	185839220808.69006	10904497673.938736	-19860.291811341354	15679.376801949327	86.6603795944028
187886510.80704	82940077757.2189	185895647692.8364	10904808544.033495	-19864.972392006188	15668.892212810853	86.04525942088407
187890110.80704	82868555439.9218	185952036832.94464	10905117200.028458	-19869.6474000464	15658.407892267358	85.43032415633837
187893710.80704	82797016302.62262	186008388229.98572	10905423642.589336	-19874.316838058137	15647.923842540917	84.81557381982344
187897310.80704	82725460365.36874	186064701884.9386	10905727872.381899	-19878.9807086369	15637.440065850547	84.20100843028064
187900910.80704	82653887648.19821	186120977798.7901	10906029890.071991	-19883.639014377528	15626.956564412212	83.58662800653468
187904510.80704	82582298171.13986	186177215972.53528	10906329696.325523	-19888.291757874198	15616.473340438875	82.97243256729581
187908110.80704	82510691954.2131	186233416407.1769	10906627291.80848	-19892.93894172043	15605.990396140443	82.3584221311583
187911710.80704	82439069017.428	186289579103.72577	10906922677.186897	-19897.58056850909	15595.507733723789	81.74459671660037
187915310.80704	82367429380.78522	186345704063.2006	10907215853.126886	-19902.216640832383	15585.025355392758	81.1309563419855
187918910.80704	82295773064.27623	186401791286.6281	10907506820.294626	-19906.847161281847	15574.54326334818	80.51750102556207
187922510.80704	82224100087.88313	186457840775.04294	10907795579.356365	-19911.472132448343	15564.061459787856	79.90423078546434
187926110.80704	82152410471.57863	186513852529.4874	10908082130.978397	-19916.09155692208	15553.579946906575	79.2911456397112
187929710.80704	82080704235.3262	186569826551.0121	10908366475.827105	-19920.705437292603	15543.098726896094	78.67824560620704
187933310.80704	82008981399.07994	186625762840.67514	10908648614.568918	-19925.313776148767	15532.617801945182	78.0655307027427
187936910.80704	81937241982.78467	186681661399.5428	10908928547.870342	-19929.916576078773	15522.13717423959	77.45300094699496
187940510.80704	81865486006.37578	186737522228.689	10909206276.397934	-19934.51383967013	15511.656845962045	76.84065635652593
187944110.80704	81793713489.77953	186793345329.1956	10909481800.818325	-19939.105569509687	15501.176819292312	76.22849694878556
187947710.80704	81721924452.9127	186849130702.1524	10909755121.798206	-19943.69176818362	15490.697096407106	75.61652274110872
187951310.80704	81650118915.68292	186904878348.65692	10910026240.004324	-19948.2724382774	15480.217679480204	75.00473375071874
187954910.80704	81578296897.98834	186960588269.81442	10910295156.103493	-19952.84758237585	15469.738570682328	74.39312999472429
187958510.80704	81506458419.71786	187016260466.7382	10910561870.762589	-19957.417203063094	15459.25977218126	73.7817114901224
187962110.80704	81434603500.75124	187071894940.54907	10910826384.648542	-19961.98130292257	15448.781286141784	73.17047825379734
187965710.80704	81362732160.95872	187127491692.37592	10911088698.428356	-19966.539884537033	15438.303114725692	72.55943030252064
187969310.80704	81290844420.2014	187183050723.3553	10911348812.769085	-19971.09295048856	15427.825260091795	71.94856765295123
187972910.80704	81218940298.33093	187238572034.63132	10911606728.337841	-19975.640503358536	15417.347724395933	71.33789032163679
187976510.80704	81147019815.18982	187294055627.3562	10911862445.8018	-19980.182545727646	15406.870509790984	70.72739832501293
187980110.80704	81075082990.61122	187349501502.6897	10912115965.828201	-19984.7190801759	15396.393618426828	70.11709167940279
187983710.80704	81003129844.41898	187404909661.79932	10912367289.084333	-19989.250109282595	15385.917052450412	69.50697040101932
187987310.80704	80931160396.42766	187460280105.8604	10912616416.237549	-19993.77563562635	15375.44081400569	68.89703450596306
187990910.80704	80859174666.4427	187515612836.05582	10912863347.955256	-19998.295661785087	15364.964905233683	68.28728401022482
187994510.80704	80787172674.25998	187570907853.5763	10913108084.90492	-20002.810190336015	15354.489328272419	67.6777189296825
187998110.80704	80715154439.66632	187626165159.62012	10913350627.754068	-20007.31922385566	15344.014085257011	67.06833928010536
188001710.80704	80643119982.43918	187681384755.39343	10913590977.170273	-20011.822764919834	15333.539178319594	66.45914507715088
188005310.80704	80571069322.34673	187736566642.10986	10913829133.821178	-20016.32081610366	15323.06460958937	65.85013633636675
188008910.80704	80499002479.148	187791710820.9908	10914065098.374466	-20020.81337998154	15312.590381192596	65.24131307319067
188012510.80704	80426919472.59258	187846817293.26535	10914298871.497896	-20025.300459127193	15302.116495252574	64.63267530294996
188016110.80704	80354820322.42084	187901886060.17014	10914530453.859259	-20029.782056113607	15291.64295388968	64.02422304086184
188019710.80704	80282705048.36404	187956917122.9494	10914759846.126417	-20034.258173513077	15281.169759221364	63.41595630203551
188023310.80704	80210573670.14397	188011910482.8551	10914987048.967281	-20038.72881389718	15270.696913362113	62.807875101468994
188026910.80704	80138426207.4733	188066866141.14673	10915212063.049812	-20043.193979836782	15260.224418423522	62.199979454052595
188030510.80704	80066262680.05539	188121784099.09143	10915434889.042032	-20047.65367390204	15249.752276514238	61.59226937456674
188034110.80704	79994083107.58432	188176664357.9638	10915655527.612007	-20052.107898662394	15239.280489739996	60.984744877683454
188037710.80704	79921887509.74512	188231506919.0462	10915873979.427868	-20056.556656686553	15228.809060203617	60.37740597796653
188041310.80704	79849675906.2132	188286311783.62848	10916090245.15778	-20060.99995054254	15218.337990004982	59.770252689870176
188044910.80704	79777448316.6551	188341078953.008	10916304325.469986	-20065.437782797628	15207.867281241082	59.16328502774144
188048510.80704	79705204760.72792	188395808428.48965	10916516221.032751	-20069.870156018384	15197.396936005991	58.556503005818854
188052110.80704	79632945258.07951	188450500211.386	10916725932.514412	-20074.297072770652	15186.926956390886	57.949906638233415
188055710.80704	79560669828.3487	188505154303.01694	10916933460.58335	-20078.71853561954	15176.457344484033	57.34349593900902
188059310.80704	79488378491.16467	188559770704.71002	10917138805.907991	-20083.13454712945	15165.988102370784	56.737270922059906
188062910.80704	79416071266.14787	188614349417.8002	10917341969.156822	-20087.545109864037	15155.519232133622	56.13123160119585
188066510.80704	79343748172.90912	188668890443.6301	10917542950.998371	-20091.950226386245	15145.05073585212	55.52537799011765
188070110.80704	79271409231.05025	188723393783.54962	10917741752.10122	-20096.34989925828	15134.582615602956	54.91971010241957
188073710.80704	79199054460.16376	188777859438.91617	10917938373.133993	-20100.744131041603	15124.114873459945	54.31422795159011
188077310.80704	79126683879.833	188832287411.09473	10918132814.765371	-20105.132924296973	15113.647511493986	53.708931551010096
188080910.80704	79054297509.63197	188886677701.45764	10918325077.664078	-20109.51628158438	15103.180531773118	53.10382091395411
188084510.80704	78981895369.12567	188941030311.38464	10918515162.498882	-20113.894205463104	15092.713936362512	52.49889605359192
188088110.80704	78909477477.86972	188995345242.2631	10918703069.938612	-20118.266698491683	15082.247727324422	51.89415698298512
188091710.80704	78837043855.41046	189049622495.48752	10918888800.652122	-20122.633763227906	15071.78190671827	51.289603715091175
188095310.80704	78764594521.28526	189103862072.46008	10919072355.308336	-20126.99540222883	15061.316476600607	50.68523626276158
188098910.80704	78692129495.02225	189158063974.5901	10919253734.57621	-20131.351618050758	15050.851439025102	50.08105463874267
188102510.80704	78619648796.14008	189212228203.2945	10919432939.124744	-20135.702413249266	15040.38679604257	49.47705885567501
188106110.80704	78547152444.1485	189266354759.9976	10919609969.622993	-20140.04779037918	15029.922549700963	48.873248926093936
188109710.80704	78474640458.54797	189320443646.1308	10919784826.740051	-20144.387751994575	15019.45870204539	48.26962486243093
188113310.80704	78402112858.82974	189374494863.13315	10919957511.145058	-20148.72230064878	15008.99525511809	47.666186677012206
188116910.80704	78329569664.4758	189428508412.451	10920128023.507195	-20153.051438894392	14998.532210958461	47.062934382058984
188120510.80704	78257010894.9591	189482484295.5378	10920296364.495693	-20157.375169283223	14988.06957160306	46.45986798968926
188124110.80704	78184436569.74336	189536422513.85474	10920462534.77982	-20161.693494366362	14977.607339085589	45.85698751191609
188127710.80704	78111846708.283	189590323068.86987	10920626535.02889	-20166.006416694134	14967.14551543692	45.254292960649025
188131310.80704	78039241330.02338	189644185962.05896	10920788365.912264	-20170.313938816114	14956.684102685074	44.651784347693365
188134910.80704	77966620454.40073	189698011194.90472	10920948028.099333	-20174.616063281115	14946.223102855274	44.0494616847522
188138510.80704	77893984100.84189	189751798768.89746	10921105522.259544	-20178.912792637202	14935.762517969852	43.44732498342296
188142110.80704	77821332288.76477	189805548685.5345	10921260849.062382	-20183.204129431662	14925.302350048374	42.84537425520227
188145710.80704	77748665037.57799	189859260946.32053	10921414009.177364	-20187.490076211045	14914.842601107544	42.243609511482134
188149310.80704	77675982366.68103	189912935552.76764	10921565003.27406	-20191.770635521123	14904.383273161258	41.64203076355244
188152910.80704	77603284295.46419	189966572506.39496	10921713832.022074	-20196.045809906915	14893.924368220576	41.04063802259992
188156510.80704	77530570843.30858	190020171808.72882	10921860496.091045	-20200.315601912665	14883.465888293784	40.43943129970961
188160110.80704	77457842029.58621	190073733461.3031	10922004996.150665	-20204.58001408187	14873.007835386303	39.83841060586337
188163710.80704	77385097873.65994	190127257465.65848	10922147332.870655	-20208.839048957238	14862.550211500786	39.23757595194161
188167310.80704	77312338394.8834	190180743823.3431	10922287506.92078	-20213.09270908072	14852.09301863706	38.63692734872251
188170910.80704	77239563612.60112	190234192535.9123	10922425518.970839	-20217.3409969935	14841.636258792145	38.03646480688229
188174510.80704	77166773546.1486	190287603604.9284	10922561369.690674	-20221.583915235973	14831.179933960299	37.43618833699696
188178110.80704	77093968214.85204	190340977031.9612	10922695059.750162	-20225.82146634779	14820.724046132931	36.83609794953918
188181710.80704	77021147638.02844	190394312818.58734	10922826589.819221	-20230.053652867806	14810.268597298687	36.23619365488145
188185310.80704	76948311834.98587	190447610966.39093	10922955960.567802	-20234.280477334105	14799.813589443422	35.63647546329554
188188910.80704	76875460825.02306	190500871476.96292	10923083172.665894	-20238.501942284	14789.35902455018	35.03694338495137
188192510.80704	76802594627.42978	190554094351.9016	10923208226.783524	-20242.718050254025	14778.904904599263	34.437597429919265
188196110.80704	76729713261.4866	190607279592.81232	10923331123.59075	-20246.928803779927	14768.451231568151	33.83843760816876
188199710.80704	76656816746.46486	190660427201.30756	10923451863.757671	-20251.13420539668	14757.998007431554	33.2394639295681
188203310.80704	76583905101.62692	190713537179.00693	10923570447.954426	-20255.33425763848	14747.545234161433	32.640676403886914
188206910.80704	76510978346.22614	190766609527.53693	10923686876.851177	-20259.52896303872	14737.092913726961	32.042075040794884
188210510.80704	76438036499.50629	190819644248.53143	10923801151.118126	-20263.718324130034	14726.641048094525	31.443659849859955
188214110.80704	76365079580.70245	190872641343.63132	10923913271.42551	-20267.902343444257	14716.189639227767	30.84543084055224
188217710.80704	76292107609.04057	190925600814.48434	10924023238.443607	-20272.081023512426	14705.73868908757	30.24738802224249
188221310.80704	76219120603.73727	190978522662.74554	10924131052.842714	-20276.254366864825	14695.288199632028	29.649531404201127
188224910.80704	76146118584.00015	191031406890.0769	10924236715.29317	-20280.422376030903	14684.838172816515	29.05186099560035
188228510.80704	76073101569.02779	191084253498.1474	10924340226.465345	-20284.585053539347	14674.388610593624	28.45437680551305
188232110.80704	76000069578.00957	191137062488.63306	10924441587.02964	-20288.742401918047	14663.939514913216	27.85707884291412
188235710.80704	75927022630.12589	191189833863.21698	10924540797.656498	-20292.894423694095	14653.490887722402	27.259967116679604
188239310.80704	75853960744.54787	191242567623.58917	10924637859.016375	-20297.041121393784	14643.04273096553	26.663041635586467
188242910.80704	75780883940.43773	191295263771.44675	10924732771.779778	-20301.182497542624	14632.595046584229	26.066302408314584
188246510.80704	75707792236.94843	191347922308.4937	10924825536.61723	-20305.318554665315	14622.147836517377	25.469749443444925
188250110.80704	75634685653.22394	191400543236.44113	10924916154.199293	-20309.44929528577	14611.701102701121	24.873382749461143
188253710.80704	75561564208.39915	191453126557.007	10925004625.196562	-20313.57472192708	14601.254847068867	24.277202334749063
188257310.80704	75488427921.59985	191505672271.91623	10925090950.279652	-20317.69483711157	14590.809071551319	23.68120820759742
188260910.80704	75415276811.94266	191558180382.9006	10925175130.119211	-20321.80964336072	14580.363778076417	23.085400376197413
188264510.80704	75342110898.53531	191610650891.6991	10925257165.385923	-20325.91914319525	14569.91896856941	22.489778848643027
188268110.80704	75268930200.47635	191663083800.05737	10925337056.750494	-20330.023339135034	14559.474644952797	21.89434363293134
188271710.80704	75195734736.85518	191715479109.72815	10925414804.883663	-20334.12223369917	14549.030809146398	21.29909473696256
188275310.80704	75122524526.75232	191767836822.47095	10925490410.456196	-20338.215829405934	14538.587463067288	20.704032168540948
188278910.80704	75049299589.23909	191820156940.05215	10925563874.13888	-20342.30412877279	14528.144608629838	20.109155935373792
188282510.80704	74976059943.37779	191872439464.24533	10925635196.602541	-20346.387134316406	14517.702247745718	19.514466045071742
188286110.80704	74902805608.22159	191924684396.83054	10925704378.518024	-20350.464848552638	14507.26038232388	18.91996250515001
188289710.80704	74829536602.81476	191976891739.5949	10925771420.55621	-20354.537273996502	14496.819014270597	18.32564532302814
188293310.80704	74756252946.1924	192029061494.33237	10925836323.387989	-20358.604413162233	14486.378145489427	17.73151450602944
188296910.80704	74682954657.38043	192081193662.84387	10925899087.6843	-20362.666268563247	14475.93777788121	17.137570061380757
188300510.80704	74609641755.3962	192133288246.93683	10925959714.116085	-20366.722842712115	14465.49791334416	16.543811996216732
188304110.80704	74536314259.24744	192185345248.42587	10926018203.354334	-20370.774138120625	14455.058553773724	15.950240317573048
188307710.80704	74462972187.93318	192237364669.13226	10926074556.070047	-20374.820157299728	14444.61970106271	15.356855032392275
188311310.80704	74389615560.44336	192289346510.88403	10926128772.93425	-20378.860902759556	14434.181357101226	14.763656147522568
188314910.80704	74316244395.75879	192341290775.5161	10926180854.617996	-20382.89637700943	14423.743523776706	14.170643669715787
188318510.80704	74242858712.85132	192393197464.87027	10926230801.792368	-20386.92658255784	14413.3062029739	13.577817605630457
188322110.80704	74169458530.68378	192445066580.79483	10926278615.12846	-20390.951521912455	14402.869396574886	12.985177961830857
188325710.80704	74096043868.20999	192496898125.14508	10926324295.297405	-20394.97119758012	14392.433106459075	12.392724744786562
188329310.80704	74022614744.37466	192548692099.78314	10926367842.970345	-20398.98561206685	14381.997334503192	11.800457960872734
188332910.80704	73949171178.11351	192600448506.57758	10926409258.818447	-20402.994767877834	14371.562082581318	11.208377616372104
188336510.80704	73875713188.35332	192652167347.404	10926448543.512915	-20406.99866751744	14361.12735256486	10.61648371747242
188340110.80704	73802240794.01184	192703848624.14456	10926485697.724957	-20410.997313489202	14350.693146322568	10.02477627026883
188343710.80704	73728754013.99762	192755492338.6883	10926520722.12581	-20414.990708295823	14340.25946572053	9.433255280762125
188347310.80704	73655252867.21045	192807098492.9308	10926553617.386736	-20418.97885443918	14329.82631262218	8.841920754860894
188350910.80704	73581737372.54105	192858667088.7744	10926584384.179008	-20422.9617544203	14319.393688888318	8.25077269838107
188354510.80704	73508207548.87106	192910198128.12823	10926613023.173935	-20426.939410739393	14308.961596377074	7.659811117044455
188358110.80704	73434663415.07309	192961691612.90802	10926639535.042828	-20430.911825895826	14298.530036943948	7.069036016481277
188361710.80704	73361104990.01096	193013147545.03613	10926663920.457035	-20434.879002388145	14288.099012441786	6.478447402228824
188365310.80704	73287532292.53926	193064565926.44174	10926686180.087914	-20438.840942714036	14277.6685247208	5.888045279731898
188368910.80704	73213945341.50381	193115946759.0605	10926706314.606848	-20442.797649370354	14267.23857562858	5.2978296543441274
188372510.80704	73140344155.74127	193167290044.8348	10926724324.68523	-20446.74912485312	14256.80916701007	4.7078005313262565
188376110.80704	73066728754.07928	193218595785.71375	10926740210.99448	-20450.69537165751	14246.380300707566	4.117957915847342
188379710.80704	72993099155.33672	193269863983.65295	10926753974.20604	-20454.636392277866	14235.95197856077	3.5283018129846937
188383310.80704	72919455378.3233	193321094640.61456	10926765614.991356	-20458.57218920767	14225.524202406748	2.9388322277256407
188386910.80704	72845797441.83984	193372287758.56763	10926775134.021904	-20462.50276493957	14215.096974079934	2.3495491649638325
188390510.80704	72772125364.67822	193423443339.48755	10926782531.969177	-20466.428121965375	14204.67029541216	1.7604526295037886
188394110.80704	72698439165.6212	193474561385.35638	10926787809.504677	-20470.348262776035	14194.244168232626	1.1715426260577146
188397710.80704	72624738863.44272	193525641898.16278	10926790967.299929	-20474.26318986166	14183.818594367936	0.5828191592478333
188401310.80704	72551024476.90767	193576684879.90195	10926792006.02647	-20478.172905711508	14173.393575642076	-0.00571776639452537
188404910.80704	72477296024.77206	193627690332.57574	10926790926.355862	-20482.077412813996	14162.969113876417	-0.5940681464287536
188408510.80704	72403553525.78296	193678658258.19244	10926787728.959679	-20485.976713656673	14152.545210889757	-1.1822319765032603
188412110.80704	72329796998.67825	193729588658.76685	10926782414.509499	-20489.87081072625	14142.12186849825	-1.7702092523588249
188415710.80704	72256026462.18718	193780481536.32056	10926774983.67693	-20493.759706508583	14131.699088515488	-2.357999969824391
188419310.80704	72182241935.02998	193831336892.88126	10926765437.13359	-20497.643403488662	14121.276872752467	-2.945604124818317
188422910.80704	72108443435.91772	193882154730.48355	10926753775.551111	-20501.521904150635	14110.855223017566	-3.5330217133505926
188426510.80704	72034630983.5527	193932935051.16837	10926739999.60114	-20505.3952109778	14100.434141116593	-4.120252731519372
188430110.80704	71960804596.62827	193983677856.98315	10926724109.955334	-20509.263326452572	14090.013628852756	-4.7072971755123945
188433710.80704	71886964293.82884	194034383149.98184	10926706107.285366	-20513.126253056536	14079.593688026705	-5.294155041606075
188437310.80704	71813110093.82991	194085050932.22488	10926685992.262932	-20516.983993270398	14069.174320436492	-5.880826326166357
188440910.80704	71739242015.29797	194135681205.77905	10926663765.559723	-20520.83654957401	14058.7555278776	-6.467311025647348
188444510.80704	71665360076.89075	194186273972.71774	10926639427.847454	-20524.683924446355	14048.337312142934	-7.05360913659257
188448110.80704	71591464297.25673	194236829235.12085	10926612979.79785	-20528.52612036557	14037.919675022817	-7.639720655634164
188451710.80704	71517554695.03583	194287346995.0744	10926584422.082645	-20532.363139808913	14027.502618305025	-8.225645579491129
188455310.80704	71443631288.85892	194337827254.6712	10926553755.373594	-20536.194985252783	14017.08614377476	-8.81138390497216
188458910.80704	71369694097.34789	194388270016.01038	10926520980.342455	-20540.021659172715	14006.67025321465	-9.396935628973267
188462510.80704	71295743139.11575	194438675281.19727	10926486097.660992	-20543.84316404337	13996.254948404781	-9.982300748478337
188466110.80704	71221778432.7667	194489043052.34387	10926449108.000994	-20547.65950233855	13985.840231122676	-10.567479260558855
188469710.80704	71147799996.89584	194539373331.56848	10926410012.034248	-20551.47067653118	13975.426103143294	-11.152471162374354
188473310.80704	71073807850.08958	194589666120.99585	10926368810.43256	-20555.27668909332	13965.012566239062	-11.737276451170658
188476910.80704	70999802010.92535	194639921422.75684	10926325503.867739	-20559.077542496147	13954.599622179843	-12.321895124281411
188480510.80704	70925782497.97168	194690139238.98907	10926280093.011608	-20562.873239209992	13944.187272732968	-12.906327179127402
188484110.80704	70851749329.78807	194740319571.83618	10926232578.535995	-20566.66378170429	13933.775519663219	-13.490572613216273
188487710.80704	70777702524.92542	194790462423.44836	10926182961.112736	-20570.4491724476	13923.364364732834	-14.074631424141671
188491310.80704	70703642101.92566	194840567795.9821	10926131241.41369	-20574.229413907626	13912.953809701532	-14.658503609583931
188494910.80704	70629568079.32153	194890635691.60022	10926077420.110703	-20578.004508551177	13902.543856326472	-15.24218916731104
188498510.80704	70555480475.63722	194940666112.47177	10926021497.87564	-20581.774458844196	13892.134506362298	-15.82568809517619
188502110.80704	70481379309.38805	194990659060.77225	10925963475.380377	-20585.53926725174	13881.725761561138	-16.409000391117786
188505710.80704	70407264599.08037	195040614538.6833	10925903353.296787	-20589.29893623799	13871.31762367258	-16.992126053160973
188509310.80704	70333136363.21152	195090532548.39307	10925841132.296757	-20593.053468266247	13860.91009444369	-17.57506507941713
188512910.80704	70258994620.2702	195140413092.09576	10925776813.052177	-20596.80286579893	13850.503175619016	-18.157817468082555
188516510.80704	70184839388.73624	195190256171.9921	10925710396.234953	-20600.54713129758	13840.0968689406	-18.74038321743876
188520110.80704	70110670687.08038	195240061790.28885	10925641882.516983	-20604.286267222844	13829.691176147955	-19.322762325853375
188523710.80704	70036488533.76477	195289829949.19913	10925571272.570179	-20608.0202760345	13819.286098978102	-19.904954791777982
188527310.80704	69962292947.2425	195339560650.9423	10925498567.066454	-20611.749160191423	13808.881639165525	-20.486960613750227
188530910.80704	69888083945.958	195389253897.74405	10925423766.677734	-20615.472922151614	13798.477798442238	-21.06877979039143
188534510.80704	69813861548.3467	195438909691.83603	10925346872.07594	-20619.191564372188	13788.07457853775	-21.650412320407668
188538110.80704	69739625772.8353	195488528035.4565	10925267883.933004	-20622.90508930937	13777.671981179035	-22.231858202590445
188541710.80704	69665376637.8415	195538108930.84967	10925186802.92086	-20626.61349941849	13767.270008090603	-22.813117435815172
188545310.80704	69591114161.77432	195587652380.26593	10925103629.711445	-20630.316797153988	13756.868660994474	-23.394190019040366
188548910.80704	69516838363.03384	195637158385.9621	10925018364.976704	-20634.014984969424	13746.467941610144	-23.97507595131043
188552510.80704	69442549260.01152	195686626950.20087	10924931009.38858	-20637.708065317453	13736.067851654676	-24.555775231750943
188556110.80704	69368246871.08963	195736058075.2514	10924841563.61902	-20641.396040649845	13725.66839284259	-25.13628785957377
188559710.80704	69293931214.64189	195785451763.38873	10924750028.339973	-20645.07891341747	13715.269566885969	-25.71661383407229
188563310.80704	69219602309.03314	195834808016.8944	10924656404.223396	-20648.75668607031	13704.871375494384	-26.29675315462498
188566910.80704	69145260172.61938	195884126838.05585	10924560691.941246	-20652.42936105745	13694.473820374958	-26.87670582069228
188570510.80704	69070904823.74776	195933408229.16675	10924462892.165478	-20656.096940827076	13684.076903232319	-27.45647183181802
188574110.80704	68996536280.75674	195982652192.52673	10924363005.568043	-20659.75942782647	13673.68062576865	-28.036051187628118
188577710.80704	68922154561.9758	196031858730.4419	10924261032.820908	-20663.416824502034	13663.284989683629	-28.615443887833123
188581310.80704	68847759685.72575	196081027845.22418	10924156974.596037	-20667.069133299243	13652.889996674505	-29.194649932224365
188584910.80704	68773351670.31859	196130159539.19168	10924050831.565386	-20670.716356662702	13642.49564843605	-29.773669320676106
188588510.80704	68698930534.05742	196179253814.6687	10923942604.400917	-20674.35849703609	13632.101946660574	-30.352502053145145
188592110.80704	68624496295.23659	196228310673.9854	10923832293.774591	-20677.995556862195	13621.708893037938	-30.931148129670248
188595710.80704	68550048972.14169	196277330119.47833	10923719900.35837	-20681.6275385829	13611.316489255541	-31.509607550371868
188599310.80704	68475588583.04959	196326312153.48987	10923605424.824215	-20685.254444639184	13600.924736998346	-32.08788031545242
188602910.80704	68401115146.228195	196375256778.3686	10923488867.844086	-20688.87627747113	13590.533637948858	-32.66596642519585
188606510.80704	68326628679.93671	196424163996.469	10923370230.08994	-20692.49303951789	13580.143193787128	-33.24386587996838
188610110.80704	68252129202.425705	196473033810.15173	10923249512.233736	-20696.104733217726	13569.75340619079	-33.82157868021562
188613710.80704	68177616731.93666	196521866221.78345	10923126714.947426	-20699.711361008012	13559.364276835015	-34.399104826466726
188617310.80704	68103091286.702576	196570661233.73685	10923001838.902967	-20703.312925325165	13548.975807392546	-34.97644431933014
188620910.80704	68028552884.94757	196619418848.39053	10922874884.77231	-20706.909428604737	13538.587999533704	-35.55359715949572
188624510.80704	67954001544.886955	196668139068.12936	10922745853.227402	-20710.500873281348	13528.200854926357	-36.13056334773427
188628110.80704	67879437284.727356	196716821895.34393	10922614744.94019	-20714.08726178871	13517.814375235968	-36.70734288489655
188631710.80704	67804860122.66655	196765467332.43103	10922481560.582611	-20717.668596559626	13507.428562125544	-37.283935771914855
188635310.80704	67730270076.89368	196814075381.79315	10922346300.82661	-20721.244880025977	13497.043417255714	-37.86034200979998
188638910.80704	67655667165.589	196862646045.8391	10922208966.344118	-20724.816114618752	13486.658942284648	-38.436561599644335
188642510.80704	67581051406.92416	196911179326.98346	10922069557.807068	-20728.382302767986	13476.27513886812	-39.012594542619354
188646110.80704	67506422819.061905	196959675227.64682	10921928075.887388	-20731.943446902846	13465.892008659474	-39.58844083997724
188649710.80704	67431781420.156395	197008133750.25565	10921784521.256996	-20735.499549451546	13455.509553309666	-40.164100493048466
188653310.80704	67357127228.35282	197056554897.24243	10921638894.587807	-20739.05061284139	13445.127774467219	-40.73957350324457
188656910.80704	67282460261.78798	197104938671.0456	10921491196.551739	-20742.59663949878	13434.746673778274	-41.314859872054626
188660510.80704	67207780538.58963	197153285074.1094	10921341427.820698	-20746.137631849182	13424.366252886544	-41.88995960104842
188664110.80704	67133088076.87694	197201594108.88406	10921189589.066578	-20749.673592317147	13413.986513433363	-42.46487269187418
188667710.80704	67058382894.7603	197249865777.8258	10921035680.96128	-20753.20452332631	13403.607457057657	-43.03959914625898
188671310.80704	66983665010.34141	197298100083.39655	10920879704.176687	-20756.73042729937	13393.22908539596	-43.61413896600857
188674910.80704	66908934441.71331	197346297028.0643	10920721659.384686	-20760.251306658123	13382.85140008241	-44.18849215300753
188678510.80704	66834191206.96011	197394456614.30273	10920561547.257141	-20763.767163823428	13372.474402748769	-44.76265870921873
188682110.80704	66759435324.157455	197442578844.59158	10920399368.46593	-20767.27800121522	13362.098095024397	-45.336638636683176
188685710.80704	66684666811.37218	197490663721.41638	10920235123.682909	-20770.78382125252	13351.722478536289	-45.91043193752006
188689310.80704	66609885686.6624	197538711247.26852	10920068813.57993	-20774.28462635341	13341.347554909036	-46.48403861392637
188692910.80704	66535091968.077484	197586721424.64514	10919900438.828836	-20777.780418935046	13330.973325764873	-47.057458668177674
188696510.80704	66460285673.65817	197634694256.04932	10919730000.101463	-20781.271201413663	13320.59979272364	-47.63069210262671
188700110.80704	66385466821.43651	197682629743.98996	10919557498.069637	-20784.756976204575	13310.226957402823	-48.20373891970331
188703710.80704	66310635429.43579	197730527890.98187	10919382933.405178	-20788.237745722156	13299.85482141753	-48.776599121915524
188707310.80704	66235791515.67072	197778388699.54535	10919206306.779894	-20791.713512379836	13289.483386380507	-49.34927271184762
188710910.80704	66160935098.147224	197826212172.20685	10919027618.865583	-20795.184278590146	13279.112653902126	-49.92175969216186
188714510.80704	66086066194.862495	197873998311.4984	10918846870.33404	-20798.65004676466	13268.7426255904	-50.49406006559752
188718110.80704	66011184823.80527	197921747119.958	10918664061.857038	-20802.110819314024	13258.373303051	-51.066173834969334
188721710.80704	65936291002.95529	197969458600.12924	10918479194.106346	-20805.566598647965	13248.004687887207	-51.63810100317062
188725310.80704	65861384750.283966	198017132754.56158	10918292267.753733	-20809.017387175263	13237.636781699992	-52.209841573169456
188728910.80704	65786466083.75379	198064769585.8102	10918103283.470938	-20812.463187303758	13227.269586087947	-52.78139554801072
188732510.80704	65711535021.31856	198112369096.43604	10917912241.929699	-20815.904001440373	13216.903102647311	-53.35276293081688
188736110.80704	65636591580.923706	198159931289.00574	10917719143.801743	-20819.33983199108	13206.537332972011	-53.92394372478407
