179655346.441728	153594957166.26538	-26601407532.574753	3572444326.8086643	8865.20781064968	30970.30622743953	1664.364214658261
179658946.441728	153626837043.29425	-26489908423.43096	3578435211.305515	8845.835102002424	30973.64082695059	1663.9048478613797
179662546.441728	153658647179.86404	-26378397336.40163	3584424440.976306	8826.463113567424	30976.960609027872	1663.444866931053
179666146.441728	153690387578.59348	-26266874324.821594	3590412013.6110616	8807.091859752138	30980.265578078517	1662.9842723700094
179669746.441728	153722058242.15308	-26155339442.00979	3596397927.0016184	8787.72135495355	30983.555738528896	1662.52306468252
179673346.441728	153753659173.26523	-26043792741.269176	3602382178.941631	8768.35161355813	30986.831094824574	1662.061244374387
179676946.441728	153785190374.70404	-25932234275.886684	3608364767.2265778	8748.982649941798	30990.091651430263	1661.5988119529304
179680546.441728	153816651849.29538	-25820664099.13313	3614345689.6537666	8729.614478469875	30993.337412829784	1661.135767926978
179684146.441728	153848043599.9168	-25709082264.263157	3620324944.022339	8710.247113497051	30996.568383526024	1660.6721128068518
179687746.441728	153879365629.49756	-25597488824.515163	3626302528.133277	8690.880569367338	30999.78456804089	1660.207847104358
179691346.441728	153910617941.01846	-25485883833.111233	3632278439.7894073	8671.514860414041	31002.98597091527	1659.7429713327747
179694946.441728	153941800537.51193	-25374267343.257072	3638252676.7954073	8652.15000095971	31006.17259670899	1659.2774860068403
179698546.441728	153972913422.06195	-25262639408.141933	3644225236.9578104	8632.786005316098	31009.344450000775	1658.8113916427426
179702146.441728	154003956597.80396	-25151000080.938553	3650196118.0850105	8613.422887784138	31012.5015353882	1658.3446887581074
179705746.441728	154034930067.92487	-25039349414.803085	3656165317.987267	8594.060662653887	31015.643857487656	1657.8773778719874
179709346.441728	154065833835.66306	-24927687462.875027	3662132834.4767113	8574.699344204497	31018.771420934296	1657.4094595048512
179712946.441728	154096667904.30826	-24816014278.277157	3668098665.3673506	8555.338946704176	31021.884230382013	1656.9409341785724
179716546.441728	154127432277.20157	-24704329914.115467	3674062808.475074	8535.97948441015	31024.98229050338	1656.4718024164185
179720146.441728	154158126957.73535	-24592634423.479095	3680025261.6176553	8516.620971568625	31028.065605989617	1656.0020647430408
179723746.441728	154188751949.35327	-24480927859.440254	3685986022.6147614	8497.263422414746	31031.13418155055	1655.5317216844628
179727346.441728	154219307255.55023	-24369210275.05417	3691945089.287954	8477.906851172567	31034.188021914568	1655.0607737680702
179730946.441728	154249792879.87228	-24257481723.35901	3697902459.460696	8458.55127205501	31037.22713182858	1654.5892215226006
179734546.441728	154280208825.91663	-24145742257.375824	3703858130.958358	8439.196699263828	31040.25151605797	1654.1170654781329
179738146.441728	154310555097.3316	-24033991930.108475	3709812101.6082177	8419.843146989571	31043.261179386576	1653.6443061660764
179741746.441728	154340831697.8166	-23922230794.54356	3715764369.2394714	8400.490629411546	31046.25612661662	1653.170944119162
179745346.441728	154371038631.122	-23810458903.650368	3721714931.6832347	8381.139160697787	31049.23636256868	1652.6969798714306
179748946.441728	154401175901.04926	-23698676310.380795	3727663786.7725472	8361.788755005013	31052.201892081666	1652.2224139582238
179752546.441728	154431243511.45065	-23586883067.66928	3733610932.342379	8342.439426478597	31055.15272001275	1651.747246916174
179756146.441728	154461241466.22946	-23475079228.43275	3739556366.2296343	8323.091189252527	31058.088851237342	1651.271479283194
179759746.441728	154491169769.33978	-23363264845.57055	3745500086.2731557	8303.744057449374	31061.010290649047	1650.7951115984677
179763346.441728	154521028424.78653	-23251439971.964363	3751442090.3137293	8284.398045180254	31063.91704315962	1650.3181444024403
179766946.441728	154550817436.62543	-23139604660.47817	3757382376.1940894	8265.0531665448	31066.80911369894	1649.8405782368086
179770546.441728	154580536808.96292	-23027758963.95816	3763320941.758922	8245.709435631117	31069.68650721494	1649.3624136445112
179774146.441728	154610186545.95615	-22915902935.23269	3769257784.854871	8226.366866515757	31072.549228673604	1648.883651169719
179777746.441728	154639766651.8129	-22804036627.112198	3775192903.3305397	8207.025473263679	31075.397283058894	1648.4042913578269
179781346.441728	154669277130.79156	-22692160092.389153	3781126295.0364985	8187.685269928219	31078.23067537273	1647.9243347554425
179784946.441728	154698717987.20114	-22580273383.83798	3787057957.8252873	8168.346270551055	31081.049410634943	1647.4437819103787
179788546.441728	154728089225.40112	-22468376554.215	3792987889.5514207	8149.008489162172	31083.853493883234	1646.9626333716433
179792146.441728	154757390849.8015	-22356469656.258373	3798916088.071391	8129.6719397798315	31086.642930173133	1646.4808896894303
179795746.441728	154786622864.86276	-22244552742.68802	3804842551.2436743	8110.336636410538	31089.417724577965	1645.9985514151115
179799346.441728	154815785275.0957	-22132625866.205566	3810767276.9287324	8091.002593049002	31092.177882188804	1645.515619101226
179802946.441728	154844878085.06152	-22020689079.49428	3816690262.98902	8071.669823678113	31094.92340811444	1645.032093301473
179806546.441728	154873901299.37173	-21908742435.219013	3822611507.2889857	8052.338342268904	31097.654307481323	1644.5479745707016
179810146.441728	154902854922.68814	-21796785986.026115	3828531007.695079	8033.008162780519	31100.37058543355	1644.0632634649032
179813746.441728	154931738959.72278	-21684819784.543396	3834448762.0757513	8013.679299160184	31103.072247132797	1643.577960541202
179817346.441728	154960553415.23785	-21572843883.380047	3840364768.3014636	7994.351765343171	31105.759297758297	1643.0920663578463
179820946.441728	154989298294.04572	-21460858335.126587	3846279024.2446876	7975.025575252767	31108.4317425068	1642.6055814742008
179824546.441728	155017973601.00882	-21348863192.354794	3852191527.77991	7955.700742800247	31111.089586592523	1642.1185064507372
179828146.441728	155046579341.0397	-21236858507.617638	3858102276.783639	7936.377281884837	31113.732835247123	1641.6308418490264
179831746.441728	155075115519.1009	-21124844333.44923	3864011269.1344047	7917.055206393686	31116.361493719647	1641.1425882317296
179835346.441728	155103582140.2049	-21012820722.364754	3869918502.712765	7897.734530201832	31118.975567276495	1640.6537461625906
179838946.441728	155131979209.41415	-20900787726.860397	3875823975.401311	7878.415267172177	31121.57506120139	1640.164316206427
179842546.441728	155160306731.84097	-20788745399.4133	3881727685.0846663	7859.09743115545	31124.159980795328	1639.6742989291224
179846146.441728	155188564712.6475	-20676693792.481487	3887629629.6494956	7839.781035990181	31126.73033137654	1639.1836948976181
179849746.441728	155216753157.04572	-20564632958.503803	3893529806.9845057	7820.466095502669	31129.286118280463	1638.6925046799054
179853346.441728	155244872070.2973	-20452562949.899857	3899428214.98045	7801.152623506951	31131.82734685968	1638.200728845017
179856946.441728	155272921457.7137	-20340483819.069958	3905324851.5301332	7781.840633804775	31134.354022483913	1637.7083679630196
179860546.441728	155300901324.656	-20228395618.395054	3911219714.528413	7762.530140185568	31136.866150539947	1637.2154226050056
179864146.441728	155328811676.53488	-20116298400.236668	3917112801.872205	7743.221156426405	31139.363736431616	1636.7218933430859
179867746.441728	155356652518.81064	-20004192216.93684	3923004111.4604864	7723.9136962919865	31141.84678557976	1636.2277807503813
179871346.441728	155384423856.99304	-19892077120.81806	3928893641.1942997	7704.6077735346	31144.315303422183	1635.7330854010156
179874946.441728	155412125696.64142	-19779953164.183224	3934781388.9767556	7685.303401894097	31146.769295413615	1635.2378078701076
179878546.441728	155439758043.3645	-19667820399.31554	3940667352.7130375	7666.000595097864	31149.20876702567	1634.7419487337634
179882146.441728	155467320902.8204	-19555678878.478508	3946551530.3104043	7646.69936686079	31151.63372374681	1634.245508569069
179885746.441728	155494814280.7166	-19443528653.91583	3952433919.678194	7627.399730885243	31154.04417108231	1633.748487954083
179889346.441728	155522238182.8099	-19331369777.851353	3958314518.727828	7608.101700861039	31156.440114554218	1633.250887467829
179892946.441728	155549592614.90634	-19219202302.48903	3964193325.3728127	7588.805290465411	31158.821559701308	1632.752707690288
179896546.441728	155576877582.8612	-19107026280.01283	3970070337.5287457	7569.510513362989	31161.18851207905	1632.2539492023914
179900146.441728	155604093092.5789	-18994841762.586697	3975945553.113316	7550.217383205762	31163.540977259574	1631.7546125860138
179903746.441728	155631239150.01297	-18882648802.35449	3981818970.0463104	7530.925913633061	31165.878960831626	1631.2546984239655
179907346.441728	155658315761.1661	-18770447451.43991	3987690586.2496142	7511.636118271521	31168.202468400526	1630.7542072999854
179910946.441728	155685322932.08994	-18658237761.94646	3993560399.6472173	7492.3480107350615	31170.51150558814	1630.253139798734
179914546.441728	155712260668.8851	-18546019785.957367	3999428408.165215	7473.061604624855	31172.80607803283	1629.7514965057867
179918146.441728	155739128977.70123	-18433793575.53553	4005294609.7318125	7453.776913529303	31175.086191389426	1629.2492780076257
179921746.441728	155765927864.73682	-18321559182.723465	4011159002.2773285	7434.4939510240065	31177.351851329186	1628.7464848916343
179925346.441728	155792657336.2392	-18209316659.543236	4017021583.734197	7415.212730671741	31179.603063539747	1628.243117746089
179928946.441728	155819317398.50452	-18097066057.99641	4022882352.036972	7395.933266022428	31181.839833725106	1627.739177160153
179932546.441728	155845908057.87766	-17984807430.063984	4028741305.1223297	7376.655570613112	31184.062167605563	1627.2346637238702
179936146.441728	155872429320.75226	-17872540827.706333	4034598440.9290724	7357.37965796793	31186.270070917697	1626.7295780281565
179939746.441728	155898881193.57056	-17760266302.863155	4040453757.398131	7338.105541598089	31188.46354941432	1626.2239206647948
179943346.441728	155925263682.8235	-17647983907.453407	4046307252.4725685	7318.833235001838	31190.642608864437	1625.7176922264277
179946946.441728	155951576795.05048	-17535693693.375248	4052158924.0975833	7299.562751664443	31192.80725505322	1625.210893306551
179950546.441728	155977820536.83954	-17423395712.505978	4058008770.220511	7280.294105058159	31194.957493781956	1624.7035244995066
179954146.441728	156003994914.82712	-17311090016.70199	4063856788.790829	7261.027308642212	31197.093330868018	1624.1955864004765
179957746.441728	156030099935.69812	-17198776657.7987	4069702977.760159	7241.762375862763	31199.214772144827	1623.6870796054764
179961346.441728	156056135606.18582	-17086455687.610498	4075547335.082269	7222.4993201528905	31201.321823461807	1623.1780047113486
179964946.441728	156082101933.0718	-16974127157.930689	4081389858.7130785	7203.238154932563	31203.414490684358	1622.6683623157562
179968546.441728	156107998923.186	-16861791120.531427	4087230546.6106586	7183.978893608614	31205.492779693806	1622.1581530171763
179972146.441728	156133826583.40652	-16749447627.163673	4093069396.7352376	7164.721549574718	31207.556696387375	1621.6473774148938
179975746.441728	156159584920.65973	-16637096729.557123	4098906407.0492015	7145.466136211364	31209.606246678148	1621.136036108995
179979346.441728	156185273941.92007	-16524738479.42016	4104741575.517099	7126.212666885834	31211.641436495025	1620.6241297003621
179982946.441728	156210893654.21017	-16412372928.439795	4110574900.105643	7106.961154952176	31213.66227178269	1620.1116587906658
179986546.441728	156236444064.60062	-16300000128.281609	4116406378.7837133	7087.711613751182	31215.66875850157	1619.5986239823599
179990146.441728	156261925180.21005	-16187620130.589697	4122236009.5223613	7068.464056610363	31217.660902627802	1619.0850258786745
179993746.441728	156287337008.20505	-16075232986.98661	4128063790.2948103	7049.218496843923	31219.638710153187	1618.570865083611
179997346.441728	156312679555.80014	-15962838749.073307	4133889719.0764594	7029.974947752741	31221.602187085162	1618.0561422019348
180000946.441728	156337952830.25763	-15850437468.429083	4139713793.844887	7010.73342262434	31223.551339446756	1617.5408578391705
180004546.441728	156363156838.88773	-15738029196.611528	4145536012.5798516	6991.49393473287	31225.486173276557	1617.0250126015949
180008146.441728	156388291589.0483	-15625613985.156466	4151356373.263297	6972.25649733908	31227.406694628673	1616.5086070962316
180011746.441728	156413357088.14505	-15513191885.577892	4157174873.8793526	6953.021123690298	31229.312909572698	1615.9916419308447
180015346.441728	156438353343.63126	-15400762949.36793	4162991512.414337	6933.787827020407	31231.204824193665	1615.4741177139333
180018946.441728	156463280363.00784	-15288327227.996765	4168806286.856762	6914.556620549822	31233.08244459202	1614.9560350547258
180022546.441728	156488138153.8233	-15175884772.912596	4174619195.1973324	6895.327517485465	31234.945776883575	1614.4373945631733
180026146.441728	156512926723.67365	-15063435635.541574	4180430235.428951	6876.100531020748	31236.794827199483	1613.9181968499447
180029746.441728	156537646080.20236	-14950979867.287756	4186239405.5467196	6856.875674335545	31238.62960168619	1613.398442526421
180033346.441728	156562296231.10037	-14838517519.533037	4192046703.547943	6837.652960596171	31240.450106505396	1612.8781322046884
180036946.441728	156586877184.10596	-14726048643.637108	4197852127.432131	6818.432402955362	31242.25634783403	1612.3572664975343
180040546.441728	156611388947.00473	-14613573290.937391	4203655675.2009993	6799.21401455225	31244.04833186421	1611.8358460184404
180044146.441728	156635831527.62958	-14501091512.748995	4209457344.8584743	6779.997808512343	31245.826064803194	1611.3138713815779
180047746.441728	156660204933.8606	-14388603360.36465	4215257134.410695	6760.7837979475025	31247.589552873356	1610.7913432018013
180051346.441728	156684509173.6251	-14276108885.054665	4221055041.8660145	6741.571995955922	31249.33880231214	1610.2682620946434
180054946.441728	156708744254.89746	-14163608138.066858	4226851065.235003	6722.362415622105	31251.073819372035	1609.7446286763097
180058546.441728	156732910185.69922	-14051101170.62652	4232645202.530451	6703.155070016844	31252.79461032052	1609.2204435636727
180062146.441728	156757006974.0989	-13938588033.936346	4238437451.7673693	6683.949972197199	31254.50118144005	1608.6957073742665
180065746.441728	156781034628.21204	-13826068779.17639	4244227810.962995	6664.747135206476	31256.193539027994	1608.170420726282
180069346.441728	156804993156.20102	-13713543457.504007	4250016278.1367908	6645.546572074206	31257.871689396623	1607.6445842385606
180072946.441728	156828882566.2752	-13601012120.053804	4255802851.310448	6626.348295816126	31259.535638873054	1607.1181985305898
180076546.441728	156852702866.69073	-13488474817.937582	4261587528.5078907	6607.152319434154	31261.18539379922	1606.5912642224969
180080146.441728	156876454065.75055	-13375931602.244284	4267370307.755275	6587.958655916374	31262.820960531837	1606.0637819350447
180083746.441728	156900136171.80432	-13263382524.03994	4273151187.080993	6568.767318237008	31264.442345442363	1605.5357522896259
180087346.441728	156923749193.2484	-13150827634.367622	4278930164.515677	6549.578319356404	31266.049554916965	1605.0071759082573
180090946.441728	156947293138.5258	-13038266984.247381	4284707238.092197	6530.391672221009	31267.642595356472	1604.4780534135757
180094546.441728	156970768016.126	-12925700624.6762	4290482405.845667	6511.207389763353	31269.221473176352	1603.948385428832
180098146.441728	156994173834.58517	-12813128606.627941	4296255665.813445	6492.025484902026	31270.786194806667	1603.418172577886
180101746.441728	157017510602.4859	-12700550981.053288	4302027016.035137	6472.84597054166	31272.33676669204	1602.8874154852022
180105346.441728	157040778328.45715	-12587967798.879702	4307796454.552598	6453.668859572908	31273.873195291613	1602.3561147758433
180108946.441728	157063977021.17435	-12475379111.011364	4313563979.409934	6434.494164872426	31275.395487079026	1601.8242710754666
180112546.441728	157087106689.3592	-12362784968.329123	4319329588.653503	6415.321899302851	31276.903648542357	1601.2918850103185
180116146.441728	157110167341.7797	-12250185421.690445	4325093280.331923	6396.152075712784	31278.397686184104	1600.7589572072288
180119746.441728	157133158987.2501	-12137580521.929363	4330855052.496063	6376.984706936768	31279.877606521142	1600.2254882936065
180123346.441728	157156081634.6308	-12024970319.856422	4336614903.199058	6357.819805795271	31281.343416084685	1599.6914788974352
180126946.441728	157178935292.82834	-11912354866.258629	4342372830.4963	6338.657385094669	31282.795121420255	1599.1569296472671
180130546.441728	157201719970.79535	-11799734211.899399	4348128832.445448	6319.497457627219	31284.23272908764	1598.621841172219
180134146.441728	157224435677.53046	-11687108407.51851	4353882907.106425	6300.34003617105	31285.65624566085	1598.0862141019672
180137746.441728	157247082422.0783	-11574477503.832048	4359635052.541424	6281.185133490138	31287.065677728115	1597.5500490667428
180141346.441728	157269660213.52942	-11461841551.532354	4365385266.814905	6262.032762334287	31288.4610318918	1597.0133466973264
180144946.441728	157292169061.02023	-11349200601.287973	4371133547.993602	6242.882935439116	31289.842314768404	1596.4761076250438
180148546.441728	157314608973.73297	-11236554703.74361	4376879894.146521	6223.735665526036	31291.209532988516	1595.9383324817616
180152146.441728	157336979960.89566	-11123903909.520071	4382624303.344944	6204.590965302234	31292.562693196767	1595.4000218998817
180155746.441728	157359282031.782	-11011248269.214218	4388366773.662433	6185.44884746065	31293.90180205181	1594.861176512337
180159346.441728	157381515195.71146	-10898587833.398916	4394107303.174826	6166.309324679966	31295.22686622627	1594.3217969525863
180162946.441728	157403679462.04898	-10785922652.622984	4399845889.960245	6147.172409624585	31296.537892406715	1593.781883854611
180166546.441728	157425774840.2052	-10673252777.411142	4405582532.099094	6128.038114944612	31297.834887293626	1593.2414378529086
180170146.441728	157447801339.6362	-10560578258.263966	4411317227.674064	6108.9064532758375	31299.117857601348	1592.7004595824894
180173746.441728	157469758969.84354	-10447899145.657835	4417049974.770128	6089.77743723972	31300.386810058062	1592.1589496788715
180177346.441728	157491647740.3742	-10335215490.04488	4422780771.474554	6070.651079443368	31301.641751405747	1591.6169087780765
180180946.441728	157513467660.82053	-10222527341.852938	4428509615.876897	6051.527392479523	31302.88268840014	1591.0743375166246
180184546.441728	157535218740.82016	-10109834751.4855	4434236506.069005	6032.406388926543	31304.109627810707	1590.53123653153
180188146.441728	157556900990.05597	-9997137769.321663	4439961440.1450205	6013.2880813483835	31305.322576420607	1589.9876064602975
180191746.441728	157578514418.25607	-9884436445.716078	4445684416.201382	5994.172482294583	31306.52154102665	1589.4434479409163
180195346.441728	157600059035.19376	-9771730830.998903	4451405432.336823	5975.0596043002415	31307.706528439263	1588.898761611857
180198946.441728	157621534850.68735	-9659020975.475758	4457124486.652382	5955.949459886011	31308.877545482457	1588.353548112067
180202546.441728	157642941874.60025	-9546306929.427668	4462841577.251392	5936.842061558073	31310.03459899379	1587.8078080809655
180206146.441728	157664280116.84085	-9433588743.11102	4468556702.239494	5917.737421808121	31311.177695824324	1587.2615421584394
180209746.441728	157685549587.36252	-9320866466.757513	4474269859.724631	5898.635553113351	31312.30684283861	1586.7147509848392
180213346.441728	157706750296.16348	-9208140150.574108	4479981047.817053	5879.536467936438	31313.422046914624	1586.1674352009743
180216946.441728	157727882253.2868	-9095409844.742985	4485690264.629315	5860.440178725523	31314.52331494375	1585.619595448109
180220546.441728	157748945468.82037	-8982675599.421486	4491397508.276286	5841.346697914195	31315.610653830747	1585.0712323679586
180224146.441728	157769939952.89676	-8869937464.742073	4497102776.875142	5822.256037921479	31316.68407049369	1584.522346602684
180227746.441728	157790865715.69327	-8757195490.812283	4502806068.545374	5803.168211151816	31317.743571863964	1583.972938794888
180231346.441728	157811722767.4318	-8644449727.71467	4508507381.408786	5784.083229995046	31318.78916488621	1583.4230095876123
180234946.441728	157832511118.3788	-8531700225.50677	4514206713.589498	5765.001106826399	31319.82085651829	1582.8725596243312
180238546.441728	157853230778.84537	-8418947034.221043	4519904063.213946	5745.921854006473	31320.83865373126	1582.3215895489489
180242146.441728	157873881759.18692	-8306190203.864828	4525599428.410889	5726.8454838812195	31321.84256350933	1581.770100005795
180245746.441728	157894464069.80334	-8193429784.420301	4531292807.3114	5707.772008781931	31322.832592849823	1581.21809163962
180249346.441728	157914977721.13895	-8080665825.844423	4536984198.048881	5688.701441025222	31323.80874876315	1580.665565095592
180252946.441728	157935422723.6823	-7967898378.0688925	4542673598.75905	5669.633792913018	31324.771038272764	1580.1125210192913
180256546.441728	157955799087.96625	-7855127491.000101	4548361007.579956	5650.569076732535	31325.719468415133	1579.558960056708
180260146.441728	157976106824.56784	-7742353214.519086	4554046422.651971	5631.507304756271	31326.654046239702	1579.0048828542363
180263746.441728	157996345944.10828	-7629575598.4814825	4559729842.117795	5612.448489241985	31327.574778808856	1578.450290058672
180267346.441728	158016516457.25284	-7516794692.717479	4565411264.122458	5593.3926424326855	31328.48167319788	1577.895182317207
180270946.441728	158036618374.7109	-7404010547.031769	4571090686.813321	5574.339776556615	31329.374736494934	1577.3395602774267
180274546.441728	158056651707.2358	-7291223211.2035055	4576768108.3400755	5555.289903827236	31330.253975801013	1576.783424587305
180278146.441728	158076616465.62488	-7178432734.986256	4582443526.854748	5536.243036443217	31331.119398229912	1576.226775895201
180281746.441728	158096512660.71924	-7065639168.107952	4588116940.511698	5517.199186588414	31331.971010908183	1575.6696148498543
180285346.441728	158116340303.40393	-6952842560.270851	4593788347.467622	5498.158366431863	31332.80882097511	1575.111942100382
180288946.441728	158136099404.60776	-6840042961.151484	4599457745.881555	5479.120588127761	31333.632835582677	1574.5537582962747
180292546.441728	158155789975.30325	-6727240420.400611	4605125133.914869	5460.085863815451	31334.443061895516	1573.9950640873917
180296146.441728	158175412026.5066	-6614434987.643178	4610790509.731278	5441.0542056194145	31335.239507090886	1573.4358601239578
180299746.441728	158194965569.2776	-6501626712.478271	4616453871.496837	5422.0256256492485	31336.022178358635	1572.8761470565598
180303346.441728	158214450614.71964	-6388815644.479067	4622115217.379942	5403.00013599966	31336.791082901163	1572.3159255361422
180306946.441728	158233867173.97964	-6276001833.192795	4627774545.551335	5383.977748750448	31337.546227933384	1571.7551962140035
180310546.441728	158253215258.248	-6163185328.140686	4633431854.184103	5364.95847596649	31338.2876206827	1571.193959741792
180314146.441728	158272494878.75842	-6050366178.817931	4639087141.453678	5345.94232969773	31339.01526838895	1570.6322167715032
180317746.441728	158291706046.7881	-5937544434.693635	4644740405.537843	5326.929321979164	31339.7291783044	1570.0699679554746
180321346.441728	158310848773.65738	-5824720145.210772	4650391644.616726	5307.919464830828	31340.42935769368	1569.5072139463832
180324946.441728	158329923070.72998	-5711893359.78614	4656040856.872808	5288.912770257782	31341.115813833767	1568.943955397241
180328546.441728	158348928949.41272	-5599064127.810322	4661688040.490922	5269.909250250101	31341.788554013947	1568.3801929613917
180332146.441728	158367866421.1556	-5486232498.647632	4667333193.658251	5250.908916782859	31342.447585535774	1567.8159272925066
180335746.441728	158386735497.45175	-5373398521.636079	4672976314.564333	5231.911781816117	31343.09291571304	1567.2511590445815
180339346.441728	158405536189.83722	-5260562246.087321	4678617401.401062	5212.9178572949095	31343.724551871743	1566.685888871933
180342946.441728	158424268509.8911	-5147723721.28662	4684256452.362687	5193.927155149235	31344.342501350042	1566.1201174291944
180346546.441728	158442932469.23544	-5034882996.492798	4689893465.645814	5174.939687294038	31344.94677149823	1565.553845371312
180350146.441728	158461528079.53506	-4922040120.938195	4695528439.449409	5155.9554656292	31345.537369678703	1564.9870733535427
180353746.441728	158480055352.49765	-4809195143.828625	4701161371.974794	5136.9745020395285	31346.114303265913	1564.419802031449
180357346.441728	158498514299.87366	-4696348114.34333	4706792261.425656	5117.99680839474	31346.677579646344	1563.8520320608964
180360946.441728	158516904933.45624	-4583499081.634942	4712421106.008041	5099.022396549451	31347.22720621847	1563.283764098049
180364546.441728	158535227265.08118	-4470648094.829435	4718047903.930359	5080.051278343166	31347.763190392725	1562.714998799367
180368146.441728	158553481306.62686	-4357795203.026086	4723672653.403381	5061.083465600265	31348.285539591467	1562.1457368216027
180371746.441728	158571667070.01422	-4244940455.297427	4729295352.640247	5042.118970129992	31348.79426124894	1561.5759788217963
180375346.441728	158589784567.20667	-4132083900.6892085	4734915999.856461	5023.15780372644	31349.289362811243	1561.005725457274
180378946.441728	158607833810.21005	-4019225588.2203517	4740534593.269892	5004.199978168543	31349.7708517363	1560.434977385643
180382546.441728	158625814811.0726	-3906365566.882909	4746151131.100779	4985.245505220063	31350.23873549381	1559.863735264789
180386146.441728	158643727581.88486	-3793503885.64202	4751765611.571729	4966.29439662958	31350.693021565236	1559.2919997528727
180389746.441728	158661572134.77963	-3680640593.4358716	4757378032.90772	4947.346664130476	31351.13371744374	1558.719771508326
180393346.441728	158679348481.93198	-3567775739.175652	4762988393.3361	4928.402319440928	31351.56083063418	1558.1470511898485
180396946.441728	158697056635.55905	-3454909371.7455125	4768596691.086589	4909.461374263897	31351.974368653046	1557.5738394564048
180400546.441728	158714696607.92014	-3342041540.0025234	4774202924.391279	4890.523840287112	31352.374339028454	1557.0001369672207
180404146.441728	158732268411.31656	-3229172292.7766333	4779807091.484637	4871.589729183064	31352.76074930009	1556.4259443817798
180407746.441728	158749772058.09167	-3116301678.870627	4785409190.603504	4852.659052608994	31353.133607019186	1555.8512623598203
180411346.441728	158767207560.63074	-3003429747.060084	4791009219.987096	4833.731822206878	31353.49291974848	1555.276091561332
180414946.441728	158784574931.3609	-2890556546.0933375	4796607177.877006	4814.808049603422	31353.83869506219	1554.700432646552
180418546.441728	158801874182.75116	-2777682124.691433	4802203062.517203	4795.887746410046	31354.170940545962	1554.1242862759625
180422146.441728	158819105327.31226	-2664806531.5480866	4807796872.154038	4776.970924222879	31354.48966379686	1553.5476531102872
180425746.441728	158836268377.59668	-2551929815.3296456	4813388605.036237	4758.057594622743	31354.79487242331	1552.970533810488
180429346.441728	158853363346.19855	-2439052024.6750455	4818978259.4149065	4739.147769175145	31355.086574045083	1552.3929290377614
180432946.441728	158870390245.7536	-2326173208.1957703	4824565833.543535	4720.241459430268	31355.36477629325	1551.8148394535358
180436546.441728	158887349088.93915	-2213293414.4758124	4830151325.677992	4701.338676922957	31355.629486810143	1551.236265719468
180440146.441728	158904239888.47397	-2100412692.0716314	4835734734.0765295	4682.4394331727135	31355.88071324934	1550.6572084974403
180443746.441728	158921062657.11832	-1987531089.5121136	4841316056.999783	4663.5437396836805	31356.11846327561	1550.0776684495568
180447346.441728	158937817407.6738	-1874648655.2985322	4846895292.71077	4644.651607944636	31356.34274456489	1549.4976462381408
180450946.441728	158954504152.9834	-1761765437.9045072	4852472439.4748955	4625.763049428983	31356.55356480425	1548.9171425257314
180454546.441728	158971122905.9313	-1648881485.7759647	4858047495.559949	4606.878075594738	31356.750931691855	1548.3361579750801
180458146.441728	158987673679.44302	-1535996847.3310978	4863620459.236106	4587.9966978845205	31356.934852936938	1547.7546932491484
180461746.441728	159004156486.48514	-1423111570.9603264	4869191328.7759285	4569.118927725546	31357.105336259756	1547.1727490111039
180465346.441728	159020571340.0654	-1310225705.0262578	4874760102.454368	4550.244776529616	31357.262389391562	1546.5903259243173
180468946.441728	159036918253.23257	-1197339297.8636465	4880326778.548761	4531.374255693106	31357.406020074577	1546.0074246523602
180472546.441728	159053197239.07648	-1084452397.7793562	4885891355.338839	4512.507376596958	31357.536236061937	1545.4240458590011
180476146.441728	159069408310.7278	-971565053.0523193	4891453831.106717	4493.644150606674	31357.65304511768	1544.8401902082026
180479746.441728	159085551481.3582	-858677311.9334979	4897014204.136906	4474.784589072299	31357.7564550167	1544.2558583641182
180483346.441728	159101626764.18008	-745789222.6458452	4902572472.716304	4455.928703328422	31357.84647354472	1543.67105099109
180486946.441728	159117634172.4467	-632900833.3842663	4908128635.134204	4437.076504694156	31357.923108498246	1543.0857687536445
180490546.441728	159133573719.45197	-520012192.31557935	4913682689.68229	4418.22800447314	31357.98636768455	1542.500012316491
180494146.441728	159149445418.53052	-407123347.5784774	4919234634.65464	4399.383213953521	31358.03625892162	1541.9137823445174
180497746.441728	159165249283.0576	-294234347.28348917	4924784468.347727	4380.54214440795	31358.072790038143	1541.3270795027877
180501346.441728	159180985326.44894	-181345239.51294103	4930332189.060415	4361.704807093575	31358.095968873455	1540.7399044565395
180504946.441728	159196653562.16083	-68456072.3209186	4935877795.093967	4342.871213252027	31358.105803277514	1540.1522578711804
180508546.441728	159212254003.68997	44433106.26677142	4941421284.75204	4324.0413741094135	31358.10230111087	1539.564140412285
180512146.441728	159227786664.5735	157322248.25263932	4946962656.340687	4305.215300876313	31358.085470244623	1538.9755527455927
180515746.441728	159243251558.3888	270211305.6675503	4952501908.168358	4286.393004747764	31358.0553185604	1538.386495537004
180519346.441728	159258648698.7536	383100230.57076234	4958039038.545902	4267.574496903257	31358.01185395031	1537.7969694525784
180522946.441728	159273978099.32584	495988975.0499638	4963574045.786565	4248.759788506724	31357.955084316916	1537.206975158531
180526546.441728	159289239773.80356	608877491.221311	4969106928.205992	4229.948890706538	31357.885017573204	1536.6165133212291
180530146.441728	159304433735.925	721765731.2294657	4974637684.122226	4211.1418146354945	31357.80166164254	1536.0255846071911
180533746.441728	159319559999.46835	834653647.2476326	4980166311.855711	4192.338571410812	31357.705024458653	1535.4341896830817
180537346.441728	159334618578.2519	947541191.4775962	4985692809.729292	4173.539172134119	31357.59511396558	1534.8423292157104
180540946.441728	159349609486.13376	1060428316.1497581	4991217176.0682125	4154.743627891452	31357.47193811765	1534.2500038720277
180544546.441728	159364532737.01202	1173314973.523174	4996739409.200119	4135.95194975324	31357.335504879444	1533.6572143191233
180548146.441728	159379388344.82455	1286201115.8855906	5002259507.45506	4117.164148774303	31357.185822225758	1533.0639612242228
180551746.441728	159394176323.549	1399086695.553482	5007777469.165484	4098.380235993841	31357.022898141575	1532.4702452546844
180555346.441728	159408896687.20276	1511971664.8720868	5013293292.666245	4079.6002224354293	31356.84674062203	1531.8760670779973
180558946.441728	159423549449.8428	1624855976.2154438	5018806976.294599	4060.82411910701	31356.65735767238	1531.281427361778
180562546.441728	159438134625.5658	1737739581.9864295	5024318518.390203	4042.0519370008838	31356.454757307958	1530.686326773768
180566146.441728	159452652228.50787	1850622434.6167932	5029827917.295125	4023.2836870937035	31356.238947554153	1530.090765981831
180569746.441728	159467102272.84467	1963504486.5671937	5035335171.35383	4004.5193803464676	31356.009936446375	1529.4947456539498
180573346.441728	159481484772.7913	2076385690.327236	5040840278.913193	3985.7590277045124	31355.767732030017	1528.8982664582245
180576946.441728	159495799742.60217	2189265998.4155054	5046343238.322491	3967.0026400975053	31355.512342360424	1528.3013290628685
180580546.441728	159510047196.5711	2302145363.379605	5051844047.933408	3948.2502284394377	31355.243775502855	1527.7039341362072
180584146.441728	159524227149.03113	2415023737.79619	5057342706.100036	3929.5018036286187	31354.96203953246	1527.1060823466744
180587746.441728	159538339614.3545	2527901074.271004	5062839211.178871	3910.757376547668	31354.66714253424	1526.5077743628099
180591346.441728	159552384606.95258	2640777325.4389157	5068333561.528817	3892.0169580635097	31354.35909260301	1525.9090108532569
180594946.441728	159566362141.27588	2753652443.963951	5073825755.511186	3873.280559027365	31354.037897843373	1525.3097924867593
180598546.441728	159580272231.8139	2866526382.5393305	5079315791.489696	3854.5481902747474	31353.70356636969	1524.7101199321592
180602146.441728	159594114893.09518	2979399093.887504	5084803667.830474	3835.819862625454	31353.356106306037	1524.109993858394
180605746.441728	159607890139.6871	3092270530.7601857	5090289382.902056	3817.095586883561	31352.995525786173	1523.5094149344945
180609346.441728	159621597986.19598	3205140645.9383883	5095772935.075385	3798.375373837416	31352.62183295351	1522.9083838295812
180612946.441728	159635238447.2669	3318009392.2324586	5101254322.723815	3779.6592342596346	31352.235035961094	1522.3069012128624
180616546.441728	159648811537.58374	3430876722.482111	5106733544.223107	3760.9471789070903	31351.83514297154	1521.7049677536318
180620146.441728	159662317271.86902	3543742589.556463	5112210597.951434	3742.2392185209123	31351.42216215703	1521.1025841212654
180623746.441728	159675755664.88394	3656606946.3540688	5117685482.289376	3723.535363826478	31350.996101699257	1520.4997509852196
180627346.441728	159689126731.42825	3769469745.802954	5123158195.619926	3704.8356255334056	31350.556969789413	1519.896469015028
180630946.441728	159702430486.34027	3882330940.86065	5128628736.328487	3686.140014335552	31350.104774628144	1519.292738880299
180634546.441728	159715666944.4968	3995190484.5142264	5134097102.802871	3667.4485409110043	31349.63952442551	1518.6885612507142
180638146.441728	159728836120.81296	4108048329.780327	5139563293.433302	3648.7612159220744	31349.161227400968	1518.083936796024
180641746.441728	159741938030.24234	4220904429.705201	5145027306.612415	3630.0780500152946	31348.66989178333	1517.4788661860473
180645346.441728	159754972687.77673	4333758737.36474	5150489140.735258	3611.399053821412	31348.16552581074	1516.8733500906671
180648946.441728	159767940108.44623	4446611205.864509	5155948794.199289	3592.724237955383	31347.648137730615	1516.2673891798297
180652546.441728	159780840307.31912	4559461788.339779	5161406265.404379	3574.0536130163673	31347.11773579965	1515.6609841235406
180656146.441728	159793673299.50177	4672310437.955564	5166861552.752809	3555.387189587723	31346.574328283757	1515.0541355918635
180659746.441728	159806439100.13864	4785157107.90665	5172314654.649274	3536.7249782370022	31346.017923458043	1514.4468442549169
180663346.441728	159819137724.41223	4898001751.41763	5177765569.500882	3518.066989515946	31345.448529606776	1513.8391107828718
180666946.441728	159831769187.54297	5010844321.742939	5183214295.717153	3499.413233960478	31344.866155023352	1513.2309358459497
180670546.441728	159844333504.78918	5123684772.166882	5188660831.710019	3480.7637220907013	31344.27080801026	1512.62232011442
180674146.441728	159856830691.44705	5236523056.00367	5194105175.893827	3462.118464410892	31343.66249687906	1512.0132642585977
180677746.441728	159869260762.85056	5349359126.597453	5199547326.685336	3443.477471409496	31343.041229950333	1511.40376894884
180681346.441728	159881623734.3714	5462192937.3223505	5204987282.503718	3424.840753559123	31342.40701555366	1510.7938348555456
180684946.441728	159893919621.4189	5575024441.582483	5210425041.77056	3406.208321316543	31341.759862027593	1510.1834626491511
180688546.441728	159906148439.44012	5687853592.81201	5215860602.909862	3387.58018512268	31341.099777719613	1509.572653000129
180692146.441728	159918310203.91956	5800680344.475153	5221293964.348035	3368.956355402611	31340.4267709861	1508.9614065789856
180695746.441728	159930404930.37927	5913504650.0662365	5226725124.513908	3350.336842565557	31339.740850192306	1508.3497240562579
180699346.441728	159942432634.37875	6026326463.109714	5232154081.838723	3331.7216570048836	31339.042023712314	1507.737606102512
180702946.441728	159954393331.5149	6139145737.1602	5237580834.756134	3313.1108090980924	31338.330299929014	1507.1250533883406
180706546.441728	159966287037.42188	6251962425.802507	5243005381.702211	3294.5043092068195	31337.605687234067	1506.5120665843606
180710146.441728	159978113767.7712	6364776482.651671	5248427721.115438	3275.9021676768302	31336.868194027873	1505.8986463612107
180713746.441728	159989873538.27158	6477587861.352985	5253847851.436714	3257.3043948380164	31336.117828719536	1505.2847933895491
180717346.441728	160001566364.66885	6590396515.58203	5259265771.10935	3238.7110010043907	31335.354599726834	1504.6705083400514
180720946.441728	160013192262.74597	6703202399.044708	5264681478.579074	3220.1219964740844	31334.57851547619	1504.0557918834081
180724546.441728	160024751248.32297	6816005465.477271	5270094972.294027	3201.537391529343	31333.78958440264	1503.4406446903229
180728146.441728	160036243337.2568	6928805668.646352	5275506250.704765	3182.9571964365214	31332.987814949785	1502.8250674315093
180731746.441728	160047668545.44144	7041602962.348996	5280915312.264259	3164.381421446082	31332.173215569786	1502.2090607776893
180735346.441728	160059026888.80762	7154397300.412694	5286322155.427896	3145.810076792591	31331.34579472331	1501.5926253995908
180738946.441728	160070318383.323	7267188636.695407	5291726778.653473	3127.2431726947134	31330.50556087951	1500.9757619679453
180742546.441728	160081543044.99194	7379976925.085602	5297129180.401206	3108.680719355211	31329.65252251598	1500.358471153486
180746146.441728	160092700889.8555	7492762119.50228	5302529359.133724	3090.1227269609376	31328.78668811874	1499.7407536269457
180749746.441728	160103791933.9914	7605544173.895008	5307927313.316071	3071.5692056828384	31327.90806618219	1499.1226100590532
180753346.441728	160114816193.51395	7718323042.243947	5313323041.415705	3053.020165675944	31327.01666520909	1498.504041120533
180756946.441728	160125773684.57397	7831098678.559882	5318716541.902499	3034.475617079369	31326.11249371051	1497.8850474821018
180760546.441728	160136664423.35876	7943871036.884254	5324107813.248741	3015.9355700163073	31325.195560205822	1497.265629814467
180764146.441728	160147488426.09207	8056640071.289189	5329496853.929133	2997.4000345940312	31324.26587322265	1496.6457887883244
180767746.441728	160158245709.03394	8169405735.877526	5334883662.420792	2978.8690209038873	31323.323441296838	1496.0255250743553
180771346.441728	160168936288.48074	8282167984.782848	5340268237.203248	2960.3425390212938	31322.36827297244	1495.4048393432254
180774946.441728	160179560180.76514	8394926772.169512	5345650576.758448	2941.820599005737	31321.400376801656	1494.7837322655819
180778546.441728	160190117402.2559	8507682052.2326765	5351030679.570749	2923.3032109007704	31320.419761344823	1494.1622045120516
180782146.441728	160200607969.35794	8620433779.198334	5356408544.126927	2904.7903847340103	31319.42643517038	1493.5402567532392
180785746.441728	160211031898.5123	8733181907.323334	5361784168.91617	2886.282130517134	31318.420406854824	1492.9178896597243
180789346.441728	160221389206.19598	8845926390.89542	5367157552.43008	2867.7784582458785	31317.4016849827	1492.29510390206
180792946.441728	160231679908.92197	8958667184.233252	5372528693.162673	2849.279377900035	31316.370278146544	1491.67190015077
180796546.441728	160241904023.23914	9071404241.686438	5377897589.610378	2830.784899443449	31315.326194946876	1491.0482790763474
180800146.441728	160252061565.73218	9184137517.635563	5383264240.272039	2812.295032824018	31314.269443992147	1490.4242413492523
180803746.441728	160262152553.0216	9296866966.492214	5388628643.648914	2793.8097879736883	31313.20003389872	1489.7997876399093
180807346.441728	160272177001.7636	9409592542.699015	5393990798.244673	2775.329174808453	31312.117973290835	1489.1749186187058
180810946.441728	160282134928.65012	9522314200.729649	5399350702.565399	2756.8532032283506	31311.023270800582	1488.5496349559896
180814546.441728	160292026350.40863	9635031895.088888	5404708355.119591	2738.3818831174626	31309.91593506786	1487.9239373220676
180818146.441728	160301851283.8022	9747745580.312624	5410063754.418158	2719.915224343911	31308.795974740355	1487.2978263872026
180821746.441728	160311609745.62933	9860455210.967892	5415416898.974422	2701.453236759857	31307.663398473498	1486.671302821612
180825346.441728	160321301752.7241	9973160741.6529	5420767787.304121	2682.9959302015	31306.51821493045	1486.044367295466
180828946.441728	160330927321.9558	10085862126.997063	5426116417.925402	2664.543314489073	31305.36043278205	1485.4170204788845
180832546.441728	160340486470.2292	10198559321.661018	5431462789.358825	2646.095399426845	31304.190060706806	1484.7892630419362
180836146.441728	160349979214.4842	10311252280.336662	5436806900.127363	2627.652194803116	31303.007107390844	1484.161095654636
180839746.441728	160359405571.696	10423940957.747175	5442148748.756402	2609.213710390217	31301.811581527883	1483.532518986943
180843346.441728	160368765558.87497	10536625308.647047	5447488333.773737	2590.7799559445084	31300.603491819216	1482.9035337087582
180846946.441728	160378059193.06647	10649305287.822107	5452825653.709577	2572.3509412063786	31299.382846973658	1482.2741404899236
180850546.441728	160387286491.35098	10761980850.089552	5458160707.0965395	2553.9266759002417	31298.14965570753	1481.644340000219
180854146.441728	160396447470.84393	10874651950.297966	5463493492.469657	2535.507169734538	31296.903926744624	1481.0141329093606
180857746.441728	160405542148.69568	10987318543.327354	5468824008.366369	2517.0924324017305	31295.645668816167	1480.3835198869986
180861346.441728	160414570542.09143	11099980584.089169	5474152253.326529	2498.6824735783066	31294.374890660798	1479.752501602716
180864946.441728	160423532668.25125	11212638027.526333	5479478225.892398	2480.277302924774	31293.091601024527	1479.1210787260259
180868546.441728	160432428544.42987	11325290828.61327	5484801924.608648	2461.876930085662	31291.795808660718	1478.4892519263697
180872146.441728	160441258187.91678	11437938942.355928	5490123348.022363	2443.4813646895195	31290.487522330044	1477.8570218731154
180875746.441728	160450021616.0361	11550582323.791807	5495442494.683033	2425.0906163489144	31289.16675080046	1477.2243892355557
180879346.441728	160458718846.14648	11663220927.989983	5500759363.14256	2406.704694660432	31287.833502847185	1476.5913546829051
180882946.441728	160467349895.64114	11775854710.051136	5506073951.955255	2388.323609204676	31286.487787252645	1475.9579188842997
180886546.441728	160475914781.94772	11888483625.107578	5511386259.6778345	2369.9473695462657	31285.129612806468	1475.3240825087935
180890146.441728	160484413522.5283	12001107628.323277	5516696284.869428	2351.575985233837	31283.758988305435	1474.6898462253575
180893746.441728	160492846134.87927	12113726674.893877	5522004026.09157	2333.2094658000415	31282.375922553463	1474.055210702878
180897346.441728	160501212636.53134	12226340720.046734	5527309481.908204	2314.847820761545	31280.98042436156	1473.4201766101535
180900946.441728	160509513045.04944	12338949719.040934	5532612650.885681	2296.4910596190284	31279.572502547813	1472.7847446158942
180904546.441728	160517747378.03265	12451553627.167322	5537913531.592759	2278.1391918571867	31278.152165937332	1472.1489153887192
180908146.441728	160525915653.11423	12564152399.748526	5543212122.600603	2259.7922269447286	31276.719423362247	1471.5126895971546
180911746.441728	160534017887.96143	12676745992.138979	5548508422.482784	2241.4501743343762	31275.274283661653	1470.8760679096324
180915346.441728	160542054100.2755	12789334359.724953	5553802429.81528	2223.1130434628662	31273.816755681597	1470.239050994488
180918946.441728	160550024307.79175	12901917457.924574	5559094143.176474	2204.7808437509475	31272.34684827504	1469.601639519958
180922546.441728	160557928528.2792	13014495242.187853	5564383561.147154	2186.4535846033823	31270.864570301823	1468.9638341541797
180926146.441728	160565766779.54083	13127067667.996706	5569670682.310515	2168.1312754089467	31269.369930628643	1468.3256355651874
180929746.441728	160573539079.41333	13239634690.864986	5574955505.252157	2149.8139255404303	31267.862938129023	1467.6870444209121
180933346.441728	160581245445.76712	13352196266.3385	5580238028.5600815	2131.501544354636	31266.34360168327	1467.0480613891787
180936946.441728	160588885896.5063	13464752349.995033	5585518250.824696	2113.19414119238	31264.811930178465	1466.4086871377046
180940546.441728	160596460449.5685	13577302897.444384	5590796170.63881	2094.891725378493	31263.267932508406	1465.7689223340983
180944146.441728	160603969122.925	13689847864.328375	5596071786.597639	2076.5943062218203	31261.71161757361	1465.1287676458562
180947746.441728	160611411934.58044	13802387206.320885	5601345097.2987995	2058.3018930152216	31260.142994281243	1464.4882237403624
180951346.441728	160618788902.57297	13914920879.127867	5606616101.34231	2040.0144950355716	31258.562071545133	1463.8472912848858
180954946.441728	160626100044.9741	14027448838.487381	5611884797.330591	2021.732121543761	31256.96885828571	1463.2059709465789
180958546.441728	160633345379.88858	14139971040.16961	5617151183.868466	2003.4547817846967	31255.363363429977	1462.5642633924754
180962146.441728	160640524925.4545	14252487439.976881	5622415259.563159	1985.1824849873026	31253.745595911496	1461.922169289489
180965746.441728	160647638699.8431	14364997993.743704	5627677023.024293	1966.9152403645198	31252.115564670345	1461.2796893044112
180969346.441728	160654686721.2588	14477502657.336777	5632936472.863893	1948.6530571133083	31250.473278653088	1460.6368241039104
180972946.441728	160661669007.939	14590001386.655018	5638193607.6963825	1930.3959444146467	31248.818746812758	1459.9935743545284
180976546.441728	160668585578.15424	14702494137.629591	5643448426.138586	1912.143911433534	31247.151978108806	1459.3499407226805
180980146.441728	160675436450.20795	14814980866.223923	5648700926.809726	1893.89696731899	31245.472981507093	1458.7059238746522
180983746.441728	160682221642.43652	14927461528.433731	5653951108.331423	1875.655121204056	31243.78176597984	1458.0615244765988
180987346.441728	160688941173.20917	15039936080.28704	5659198969.327696	1857.4183822057973	31242.07834050561	1457.416743194543
180990946.441728	160695595060.9279	15152404477.844215	5664444508.424961	1839.1867594253024	31240.362714069277	1456.7715806943727
180994546.441728	160702183324.0274	15264866677.197973	5669687724.252032	1820.960261947685	31238.63489566199	1456.1260376418402
180998146.441728	160708705980.97516	15377322634.473413	5674928615.440119	1802.738898842086	31236.894894281155	1455.4801147025596
181001746.441728	160715163050.27118	15489772305.828033	5680167180.622826	1784.5226791616733	31235.14271893039	1454.833812542006
181005346.441728	160721554550.4481	15602215647.45176	5685403418.436154	1766.3116119436445	31233.378378619505	1454.1871318255128
181008946.441728	160727880500.07095	15714652615.566961	5690637327.5185	1748.105706209227	31231.60188236447	1453.5400732182707
181012546.441728	160734140917.73737	15827083166.428476	5695868906.510654	1729.9049709636809	31229.813239187384	1452.8926373853258
181016146.441728	160740335822.07727	15939507256.323637	5701098154.055801	1711.7094151962992	31228.01245811645	1452.2448249915778
181019746.441728	160746465231.75293	16051924841.572283	5706325068.799519	1693.5190478804104	31226.199548185934	1451.5966367017786
181023346.441728	160752529165.4589	16164335878.52679	5711549649.389776	1675.3338779733795	31224.37451843615	1450.94807318053
181026946.441728	160758527641.92194	16276740323.572094	5716771894.476937	1657.1539144166097	31222.53737791342	1450.2991350922825
181030546.441728	160764460679.901	16389138133.125702	5721991802.713757	1638.9791661355446	31220.68813567005	1449.6498231013338
181034146.441728	160770328298.18713	16501529263.637722	5727209372.755381	1620.8096420396696	31218.826800764295	1449.0001378718266
181037746.441728	160776130515.6034	16613913671.590885	5732424603.259345	1602.645351022514	31216.953382260333	1448.3500800677473
181041346.441728	160781867351.00485	16726291313.500563	5737637492.885576	1584.4863019616528	31215.067889228238	1447.6996503529244
181044946.441728	160787538823.2785	16838662145.914785	5742848040.29639	1566.3325037187087	31213.170330743942	1447.0488493910264
181048546.441728	160793144951.34323	16951026125.414272	5748056244.156491	1548.1839651393545	31211.260715889217	1446.3976778455606
181052146.441728	160798685754.14972	17063383208.612448	5753262103.132974	1530.0406950533147	31209.339053751635	1445.7461363798711
181055746.441728	160804161250.6804	17175733352.155457	5758465615.895318	1511.9027022743676	31207.40535342455	1445.0942256571377
181059346.441728	160809571459.9494	17288076512.722195	5763666781.115393	1493.769995600348	31205.459624007053	1444.4419463403738
181062946.441728	160814916401.00256	17400412647.024323	5768865597.467452	1475.6425838131493	31203.50187460396	1443.7892990924247
181066546.441728	160820196092.91724	17512741711.80629	5774062063.628137	1457.5204756787257	31201.532114325768	1443.1362845759666
181070146.441728	160825410554.80234	17625063663.845356	5779256178.276472	1439.4036799470948	31199.550352288636	1442.482903453504
181073746.441728	160830559805.79822	17737378459.951603	5784447940.093869	1421.2922053523396	31197.556597614348	1441.8291563873693
181077346.441728	160835643865.0767	17849686056.967968	5789637347.764123	1403.1860606126115	31195.550859430296	1441.1750440397202
181080946.441728	160840662751.8409	17961986411.77025	5794824399.973412	1385.0852544301326	31193.53314686943	1440.5205670725384
181084546.441728	160845616485.3253	18074279481.26714	5800009095.4102955	1366.9897954911987	31191.503469070256	1439.8657261476283
181088146.441728	160850505084.79553	18186565222.40024	5805191432.765718	1348.899692466181	31189.461835176782	1439.2105219266152
181091746.441728	160855328569.54852	18298843592.14408	5810371410.733006	1330.81495400953	31187.408254338505	1438.5549550709436
181095346.441728	160860086958.91226	18411114547.506134	5815549028.007861	1312.7355887597778	31185.342735710372	1437.8990262418756
181098946.441728	160864780272.2458	18523378045.52684	5820724283.288372	1294.66160533954	31183.26528845276	1437.2427361004898
181102546.441728	160869408528.9392	18635634043.279636	5825897175.275003	1276.5930123555206	31181.17592173144	1436.586085307679
181106146.441728	160873971748.41357	18747882497.870956	5831067702.670599	1258.529818398513	31179.07464471755	1435.9290745241494
181109746.441728	160878469950.12082	18860123366.44026	5836235864.180381	1240.4720320434044	31176.961466587574	1435.2717044104186
181113346.441728	160882903153.5437	18972356606.160065	5841401658.51195	1222.4196618491774	31174.836396523293	1434.6139756268137
181116946.441728	160887271378.19577	19084582174.23593	5846565084.375282	1204.3727163589147	31172.69944371178	1433.955888833471
181120546.441728	160891574643.62134	19196800027.90652	5851726140.482731	1186.3312040998007	31170.550617345354	1433.297444690333
181124146.441728	160895812969.39536	19309010124.44359	5856884825.549025	1168.2951335831262	31168.389926621563	1432.6386438571478
181127746.441728	160899986375.1234	19421212421.15201	5862041138.2912655	1150.2645133042906	31166.217380743146	1431.9794869934674
181131346.441728	160904094880.44162	19533406875.369804	5867195077.428932	1132.2393517428056	31164.03298891801	1431.3199747586457
181134946.441728	160908138505.0166	19645593444.46814	5872346641.683874	1114.2196573622984	31161.8367603592	1430.6601078118379
181138546.441728	160912117268.5454	19757772085.85137	5877495829.780314	1096.2054386105153	31159.62870428487	1429.9998868119978
181142146.441728	160916031190.7555	19869942756.957043	5882642640.444848	1078.1967039193248	31157.408829918255	1429.3393124178776
181145746.441728	160919880291.4046	19982105415.25591	5887787072.406441	1060.1934617047218	31155.17714648764	1428.6783852880253
181149346.441728	160923664590.28082	20094260018.251957	5892929124.396429	1042.1957203668303	31152.933663226337	1428.0171060807838
181152946.441728	160927384107.20236	20206406523.482426	5898068795.1485195	1024.203488289908	31150.678389372646	1427.3554754542893
181156546.441728	160931038862.01767	20318544888.51782	5903206083.398787	1006.216773842349	31148.411334169843	1426.6934940664696
181160146.441728	160934628874.60522	20430675070.961926	5908340987.8856735	988.2355853766883	31146.132506866135	1426.0311625750433
181163746.441728	160938154164.87357	20542797028.451836	5913473507.349992	970.2599312296051	31143.841916714646	1425.368481637517
181167346.441728	160941614752.76123	20654910718.657963	5918603640.534918	952.2898197219267	31141.539572973375	1424.7054519111855
181170946.441728	160945010658.2367	20767016099.284054	5923731386.185994	934.3252591586329	31139.22548490518	1424.0420740531288
181174546.441728	160948341901.29825	20879113128.06721	5928856743.05113	916.366257828859	31136.899661777737	1423.3783487202118
181178146.441728	160951608501.97406	20991201762.77791	5933979709.880598	898.4128240059008	31134.56211286353	1422.714276569082
181181746.441728	160954810480.32202	21103281961.220016	5939100285.427033	880.4649659472177	31132.212847439798	1422.0498582561686
181185346.441728	160957947856.4297	21215353681.230804	5944218468.445436	862.5226918944376	31129.851874788532	1421.3850944376811
181188946.441728	160961020650.41434	21327416880.680965	5949334257.693165	844.5860100733604	31127.479204196432	1420.7199857696073
181192546.441728	160964028882.42276	21439471517.47464	5954447651.929944	826.6549286939627	31125.09484495488	1420.0545329077124
181196146.441728	160966972572.6313	21551517549.54942	5959558649.917854	808.7294559504016	31122.69880635992	1419.3887365075373
181199746.441728	160969851741.24576	21663554934.87637	5964667250.421338	790.8096000210196	31120.29109771222	1418.722597224397
181203346.441728	160972666408.5014	21775583631.46005	5969773452.207196	772.8953690683483	31117.871728317048	1418.05611571338
181206946.441728	160975416594.6628	21887603597.338524	5974877254.044587	754.9867712391131	31115.44070748425	1417.3892926293458
181210546.441728	160978102320.02383	21999614790.583385	5979978654.705026	737.0838146642377	31112.99804452821	1416.7221286269244
181214146.441728	160980723604.90762	22111617169.299763	5985077652.962384	719.1865074588486	31110.543748767835	1416.054624360514
181217746.441728	160983280469.6665	22223610691.62634	5990174247.59289	701.2948577222795	31108.077829526523	1415.3867804842805
181221346.441728	160985772934.6819	22335595315.73537	5995268437.375124	683.408873538076	31105.600296132125	1414.7185976521557
181224946.441728	160988201020.36432	22447570999.832706	6000360221.090023	665.5285629740004	31103.11115791693	1414.0500765178356
181228546.441728	160990564747.15332	22559537702.15779	6005449597.520874	647.6539340820359	31100.610424217633	1413.3812177347795
181232146.441728	160992864135.51736	22671495380.9837	6010536565.453319	629.7849948983923	31098.098104375313	1412.7120219562087
181235746.441728	160995099205.95386	22783443994.617134	6015621123.675347	611.9217534435096	31095.57420773539	1412.0424898351043
181239346.441728	160997269978.98904	22895383501.398457	6020703270.9773035	594.0642177220637	31093.038743647612	1411.372622024207
181242946.441728	160999376475.17792	23007313859.701687	6025783006.151877	576.2123957229713	31090.491721466024	1410.7024191760147
181246546.441728	161001418715.10428	23119235027.93453	6030860327.994109	558.3662954193943	31087.933150548935	1410.0318819427819
181250146.441728	161003396719.38052	23231146964.53839	6035935235.301386	540.5259247687451	31085.3630402589	1409.3610109765175
181253746.441728	161005310508.64774	23343049627.988388	6041007726.873443	522.6912917126917	31082.781399962685	1408.6898069289844
181257346.441728	161007160103.5755	23454942976.79336	6046077801.512359	504.86240417716294	31080.188239031242	1408.0182704516974
181260946.441728	161008945524.86194	23566826969.4959	6051145458.02256	487.03927007235313	31077.58356683968	1407.3464021959226
181264546.441728	161010666793.2336	23678701564.672348	6056210695.210816	469.2218972927277	31074.967392767237	1406.6742028126753
181268146.441728	161012323929.4455	23790566720.932827	6061273511.886239	451.4102937170282	31072.33972619726	1406.001672952719
181271746.441728	161013916954.28085	23902422396.921238	6066333906.860284	433.6044672082777	31069.70057651717	1405.328813266564
181275346.441728	161015445888.55127	24014268551.31529	6071391878.946747	415.804425613786	31067.04995311844	1404.6556244044666
181278946.441728	161016910753.09656	24126105142.826504	6076447426.961764	398.01017676515517	31064.387865396562	1403.9821070164267
181282546.441728	161018311568.78467	24237932130.200237	6081500549.723813	380.22172847828466	31061.714322751024	1403.3082617521875
181286146.441728	161019648356.51166	24349749472.215687	6086551246.053708	362.4390885533772	31059.02933458528	1402.6340892612336
181289746.441728	161020921137.20163	24461557127.685913	6091599514.774601	344.6622647749439	31056.33291030673	1401.95959019279
181293346.441728	161022129931.80673	24573355055.45785	6096645354.711982	326.89126491180997	31053.62505932668	1401.284765195821
181296946.441728	161023274761.307	24685143214.412323	6101688764.693675	309.1260967171205	31050.905791060333	1400.6096149190278
181300546.441728	161024355646.7104	24796921563.464046	6106729743.549841	291.3667679283458	31048.175114926744	1399.9341400108488
181304146.441728	161025372609.05264	24908690061.56166	6111768290.112973	273.6132862672872	31045.433040348802	1399.258341119457
181307746.441728	161026325669.3973	25020448667.687737	6116804403.217898	255.865659440083	31042.679576753202	1398.5822188927598
181311346.441728	161027214848.83563	25132197340.85878	6121838081.701776	238.1238951372139	31039.914733570422	1397.9057739783966
181314946.441728	161028040168.48654	25243936040.12526	6126869324.404095	220.3880010335092	31037.13852023469	1397.2290070237384
181318546.441728	161028801649.49652	25355664724.57161	6131898130.166675	202.65798478815236	31034.35094618396	1396.551918675886
181322146.441728	161029499313.0396	25467383353.316254	6136924497.833665	184.93385404468714	31031.552020859883	1395.8745095816691
181325746.441728	161030133180.31738	25579091885.51161	6141948426.251543	167.21561643102345	31028.741753707785	1395.196780387645
181329346.441728	161030703272.5588	25690790280.344097	6146969914.269113	149.50327955944348	31025.920154176634	1394.518731740097
181332946.441728	161031209611.02023	25802478497.03417	6151988960.737503	131.79685102660767	31023.087231719022	1393.8403642850337
181336546.441728	161031652216.98532	25914156494.836308	6157005564.510171	114.09633841356086	31020.242995791126	1393.1616786681873
181340146.441728	161032031111.765	26025824233.03905	6162019724.442895	96.40174928573845	31017.3874558527	1392.4826755350123
181343746.441728	161032346316.69745	26137481670.964993	6167031439.393778	78.71309119297257	31014.52062136702	1391.8033555306847
181347346.441728	161032597853.1479	26249128767.9708	6172040708.223245	61.03037166949838	31011.642501800896	1391.1237193001007
181350946.441728	161032785742.50876	26360765483.447227	6177047529.794041	43.35359823396032	31008.75310662461	1390.443767487875
181354546.441728	161032910006.1995	26472391776.819134	6182051902.971232	25.682778389418445	31005.852445311903	1389.76350073834
181358146.441728	161032970665.66647	26584007607.545483	6187053826.622205	8.01791962335486	31002.94052733996	1389.0829196955447
181361746.441728	161032967742.38306	26695612935.119366	6192053299.616661	-9.64097059231992	31000.017362189366	1388.4020250032524
181365346.441728	161032901257.84943	26807207719.068012	6197050320.826621	-27.293884801260443	30997.08295934409	1387.7208173049416
181368946.441728	161032771233.59262	26918791918.952793	6202044889.126421	-44.940815562679845	30994.137328291454	1387.0392972438026
181372546.441728	161032577691.1664	27030365494.369247	6207037003.392713	-62.58175545134327	30991.18047852211	1386.3574654627375
181376146.441728	161032320652.1513	27141928404.947083	6212026662.50446	-80.21669705756125	30988.21241953001	1385.675322604359
181379746.441728	161032000138.15442	27253480610.350193	6217013865.342942	-97.84563298718308	30985.233160812386	1384.9928693109887
181383346.441728	161031616170.80948	27365022070.27666	6221998610.791748	-115.46855586159013	30982.242711869716	1384.3101062246558
181386946.441728	161031168771.77673	27476552744.458786	6226980897.736778	-133.08545831768907	30979.241082205706	1383.627033987097
181390546.441728	161030657962.74292	27588072592.663082	6231960725.066243	-150.69633300790517	30976.22828132726	1382.9436532397542
181394146.441728	161030083765.4212	27699581574.690296	6236938091.670662	-168.3011726001754	30973.204318744454	1382.2599646237736
181397746.441728	161029446201.55112	27811079650.375412	6241912996.442861	-185.89996977794158	30970.169203970505	1381.5759687800048
181401346.441728	161028745292.89847	27922566779.587673	6246885438.277973	-203.49271724014355	30967.122946521755	1380.8916663489997
181404946.441728	161027981061.25537	28034042922.230583	6251855416.073438	-221.07940770121212	30964.065555917645	1380.2070579710107
181408546.441728	161027153528.44012	28145508038.24192	6256822928.728996	-238.66003389106217	30960.997041680675	1379.5221442859902
181412146.441728	161026262716.29718	28256962087.593754	6261787975.146696	-256.2345885550855	30957.917413336396	1378.836925933589
181415746.441728	161025308646.69705	28368405030.292446	6266750554.230885	-273.80306445414396	30954.82668041337	1378.1514035531557
181419346.441728	161024291341.5363	28479836826.378674	6271710664.888212	-291.3654543645622	30951.72485244316	1377.4655777837347
181422946.441728	161023210822.73746	28591257435.92742	6276668306.027628	-308.92175107812045	30948.611938960283	1376.7794492640662
181426546.441728	161022067112.249	28702666819.048016	6281623476.56038	-326.4719474020475	30945.487949502203	1376.093018632584
181430146.441728	161020860232.04523	28814064935.884117	6286576175.400014	-344.0160361590133	30942.3528936093	1375.406286527415
181433746.441728	161019590204.1263	28925451746.613735	6291526401.462374	-361.55401018712195	30939.206780824832	1374.7192535863774
181437346.441728	161018257050.51813	29036827211.44924	6296474153.665598	-379.085862339904	30936.049620694936	1374.0319204469806
181440946.441728	161016860793.27228	29148191290.637383	6301419430.930119	-396.6115854863094	30932.881422768576	1373.3442877464233
181444546.441728	161015401454.46597	29259543944.459282	6306362232.178662	-414.1311725107001	30929.702196597536	1372.6563561215928
181448146.441728	161013879056.20206	29370885133.230457	6311302556.336248	-431.6446163128423	30926.511951736382	1371.9681262090635
181451746.441728	161012293620.6089	29482214817.300823	6316240402.330186	-449.1519098078994	30923.31069774244	1371.279598645096
181455346.441728	161010645169.8403	29593532957.054714	6321175769.090075	-466.6530459264242	30920.09844417578	1370.590774065636
181458946.441728	161008933726.07553	29704839512.910877	6326108655.547803	-484.14801761435143	30916.875200599174	1369.9016531063132
181462546.441728	161007159311.51923	29816134445.322495	6331039060.637547	-501.6368178329902	30913.64097657809	1369.2122364024403
181466146.441728	161005321948.4013	29927417714.777187	6335966983.295769	-519.1194395590162	30910.39578168065	1368.5225245890117
181469746.441728	161003421658.977	30038689281.797028	6340892422.461218	-536.5958757844642	30907.139625477615	1367.8325183007025
181473346.441728	161001458465.52664	30149949106.938545	6345815377.074925	-554.0661195167203	30903.872517542353	1367.1422181718676
