190549492.989696	26674833566.347866	217442530875.00333	10573323216.776844	-21965.536520477464	8104.146538331227	-318.0577523206257
190553092.989696	26595755463.843	217471688080.87402	10572177346.611961	-21966.741999151458	8094.301379738303	-318.5367541429343
190556692.989696	26516673028.63098	217500809846.46518	10571029752.35999	-21967.943580320185	8084.45749425691	-319.01557848598895
190560292.989696	26437586274.73944	217529896176.36127	10569880434.659803	-21969.141265865394	8074.614882597316	-319.4942253771497
190563892.989696	26358495216.18924	217558947075.14932	10568729394.150183	-21970.335057667777	8064.773545468553	-319.9726948438014
190567492.989696	26279399866.99447	217587962547.4189	10567576631.469805	-21971.524957606973	8054.933483578416	-320.45098691335374
190571092.989696	26200300241.162453	217616942597.7622	10566422147.25725	-21972.710967561572	8045.094697633466	-320.9291016132413
190574692.989696	26121196352.693756	217645887230.77386	10565265942.151	-21973.89308940911	8035.257188339035	-321.40703897092317
190578292.989696	26042088215.582184	217674796451.0511	10564108016.789436	-21975.071325026074	8025.42095639922	-321.88479901388325
190581892.989696	25962975843.814793	217703670263.1936	10562948371.810844	-21976.245676287897	8015.586002516893	-322.3623817696299
190585492.989696	25883859251.371887	217732508671.8037	10561787007.853407	-21977.416145068964	8005.752327393698	-322.83978726569603
190589092.989696	25804738452.227024	217761311681.4862	10560623925.55521	-21978.5827332426	7995.919931730051	-323.31701552963904
190592692.989696	25725613460.347023	217790079296.84836	10559459125.55424	-21979.74544268109	7986.088816225147	-323.7940665890407
190596292.989696	25646484289.69196	217818811522.50003	10558292608.48838	-21980.904275255663	7976.258981576958	-324.2709404715071
190599892.989696	25567350954.215176	217847508363.05356	10557124374.995422	-21982.059232836495	7966.430428482235	-324.74763720466865
190603492.989696	25488213467.863285	217876169823.12378	10555954425.713053	-21983.210317292716	7956.60315763651	-325.2241568161799
190607092.989696	25409071844.576176	217904795907.32806	10554782761.278858	-21984.3575304924	7946.7771697340995	-325.70049933371956
190610692.989696	25329926098.287006	217933386620.28622	10553609382.330328	-21985.50087430258	7936.952465468103	-326.17666478499046
190614292.989696	25250776242.922222	217961941966.6206	10552434289.504852	-21986.640350589227	7927.129045530405	-326.6526531977194
190617892.989696	25171622292.401554	217990461950.95605	10551257483.439718	-21987.77596121727	7917.30691061168	-327.1284645996572
190621492.989696	25092464260.638012	218018946577.91986	10550078964.772114	-21988.90770805059	7907.48606140139	-327.6040990185785
190625092.989696	25013302161.537907	218047395852.1418	10548898734.13913	-21990.03559295201	7897.666498587789	-328.0795564822818
190628692.989696	24934136009.000843	218075809778.25418	10547716792.177753	-21991.15961778331	7887.848222857922	-328.55483701858947
190632292.989696	24854965816.91972	218104188360.8917	10546533139.524874	-21992.27978440522	7878.031234897632	-329.02994065534745
190635892.989696	24775791599.180744	218132531604.6916	10545347776.81728	-21993.396094677417	7868.215535391554	-329.5048674204254
190639492.989696	24696613369.66343	218160839514.2935	10544160704.69166	-21994.508550458537	7858.4011250231215	-329.9796173417166
190643092.989696	24617431142.2406	218189112094.33954	10542971923.7846	-21995.61715360616	7848.588004474568	-330.4541904471378
190646692.989696	24538244930.778397	218217349349.4743	10541781434.732586	-21996.72190597682	7838.776174426927	-330.9285867646293
190650292.989696	24459054749.136272	218245551284.34482	10540589238.172007	-21997.82280942601	7828.965635560036	-331.40280632215473
190653892.989696	24379860611.167007	218273717903.60056	10539395334.739145	-21998.919865808155	7819.156388552535	-331.8768491477011
190657492.989696	24300662530.71671	218301849211.89343	10538199725.070189	-22000.013076976655	7809.348434081869	-332.3507152692787
190661092.989696	24221460521.62481	218329945213.8778	10537002409.801218	-22001.102444783846	7799.541772824291	-332.82440471492106
190664692.989696	24142254597.724075	218358005914.21045	10535803389.568218	-22002.187971081028	7789.736405454864	-333.29791751268493
190668292.989696	24063044772.840614	218386031317.55057	10534602665.00707	-22003.269657718443	7779.932332647461	-333.7712536906501
190671892.989696	23983831060.793873	218414021428.55978	10533400236.753555	-22004.34750654529	7770.129555074767	-334.2444132769194
190675492.989696	23904613475.39664	218441976251.9022	10532196105.443352	-22005.421519409727	7760.328073408281	-334.7173962996187
190679092.989696	23825392030.45506	218469895792.24423	10530990271.71204	-22006.491698158854	7750.527888318316	-335.19020278689686
190682692.989696	23746166739.76862	218497780054.2548	10529782736.195095	-22007.558044638736	7740.729000474004	-335.6628327669255
190686292.989696	23666937617.13017	218525629042.60513	10528573499.527893	-22008.62056069438	7730.931410543295	-336.13528626789906
190689892.989696	23587704676.325916	218553442761.969	10527362562.345707	-22009.679248169756	7721.135119192959	-336.60756331803486
190693492.989696	23508467931.135433	218581221217.02243	10526149925.28371	-22010.73410890778	7711.340127088588	-337.0796639455728
190697092.989696	23429227395.331657	218608964412.44394	10524935588.976973	-22011.78514475033	7701.546434894598	-337.55158817877555
190700692.989696	23349983082.680897	218636672352.91437	10523719554.060463	-22012.83235753823	7691.754043274229	-338.0233360459282
190704292.989696	23270735006.94284	218664345043.117	10522501821.169048	-22013.875749111266	7681.962952889549	-338.4949075753385
190707892.989696	23191483181.87055	218691982487.73746	10521282390.937492	-22014.915321308174	7672.1731644014535	-338.9663027953366
190711492.989696	23112227621.21047	218719584691.46375	10520061264.00046	-22015.95107596664	7662.384678469668	-339.43752173427515
190715092.989696	23032968338.70243	218747151658.98627	10518838440.99251	-22016.98301492332	7652.59749575275	-339.90856442052905
190718692.989696	22953705348.07966	218774683394.9978	10517613922.548101	-22018.01114001381	7642.8116169080895	-340.37943088249557
190722292.989696	22874438663.068768	218802179904.19345	10516387709.301592	-22019.035453072665	7633.027042591912	-340.85012114859416
190725892.989696	22795168297.38977	218829641191.2707	10515159801.887234	-22020.055955933403	7623.243773459278	-341.3206352472665
190729492.989696	22715894264.756084	218857067260.92935	10513930200.939178	-22021.072650428487	7613.461810164087	-341.79097320697645
190733092.989696	22636616578.874527	218884458117.87164	10512698907.091476	-22022.085538389343	7603.681153359078	-342.26113505620987
190736692.989696	22557335253.445328	218911813766.8021	10511465920.978073	-22023.09462164635	7593.9018036958305	-342.7311208234746
190740292.989696	22478050302.162125	218939134212.42758	10510231243.232813	-22024.099902028844	7584.123761824767	-343.20093053730056
190743892.989696	22398761738.711975	218966419459.45734	10508994874.489435	-22025.101381365115	7574.347028395154	-343.6705642262395
190747492.989696	22319469576.775356	218993669512.60294	10507756815.38158	-22026.099061482415	7564.571604055102	-344.140021918865
190751092.989696	22240173830.026173	219020884376.57822	10506517066.542782	-22027.09294420695	7554.797489451574	-344.6093036437724
190754692.989696	22160874512.13175	219048064056.09943	10505275628.606472	-22028.083031363883	7545.024685230376	-345.0784094295789
190758292.989696	22081571636.752846	219075208555.8851	10504032502.20598	-22029.069324777334	7535.253192036169	-345.54733930492324
190761892.989696	22002265217.543655	219102317880.6561	10502787687.974533	-22030.051826270377	7525.483010512464	-346.0160932984658
190765492.989696	21922955268.151814	219129392035.13556	10501541186.545254	-22031.03053766505	7515.714141301625	-346.48467143888865
190769092.989696	21843641802.2184	219156431024.049	10500292998.551163	-22032.005460782344	7505.946585044874	-346.95307375489523
190772692.989696	21764324833.37793	219183434852.1242	10499043124.625174	-22032.97659744221	7496.180342382287	-347.42130027521046
190776292.989696	21685004375.25838	219210403524.09125	10497791565.4001	-22033.943949463563	7486.415413952799	-347.8893510285807
190779892.989696	21605680441.48118	219237337044.68253	10496538321.508654	-22034.907518664262	7476.6518003942065	-348.3572260437736
190783492.989696	21526353045.661205	219264235418.6327	10495283393.583437	-22035.86730686114	7466.889502343166	-348.8249253495781
190787092.989696	21447022201.406807	219291098650.67874	10494026782.256952	-22036.823315869977	7457.128520435198	-349.2924489748044
190790692.989696	21367687922.31979	219317926745.55994	10492768488.1616	-22037.77554750552	7447.368855304686	-349.7597969482839
190794292.989696	21288350221.995438	219344719708.01782	10491508511.929672	-22038.724003581472	7437.610507584882	-350.22696929886905
190797892.989696	21209009114.0225	219371477542.7962	10490246854.193361	-22039.668685910496	7427.853477907904	-350.69396605543335
190801492.989696	21129664611.983204	219398200254.64117	10488983515.584751	-22040.609596304213	7418.09776690474	-351.16078724687134
190805092.989696	21050316729.45326	219424887848.3011	10487718496.735826	-22041.546736573207	7408.34337520525	-351.6274329020985
190808692.989696	20970965480.001854	219451540328.52658	10486451798.278465	-22042.480108527023	7398.590303438164	-352.0939030500513
190812292.989696	20891610877.19167	219478157700.07053	10485183420.84444	-22043.40971397416	7388.838552231087	-352.5601977196869
190815892.989696	20812252934.578876	219504739967.68808	10483913365.065422	-22044.335554722085	7379.088122210503	-353.0263169399834
190819492.989696	20732891665.713142	219531287136.13663	10482641631.572977	-22045.257632577224	7369.339014001766	-353.4922607399396
190823092.989696	20653527084.137627	219557799210.1758	10481368220.998564	-22046.17594934496	7359.5912282291165	-353.95802914857484
190826692.989696	20574159203.388996	219584276194.56754	10480093133.973541	-22047.09050682964	7349.844765515669	-354.4236221949293
190830292.989696	20494788036.99743	219610718094.07593	10478816371.12916	-22048.001306834572	7340.099626483423	-354.8890399080636
190833892.989696	20415413598.486603	219637124913.46738	10477537933.096567	-22048.908351162027	7330.35581175326	-355.3542823170589
190837492.989696	20336035901.373714	219663496657.51047	10476257820.506807	-22049.811641613232	7320.613321944948	-355.8193494510169
190841092.989696	20256654959.16948	219689833330.97604	10474976033.990816	-22050.711179988386	7310.872157677141	-356.28424133905963
190844692.989696	20177270785.37813	219716134938.63715	10473692574.179426	-22051.606968086642	7301.132319567379	-356.7489580103296
190848292.989696	20097883393.497433	219742401485.26907	10472407441.703367	-22052.49900770612	7291.393808232094	-357.2134994939895
190851892.989696	20018492797.01867	219768632975.6493	10471120637.19326	-22053.3873006439	7281.6566242866065	-357.6778658192224
190855492.989696	19939099009.426662	219794829414.55753	10469832161.279623	-22054.271848696026	7271.920768345132	-358.1420570152315
190859092.989696	19859702044.199768	219820990806.7757	10468542014.59287	-22055.152653657504	7262.18624102078	-358.60607311124016
190862692.989696	19780301914.809883	219847117157.08795	10467250197.763308	-22056.029717322304	7252.453042925554	-359.06991413649195
190866292.989696	19700898634.72245	219873208470.28058	10465956711.421137	-22056.903041483365	7242.721174670355	-359.53358012025035
190869892.989696	19621492217.396458	219899264751.14212	10464661556.196455	-22057.77262793258	7232.9906368649845	-359.99707109179894
190873492.989696	19542082676.284443	219925286004.4633	10463364732.719255	-22058.63847846081	7223.261430118142	-360.46038708044125
190877092.989696	19462670024.832497	219951272235.037	10462066241.619421	-22059.50059485788	7213.53355503743	-360.92352811550063
190880692.989696	19383254276.480274	219977223447.6583	10460766083.526733	-22060.35897891258	7203.807012229355	-361.3864942263204
190884292.989696	19303835444.66099	220003139647.12448	10459464259.070866	-22061.213632412666	7194.081802299325	-361.8492854422636
190887892.989696	19224413542.801426	220029020838.23502	10458160768.881388	-22062.06455714486	7184.357925851659	-362.31190179271294
190891492.989696	19144988584.321926	220054867025.7915	10456855613.58776	-22062.91175489484	7174.635383489581	-362.77434330707104
190895092.989696	19065560582.636417	220080678214.59775	10455548793.819344	-22063.755227447262	7164.914175815224	-363.23661001476
190898692.989696	18986129551.1524	220106454409.45972	10454240310.205387	-22064.594976585737	7155.194303429633	-363.6987019452216
190902292.989696	18906695503.270958	220132195615.18552	10452930163.375036	-22065.431004092847	7145.4757669327655	-364.16061912791713
190905892.989696	18827258452.386753	220157901836.58542	10451618353.957329	-22066.26331175014	7135.758566923492	-364.6223615923273
190909492.989696	18747818411.88804	220183573078.47186	10450304882.581198	-22067.091901338124	7126.042703999599	-365.0839293679524
190913092.989696	18668375395.156666	220209209345.65942	10448989749.875471	-22067.916774636284	7116.32817875779	-365.54532248431195
190916692.989696	18588929415.568073	220234810642.96484	10447672956.468866	-22068.737933423065	7106.614991793685	-366.00654097094497
190920292.989696	18509480486.491302	220260376975.20697	10446354502.99	-22069.555379475878	7096.903143701826	-366.4675848574097
190923892.989696	18430028621.288998	220285908347.20685	10445034390.067377	-22070.369114571105	7087.192635075676	-366.92845417328357
190927492.989696	18350573833.31741	220311404763.7876	10443712618.329401	-22071.179140484095	7077.483466507621	-367.3891489481633
190931092.989696	18271116135.926403	220336866229.77448	10442389188.404364	-22071.985458989162	7067.775638588972	-367.8496692116648
190934692.989696	18191655542.45945	220362292749.9949	10441064100.920454	-22072.788071859588	7058.069151909963	-368.3100149934228
190938292.989696	18112192066.253647	220387684329.2784	10439737356.505753	-22073.586980867625	7048.364007059758	-368.7701863230913
190941892.989696	18032725720.63971	220413040972.45663	10438408955.788235	-22074.382187784493	7038.660204626449	-369.2301832303433
190945492.989696	17953256518.941982	220438362684.36334	10437078899.395765	-22075.173694380377	7028.957745197058	-369.6900057448706
190949092.989696	17873784474.47843	220463649469.83438	10435747187.956106	-22075.961502424438	7019.256629357541	-370.14965389638394
190952692.989696	17794309600.560665	220488901333.70773	10434413822.09691	-22076.745613684798	7009.556857692784	-370.60912771461295
190956292.989696	17714831910.49392	220514118280.8235	10433078802.445724	-22077.526029928555	6999.858430786611	-371.06842722930605
190959892.989696	17635351417.57708	220539300316.0238	10431742129.629988	-22078.302752921772	6990.16134922178	-371.52755247023043
190963492.989696	17555868135.102665	220564447444.15298	10430403804.27703	-22079.075784429486	6980.465613579989	-371.9865034671719
190967092.989696	17476382076.356853	220589559670.05737	10429063827.01408	-22079.8451262157	6970.771224441872	-372.44528024993485
190970692.989696	17396893254.619465	220614636998.58545	10427722198.468252	-22080.61078004339	6961.078182387007	-372.90388284834245
190974292.989696	17317401683.16398	220639679434.58774	10426378919.266558	-22081.3727476745	6951.386487993913	-373.36231129223626
190977892.989696	17237907375.25753	220664686982.91687	10425033990.035898	-22082.131030869947	6941.696141840053	-373.82056561147647
190981492.989696	17158410344.160925	220689659648.42755	10423687411.403069	-22082.885631389618	6932.007144501836	-374.2786458359417
190985092.989696	17078910603.128626	220714597435.97656	10422339183.994757	-22083.63655099237	6922.3194965546145	-374.7365519955289
190988692.989696	16999408165.408772	220739500350.42273	10420989308.437542	-22084.383791436034	6912.633198572694	-375.19428412015344
190992292.989696	16919903044.24317	220764368396.62695	10419637785.357897	-22085.127354477412	6902.948251129326	-375.651842239749
190995892.989696	16840395252.86731	220789201579.4522	10418284615.382185	-22085.867241872274	6893.264654796715	-376.10922638426746
190999492.989696	16760884804.510359	220813999903.76352	10416929799.136663	-22086.60345537537	6883.5824101460175	-376.56643658367904
191003092.989696	16681371712.395172	220838763374.42798	10415573337.24748	-22087.335996740418	6873.901517747345	-377.02347286797203
191006692.989696	16601855989.73829	220863491996.3147	10414215230.340675	-22088.064867720106	6864.221978169762	-377.48033526715295
191010292.989696	16522337649.749949	220888185774.29486	10412855479.042183	-22088.790070066098	6854.543791981294	-377.9370238112463
191013892.989696	16442816705.634075	220912844713.2417	10411494083.977825	-22089.51160552903	6844.8669597489215	-378.3935385302947
191017492.989696	16363293170.5883	220937468818.0305	10410131045.77332	-22090.229475858516	6835.191482038587	-378.8498794543586
191021092.989696	16283767057.803957	220962058093.53848	10408766365.054272	-22090.943682803136	6825.517359415194	-379.30604661351657
191024692.989696	16204238380.466084	220986612544.64505	10407400042.446184	-22091.65422811045	6815.844592442608	-379.76204003786506
191028292.989696	16124707151.753431	221011132176.23154	10406032078.574446	-22092.361113526986	6806.17318168366	-380.2178597575183
191031892.989696	16045173384.838465	221035616993.1813	10404662474.06434	-22093.06434079825	6796.503127700147	-380.6735058026083
191035492.989696	15965637092.887365	221060067000.37976	10403291229.54104	-22093.763911668724	6786.834431052833	-381.12897820328493
191039092.989696	15886098289.060038	221084482202.71436	10401918345.629614	-22094.459827881867	6777.167092301449	-381.5842769897157
191042692.989696	15806556986.510113	221108862605.0745	10400543822.955015	-22095.152091180105	6767.501112004698	-382.03940219208584
191046292.989696	15727013198.384949	221133208212.35162	10399167662.142096	-22095.840703304846	6757.836490720256	-382.4943538405982
191049892.989696	15647466937.825638	221157519029.43918	10397789863.815592	-22096.525665996473	6748.173229004768	-382.94913196547316
191053492.989696	15567918217.967007	221181795061.2326	10396410428.600136	-22097.20698099434	6738.511327413856	-383.40373659694865
191057092.989696	15488367051.937624	221206036312.62936	10395029357.120249	-22097.88465003678	6728.850786502118	-383.8581677652801
191060692.989696	15408813452.859802	221230242788.5289	10393646650.000345	-22098.558674861106	6719.19160682313	-384.3124255007404
191064292.989696	15329257433.849602	221254414493.83264	10392262307.864727	-22099.229057203604	6709.533788929446	-384.7665098336198
191067892.989696	15249699008.016832	221278551433.444	10390876331.33759	-22099.895798799535	6699.8773333725985	-385.220420794226
191071492.989696	15170138188.46506	221302653612.2684	10389488721.043018	-22100.55890138314	6690.222240703105	-385.6741584128839
191075092.989696	15090574988.291609	221326721035.2132	10388099477.60499	-22101.218366687644	6680.568511470464	-386.12772271993566
191078692.989696	15011009420.587564	221350753707.18777	10386708601.647371	-22101.874196445235	6670.916146223158	-386.5811137457407
191082292.989696	14931441498.43778	221374751633.10345	10385316093.79392	-22102.526392387088	6661.265145508658	-387.0343315206756
191085892.989696	14851871234.92088	221398714817.87354	10383921954.668287	-22103.174956243358	6651.61550987342	-387.48737607513414
191089492.989696	14772298643.109257	221422643266.4133	10382526184.894009	-22103.819889743172	6641.96723986289	-387.94024743952707
191093092.989696	14692723736.069084	221446536983.63995	10381128785.094515	-22104.46119461464	6632.320336021505	-388.3929456442823
191096692.989696	14613146526.860313	221470395974.47272	10379729755.893126	-22105.09887258485	6622.674798892692	-388.8454707198446
191100292.989696	14533567028.536684	221494220243.8327	10378329097.913052	-22105.73292537987	6613.030629018872	-389.2978226966759
191103892.989696	14453985254.14572	221518009796.643	10376926811.777391	-22106.36335472475	6603.387826941461	-389.7500016052548
191107492.989696	14374401216.728737	221541764637.82867	10375522898.109138	-22106.99016234351	6593.74639320087	-390.2020074760769
191111092.989696	14294814929.32085	221565484772.3167	10374117357.531172	-22107.613349959163	6584.106328336509	-390.6538403396546
191114692.989696	14215226404.95097	221589170205.036	10372710190.666264	-22108.232919293696	6574.467632886785	-391.1055002265171
191118292.989696	14135635656.64181	221612820940.91745	10371301398.137075	-22108.848872068073	6564.8303073891075	-391.55698716721037
191121892.989696	14056042697.40989	221636436984.8938	10369890980.566158	-22109.461210002246	6555.194352379885	-392.008301192297
191125492.989696	13976447540.26554	221660018341.8998	10368478938.575953	-22110.069934815147	6545.559768394531	-392.4594423323562
191129092.989696	13896850198.212904	221683565016.8721	10367065272.78879	-22110.675048224683	6535.926555967463	-392.910410617984
191132692.989696	13817250684.249945	221707077014.74927	10365649983.82689	-22111.276551947747	6526.294715632105	-393.3612060797927
191136292.989696	13737649011.368444	221730554340.4718	10364233072.312366	-22111.87444770022	6516.664247920888	-393.81182874841136
191139892.989696	13658045192.55401	221753996998.9821	10362814538.867218	-22112.468737196952	6507.03515336525	-394.26227865448544
191143492.989696	13578439240.786077	221777404995.22446	10361394384.113333	-22113.05942215179	6497.407432495643	-394.71255582867684
191147092.989696	13498831169.037912	221800778334.1451	10359972608.672493	-22113.64650427755	6487.781085841528	-395.16266030166395
191150692.989696	13419220990.276619	221824117020.6922	10358549213.166367	-22114.229985286038	6478.156113931379	-395.61259210414136
191154292.989696	13339608717.46314	221847421059.81573	10357124198.21651	-22114.80986688805	6468.532517292686	-396.06235126682014
191157892.989696	13259994363.552261	221870690456.46765	10355697564.444376	-22115.38615079335	6458.910296451954	-396.5119378204276
191161492.989696	13180377941.492615	221893925215.60178	10354269312.471298	-22115.9588387107	6449.2894519347055	-396.9613517957072
191165092.989696	13100759464.22668	221917125342.1738	10352839442.918505	-22116.527932347835	6439.669984265481	-397.4105932234187
191168692.989696	13021138944.690798	221940290841.14133	10351407956.40711	-22117.093433411483	6430.05189396784	-397.85966213433795
191172292.989696	12941516395.815159	221963421717.46384	10349974853.55812	-22117.655343607352	6420.435181564368	-398.30855855925705
191175892.989696	12861891830.52382	221986517976.1027	10348540134.99243	-22118.213664640134	6410.819847576668	-398.75728252898404
191179492.989696	12782265261.734701	222009579622.02112	10347103801.330822	-22118.76839821351	6401.20589252537	-399.2058340743431
191183092.989696	12702636702.35959	222032606660.18423	10345665853.193968	-22119.319546030143	6391.593316930129	-399.6542132261743
191186692.989696	12623006165.30415	222055599095.559	10344226291.202429	-22119.867109791685	6381.982121309628	-400.1024200153338
191190292.989696	12543373663.467915	222078556933.11426	10342785115.976656	-22120.41109119877	6372.372306181578	-400.55045447269356
191193892.989696	12463739209.744303	222101480177.8207	10341342328.136988	-22120.95149195102	6362.763872062719	-400.9983166291415
191197492.989696	12384102817.020615	222124368834.65094	10339897928.30365	-22121.488313747042	6353.1568194688225	-401.4460065155815
191201092.989696	12304464498.178036	222147222908.57935	10338451917.096762	-22122.021558284436	6343.551148914693	-401.8935241629329
191204692.989696	12224824266.091642	222170042404.58218	10337004295.136326	-22122.55122725978	6333.946860914169	-402.3408696021312
191208292.989696	12145182133.630405	222192827327.6376	10335555063.042238	-22123.077322368645	6324.343955980124	-402.78804286412736
191211892.989696	12065538113.657194	222215577682.72556	10334104221.43428	-22123.599845305587	6314.742434624467	-403.23504397988813
191215492.989696	11985892219.02878	222238293474.82782	10332651770.932121	-22124.118797764153	6305.142297358148	-403.68187298039584
191219092.989696	11906244462.595837	222260974708.92804	10331197712.155321	-22124.634181436875	6295.543544691155	-404.1285298966485
191222692.989696	11826594857.202948	222283621390.01172	10329742045.723328	-22125.145998015276	6285.946177132515	-404.57501475965967
191226292.989696	11746943415.68861	222306233523.06613	10328284772.255478	-22125.654249189865	6276.3501951903	-405.0213276004584
191229892.989696	11667290150.885237	222328811113.08044	10326825892.370995	-22126.158936650143	6266.755599371624	-405.4674684500893
191233492.989696	11587635075.61916	222351354165.04556	10325365406.68899	-22126.660062084597	6257.162390182647	-405.9134373396124
191237092.989696	11507978202.710634	222373862683.9543	10323903315.828465	-22127.157627180703	6247.570568128574	-406.35923430010314
191240692.989696	11428319544.97384	222396336674.80127	10322439620.408306	-22127.651633624933	6237.98013371366	-406.8048593626523
191244292.989696	11348659115.216894	222418776142.58282	10320974321.047293	-22128.142083102743	6228.391087441205	-407.250312558366
191247892.989696	11268996926.24184	222441181092.2972	10319507418.364088	-22128.628977298584	6218.8034298135635	-407.6955939183657
191251492.989696	11189332990.844664	222463551528.94446	10318038912.977245	-22129.11231789589	6209.21716133214	-408.14070347378816
191255092.989696	11109667321.81529	222485887457.52637	10316568805.505205	-22129.5921065771	6199.632282497392	-408.58564125578533
191258692.989696	11029999931.937592	222508188883.0466	10315097096.566296	-22130.06834502363	6190.048793808833	-409.0304072955243
191262292.989696	10950330833.989386	222530455810.51056	10313623786.778732	-22130.541034915892	6180.46669576503	-409.4750016241873
191265892.989696	10870660040.742447	222552688244.92548	10312148876.760618	-22131.010177933294	6170.885988863609	-409.9194242729718
191269492.989696	10790987564.962502	222574886191.30035	10310672367.129946	-22131.475775754236	6161.306673601254	-410.36367527309017
191273092.989696	10711313419.409239	222597049654.64597	10309194258.504593	-22131.937830056104	6151.72875047371	-410.80775465576994
191276692.989696	10631637616.83631	222619178639.9749	10307714551.502327	-22132.396342515283	6142.152219975781	-411.2516624522536
191280292.989696	10551960169.99133	222641273152.30154	10306233246.740803	-22132.851314807147	6132.577082601336	-411.6953986937986
191283892.989696	10472281091.615889	222663333196.642	10304750344.83756	-22133.302748606064	6123.003338843307	-412.13896341167737
191287492.989696	10392600394.445549	222685358778.01416	10303265846.41003	-22133.750645585398	6113.430989193692	-412.58235663717716
191291092.989696	10312918091.20985	222707349901.4377	10301779752.075527	-22134.195007417507	6103.860034143555	-413.02557840160017
191294692.989696	10233234194.632315	222729306571.9341	10300292062.451254	-22134.63583577374	6094.290474183029	-413.4686287362633
191298292.989696	10153548717.430447	222751228794.52655	10298802778.154303	-22135.073132324444	6084.7223098013155	-413.9115076724984
191301892.989696	10073861672.315742	222773116574.24	10297311899.801651	-22135.506898738957	6075.155541486688	-414.3542152416518
191305492.989696	9994173071.993689	222794969916.10114	10295819428.010164	-22135.937136685614	6065.590169726491	-414.7967514750848
191309092.989696	9914482929.163767	222816788825.13846	10294325363.396595	-22136.363847831744	6056.026195007143	-415.2391164041734
191312692.989696	9834791256.51946	222838573306.3822	10292829706.577581	-22136.787033843677	6046.463617814137	-415.681310060308
191316292.989696	9755098066.748255	222860323364.86432	10291332458.169651	-22137.206696386733	6036.902438632043	-416.1233324748939
191319892.989696	9675403372.531641	222882039005.61853	10289833618.789215	-22137.622837125225	6027.3426579445095	-416.5651836793508
191323492.989696	9595707186.545122	222903720233.6803	10288333189.052574	-22138.035457722475	6017.784276234261	-417.006863705113
191327092.989696	9516009521.458214	222925367054.0868	10286831169.575914	-22138.444559840787	6008.227293983104	-417.4483725836293
191330692.989696	9436310389.93445	222946979471.87692	10285327560.975311	-22138.850145141474	5998.671711671926	-417.88971034636296
191334292.989696	9356609804.631384	222968557492.09134	10283822363.866722	-22139.25221528484	5989.117529780698	-418.33087702479173
191337892.989696	9276907778.200596	222990101119.77243	10282315578.865995	-22139.650771930188	5979.564748788475	-418.7718726504078
191341492.989696	9197204323.287693	223011610359.96426	10280807206.588865	-22140.04581673582	5970.013369173399	-419.21269725471757
191345092.989696	9117499452.532316	223033085217.71268	10279297247.65095	-22140.437351359033	5960.463391412695	-419.653350869242
191348692.989696	9037793178.56814	223054525698.06522	10277785702.667757	-22140.825377456124	5950.91481598268	-420.0938335255162
191352292.989696	8958085514.022877	223075931806.0711	10276272572.254679	-22141.20989668239	5941.367643358759	-420.53414525508964
191355892.989696	8878376471.518286	223097303546.7813	10274757857.026995	-22141.590910692128	5931.821874015427	-420.974286089526
191359492.989696	8798666063.67017	223118640925.2485	10273241557.59987	-22141.96842113863	5922.277508426273	-421.41425606040315
191363092.989696	8718954303.08838	223139943946.52704	10271723674.588358	-22142.34242967419	5912.734547063978	-421.8540551993132
191366692.989696	8639241202.376827	223161212615.673	10270204208.607395	-22142.712937950106	5903.19299040032	-422.2936835378624
191370292.989696	8559526774.1334715	223182446937.74414	10268683160.271807	-22143.079947616672	5893.65283890617	-422.7331411076711
191373892.989696	8479811030.950339	223203646917.7999	10267160530.196304	-22143.443460323182	5884.114093051498	-423.1724279403736
191377492.989696	8400093985.413519	223224812560.90143	10265636318.995483	-22143.80347771793	5874.576753305372	-423.6115440676184
191381092.989696	8320375650.103168	223245943872.11157	10264110527.283827	-22144.160001448217	5865.040820135962	-424.050489521068
191384692.989696	8240656037.5935135	223267040856.49484	10262583155.675703	-22144.51303316034	5855.506294010538	-424.4892643323988
191388292.989696	8160935160.452861	223288103519.11746	10261054204.785366	-22144.8625744996	5845.973175395472	-424.92786853330125
191391892.989696	8081213031.243591	223309131865.04727	10259523675.226957	-22145.208627110296	5836.441464756242	-425.3663021554796
191395492.989696	8001489662.522169	223330125899.35382	10257991567.614504	-22145.55119263574	5826.911162557429	-425.8045652306521
191399092.989696	7921765066.839146	223351085627.10837	10256457882.561916	-22145.890272718236	5817.382269262722	-426.24265779055077
191402692.989696	7842039256.739161	223372011053.38376	10254922620.682993	-22146.225868999096	5807.854785334917	-426.68057986692145
191406292.989696	7762312244.760946	223392902183.25458	10253385782.591417	-22146.557983118633	5798.328711235921	-427.11833149152386
191409892.989696	7682584043.437333	223413759021.79703	10251847368.900759	-22146.886616716165	5788.80404742675	-427.5559126961314
191413492.989696	7602854665.295251	223434581574.08896	10250307380.224472	-22147.211771430015	5779.280794367532	-427.9933235125311
191417092.989696	7523124122.855733	223455369845.20993	10248765817.175898	-22147.533448897506	5769.758952517508	-428.4305639725239
191420692.989696	7443392428.633921	223476123840.2411	10247222680.36826	-22147.851650754972	5760.238522335035	-428.8676341079243
191424292.989696	7363659595.139067	223496843564.2653	10245677970.41467	-22148.166378637747	5750.719504277583	-429.3045339505604
191427892.989696	7283925634.874537	223517529022.367	10244131687.92813	-22148.47763418017	5741.201898801742	-429.741263532274
191431492.989696	7204190560.337818	223538180219.63232	10242583833.521515	-22148.78541901559	5731.685706363219	-430.1778228849203
191435092.989696	7124454384.020515	223558797161.14902	10241034407.807594	-22149.089734776353	5722.17092741684	-430.6142120403683
191438692.989696	7044717118.4083605	223579379852.00647	10239483411.399021	-22149.390583093824	5712.6575624165525	-431.0504310305002
191442292.989696	6964978775.9812155	223599928297.2957	10237930844.908335	-22149.687965598365	5703.145611815427	-431.48647988721194
191445892.989696	6885239369.213073	223620442502.10934	10236376708.947956	-22149.981883919347	5693.635076065658	-431.92235864241286
191449492.989696	6805498910.5720625	223640922471.54172	10234821004.130194	-22150.272339685147	5684.125955618562	-432.35806732802564
191453092.989696	6725757412.520453	223661368210.6887	10233263731.06724	-22150.55933452315	5674.618250924585	-432.79360597598645
191456692.989696	6646014887.514658	223681779724.6478	10231704890.371174	-22150.842870059747	5665.111962433298	-433.2289746182448
191460292.989696	6566271348.005235	223702157018.5182	10230144482.653957	-22151.122947920343	5655.607090593401	-433.66417328676357
191463892.989696	6486526806.436893	223722500097.4006	10228582508.52744	-22151.399569729343	5646.103635852727	-434.0992020135189
191467492.989696	6406781275.248497	223742808966.3974	10227018968.603352	-22151.672737110166	5636.601598658237	-434.5340608305002
191471092.989696	6327034766.873067	223763083630.61255	10225453863.493313	-22151.942451685238	5627.100979456025	-434.96874976971026
191474692.989696	6247287293.737784	223783324095.1516	10223887193.808825	-22152.208715075994	5617.60177869132	-435.40326886316495
191478292.989696	6167538868.263996	223803530365.12177	10222318960.161274	-22152.47152890288	5608.103996808486	-435.83761814289346
191481892.989696	6087789502.867217	223823702445.6318	10220749163.161934	-22152.730894785345	5598.607634251023	-436.27179764093813
191485492.989696	6008039209.957133	223843840341.79208	10219177803.421959	-22152.986814341857	5589.112691461569	-436.7058073893544
191489092.989696	5928288001.937606	223863944058.71457	10217604881.552391	-22153.23928918989	5579.619168881901	-437.13964742021085
191492692.989696	5848535891.2066765	223884013601.51282	10216030398.164156	-22153.488320945926	5570.127066952935	-437.57331776558914
191496292.989696	5768782890.156568	223904048975.30194	10214454353.868063	-22153.733911225463	5560.636386114731	-438.0068184575841
191499892.989696	5689029011.173688	223924050185.19867	10212876749.274807	-22153.97606164301	5551.14712680649	-438.44014952830344
191503492.989696	5609274266.638637	223944017236.32132	10211297584.994967	-22154.214773812084	5541.659289466557	-438.873311009868
191507092.989696	5529518668.926205	223963950133.78973	10209716861.639004	-22154.450049345214	5532.172874532424	-439.30630293441163
191510692.989696	5449762230.40538	223983848882.72537	10208134579.817268	-22154.681889853946	5522.687882440728	-439.73912533408105
191514292.989696	5370004963.439353	224003713488.25125	10206550740.13999	-22154.91029694883	5513.204313627253	-440.171778241036
191517892.989696	5290246880.385514	224023543955.49194	10204965343.217285	-22155.135272239437	5503.722168526935	-440.604261687449
191521492.989696	5210487993.595464	224043340289.5736	10203378389.659155	-22155.356817334345	5494.241447573859	-441.0365757055056
191525092.989696	5130728315.415012	224063102495.62396	10201789880.075481	-22155.57493384115	5484.76215120126	-441.46872032740407
191528692.989696	5050967858.184185	224082830578.77228	10200199815.076035	-22155.78962336646	5475.2842798415295	-441.9006955853556
191532292.989696	4971206634.237225	224102524544.14935	10198608195.270466	-22156.0008875159	5465.807833926209	-442.3325015115842
191535892.989696	4891444655.9025955	224122184396.88757	10197015021.26831	-22156.2087278941	5456.332813885999	-442.7641381383266
191539492.989696	4811681935.502988	224141810142.12088	10195420293.67899	-22156.413146104715	5446.859220150754	-443.1956054978323
191543092.989696	4731918485.355319	224161401784.98474	10193824013.111807	-22156.61414375041	5437.387053149488	-443.62690362236344
191546692.989696	4652154317.7707405	224180959330.61615	10192226180.175951	-22156.811722432863	5427.916313310373	-444.05803254419504
191550292.989696	4572389445.054638	224200482784.1537	10190626795.480494	-22157.005883752776	5418.447001060743	-444.4889922956147
191553892.989696	4492623879.506637	224219972150.73743	10189025859.634388	-22157.19662930986	5408.979116827093	-444.9197829089226
191557492.989696	4412857633.420605	224239427435.50897	10187423373.246475	-22157.383960702842	5399.512661035081	-445.35040441643173
191561092.989696	4333090719.084656	224258848643.6115	10185819336.925478	-22157.56787952947	5390.047634109527	-445.7808568504675
191564692.989696	4253323148.7811556	224278235780.1897	10184213751.28	-22157.748387386506	5380.584036474421	-446.211140243368
191568292.989696	4173554934.7867217	224297588850.38977	10182606616.918535	-22157.92548586973	5371.121868552916	-446.64125462748376
191571892.989696	4093786089.3722286	224316907859.35944	10180997934.449455	-22158.09917657394	5361.661130767334	-447.071200035178
191575492.989696	4014016624.8028116	224336192812.24796	10179387704.481016	-22158.269461092954	5352.201823539166	-447.5009764988263
191579092.989696	3934246553.33787	224355443714.2061	10177775927.621359	-22158.4363410196	5342.743947289075	-447.9305840508168
191582692.989696	3854475887.231071	224374660570.3861	10176162604.478506	-22158.59981794573	5333.287502436892	-448.36002272355006
191586292.989696	3774704638.7303524	224393843385.9418	10174547735.660366	-22158.759893462222	5323.832489401626	-448.7892925494392
191589892.989696	3694932820.0779266	224412992166.02847	10172931321.774729	-22158.91656915896	5314.378908601457	-449.2183935609096
191593492.989696	3615160443.510285	224432106915.80292	10171313363.429266	-22159.069846624854	5304.92676045374	-449.647325790399
191597092.989696	3535387521.258199	224451187640.42343	10169693861.231537	-22159.219727447835	5295.476045375009	-450.07608927035767
191600692.989696	3455614065.5467277	224470234345.0498	10168072815.78898	-22159.36621321485	5286.026763780973	-450.5046840332481
191604292.989696	3375840088.5952163	224489247034.84332	10166450227.70892	-22159.50930551187	5276.578916086522	-450.9331101115452
191607892.989696	3296065602.617304	224508225714.9668	10164826097.59856	-22159.649005923886	5267.132502705728	-451.36136753773604
191611492.989696	3216290619.820925	224527170390.58447	10163200426.064991	-22159.785316034908	5257.687524051842	-451.7894563443201
191615092.989696	3136515152.408314	224546081066.86212	10161573213.715185	-22159.91823742797	5248.243980537298	-452.2173765638091
191618692.989696	3056739212.576007	224564957748.96698	10159944461.155996	-22160.047771685127	5238.801872573715	-452.645128228727
191622292.989696	2976962812.514847	224583800442.06778	10158314168.994164	-22160.173920387453	5229.361200571897	-453.0727113716099
191625892.989696	2897185964.409987	224602609151.33472	10156682337.836308	-22160.29668511505	5219.9219649418355	-453.5001260250062
191629492.989696	2817408680.440893	224621383881.93948	10155048968.28893	-22160.416067447037	5210.484166092709	-453.92737222147633
191633092.989696	2737630972.781349	224640124639.0552	10153414060.958422	-22160.53206896156	5201.047804432883	-454.35444999359305
191636692.989696	2657852853.599458	224658831427.8565	10151777616.451048	-22160.644691235782	5191.612880369918	-454.7813593739412
191640292.989696	2578074335.057648	224677504253.51947	10150139635.372961	-22160.7539358459	5182.179394310561	-455.20810039511764
191643892.989696	2498295429.312674	224696143121.22165	10148500118.330194	-22160.859804367126	5172.747346660756	-455.6346730897315
191647492.989696	2418516148.515622	224714748036.14203	10146859065.928667	-22160.9622983737	5163.316737825638	-456.0610774904038
191651092.989696	2338736504.811913	224733319003.46106	10145216478.774178	-22161.061419438884	5153.887568209537	-456.4873136297678
191654692.989696	2258956510.3413053	224751856028.3607	10143572357.472408	-22161.157169134967	5144.459838215981	-456.91338154046866
191658292.989696	2179176177.237899	224770359116.02426	10141926702.628922	-22161.249549033262	5135.033548247695	-457.33928125516354
191661892.989696	2099395517.6301389	224788828271.6366	10140279514.849167	-22161.33856070411	5125.608698706603	-457.76501280652167
191665492.989696	2019614543.640819	224807263500.38394	10138630794.738472	-22161.42420571687	5116.185289993828	-458.1905762272243
191669092.989696	1939833267.387085	224825664807.454	10136980542.902048	-22161.50648563994	5106.763322509694	-458.61597154996457
191672692.989696	1860051700.980438	224844032198.03595	10135328759.94499	-22161.585402040735	5097.34279665373	-459.04119880744753
191676292.989696	1780269856.5267386	224862365677.32034	10133675446.472273	-22161.6609564857	5087.923712824666	-459.4662580323903
191679892.989696	1700487746.1262095	224880665250.4992	10132020603.088757	-22161.7331505403	5078.5060714204365	-459.89114925752165
191683492.989696	1620705381.8734396	224898930922.76596	10130364230.39918	-22161.80198576904	5069.089872838184	-460.31587251558244
191687092.989696	1540922775.8573873	224917162699.3155	10128706329.008165	-22161.86746373545	5059.6751174742585	-460.7404278393253
191690692.989696	1461139940.161384	224935360585.34412	10127046899.520218	-22161.929586002076	5050.261805724215	-461.16481526151483
191694292.989696	1381356886.8631382	224953524586.04953	10125385942.539724	-22161.988354130503	5040.849937982822	-461.5890348149273
191697892.989696	1301573628.0347376	224971654706.6309	10123723458.670954	-22162.043769681342	5031.4395146440565	-462.0130865323509
191701492.989696	1221790175.742654	224989750952.28873	10122059448.518055	-22162.09583421424	5022.030536101109	-462.4369704465855
191705092.989696	1142006542.0477462	225007813328.22504	10120393912.685062	-22162.144549287863	5012.623002746381	-462.8606865904429
191708692.989696	1062222739.0052633	225025841839.6432	10118726851.775888	-22162.18991645991	5003.216914971491	-463.28423499674653
191712292.989696	982438778.6648487	225043836491.748	10117058266.394331	-22162.23193728711	4993.812273167272	-463.70761569833155
191715892.989696	902654673.070543	225061797289.74564	10115388157.144068	-22162.27061332523	4984.409077723773	-464.13082872804495
191719492.989696	822870434.2607882	225079724238.84372	10113716524.628656	-22162.305946129054	4975.007329030264	-464.55387411874534
191723092.989696	743086074.2684305	225097617344.25122	10112043369.45154	-22162.337937252407	4965.607027475231	-464.97675190330307
191726692.989696	663301605.1207241	225115476611.17856	10110368692.216042	-22162.366588248144	4956.208173446381	-465.3994621146001
191730292.989696	583517038.8393347	225133302044.83752	10108692493.525364	-22162.39190066815	4946.810767330644	-465.82200478553017
191733892.989696	503732387.44034314	225151093650.44128	10107014773.982594	-22162.413876063343	4937.414809514173	-466.2443799489985
191737492.989696	423947662.93424845	225168851433.20444	10105335534.1907	-22162.43251598367	4928.020300382343	-466.66658763792213
191741092.989696	344162877.3259717	225186575398.34293	10103654774.752531	-22162.447821978116	4918.627240319755	-467.08862788522947
191744692.989696	264378042.6148594	225204265551.0741	10101972496.270817	-22162.459795594696	4909.235629710239	-467.5105007238607
191748292.989696	184593170.79468685	225221921896.61664	10100288699.34817	-22162.46843838046	4899.845468936849	-467.9322061867675
191751892.989696	104808273.85366175	225239544440.19067	10098603384.587082	-22162.47375188149	4890.45675838187	-468.3537443069132
191755492.989696	25023363.774427623	225257133187.0177	10096916552.58993	-22162.475737642908	4881.069498426816	-468.77511511727266
191759092.989696	-54761547.46593265	225274688142.32053	10095228203.95897	-22162.474397208858	4871.683689452432	-469.1963186508322
191762692.989696	-134546447.89589345	225292209311.3234	10093538339.296337	-22162.46973212253	4862.299331838697	-469.6173549405898
191766292.989696	-214331325.54948282	225309696699.25186	10091846959.20405	-22162.46174392614	4852.916425964822	-470.0382240195548
191769892.989696	-294116168.4662791	225327150311.3329	10090154064.28401	-22162.450434160946	4843.534972209254	-470.458925920748
191773492.989696	-373900964.69140744	225344570152.79477	10088459655.137995	-22162.435804367244	4834.154970949675	-470.87946067720196
191777092.989696	-453685702.27553624	225361956228.8672	10086763732.367668	-22162.417856084357	4824.776422563004	-471.2998283219605
191780692.989696	-533470369.27487385	225379308544.78113	10085066296.574572	-22162.39659085065	4815.3993274254	-471.72002888807896
191784292.989696	-613254953.7511649	225396627105.76898	10083367348.360128	-22162.372010203526	4806.023685912259	-472.1400624086241
191787892.989696	-693039443.7716869	225413911917.06448	10081666888.325644	-22162.344115679418	4796.649498398218	-472.55992891667415
191791492.989696	-772823827.4092469	225431162983.9027	10079964917.072304	-22162.3129088138	4787.276765257159	-472.9796284453187
191795092.989696	-852608092.742178	225448380311.52005	10078261435.201174	-22162.27839114119	4777.905486862203	-473.39916102765886
191798692.989696	-932392227.8543354	225465563905.15427	10076556443.3132	-22162.240564195134	4768.535663585718	-473.818526696807
191802292.989696	-1012176220.835094	225482713770.04446	10074849942.009212	-22162.199429508222	4759.167295799315	-474.2377254858869
191805892.989696	-1091960059.7793436	225499829911.43106	10073141931.88992	-22162.15498861208	4749.800383873854	-474.6567574280339
191809492.989696	-1171743732.7874866	225516912334.55585	10071432413.555908	-22162.107243037375	4740.434928179441	-475.07562255639453
191813092.989696	-1251527227.965434	225533961044.6619	10069721387.60765	-22162.05619431381	4731.070929085431	-475.4943209041267
191816692.989696	-1331310533.424602	225550976046.99362	10068008854.645496	-22162.001843970127	4721.708386960429	-475.91285250439967
191820292.989696	-1411093637.2819083	225567957346.7968	10066294815.269676	-22161.944193534116	4712.347302172293	-476.33121739039404
191823892.989696	-1490876527.659769	225584904949.3185	10064579270.080303	-22161.8832445326	4702.98767508813	-476.74941559530174
191827492.989696	-1570659192.6860955	225601818859.80713	10062862219.677368	-22161.818998491442	4693.629506074304	-477.16744715232596
191831092.989696	-1650441620.4942899	225618699083.51236	10061143664.660744	-22161.751456935548	4684.272795496431	-477.5853120946812
191834692.989696	-1730223799.2232425	225635545625.68524	10059423605.630184	-22161.680621388867	4674.917543719384	-478.00301045559337
191838292.989696	-1810005717.0173283	225652358491.57812	10057702043.185322	-22161.606493374387	4665.563751107293	-478.42054226829947
191841892.989696	-1889787362.0264032	225669137686.44464	10055978977.92567	-22161.52907441414	4656.211418023545	-478.8379075660479
191845492.989696	-1969568722.4058006	225685883215.53976	10054254410.450624	-22161.44836602919	4646.860544830788	-479.25510638209823
191849092.989696	-2049349786.316328	225702595084.11972	10052528341.359457	-22161.364369739666	4637.511131890929	-479.67213874972134
191852692.989696	-2129130541.9242637	225719273297.4421	10050800771.251324	-22161.27708706472	4628.163179565137	-480.0890047021993
191856292.989696	-2208910977.4013534	225735917860.76578	10049071700.72526	-22161.18651952255	4618.816688213845	-480.5057042728254
191859892.989696	-2288691080.924806	225752528779.35086	10047341130.380178	-22161.09266863041	4609.471658196748	-480.9222374949043
191863492.989696	-2368470840.677292	225769106058.45883	10045609060.814875	-22160.995535904578	4600.128089872806	-481.3386044017517
191867092.989696	-2448250244.846937	225785649703.35242	10043875492.628023	-22160.895122860395	4590.785983600248	-481.75480502669456
191870692.989696	-2528029281.627322	225802159719.29565	10042140426.41818	-22160.791431012236	4581.445339736568	-482.170839403071
191874292.989696	-2607807939.217477	225818636111.55383	10040403862.78378	-22160.684461873527	4572.106158638528	-482.5867075642304
191877892.989696	-2687586205.821878	225835078885.3936	10038665802.323135	-22160.574216956735	4562.768440662161	-483.00240954353313
191881492.989696	-2767364069.6504455	225851488046.08276	10036926245.634443	-22160.46069777337	4553.432186162771	-483.417945374351
191885092.989696	-2847141518.918539	225867863598.89053	10035185193.315779	-22160.343905833997	4544.097395494934	-483.83331509006683
191888692.989696	-2926918541.846955	225884205549.08734	10033442645.965094	-22160.223842648218	4534.764069012497	-484.2485187240746
191892292.989696	-3006695126.661921	225900513901.9449	10031698604.180223	-22160.10050972469	4525.432207068584	-484.66355630977944
191895892.989696	-3086471261.5950966	225916788662.7361	10029953068.558882	-22159.973908571108	4516.1018100155925	-485.0784278805977
191899492.989696	-3166246934.8835654	225933029836.7353	10028206039.698662	-22159.84404069422	4506.772878205198	-485.4931334699568
191903092.989696	-3246022134.769834	225949237429.2179	10026457518.197037	-22159.710907599823	4497.445411988353	-485.9076731112952
191906692.989696	-3325796849.5018287	225965411445.46072	10024707504.651358	-22159.574510792758	4488.119411715289	-486.3220468380627
191910292.989696	-3405571067.332891	225981551890.7418	10022955999.65886	-22159.434851776918	4478.794877735518	-486.73625468372
191913892.989696	-3485344776.5217752	225997658770.3404	10021203003.816652	-22159.29193205524	4469.471810397832	-487.15029668173906
191917492.989696	-3565117965.332644	226013732089.53705	10019448517.721727	-22159.14575312971	4460.150210050307	-487.5641728656029
191921092.989696	-3644890622.0350657	226029771853.61356	10017692541.970957	-22158.99631650137	4450.8300770403	-487.9778832688057
191924692.989696	-3724662734.904011	226045778067.85297	10015935077.161089	-22158.843623670302	4441.511411714455	-488.3914279248527
191928292.989696	-3804434292.2198477	226061750737.53955	10014176123.888754	-22158.687676135647	4432.1942144187005	-488.80480686726014
191931892.989696	-3884205282.268341	226077689867.95883	10012415682.75046	-22158.52847539559	4422.878485498252	-489.2180201295555
191935492.989696	-3963975693.3406463	226093595464.39758	10010653754.342596	-22158.366022947368	4413.564225297614	-489.6310677452773
191939092.989696	-4043745513.733308	226109467532.14383	10008890339.261429	-22158.200320287273	4404.251434160577	-490.0439497479751
191942692.989696	-4123514731.748255	226125306076.48682	10007125438.103106	-22158.031368910644	4394.940112430227	-490.4566661712096
191946292.989696	-4203283335.6927977	226141111102.717	10005359051.463652	-22157.85917031187	4385.630260448936	-490.86921704855257
191949892.989696	-4283051313.879626	226156882616.12616	10003591179.93897	-22157.683725984396	4376.321878558371	-491.2816024135869
191953492.989696	-4362818654.626802	226172620622.00717	10001821824.124847	-22157.505037420717	4367.014967099494	-491.69382229990646
191957092.989696	-4442585346.257762	226188325125.6542	10000050984.616945	-22157.32310611238	4357.709526412559	-492.1058767411163
191960692.989696	-4522351377.101307	226203996132.36267	9998278662.010805	-22157.137933549988	4348.405556837118	-492.5177657708324
191964292.989696	-4602116735.491605	226219633647.42917	9996504856.901848	-22156.949521223196	4339.103058712018	-492.92948942268197
191967892.989696	-4681881409.768184	226235237676.15155	9994729569.885374	-22156.75787062071	4329.802032375405	-493.34104773030316
191971492.989696	-4761645388.2759285	226250808223.82883	9992952801.556562	-22156.56298323029	4320.502478164727	-493.75244072734523
191975092.989696	-4841408659.36508	226266345295.7613	9991174552.51047	-22156.364860538753	4311.204396416728	-494.1636684474685
191978692.989696	-4921171211.391229	226281848897.2504	9989394823.342031	-22156.16350403197	4301.907787467455	-494.57473092434446
191982292.989696	-5000933032.715313	226297319033.59882	9987613614.646065	-22155.958915194868	4292.612651652258	-494.98562819165545
191985892.989696	-5080694111.703615	226312755710.11044	9985830927.017263	-22155.751095511423	4283.318989305792	-495.39636028309496
191989492.989696	-5160454436.727758	226328158932.09036	9984046761.050198	-22155.540046464677	4274.026800762013	-495.8069272323676
191993092.989696	-5240213996.164703	226343528704.84488	9982261117.33932	-22155.325769536717	4264.736086354188	-496.21732907318903
191996692.989696	-5319972778.396743	226358865033.6815	9980473996.47896	-22155.108266208696	4255.446846414887	-496.6275658392858
192000292.989696	-5399730771.8115015	226374167923.90884	9978685399.063326	-22154.887537960814	4246.15908127599	-497.03763756439577
192003892.989696	-5479487964.801931	226389437380.83682	9976895325.686504	-22154.663586272338	4236.872791268685	-497.4475442822677
192007492.989696	-5559244345.766308	226404673409.77652	9975103776.942461	-22154.436412621584	4227.587976723473	-497.8572860266614
192011092.989696	-5638999903.108225	226419876016.0402	9973310753.42504	-22154.20601848593	4218.304637970164	-498.26686283134785
192014692.989696	-5718754625.236596	226435045204.94125	9971516255.727962	-22153.97240534181	4209.02277533788	-498.67627473010896
192018292.989696	-5798508500.565646	226450180981.79434	9969720284.44483	-22153.73557466472	4199.742389155061	-499.0855217567377
192021892.989696	-5878261517.514912	226465283351.91528	9967922840.16912	-22153.495527929208	4190.463479749456	-499.4946039450382
192025492.989696	-5958013664.509234	226480352320.62106	9966123923.494192	-22153.252266608888	4181.1860474481355	-499.9035213288256
192029092.989696	-6037764929.978761	226495387893.22983	9964323535.013279	-22153.00579217643	4171.910092577483	-500.31227394192615
192032692.989696	-6117515302.358936	226510390075.0609	9962521675.319494	-22152.756106103567	4162.635615463202	-500.7208618181771
192036292.989696	-6197264770.090503	226525358871.43484	9960718345.00583	-22152.503209861083	4153.362616430315	-501.1292849914269
192039892.989696	-6277013321.619496	226540294287.6733	9958913544.66516	-22152.24710491883	4144.091095803165	-501.53754349553486
192043492.989696	-6356760945.397242	226555196329.09912	9957107274.890226	-22151.987792745727	4134.821053905417	-501.94563736437146
192047092.989696	-6436507629.88035	226570065001.0363	9955299536.273659	-22151.725274809738	4125.552491060057	-502.3535666318183
192050692.989696	-6516253363.530717	226584900308.81	9953490329.407959	-22151.459552577897	4116.2854075893965	-502.7613313317681
192054292.989696	-6595998134.8155155	226599702257.74658	9951679654.88551	-22151.190627516302	4107.019803815071	-503.1689314981245
192057892.989696	-6675741932.207197	226614470853.1735	9949867513.29857	-22150.91850109011	4097.755680058043	-503.57636716480243
192061492.989696	-6755484744.183484	226629206100.4194	9948053905.23928	-22150.64317476354	4088.4930366386006	-503.98363836572787
192065092.989696	-6835226559.22737	226643908004.8141	9946238831.299656	-22150.364649999872	4079.23187387636	-504.3907451348378
192068692.989696	-6914967365.827114	226658576571.68848	9944422292.071589	-22150.082928261454	4069.9721920902684	-504.7976875060804
192072292.989696	-6994707152.476237	226673211806.3747	9942604288.146849	-22149.798011009698	4060.7139915986018	-505.20446551341496
192075892.989696	-7074445907.673521	226687813714.20593	9940784820.117086	-22149.50989970507	4051.457272718968	-505.6110791908118
192079492.989696	-7154183619.923002	226702382300.51657	9938963888.57383	-22149.21859580711	4042.2020357683077	-506.01752857225244
192083092.989696	-7233920277.733971	226716917570.64215	9937141494.10848	-22148.92410077442	4032.948281062895	-506.4238136917296
192086692.989696	-7313655869.620966	226731419529.9193	9935317637.312323	-22148.626416064664	4023.6960089183394	-506.82993458324705
192090292.989696	-7393390384.103772	226745888183.68582	9933492318.776514	-22148.32554313457	4014.4452196495854	-507.23589128081977
192093892.989696	-7473123809.7074175	226760323537.2806	9931665539.092093	-22148.021483439938	4005.1959135709144	-507.6416838184738
192097492.989696	-7552856134.962169	226774725596.04373	9929837298.849972	-22147.714238435627	3995.9480909959466	-508.0473122302464
192101092.989696	-7632587348.403527	226789094365.31635	9928007598.640945	-22147.403809575564	3986.7017522376404	-508.45277655018606
192104692.989696	-7712317438.572229	226803429850.4408	9926176439.055681	-22147.090198312744	3977.4568976082955	-508.85807681235235
192108292.989696	-7792046394.014238	226817732056.76047	9924343820.684725	-22146.77340609923	3968.213527419552	-509.2632130508161
192111892.989696	-7871774203.280745	226832000989.61993	9922509744.118502	-22146.453434386145	3958.971641982393	-509.6681852996593
192115492.989696	-7951500854.92816	226846236654.36484	9920674209.947313	-22146.130284623683	3949.7312416071445	-510.0729935929752
192119092.989696	-8031226337.518115	226860439056.34195	9918837218.761337	-22145.80395826111	3940.4923266034775	-510.47763796486817
192122692.989696	-8110950639.617457	226874608200.8992	9916998771.15063	-22145.474456746753	3931.254897280408	-510.8821184494539
192126292.989696	-8190673749.798246	226888744093.38556	9915158867.705126	-22145.141781528015	3922.0189539462995	-511.28643508085923
192129892.989696	-8270395656.63775	226902846739.15115	9913317509.014631	-22144.80593405136	3912.7844969088624	-511.6905878932223
192133492.989696	-8350116348.718441	226916916143.5472	9911474695.668837	-22144.466915762325	3903.551526475157	-512.0945769206925
192137092.989696	-8429835814.627996	226930952311.92606	9909630428.257303	-22144.124728105515	3894.3200429515928	-512.4984021974304
192140692.989696	-8509554042.959291	226944955249.6411	9907784707.369474	-22143.77937252461	3885.0900466439307	-512.9020637576082
192144292.989696	-8589271022.310396	226958924962.0469	9905937533.594667	-22143.430850462348	3875.8615378572836	-513.3055616354088
192147892.989696	-8668986741.284573	226972861454.49905	9904088907.522078	-22143.079163360548	3866.634516896117	-513.7088958650269
192151492.989696	-8748701188.490273	226986764732.3543	9902238829.740776	-22142.7243126601	3857.4089840642514	-514.1120664806681
192155092.989696	-8828414352.541134	227000634800.97046	9900387300.839712	-22142.366299800953	3848.1849396648627	-514.5150735165496
192158692.989696	-8908126222.055975	227014471665.7064	9898534321.407711	-22142.005126222146	3838.9623840004824	-514.9179170068999
192162292.989696	-8987836785.658794	227028275331.92212	9896679892.033476	-22141.640793361774	3829.741317373	-515.3205969859587
192165892.989696	-9067546031.978765	227042045804.9787	9894824013.305584	-22141.27330265701	3820.521740083664	-515.7231134879772
192169492.989696	-9147253949.650234	227055783090.23828	9892966685.812492	-22140.9026555441	3811.303652433082	-516.125466547218
192173092.989696	-9226960527.312716	227069487193.06412	9891107910.142534	-22140.528853458363	3802.087054721222	-516.527656197955
192176692.989696	-9306665753.61089	227083158118.82056	9889247686.883917	-22140.15189783419	3792.8719472474145	-516.9296824744735
192180292.989696	-9386369617.194597	227096795872.87296	9887386016.624725	-22139.771790105042	3783.658330310352	-517.33154541107
192183892.989696	-9466072106.71884	227110400460.5878	9885522899.952923	-22139.388531703462	3774.4462042080922	-517.7332450420528
192187492.989696	-9545773210.843773	227123971887.3326	9883658337.456348	-22139.00212406106	3765.2355692380565	-518.1347814017414
192191092.989696	-9625472918.234707	227137510158.476	9881792329.722715	-22138.61256860852	3756.0264256970336	-518.5361545244668
192194692.989696	-9705171217.562098	227151015279.3877	9879924877.339615	-22138.219866775613	3746.818773881178	-518.9373644445716
192198292.989696	-9784868097.501549	227164487255.4384	9878055980.894516	-22137.824019991167	3737.6126140860138	-519.3384111964095
192201892.989696	-9864563546.733805	227177926091.99988	9876185640.974762	-22137.425029683098	3728.4079466064336	-519.7392948143463
192205492.989696	-9944257553.94475	227191331794.44507	9874313858.167572	-22137.02289727839	3719.2047717367004	-520.1400153327587
192209092.989696	-10023950107.825403	227204704368.14786	9872440633.060043	-22136.617624203114	3710.003089770449	-520.5405727860352
192212692.989696	-10103641197.071917	227218043818.48325	9870565966.23915	-22136.209211882404	3700.8029010006867	-520.940967208576
192216292.989696	-10183330810.38557	227231350150.82724	9868689858.291737	-22135.79766174048	3691.604205719794	-521.3411986347927
192219892.989696	-10263018936.47277	227244623370.55695	9866812309.804533	-22135.382975200635	3682.4070042195267	-521.7412670991084
192223492.989696	-10342705564.045044	227257863483.0505	9864933321.364138	-22134.965153685243	3673.2112967910157	-522.141172635958
192227092.989696	-10422390681.819038	227271070493.68707	9863052893.557026	-22134.544198615753	3664.017083724769	-522.5409152797879
192230692.989696	-10502074278.516516	227284244407.8469	9861171026.969553	-22134.120111412692	3654.8243653106724	-522.9404950650562
192234292.989696	-10581756342.864351	227297385230.91122	9859287722.187946	-22133.692893495667	3645.633141837991	-523.3399120262326
192237892.989696	-10661436863.59453	227310492968.2624	9857402979.798311	-22133.26254628336	3636.443413595369	-523.7391661977985
192241492.989696	-10741115829.44414	227323567625.28372	9855516800.38663	-22132.829071193537	3627.2551808708326	-524.1382576142469
192245092.989696	-10820793229.15537	227336609207.35962	9853629184.538754	-22132.39246964304	3618.06844395179	-524.5371863100828
192248692.989696	-10900469051.475515	227349617719.8755	9851740132.84042	-22131.95274304779	3608.8832031250317	-524.9359523198227
192252292.989696	-10980143285.15696	227362593168.21777	9849849645.877234	-22131.509892822793	3599.6994586767332	-525.334555677995
192255892.989696	-11059815918.957182	227375535557.77396	9847957724.234678	-22131.06392038213	3590.5172108924553	-525.7329964191398
192259492.989696	-11139486941.638748	227388444893.93253	9846064368.498114	-22130.61482713897	3581.336460057145	-526.1312745778089
192263092.989696	-11219156341.969313	227401321182.08304	9844169579.252775	-22130.16261450555	3572.157206455136	-526.5293901885661
192266692.989696	-11298824108.721613	227414164427.61603	9842273357.083773	-22129.7072838932	3562.979450370152	-526.9273432859871
192270292.989696	-11378490230.673462	227426974635.92307	9840375702.576092	-22129.24883671233	3553.803192085304	-527.3251339046593
192273892.989696	-11458154696.60775	227439751812.39673	9838476616.314592	-22128.787274372426	3544.628431883096	-527.722762079182
192277492.989696	-11537817495.312443	227452495962.43063	9836576098.884012	-22128.322598282062	3535.4551700454213	-528.1202278441665
192281092.989696	-11617478615.58057	227465207091.4194	9834674150.868963	-22127.854809848894	3526.2834068535676	-528.517531234236
192284692.989696	-11697138046.210232	227477885204.75867	9832770772.853933	-22127.383910479657	3517.1131425882154	-528.9146722840258
192288292.989696	-11776795776.004587	227490530307.84506	9830865965.423285	-22126.909901580173	3507.94437752944	-529.3116510281828
192291892.989696	-11856451793.771858	227503142406.07626	9828959729.161255	-22126.43278455535	3498.7771119567124	-529.7084675013665
192295492.989696	-11936106088.32532	227515721504.8509	9827052064.651958	-22125.95256080917	3489.611346148901	-530.1051217382478
192299092.989696	-12015758648.483301	227528267609.5686	9825142972.479382	-22125.46923174472	3480.447080384271	-530.5016137735101
192302692.989696	-12095409463.069181	227540780725.63004	9823232453.227388	-22124.982798764144	3471.2843149404875	-530.8979436418488
192306292.989696	-12175058520.911385	227553260858.4369	9821320507.47972	-22124.49326326869	3462.1230500946153	-531.2941113779713
192309892.989696	-12254705810.843378	227565708013.39178	9819407135.819984	-22124.00062665869	3452.96328612312	-531.6901170165971
192313492.989696	-12334351321.703669	227578122195.89838	9817492338.831675	-22123.504890333552	3443.805023301869	-532.0859605924582
192317092.989696	-12413995042.3358	227590503411.36127	9815576117.098152	-22123.00605569178	3434.648261906134	-532.4816421402983
192320692.989696	-12493636961.588346	227602851665.18613	9813658471.202656	-22122.504124130963	3425.493002210589	-532.8771616948736
192324292.989696	-12573277068.314915	227615166962.77954	9811739401.728298	-22121.999097047767	3416.339244489315	-533.2725192909527
192327892.989696	-12652915351.374138	227627449309.54913	9809818909.258068	-22121.490975837958	3407.1869890157986	-533.667714963316
192331492.989696	-12732551799.62967	227639698710.90347	9807896994.374828	-22120.979761896382	3398.036236062933	-534.0627487467566
192335092.989696	-12812186401.950186	227651915172.25214	9805973657.661316	-22120.465456616974	3388.88698590302	-534.4576206760798
192338692.989696	-12891819147.209377	227664098699.00565	9804048899.700144	-22119.948061392755	3379.739238807772	-534.8523307861033
192342292.989696	-12971450024.28595	227676249296.57553	9802122721.073797	-22119.42757761584	3370.5929950483105	-535.246879111657
192345892.989696	-13051079022.063618	227688366970.3743	9800195122.36464	-22118.90400667743	3361.4482548951687	-535.6412656875834
192349492.989696	-13130706129.431103	227700451725.81543	9798266104.154905	-22118.37734996781	3352.3050186182927	-536.0354905487375
192353092.989696	-13210331335.28213	227712503568.31332	9796335667.026705	-22117.847608876364	3343.1632864870417	-536.4295537299864
192356692.989696	-13289954628.51542	227724522503.28342	9794403811.562023	-22117.314784791557	3334.02305877019	-536.8234552662102
192360292.989696	-13369575998.0347	227736508536.1421	9792470538.34272	-22116.77887910095	3324.884335735927	-537.2171951923013
192363892.989696	-13449195432.748684	227748461672.30667	9790535847.95053	-22116.239893191192	3315.7471176518598	-537.6107735431648
192367492.989696	-13528812921.571077	227760381917.19547	9788599740.967058	-22115.69782844802	3306.611404785012	-538.0041903537182
