185102419.715712	131521361006.78569	131058728979.7009	9954061133.2105	-14376.690008190077	23632.60002949356	613.2785664710116
185106019.715712	131469587332.40923	131143788805.84686	9956267604.11778	-14386.461165026936	23622.858502120136	612.5386236761186
185109619.715712	131417778495.45499	131228813557.7633	9958471411.441025	-14396.22477396285	23613.114347362447	611.7987975932482
185113219.715712	131365934523.09169	131313803226.00177	9960672555.60073	-14405.980837070536	23603.36757084522	611.0590884091852
185116819.715712	131314055442.48058	131398757801.13403	9962871037.018072	-14415.7293564256	23593.618178187502	610.3194963103723
185120419.715712	131262141280.77542	131483677273.75209	9965066856.114891	-14425.470334106525	23583.866175002655	609.5800214829109
185124019.715712	131210192065.12251	131568561634.46815	9967260013.313698	-14435.203772194662	23574.111566898366	608.8406641125608
185127619.715712	131158207822.66063	131653410873.91458	9969450509.037672	-14444.929672774222	23564.35435947665	608.1014243847412
185131219.715712	131106188580.52104	131738224982.74391	9971638343.71066	-14454.64803793227	23554.594558333847	607.3623024845307
185134819.715712	131054134365.82751	131823003951.62883	9973823517.757175	-14464.358869758713	23544.832169060628	606.6232985966677
185138419.715712	131002045205.69627	131907747771.2621	9976006031.602392	-14474.062170346297	23535.067197241995	605.884412905551
185142019.715712	130949921127.236	131992456432.35661	9978185885.672152	-14483.757941790589	23525.299648457287	605.1456455952398
185145619.715712	130897762157.54784	132077129925.64532	9980363080.392956	-14493.446186189978	23515.529528280178	604.4069968494543
185149219.715712	130845568323.72536	132161768241.88124	9982537616.191965	-14503.126905645664	23505.756842278683	603.6684668515762
185152819.715712	130793339652.85458	132246371371.83742	9984709493.497004	-14512.800102261646	23495.981596015157	602.9300557846486
185156419.715712	130741076172.01395	132330939306.3069	9986878712.736551	-14522.465778144717	23486.203795046302	602.1917638313769
185160019.715712	130688777908.27429	132415472036.10275	9989045274.339745	-14532.123935404454	23476.423444923166	601.4535911741287
185163619.715712	130636444888.69885	132499969552.05801	9991209178.736378	-14541.774576153211	23466.64055119115	600.7155379949346
185167219.715712	130584077140.34326	132584431845.02565	9993370426.3569	-14551.41770250611	23456.855119390002	599.9776044754882
185170819.715712	130531674690.25554	132668858905.87859	9995529017.63241	-14561.053316581036	23447.067155053825	599.2397907971467
185174419.715712	130479237565.47607	132753250725.50963	9997684952.994665	-14570.681420498617	23437.276663711076	598.5020971409311
185178019.715712	130426765793.0376	132837607294.83151	9999838232.876068	-14580.302016382231	23427.48365088458	597.7645236875268
185181619.715712	130374259399.96521	132921928604.77682	10001988857.709675	-14589.915106357988	23417.68812209152	597.0270706172835
185185219.715712	130321718413.27635	133006214646.29802	10004136827.929188	-14599.520692554726	23407.890082843438	596.289738110216
185188819.715712	130269142859.98079	133090465410.36736	10006282143.96896	-14609.118777103999	23398.08953864625	595.5525263460047
185192419.715712	130216532767.08061	133174680887.97693	10008424806.263987	-14618.70936214007	23388.28649500024	594.8154355039954
185196019.715712	130163888161.57022	133258861070.13861	10010564815.24991	-14628.292449799908	23378.48095740006	594.0784657632
185199619.715712	130111209070.43633	133343005947.88405	10012702171.363018	-14637.868042223172	23368.67293133474	593.3416173022969
185203219.715712	130058495520.65793	133427115512.26465	10014836875.040237	-14647.436141552203	23358.862422287682	592.6048902996312
185206819.715712	130005747539.2063	133511189754.35152	10016968926.71914	-14656.996749932026	23349.049435736677	591.8682849332153
185210419.715712	129952965153.04498	133595228665.2355	10019098326.837933	-14666.549869510329	23339.23397715389	591.1318013807288
185214019.715712	129900148389.1298	133679232236.02715	10021225075.835468	-14676.095502437462	23329.416052005876	590.3954398195197
185217619.715712	129847297274.40883	133763200457.85663	10023349174.151234	-14685.633650866426	23319.59566575357	589.6592004266037
185221219.715712	129794411835.82237	133847133321.8738	10025470622.225353	-14695.164316952867	23309.772823852305	588.9230833786654
185224819.715712	129741492100.303	133931030819.24812	10027589420.498587	-14704.687502855068	23299.9475317518	588.1870888520583
185228419.715712	129688538094.77545	134014892941.1687	10029705569.412325	-14714.203210733936	23290.119794896174	587.4512170228053
185232019.715712	129635549846.15674	134098719678.8442	10031819069.408598	-14723.711442753003	23280.28961872394	586.7154680665989
185235619.715712	129582527381.35606	134182511023.50285	10033929920.930063	-14733.212201078406	23270.457008668007	585.9798421588016
185239219.715712	129529470727.27481	134266266966.39246	10036038124.42001	-14742.70548787889	23260.6219701557	585.2443394744465
185242819.715712	129476379910.80656	134349987498.78033	10038143680.322357	-14752.191305325792	23250.784508608733	584.5089601882374
185246419.715712	129423254958.83708	134433672611.95331	10040246589.081652	-14761.66965559304	23240.944629443242	583.7737044745494
185250019.715712	129370095898.2443	134517322297.21768	10042346851.143068	-14771.140540857135	23231.102338069766	583.0385725074287
185253619.715712	129316902755.8983	134600936545.89925	10044444466.952408	-14780.603963297155	23221.257639893258	582.3035644605939
185257219.715712	129263675558.66133	134684515349.34323	10046539436.956097	-14790.059925094738	23211.41054031309	581.5686805074354
185260819.715712	129210414333.38777	134768058698.91429	10048631761.601181	-14799.508428434076	23201.561044723047	580.8339208210165
185264419.715712	129157119106.92413	134851566585.99649	10050721441.335335	-14808.94947550191	23191.709158511338	580.0992855740733
185268019.715712	129103789906.10905	134935039001.99329	10052808476.60685	-14818.383068487517	23181.8548870606	579.3647749390153
185271619.715712	129050426757.77328	135018475938.3275	10054892867.864637	-14827.809209582709	23171.998235747888	578.6303890879258
185275219.715712	128997029688.73969	135101877386.44128	10056974615.55823	-14837.227900981814	23162.139209944693	577.896128192562
185278819.715712	128943598725.82321	135185243337.79614	10059053720.137775	-14846.639144881683	23152.277815016936	577.1619924243554
185282419.715712	128890133895.8309	135268573783.87288	10061130182.054043	-14856.042943481669	23142.41405632497	576.4279819544125
185286019.715712	128836635225.56186	135351868716.17159	10063204001.758411	-14865.439298983623	23132.547939223587	575.6940969535151
185289619.715712	128783102741.80728	135435128126.21161	10065275179.702877	-14874.82821359189	23122.67946906202	574.9603375921201
185293219.715712	128729536471.35042	135518352005.53157	10067343716.340048	-14884.2096895133	23112.808651183943	574.2267040403606
185296819.715712	128675936440.96655	135601540345.68929	10069409612.123144	-14893.583728957152	23102.935490927473	573.4931964680458
185300419.715712	128622302677.42303	135684693138.2618	10071472867.505997	-14902.950334135216	23093.059993625182	572.7598150446614
185304019.715712	128568635207.47923	135767810374.84532	10073533482.943047	-14912.30950726172	23083.182164604088	572.0265599393703
185307619.715712	128514934057.88655	135850892047.05527	10075591458.889343	-14921.661250553345	23073.30200918566	571.2934313210125
185311219.715712	128461199255.3884	135933938146.52617	10077646795.800545	-14931.005566229216	23063.419532685828	570.5604293581058
185314819.715712	128407430826.72018	136016948664.91168	10079699494.132912	-14940.342456510893	23053.53474041498	569.8275542188461
185318419.715712	128353628798.60933	136099923593.8846	10081749554.343311	-14949.671923622362	23043.647637677965	569.0948060711077
185322019.715712	128299793197.77524	136182862925.13676	10083796976.889215	-14958.993969790032	23033.758229774092	568.3621850824434
185325619.715712	128245924050.9293	136265766650.37912	10085841762.228697	-14968.308597242722	23023.866521997144	567.6296914200854
185329219.715712	128192021384.77487	136348634761.34164	10087883910.82043	-14977.615808211658	23013.972519635376	566.8973252509453
185332819.715712	128138085226.00728	136431467249.77333	10089923423.123695	-14986.915604930462	23004.076227971505	566.1650867416147
185336419.715712	128084115601.3138	136514264107.4422	10091960299.598362	-14996.207989635142	22994.177652282735	565.4329760583653
185340019.715712	128030112537.37364	136597025326.13525	10093994540.704905	-15005.492964564091	22984.27679784074	564.7009933671493
185343619.715712	127976076060.85797	136679750897.65846	10096026146.904394	-15014.770531958075	22974.373669911678	563.9691388335999
185347219.715712	127922006198.42989	136762440813.83675	10098055118.658495	-15024.04069406022	22964.468273756193	563.2374126230316
185350819.715712	127867902976.74438	136845095066.51395	10100081456.429466	-15033.30345311602	22954.560614629416	562.5058149004404
185354419.715712	127813766422.4484	136927713647.55281	10102105160.680162	-15042.558811373308	22944.650697780962	561.7743458305048
185358019.715712	127759596562.18076	137010296548.83499	10104126231.874027	-15051.806771082269	22934.738528454945	561.0430055775851
185361619.715712	127705393422.57216	137092843762.261	10106144670.475098	-15061.047334495417	22924.82411188997	560.3117943057247
185365219.715712	127651157030.24522	137175355279.7502	10108160476.948002	-15070.280503867596	22914.907453319145	559.58071217865
185368819.715712	127596887411.81444	137257831093.24077	10110173651.757954	-15079.506281455968	22904.988557970075	558.8497593597707
185372419.715712	127542584593.88617	137340271194.68971	10112184195.370758	-15088.724669520005	22895.067431064865	558.1189360121805
185376019.715712	127488248603.05861	137422675576.07283	10114192108.252804	-15097.935670321485	22885.144077820136	557.3882422986572
185379619.715712	127433879465.92184	137505044229.38467	10116197390.871065	-15107.139286124486	22875.21850344701	556.6576783816633
185383219.715712	127379477209.05779	137587377146.63855	10118200043.693102	-15116.335519195367	22865.290713151127	555.927244423346
185386819.715712	127325041859.04019	137669674319.8665	10120200067.187057	-15125.524371802776	22855.36071213264	555.1969405855377
185390419.715712	127270573442.43463	137751935741.11926	10122197461.821655	-15134.705846217628	22845.428505586216	554.4667670297567
185394019.715712	127216071985.79852	137834161402.4663	10124192228.066202	-15143.87994471311	22835.494098701052	553.736723917207
185397619.715712	127161537515.68108	137916351295.99573	10126184366.390583	-15153.046669564661	22825.557496660862	553.006811408779
185401219.715712	127106970058.6233	137998505413.8143	10128173877.265263	-15162.206023049977	22815.618704643886	552.2770296650499
185404819.715712	127052369641.15802	138080623748.0474	10130160761.161282	-15171.358007448995	22805.6777278229	551.5473788462839
185408419.715712	126997736289.80983	138162706290.83905	10132145018.550259	-15180.502625043886	22795.734571365203	550.8178591124325
185412019.715712	126943070031.09512	138244753034.35187	10134126649.904385	-15189.639878119053	22785.78924043264	550.0884706231352
185415619.715712	126888370891.52205	138326763970.767	10136105655.696428	-15198.769768961116	22775.84174018159	549.3592135377194
185419219.715712	126833638897.59053	138408739092.28418	10138082036.39973	-15207.892299858911	22765.892075762968	548.6300880152011
185422819.715712	126778874075.79225	138490678391.12167	10140055792.488203	-15217.007473103478	22755.940252322238	547.9010942142851
185426419.715712	126724076452.61063	138572581859.51624	10142026924.436329	-15226.115290988058	22745.986274999414	547.1722322933656
185430019.715712	126669246054.52081	138654449489.72318	10143995432.71916	-15235.21575580808	22736.03014892905	546.4435024105261
185433619.715712	126614382907.98972	138736281274.0162	10145961317.812319	-15244.308869861157	22726.071879240266	545.7149047235401
185437219.715712	126559487039.47597	138818077204.68753	10147924580.191994	-15253.394635447079	22716.111471056727	544.9864393898716
185440819.715712	126504558475.4299	138899837274.04776	10149885220.334938	-15262.473054867805	22706.148929496663	544.258106566675
185444419.715712	126449597242.29356	138981561474.42596	10151843238.718473	-15271.544130427455	22696.18425967286	543.5299064107958
185448019.715712	126394603366.5007	139063249798.16962	10153798635.820484	-15280.607864432302	22686.217466692677	542.8018390787707
185451619.715712	126339576874.47675	139144902237.6445	10155751412.119417	-15289.664259190766	22676.248555658032	542.0739047268285
185455219.715712	126284517792.63884	139226518785.2348	10157701568.09428	-15298.713317013404	22666.277531665422	541.3461035108896
185458819.715712	126229426147.3958	139308099433.34305	10159649104.224646	-15307.755040212907	22656.30439980591	540.6184355865672
185462419.715712	126174301965.14809	139389644174.39008	10161594020.99064	-15316.78943110409	22646.32916516514	539.8909011091672
185466019.715712	126119145272.28784	139471153000.815	10163536318.872953	-15325.816492003887	22636.351832823337	539.1635002336885
185469619.715712	126063956095.19887	139552625905.07526	10165475998.35283	-15334.836225231338	22626.3724078553	538.4362331148237
185473219.715712	126008734460.2566	139634062879.64648	10167413059.912073	-15343.848633107586	22616.390895330424	537.7090999069592
185476819.715712	125953480393.82814	139715463917.02264	10169347504.03304	-15352.85371795587	22606.407300312687	536.9821007641756
185480419.715712	125898193922.27217	139796829009.71582	10171279331.198639	-15361.851482101518	22596.42162786066	536.255235840248
185484019.715712	125842875071.93906	139878158150.25638	10173208541.892336	-15370.841927871936	22586.43388302751	535.5285052886466
185487619.715712	125787523869.17075	139959451331.1928	10175135136.598148	-15379.825057596605	22576.444070860995	534.8019092625367
185491219.715712	125732140340.30081	140040708545.09183	10177059115.800642	-15388.80087360707	22566.452196403483	534.0754479147795
185494819.715712	125676724511.65443	140121929784.5382	10178980479.984932	-15397.769378236937	22556.458264691944	533.349121397932
185498419.715712	125621276409.54837	140203115042.13492	10180899229.636686	-15406.730573821862	22546.46228075795	532.6229298642476
185502019.715712	125565796060.29097	140284264310.50302	10182815365.242117	-15415.684462699544	22536.464249627687	531.8968734656764
185505619.715712	125510283490.18217	140365377582.28162	10184728887.287983	-15424.631047209723	22526.464176321948	531.1709523538657
185509219.715712	125454738725.51349	140446454850.12793	10186639796.261591	-15433.570329694163	22516.462065856147	530.4451666801599
185512819.715712	125399161792.568	140527496106.7172	10188548092.650787	-15442.502312496656	22506.457923240316	529.7195165956016
185516419.715712	125343552717.62032	140608501344.74268	10190453776.943966	-15451.426997963006	22496.45175347911	528.9940022509312
185520019.715712	125287911526.93665	140689470556.91565	10192356849.630062	-15460.344388441028	22486.443561571807	528.2686237965877
185523619.715712	125232238246.7747	140770403735.9654	10194257311.19855	-15469.254486280535	22476.433352512315	527.543381382709
185527219.715712	125176532903.38376	140851300874.63913	10196155162.139444	-15478.157293833337	22466.42113128917	526.8182751591321
185530819.715712	125120795523.00462	140932161965.70206	10198050402.943302	-15487.052813453229	22456.40690288555	526.0933052753936
185534419.715712	125065026131.8696	141012987001.93726	10199943034.101213	-15495.941047495984	22446.39067227926	525.3684718807301
185538019.715712	125009224756.20251	141093775976.14578	10201833056.104809	-15504.82199831935	22436.37244444275	524.6437751240783
185541619.715712	124953391422.21872	141174528881.14655	10203720469.44625	-15513.69566828304	22426.352224343118	523.9192151540755
185545219.715712	124897526156.12506	141255245709.7763	10205605274.61824	-15522.562059748727	22416.3300169421	523.1947921190601
185548819.715712	124841628984.11989	141335926454.8897	10207487472.114008	-15531.421175080031	22406.30582719609	522.4705061670719
185552419.715712	124785699932.393	141416571109.35925	10209367062.42732	-15540.273016642523	22396.27966005613	521.746357445852
185556019.715712	124729739027.12573	141497179666.0752	10211244046.052473	-15549.117586803703	22386.25152046792	521.0223461028439
185559619.715712	124673746294.49086	141577752117.94562	10213118423.484291	-15557.954887933007	22376.221413371815	520.2984722851934
185563219.715712	124617721760.65262	141658288457.8964	10214990195.218132	-15566.784922401794	22366.189343702838	519.5747361397489
185566819.715712	124561665451.76671	141738788678.87112	10216859361.74988	-15575.607692583335	22356.155316390672	518.8511378130621
185570419.715712	124505577393.9803	141819252773.83115	10218725923.575945	-15584.423200852816	22346.119336359676	518.127677451388
185574019.715712	124449457613.432	141899680735.75555	10220589881.193264	-15593.23144958732	22336.081408528873	517.4043552006854
185577619.715712	124393306136.25186	141980072557.64108	10222451235.099298	-15602.032441165828	22326.04153781196	516.6811712066173
185581219.715712	124337122988.56134	142060428232.50223	10224309985.792034	-15610.82617796921	22315.99972911732	515.9581256145512
185584819.715712	124280908196.47336	142140747753.37106	10226166133.76998	-15619.612662380214	22305.95598734801	515.2352185695596
185588419.715712	124224661786.09222	142221031113.29733	10228019679.532166	-15628.391896783465	22295.910317401773	514.5124502164199
185592019.715712	124168383783.51367	142301278305.34842	10229870623.578142	-15637.163883565458	22285.86272417104	513.7898206996152
185595619.715712	124112074214.82483	142381489322.60928	10231718966.40798	-15645.928625114542	22275.81321254293	513.0673301633346
185599219.715712	124055733106.10425	142461664158.1825	10233564708.522268	-15654.686123820924	22265.761787399257	512.3449787514736
185602819.715712	123999360483.42186	142541802805.18817	10235407850.422113	-15663.436382076658	22255.708453616535	511.62276660763393
185606419.715712	123942956372.83897	142621905256.764	10237248392.609137	-15672.179402275637	22245.653216065977	510.90069387512455
185610019.715712	123886520800.40828	142701971506.0652	10239086335.585478	-15680.915186813587	22235.596079613493	510.1787606969617
185613619.715712	123830053792.17384	142782001546.2644	10240921679.85379	-15689.64373808806	22225.537049119706	509.4569672158694
185617219.715712	123773555374.17108	142861995370.55185	10242754425.91724	-15698.365058498426	22215.476129439947	508.7353135742795
185620819.715712	123717025572.4268	142941952972.1352	10244584574.279505	-15707.079150445872	22205.41332542426	508.01379991433237
185624419.715712	123660464412.95914	143021874344.23953	10246412125.444773	-15715.786016333386	22195.348641917397	507.29242637787706
185628019.715712	123603871921.77759	143101759480.10742	10248237079.917744	-15724.485658565756	22185.282083758844	506.57119310647175
185631619.715712	123547248124.88297	143181608372.9988	10250059438.203627	-15733.178079549565	22175.213655782798	505.850100241384
185635219.715712	123490593048.26744	143261421016.19107	10251879200.808138	-15741.863281693177	22165.143362818184	505.1291479235911
185638819.715712	123433906717.91449	143341197402.9789	10253696368.237501	-15750.541267406737	22155.071209688656	504.4083362937806
185642419.715712	123377189159.79893	143420937526.6744	10255510940.998447	-15759.212039102164	22144.997201212605	503.6876654923505
185646019.715712	123320440399.88689	143500641380.607	10257322919.59821	-15767.875599193134	22134.92134220315	502.96713565940956
185649619.715712	123263660464.13577	143580308958.1234	10259132304.544525	-15776.53195009509	22124.84363746815	502.2467469347778
185653219.715712	123206849378.49432	143659940252.58768	10260939096.345636	-15785.181094225223	22114.76409181021	501.52649945798663
185656819.715712	123150007168.90257	143739535257.3811	10262743295.510286	-15793.823034002467	22104.682710026675	500.8063933682795
185660419.715712	123093133861.29182	143819093965.90228	10264544902.547718	-15802.457771847497	22094.59949690964	500.086428804612
185664019.715712	123036229481.58469	143898616371.56702	10266343917.967676	-15811.085310182718	22084.51445724595	499.36660590565236
185667619.715712	122979294055.69502	143978102467.80835	10268140342.280403	-15819.70565143226	22074.427595817207	498.64692480978164
185671219.715712	122922327609.52797	144057552248.0765	10269934175.996637	-15828.318798021968	22064.33891739977	497.92738565509427
185674819.715712	122865330168.97993	144136965705.83896	10271725419.627615	-15836.924752379406	22054.248426764763	497.2079885793982
185678419.715712	122808301759.9386	144216342834.5803	10273514073.685068	-15845.523516933834	22044.156128678067	496.4887337202154
185682019.715712	122751242408.28287	144295683627.80222	10275300138.681225	-15854.115094116214	22034.062027900334	495.7696212147822
185685619.715712	122694152139.88289	144374988079.02365	10277083615.128803	-15862.699486359199	22023.966129186985	495.0506512000495
185689219.715712	122637030980.60008	144454256181.78055	10278864503.541018	-15871.276696097128	22013.86843728822	494.3318238126833
185692819.715712	122579878956.28708	144533487929.626	10280642804.431572	-15879.846725766016	22003.768956949014	493.61313918906484
185696419.715712	122522696092.78773	144612683316.13016	10282418518.31466	-15888.40957780355	21993.667692909123	492.89459746529116
185700019.715712	122465482415.93713	144691842334.8802	10284191645.704964	-15896.965254649083	21983.564649903085	492.1761987771754
185703619.715712	122408237951.56157	144770964979.48038	10285962187.117659	-15905.513758743627	21973.459832660228	491.45794326024696
185707219.715712	122350962725.47855	144850051243.55194	10287730143.068405	-15914.055092529843	21963.35324590467	490.73983104975207
185710819.715712	122293656763.49678	144929101120.73315	10289495514.073347	-15922.58925845204	21953.244894355317	490.0218622806541
185714419.715712	122236320091.41618	145008114604.67923	10291258300.649117	-15931.116258956165	21943.134782725883	489.30403708763373
185718019.715712	122178952735.02786	145087091689.06235	10293018503.31283	-15939.636096489796	21933.022915724876	488.5863556050896
185721619.715712	122121554720.11409	145166032367.57166	10294776122.582087	-15948.148773502138	21922.909298055605	487.8688179671383
185725219.715712	122064126072.44833	145244936633.91318	10296531158.974968	-15956.654292444015	21912.793934416193	487.151424307615
185728819.715712	122006666817.79524	145323804481.8099	10298283613.010036	-15965.152655767863	21902.67682949957	486.43417476007374
185732419.715712	121949176981.91061	145402635905.00168	10300033485.206335	-15973.643865927726	21892.55798799348	485.7170694577877
185736019.715712	121891656590.54141	145481430897.24518	10301780776.083387	-15982.127925379247	21882.437414580483	485.00010853374954
185739619.715712	121834105669.42578	145560189452.31396	10303525486.161192	-15990.604836579663	21872.31511393796	484.28329212067183
185743219.715712	121776524244.29298	145638911563.99844	10305267615.960228	-15999.074601987795	21862.191090738113	483.5666203509873
185746819.715712	121718912340.86346	145717597226.1058	10307007166.00145	-16007.537224064048	21852.06534964798	482.85009335684936
185750419.715712	121661269984.84877	145796246432.46002	10308744136.806286	-16015.9927052704	21841.937895329418	482.13371127013215
185754019.715712	121603597201.9516	145874859176.9019	10310478528.89664	-16024.441048070397	21831.808732439124	481.4174742224312
185757619.715712	121545894017.86578	145953435453.28888	10312210342.794891	-16032.882254929144	21821.67786562863	480.7013823450636
185761219.715712	121488160458.27628	146031975255.49527	10313939579.023888	-16041.316328313304	21811.54529954431	479.9854357690683
185764819.715712	121430396548.85913	146110478577.41202	10315666238.106949	-16049.743270691086	21801.411038827377	479.26963462520666
185768419.715712	121372602315.28154	146188945412.9468	10317390320.567865	-16058.163084532242	21791.275088113896	478.55397904396256
185772019.715712	121314777783.20178	146267375756.024	10319111826.930897	-16066.57577230806	21781.137452034785	477.8384691555429
185775619.715712	121256922978.26924	146345769600.58456	10320830757.720772	-16074.98133649136	21770.99813521581	477.12310508987787
185779219.715712	121199037926.12439	146424126940.58618	10322547113.462687	-16083.379779556482	21760.857142277593	476.40788697662134
185782819.715712	121141122652.3988	146502447770.00314	10324260894.682302	-16091.771103979281	21750.71447783562	475.69281494515116
185786419.715712	121083177182.71513	146580732082.82632	10325972101.905745	-16100.155312237128	21740.570146500242	474.9778891245696
185790019.715712	121025201542.68712	146658979873.0632	10327680735.659607	-16108.532406808892	21730.424152876672	474.26310964370344
185793619.715712	120967195757.91956	146737191134.73782	10329386796.470942	-16116.902390174946	21720.276501565	473.5484766311047
185797219.715712	120909159854.00833	146815365861.89078	10331090284.867266	-16125.26526481715	21710.12719716019	472.83399021505056
185800819.715712	120851093856.54036	146893504048.5792	10332791201.376558	-16133.62103321885	21699.976244252073	472.1196505235441
185804419.715712	120792997791.09366	146971605688.8767	10334489546.527258	-16141.969697864874	21689.82364742537	471.40545768431434
185808019.715712	120734871683.23726	147049670776.87344	10336185320.84826	-16150.311261241519	21679.669411259692	470.6914118248167
185811619.715712	120676715558.53125	147127699306.67606	10337878524.868925	-16158.645725836552	21669.51354032952	469.9775130722335
185815219.715712	120618529442.52678	147205691272.4076	10339569159.119062	-16166.973094139197	21659.356039204242	469.2637615534738
185818819.715712	120560313360.766	147283646668.20758	10341257224.128942	-16175.293368640136	21649.19691244813	468.5501573951744
185822419.715712	120502067338.78214	147361565488.23193	10342942720.42929	-16183.606551831494	21639.03616462036	467.83670072369966
185826019.715712	120443791402.0994	147439447726.653	10344625648.551289	-16191.912646206842	21628.873800275007	467.1233916651422
185829619.715712	120385485576.23303	147517293377.65955	10346306009.026567	-16200.211654261186	21618.70982396105	466.41023034532293
185833219.715712	120327149886.6893	147595102435.45663	10347983802.387213	-16208.503578490958	21608.544240222374	465.6972168897916
185836819.715712	120268784358.96548	147672874894.2657	10349659029.165762	-16216.788421394016	21598.377053597782	464.98435142382715
185840419.715712	120210389018.54985	147750610748.3245	10351331689.895203	-16225.066185469635	21588.208268620983	464.2716340724378
185844019.715712	120151963890.92169	147828309991.88715	10353001785.10897	-16233.336873218503	21578.037889820615	463.55906496036175
185847619.715712	120093509001.55127	147905972619.22403	10354669315.340954	-16241.600487142707	21567.865921720226	462.84664421206725
185851219.715712	120035024375.89986	147983598624.6218	10356334281.125484	-16249.857029745737	21557.692368838296	462.134371951753
185854819.715712	119976510039.4197	148061188002.38336	10357996682.997341	-16258.106503532474	21547.517235688232	461.42224830334857
185858419.715712	119917966017.554	148138740746.82785	10359656521.49175	-16266.348911009187	21537.340526778375	460.7102733905147
185862019.715712	119859392335.73698	148216256852.29065	10361313797.144382	-16274.584254683523	21527.162246611995	459.9984473366436
185865619.715712	119800789019.39383	148293736313.12335	10362968510.491352	-16282.812537064507	21516.982399687306	459.28677026485934
185869219.715712	119742156093.94066	148371179123.6937	10364620662.069216	-16291.033760662527	21506.800990497464	458.5752422980181
185872819.715712	119683493584.78458	148448585278.38562	10366270252.41497	-16299.24792798934	21496.61802353057	457.8638635587086
185876419.715712	119624801517.32364	148525954771.59918	10367917282.066057	-16307.455041558052	21486.433503269673	457.15263416925245
185880019.715712	119566079916.94685	148603287597.75058	10369561751.560354	-16315.655103883124	21476.247434192774	456.4415542517044
185883619.715712	119507328809.03416	148680583751.27216	10371203661.436182	-16323.84811748036	21466.059820772833	455.73062392785283
185887219.715712	119448548218.95645	148757843226.6123	10372843012.232294	-16332.034084866902	21455.870667477768	455.01984331921983
185890819.715712	119389738172.07555	148835066018.2355	10374479804.487885	-16340.213008561224	21445.67997877046	454.3092125470618
185894419.715712	119330898693.74422	148912252120.6223	10376114038.742582	-16348.384891083128	21435.48775910875	453.59873173236963
185898019.715712	119272029809.30614	148989401528.2693	10377745715.536451	-16356.549734953733	21425.29401294546	452.8884009958691
185901619.715712	119213131544.0959	149066514235.68906	10379374835.40999	-16364.707542695474	21415.098744728377	452.1782204580213
185905219.715712	119154203923.43906	149143590237.41022	10381001398.90413	-16372.858316832095	21404.901958900267	451.46819023902276
185908819.715712	119095246972.65201	149220629527.97736	10382625406.560238	-16381.002059888642	21394.70365989888	450.75831045880585
185912419.715712	119036260717.04211	149297632101.95102	10384246858.920105	-16389.138774391457	21384.503852156944	450.04858123703934
185916019.715712	118977245181.90762	149374597953.9077	10385865756.525957	-16397.26846286817	21374.302540102177	449.3390026931284
185919619.715712	118918200392.53766	149451527078.43988	10387482099.92045	-16405.391127847706	21364.099728157285	448.6295749462152
185923219.715712	118859126374.21228	149528419470.15588	10389095889.646667	-16413.506771860255	21353.895420739973	447.92029811517915
185926819.715712	118800023152.2024	149605275123.67993	10390707126.24812	-16421.615397437286	21343.68962226294	447.2111723186371
185930419.715712	118740890751.76982	149682094033.6522	10392315810.268744	-16429.71700711154	21333.482337133886	446.502197674944
185934019.715712	118681729198.16724	149758876194.7286	10393921942.252903	-16437.81160341701	21323.273569755518	445.79337430219283
185937619.715712	118622538516.63821	149835621601.58102	10395525522.745386	-16445.899188888947	21313.06332452555	445.08470231821525
185941219.715712	118563318732.41719	149912330248.89706	10397126552.291403	-16453.979766063858	21302.851605836702	444.37618184058186
185944819.715712	118504069870.72946	149989002131.38016	10398725031.436586	-16462.053337479487	21292.63841807672	443.6678129866024
185948419.715712	118444791956.7912	150065637243.74957	10400320960.726994	-16470.119905674816	21282.42376562836	442.9595958733263
185952019.715712	118385485015.80942	150142235580.7403	10401914340.709103	-16478.179473190063	21272.2076528694	442.2515306175428
185955619.715712	118326149072.982	150218797137.1031	10403505171.92981	-16486.232042566666	21261.990084172652	441.54361733578145
185959219.715712	118266784153.49765	150295321907.60443	10405093454.93643	-16494.277616347288	21251.771063905948	440.83585614431234
185962819.715712	118207390282.53595	150371809887.02655	10406679190.276697	-16502.31619707581	21241.550596432156	440.12824715914644
185966419.715712	118147967485.2673	150448261070.16733	10408262378.498762	-16510.34778729731	21231.328686109184	439.420790496036
185970019.715712	118088515786.85295	150524675451.84033	10409843020.151194	-16518.37238955808	21221.10533728997	438.7134862704748
185973619.715712	118029035212.44498	150601053026.87482	10411421115.782972	-16526.390006405607	21210.880554322506	438.0063345976986
185977219.715712	117969525787.18626	150677393790.1157	10412996665.943497	-16534.400640388565	21200.654341549824	437.2993355926853
185980819.715712	117909987536.21056	150753697736.42343	10414569671.182577	-16542.404294056818	21190.426703310008	436.5924893701554
185984419.715712	117850420484.64238	150829964860.67416	10416140132.050438	-16550.400969961407	21180.197643936193	435.8857960445724
185988019.715712	117790824657.59709	150906195157.7596	10417708049.097712	-16558.39067065455	21169.96716775658	435.1792557301428
185991619.715712	117731200080.18086	150982388622.58704	10419273422.875444	-16566.373398689633	21159.735279094417	434.4728685408169
185995219.715712	117671546777.49066	151058545250.07928	10420836253.935091	-16574.349156621207	21149.50198226803	433.7666345902887
185998819.715712	117611864774.61426	151134665035.17474	10422396542.828516	-16582.317947004976	21139.267281590804	433.0605539919965
186002419.715712	117552154096.63022	151210747972.8273	10423954290.107992	-16590.279772397796	21129.0311813712	432.3546268591233
186006019.715712	117492414768.60791	151286794058.00635	10425509496.326197	-16598.234635357676	21118.79368591275	431.6488533045967
186009619.715712	117432646815.60748	151362803285.69675	10427062162.036215	-16606.182538443754	21108.55479951407	430.94323344108966
186013219.715712	117372850262.67989	151438775650.89886	10428612287.791536	-16614.12348421631	21098.31452646885	430.2377673810207
186016819.715712	117313025134.86684	151514711148.62848	10430159874.146057	-16622.057475236754	21088.072871065873	429.53245523655426
186020419.715712	117253171457.20082	151590609773.91684	10431704921.654074	-16629.984514067615	21077.829837589008	428.8272971196008
186024019.715712	117193289254.70511	151666471521.81058	10433247430.870285	-16637.904603272546	21067.585430317216	428.1222931418175
186027619.715712	117133378552.39374	151742296387.3717	10434787402.349794	-16645.817745416305	21057.339653524556	427.4174434146084
186031219.715712	117073439375.27151	151818084365.67764	10436324836.648104	-16653.72394306476	21047.092511480183	426.7127480491245
186034819.715712	117013471748.334	151893835451.82117	10437859734.321115	-16661.62319878488	21036.84400844836	426.00820715626463
186038419.715712	116953475696.5675	151969549640.9104	10439392095.925129	-16669.515515144732	21026.59414868845	425.30382084667525
186042019.715712	116893451244.94911	152045226928.06876	10440921922.016844	-16677.400894713468	21016.342936454937	424.5995892307511
186045619.715712	116833398418.44664	152120867308.435	10442449213.153355	-16685.27934006133	21006.09037599741	423.89551241863546
186049219.715712	116773317242.01865	152196470777.16315	10443973969.892155	-16693.150853759635	20995.83647156058	423.19159052022036
186052819.715712	116713207740.61446	152272037329.42255	10445496192.791128	-16701.015438380775	20985.581227384275	422.48782364514705
186056419.715712	116653069939.1741	152347566960.39774	10447015882.408558	-16708.87309649821	20975.32464770345	421.78421190280625
186060019.715712	116592903862.62837	152423059665.28848	10448533039.303118	-16716.723830686464	20965.06673674819	421.0807554023385
186063619.715712	116532709535.89877	152498515439.30984	10450047664.033875	-16724.567643521113	20954.80749874371	420.37745425263455
186067219.715712	116472486983.89755	152573934277.69205	10451559757.160288	-16732.40453757879	20944.546937910356	419.6743085623355
186070819.715712	116412236231.52765	152649316175.68048	10453069319.242205	-16740.234515437172	20934.28505846362	418.9713184398334
186074419.715712	116351957303.68275	152724661128.5357	10454576350.839865	-16748.057579674976	20924.021864614137	418.26848399327133
186078019.715712	116291650225.24724	152799969131.53345	10456080852.513897	-16755.873732871954	20913.75736056768	417.56580533054387
186081619.715712	116231315021.09622	152875240179.96457	10457582824.825315	-16763.682977608893	20903.491550525177	416.8632825592973
186085219.715712	116170951716.0955	152950474269.13504	10459082268.335524	-16771.48531646759	20893.22443868271	416.1609157869302
186088819.715712	116110560335.10161	153025671394.36594	10460579183.60631	-16779.28075203088	20882.95602923152	415.4587051205934
186092419.715712	116050140902.96173	153100831550.9934	10462073571.199848	-16787.0692868826	20872.686326357994	414.75665066719046
186096019.715712	115989693444.5138	153175954734.36862	10463565431.678698	-16794.850923607595	20862.415334243702	414.05475253337823
186099619.715712	115929217984.5864	153251040939.85788	10465054765.6058	-16802.625664791714	20852.143057065372	413.3530108255668
186103219.715712	115868714547.99884	153326090162.84244	10466541573.544481	-16810.393513021805	20841.869498994904	412.65142564992004
186106819.715712	115808183159.56108	153401102398.71857	10468025856.058447	-16818.154470885707	20831.594664199372	411.94999711235585
186110419.715712	115747623844.07379	153476077642.89758	10469507613.711784	-16825.908540972247	20821.318556841034	411.2487253185465
186114019.715712	115687036626.32831	153551015890.80573	10470986847.06896	-16833.65572587123	20811.041181077322	410.5476103739191
186117619.715712	115626421531.10664	153625917137.88422	10472463556.694822	-16841.396028173443	20800.76254106086	409.84665238365557
186121219.715712	115565778583.18147	153700781379.58923	10473937743.154594	-16849.129450470635	20790.482640939455	409.14585145269336
186124819.715712	115505107807.31615	153775608611.39185	10475409407.013878	-16856.855995355523	20780.201484856116	408.44520768572545
186128419.715712	115444409228.2647	153850398828.778	10476878548.838654	-16864.575665421788	20769.919076949038	407.7447211872009
186132019.715712	115383682870.77177	153925152027.24866	10478345169.195274	-16872.288463264063	20759.635421351624	407.04439206132514
186135619.715712	115322928759.57274	153999868202.3195	10479809268.650469	-16879.99439147793	20749.350522192475	406.34422041206005
186139219.715712	115262146919.39357	154074547349.52112	10481270847.77134	-16887.693452659914	20739.064383595403	405.6442063431246
186142819.715712	115201337374.95091	154149189464.399	10482729907.12536	-16895.385649407483	20728.77700967943	404.9443499579951
186146419.715712	115140500150.95204	154223794542.51337	10484186447.28038	-16903.07098431903	20718.488404558793	404.2446513599053
186150019.715712	115079635272.0949	154298362579.4393	10485640468.804619	-16910.749459993887	20708.198572342946	403.545110651847
186153619.715712	115018742763.06804	154372893570.76663	10487091972.266665	-16918.4210790323	20697.907517136566	402.84572793657014
186157219.715712	114957822648.55069	154447387512.1	10488540958.235476	-16926.085844035442	20687.61524303955	402.1465033165834
186160819.715712	114896874953.21269	154521844399.05878	10489987427.28038	-16933.74375760539	20677.32175414703	401.4474368941542
186164419.715712	114835899701.71452	154596264227.27704	10491431379.971073	-16941.39482234513	20667.02705454937	400.74852877130917
186168019.715712	114774896918.70728	154670646992.4036	10492872816.877615	-16949.039040858555	20656.73114833217	400.04977904983457
186171619.715712	114713866628.83269	154744992690.102	10494311738.570435	-16956.67641575045	20646.434039576263	399.3511878312764
186175219.715712	114652808856.7231	154819301316.05038	10495748145.620325	-16964.306949626494	20636.135732357736	398.6527552169409
186178819.715712	114591723627.00146	154893572865.94168	10497182038.598444	-16971.930645093253	20625.836230747915	397.95448130789475
186182419.715712	114530610964.28139	154967807335.48337	10498613418.076311	-16979.54750475817	20615.535538813383	397.2563662049655
186186019.715712	114469470893.16704	155042004720.3976	10500042284.625809	-16987.157531229575	20605.233660615973	396.5584100087418
186189619.715712	114408303438.25323	155116165016.42117	10501468638.819183	-16994.760727116656	20594.930600212774	395.8606128195738
186193219.715712	114347108624.12537	155190288219.3054	10502892481.229038	-17002.357095029478	20584.62636165614	395.16297473757334
186196819.715712	114285886475.35945	155264374324.8162	10504313812.42834	-17009.94663757896	20574.320948993693	394.4654958626143
186200419.715712	114224637016.5221	155338423328.73407	10505732632.990416	-17017.529357376883	20564.014366268315	393.7681762943332
186204019.715712	114163360272.1705	155412435226.8541	10507148943.488947	-17025.105257035873	20553.70661751817	393.07101613212905
186207619.715712	114102056266.85246	155486410014.9858	10508562744.497974	-17032.674339169407	20543.397706776694	392.37401547516396
186211219.715712	114040725025.10637	155560347688.9533	10509974036.591894	-17040.236606391794	20533.0876380726	391.67717442236346
186214819.715712	113979366571.4612	155634248244.59518	10511382820.345459	-17047.792061318192	20522.776415429886	390.9804930724168
186218419.715712	113917980930.4365	155708111677.7645	10512789096.333776	-17055.340706564577	20512.46404286784	390.28397152377704
186222019.715712	113856568126.5424	155781937984.32874	10514192865.132309	-17062.882544747757	20502.150524401037	389.5876098746617
186225619.715712	113795128184.27965	155855727160.1699	10515594127.316872	-17070.41757848536	20491.83586403935	388.891408223053
186229219.715712	113733661128.13951	155929479201.18436	10516992883.46363	-17077.945810395828	20481.520065787943	388.19536666669796
186232819.715712	113672166982.60385	156003194103.2829	10518389134.149103	-17085.467243098414	20471.203133647294	387.4994853031089
186236419.715712	113610645772.14511	156076871862.39075	10519782879.950161	-17092.981879213177	20460.88507161317	386.8037642295637
186240019.715712	113549097521.22629	156150512474.44745	10521174121.444021	-17100.489721360977	20450.565883676663	386.10820354310624
186243619.715712	113487522254.30093	156224115935.40692	10522562859.208252	-17107.990772163466	20440.245573824166	385.41280334054653
186247219.715712	113425919995.81317	156297682241.23746	10523949093.82077	-17115.48503424309	20429.924146037392	384.71756371846107
186250819.715712	113364290770.1977	156371211387.92163	10525332825.859838	-17122.97251022308	20419.601604293377	384.0224847731933
186254419.715712	113302634601.87973	156444703371.45636	10526714055.904066	-17130.453202727447	20409.277952564473	383.32756660085374
186258019.715712	113240951515.27507	156518158187.85284	10528092784.532408	-17137.92711438098	20398.95319481837	382.6328092973204
186261619.715712	113179241534.79005	156591575833.13657	10529469012.324163	-17145.39424780923	20388.627335018075	381.9382129582391
186265219.715712	113117504684.82156	156664956303.34726	10530842739.858978	-17152.854605638524	20378.30037712194	381.2437776790237
186268819.715712	113055740989.75702	156738299594.53888	10532213967.716839	-17160.308190495947	20367.972325083658	380.5495035548565
186272419.715712	112993950473.9744	156811605702.77963	10533582696.478073	-17167.755005009334	20357.643182852255	379.8553906806886
186276019.715712	112932133161.84221	156884874624.15192	10534948926.723352	-17175.19505180728	20347.312954372104	379.1614391512399
186279619.715712	112870289077.71948	156958106354.75235	10536312659.03369	-17182.62833351912	20336.98164358293	378.4676490609999
186283219.715712	112808418245.95581	157031300890.69168	10537673893.990433	-17190.054852774927	20326.64925441981	377.7740205042277
186286819.715712	112746520690.8913	157104458228.09485	10539032632.175272	-17197.474612205522	20316.31579081318	377.08055357495226
186290419.715712	112684596436.85657	157177578363.10092	10540388874.170237	-17204.887614442447	20305.98125668883	376.3872483669729
186294019.715712	112622645508.17279	157250661291.8631	10541742620.557692	-17212.29386211797	20295.645655967917	375.6941049738596
186297619.715712	112560667929.15164	157323707010.54868	10543093871.920338	-17219.69335786509	20285.308992566966	375.00112348895317
186301219.715712	112498663724.09532	157396715515.33905	10544442628.841213	-17227.086104317514	20274.971270397877	374.3083040053656
186304819.715712	112436632917.29655	157469686802.4297	10545788891.90369	-17234.472104109667	20264.632493367917	373.61564661598044
186308419.715712	112374575533.03857	157542620868.03012	10547132661.691473	-17241.851359876677	20254.292665379737	372.9231514134531
186312019.715712	112312491595.59512	157615517708.36392	10548473938.788603	-17249.223874254374	20243.951790331368	372.2308184902112
186315619.715712	112250381129.23045	157688377319.6687	10549812723.77945	-17256.58964987929	20233.60987211623	371.5386479384548
186319219.715712	112188244158.19933	157761199698.19604	10551149017.248716	-17263.948689388646	20223.266914623127	370.84663985015663
186322819.715712	112126080706.74702	157833984840.21152	10552482819.781437	-17271.300995420355	20212.922921736263	370.15479431706257
186326419.715712	112063890799.10931	157906732741.99472	10553814131.962975	-17278.646570613007	20202.577897335228	369.4631114306919
186330019.715712	112001674459.51245	157979443399.83917	10555142954.379023	-17285.985417605876	20192.231845295028	368.7715912823377
186333619.715712	111939431712.17322	158052116810.05234	10556469287.615602	-17293.317539038908	20181.88476948606	368.0802339630668
186337219.715712	111877162581.29887	158124752968.9556	10557793132.259062	-17300.64293755272	20171.53667377413	367.38903956372064
186340819.715712	111814867091.08717	158197351872.88425	10559114488.896074	-17307.961615788587	20161.18756202047	366.6980081749151
186344419.715712	111752545265.72636	158269913518.1875	10560433358.113642	-17315.27357638845	20150.837438081708	366.00713988704115
186348019.715712	111690197129.39517	158342437901.22842	10561749740.49909	-17322.578821994903	20140.4863058099	365.31643479026485
186351619.715712	111627822706.26282	158414925018.38394	10563063636.64007	-17329.87735525119	20130.134169052526	364.62589297452797
186355219.715712	111565422020.48901	158487374866.04483	10564375047.124552	-17337.1691788012	20119.781031652492	363.9355145295481
186358819.715712	111502995096.22392	158559787440.6157	10565683972.540834	-17344.454295289463	20109.426897448127	363.2452995448189
186362419.715712	111440541957.60823	158632162738.5149	10566990413.477533	-17351.73270736115	20099.071770273204	362.5552481096108
186366019.715712	111378062628.77306	158704500756.17468	10568294370.523588	-17359.00441766205	20088.715653956926	361.8653603129706
186369619.715712	111315557133.84001	158776801490.04102	10569595844.26826	-17366.269428838597	20078.35855232394	361.17563624372264
186373219.715712	111253025496.92119	158849064936.57364	10570894835.301123	-17373.527743537834	20068.00046919434	360.48607599046835
186376819.715712	111190467742.11914	158921291092.246	10572191344.212076	-17380.779364407426	20057.641408383657	359.796679641587
186380419.715712	111127883893.52687	158993479953.54535	10573485371.591333	-17388.024294095652	20047.281373702892	359.1074472852358
186384019.715712	111065273975.22789	159065631516.9726	10574776918.029427	-17395.262535251397	20036.920368958487	358.4183790093505
186387619.715712	111002638011.29613	159137745779.04236	10576065984.117203	-17402.49409052415	20026.558397952347	357.7294749016451
186391219.715712	110939976025.79599	159209822736.2829	10577352570.445826	-17409.718962564002	20016.195464481847	357.040735049613
186394819.715712	110877288042.78236	159281862385.2362	10578636677.606771	-17416.937154021634	20005.831572339823	356.3521595405265
186398419.715712	110814574086.30055	159353864722.4579	10579918306.191833	-17424.14866754832	19995.46672531458	355.66374846143754
186402019.715712	110751834180.38635	159425829744.51715	10581197456.793114	-17431.35350579592	19985.100927189906	354.97550189917797
186405619.715712	110689068349.06598	159497757447.99686	10582474130.00303	-17438.551671416873	19974.734181745054	354.2874199403597
186409219.715712	110626276616.35612	159569647829.49347	10583748326.414312	-17445.743167064193	19964.366492754765	353.5995026713752
186412819.715712	110563459006.2639	159641500885.61697	10585020046.619997	-17452.92799539147	19953.99786398927	352.91175017839765
186416419.715712	110500615542.7869	159713316612.99097	10586289291.213432	-17460.10615905286	19943.62829921428	352.2241625473813
186420019.715712	110437746249.91313	159785095008.2526	10587556060.788277	-17467.277660703072	19933.257802191012	351.53673986406176
186423619.715712	110374851151.62106	159856836068.05255	10588820355.938494	-17474.44250299739	19922.886376676164	350.8494822139563
186427219.715712	110311930271.8796	159928539789.055	10590082177.258358	-17481.60068859164	19912.514026421944	350.1623896823642
186430819.715712	110248983634.64806	160000206167.9376	10591341525.342451	-17488.752220142196	19902.14075517606	349.47546235436704
186434419.715712	110186011263.87624	160071835201.39154	10592598400.785656	-17495.897100305985	19891.76656668173	348.7887003148289
186438019.715712	110123013183.50433	160143426886.1215	10593852804.183165	-17503.03533174047	19881.391464677683	348.10210364839674
186441619.715712	110059989417.463	160214981218.8455	10595104736.130472	-17510.166917103645	19871.015452898162	347.41567243950084
186445219.715712	109996939989.6733	160286498196.2951	10596354197.22338	-17517.291859054043	19860.63853507293	346.72940677235476
186448819.715712	109933864924.04672	160357977815.21524	10597601188.057985	-17524.410160250718	19850.260714927266	346.04330673095603
186452419.715712	109870764244.4852	160429420072.36426	10598845709.230694	-17531.52182335325	19839.881996181983	345.35737239908616
186456019.715712	109807637974.88109	160500824964.5139	10600087761.338211	-17538.626851021734	19829.502382553423	344.67160386031105
186459619.715712	109744486139.11717	160572192488.44922	10601327344.977541	-17545.72524591678	19819.121877753456	343.9860011979813
186463219.715712	109681308761.06664	160643522640.96875	10602564460.745989	-17552.817010699502	19808.740485489496	343.3005644952325
186466819.715712	109618105864.59308	160714815418.88425	10603799109.241158	-17559.902148031528	19798.35820946449	342.61529383498555
186470419.715712	109554877473.55055	160786070819.0208	10605031291.060951	-17566.980660574976	19787.97505337694	341.9301892999469
186474019.715712	109491623611.7835	160857288838.21692	10606261006.803568	-17574.05255099247	19777.591020920885	341.24525097260897
186477619.715712	109428344303.12677	160928469473.32425	10607488257.067503	-17581.117821947115	19767.206115785924	340.5604789352502
186481219.715712	109365039571.40564	160999612721.2078	10608713042.451548	-17588.17647610251	19756.82034165721	339.8758732699357
186484819.715712	109301709440.43579	161070718578.74582	10609935363.55479	-17595.228516122737	19746.433702215454	339.1914340585173
186488419.715712	109238353934.02332	161141787042.8298	10611155220.976612	-17602.27394467235	19736.046201136927	338.50716138263385
186492019.715712	109174973075.9647	161212818110.36447	10612372615.316687	-17609.31276441638	19725.657842093475	337.8230553237117
186495619.715712	109111566890.04688	161283811778.26773	10613587547.17498	-17616.34497802033	19715.268628752507	337.13911596296475
186499219.715712	109048135400.04712	161354768043.47073	10614800017.151754	-17623.37058815017	19704.87856477701	336.455343381395
186502819.715712	108984678629.73315	161425686902.91776	10616010025.847559	-17630.389597472324	19694.487653825545	335.7717376597926
186506419.715712	108921196602.86308	161496568353.56628	10617217573.863234	-17637.402008653677	19684.095899552263	335.0882988787365
186510019.715712	108857689343.18541	161567412392.38693	10618422661.79991	-17644.407824361566	19673.70330560689	334.4050271185943
186513619.715712	108794156874.43904	161638219016.36343	10619625290.259008	-17651.407047263776	19663.30987563475	333.72192245952294
186517219.715712	108730599220.35327	161708988222.49265	10620825459.842236	-17658.399680028535	19652.91561327675	333.0389849814687
186520819.715712	108667016404.6478	161779720007.78452	10622023171.151588	-17665.38572532451	19642.5205221694	332.35621476416765
186524419.715712	108603408451.0327	161850414369.26212	10623218424.789347	-17672.36518582081	19632.124605944817	331.67361188714597
186528019.715712	108539775383.20845	161921071303.96155	10624411221.35808	-17679.338064186963	19621.727868230704	330.9911764297202
186531619.715712	108476117224.8659	161991690808.93195	10625601561.46064	-17686.30436309293	19611.330312650385	330.3089084709975
186535219.715712	108412433999.68633	162062272881.23553	10626789445.700165	-17693.2640852091	19600.931942822794	329.626808089876
186538819.715712	108348725731.34134	162132817517.9475	10627974874.680075	-17700.21723320627	19590.532762362476	328.9448753650451
186542419.715712	108284992443.49298	162203324716.1561	10629157849.004074	-17707.163809755657	19580.132774879596	328.2631103749857
186546019.715712	108221234159.79364	162273794472.96252	10630338369.27615	-17714.10381752889	19569.731983979942	327.5815131979705
186549619.715712	108157450903.88611	162344226785.48096	10631516436.100569	-17721.037259197998	19559.330393264932	326.90008391206436
186553219.715712	108093642699.40353	162414621650.83856	10632692050.081879	-17727.964137435414	19548.928006331607	326.21882259512466
186556819.715712	108029809569.96948	162484979066.17538	10633865211.82491	-17734.88445491397	19538.524826772642	325.5377293248014
186560419.715712	107965951539.19786	162555299028.64447	10635035921.934767	-17741.798214306884	19528.120858176357	324.8568041785375
186564019.715712	107902068630.69296	162625581535.4117	10636204181.016836	-17748.705418287773	19517.716104126703	324.1760472335694
186567619.715712	107838160868.04947	162695826583.65594	10637369989.676783	-17755.60606953063	19507.310568203284	323.49545856692697
186571219.715712	107774228274.85242	162766034170.56882	10638533348.520544	-17762.500170709834	19496.90425398135	322.815038255434
186574819.715712	107710270874.67723	162836204293.35492	10639694258.154339	-17769.387724500142	19486.4971650318	322.1347863757085
186578419.715712	107646288691.08968	162906336949.23166	10640852719.184658	-17776.268733576675	19476.08930492119	321.45470300416287
186582019.715712	107582281747.64592	162976432135.42923	10642008732.21827	-17783.14320061493	19465.680677211745	320.7747882170044
186585619.715712	107518250067.89249	163046489849.19073	10643162297.862213	-17790.011128290764	19455.271285461335	320.0950420902353
186589219.715712	107454193675.36626	163116510087.77197	10644313416.723803	-17796.872519280394	19444.861133223512	319.4154646996532
186592819.715712	107390112593.59448	163186492848.44162	10645462089.410625	-17803.727376260395	19434.450224047494	318.7360561208514
186596419.715712	107326006846.09479	163256438128.48105	10646608316.530539	-17810.575701907692	19424.038561478174	318.056816429219
186600019.715712	107261876456.37514	163326345925.18445	10647752098.691671	-17817.417498899555	19413.62614905612	317.3777456999414
186603619.715712	107197721447.93388	163396216235.85867	10648893436.502422	-17824.252769913604	19403.212990317585	316.6988440080005
186607219.715712	107133541844.25972	163466049057.8234	10650032330.571463	-17831.081517627794	19392.799088794505	316.02011142817497
186610819.715712	107069337668.83171	163535844388.4109	10651168781.507729	-17837.903744720414	19382.384448014513	315.3415480350406
186614419.715712	107005108945.11926	163605602224.96622	10652302789.920427	-17844.719453870086	19371.969071500924	314.6631539029706
186618019.715712	106940855696.58215	163675322564.84705	10653434356.419031	-17851.52864775576	19361.552962772756	313.98492910613567
186621619.715712	106876577946.67052	163745005405.42374	10654563481.613281	-17858.331329056713	19351.13612534473	313.3068737185046
186625219.715712	106812275718.82483	163814650744.07928	10655690166.113184	-17865.127500452534	19340.71856272726	312.6289878138445
186628819.715712	106747949036.47592	163884258578.20935	10656814410.529009	-17871.91716462313	19330.300278426483	311.9512714657208
186632419.715712	106683597923.045	163953828905.22214	10657936215.471292	-17878.700324248715	19319.881275944237	311.27372474749797
186636019.715712	106619222401.94357	164023361722.5385	10659055581.550835	-17885.476982009823	19309.461558778075	310.5963477323394
186639619.715712	106554822496.57355	164092857027.59192	10660172509.378696	-17892.247140587275	19299.041130421276	309.919140493208
186643219.715712	106490398230.32715	164162314817.8283	10661286999.566204	-17899.010802662204	19288.619994362838	309.2421031028663
186646819.715712	106425949626.58696	164231735090.70627	10662399052.724943	-17905.76797091603	19278.198154087484	308.56523563387685
186650419.715712	106361476708.72592	164301117843.69687	10663508669.46676	-17912.51864803047	19267.775613075664	307.88853815860244
186654019.715712	106296979500.1073	164370463074.28372	10664615850.403765	-17919.26283668752	19257.352374803573	307.21201074920646
186657619.715712	106232458024.0847	164439770779.96292	10665720596.148321	-17926.000539569475	19246.92844274313	306.535653477653
186661219.715712	106167912304.0021	164509040958.24307	10666822907.313055	-17932.731759358892	19236.503820362006	305.85946641570746
186664819.715712	106103342363.19382	164578273606.6453	10667922784.51085	-17939.456498738615	19226.07851112361	305.1834496349365
186668419.715712	106038748224.98447	164647468722.7031	10669020228.354849	-17946.174760391754	19215.652518487102	304.50760320670855
186672019.715712	105974129912.68904	164716626303.96246	10670115239.458447	-17952.886547001686	19205.225845907396	303.831927202194
186675619.715712	105909487449.61288	164785746347.98184	10671207818.435297	-17959.591861252058	19194.798496835163	303.1564216923655
186679219.715712	105844820859.05164	164854828852.33203	10672297965.89931	-17966.29070582677	19184.370474716827	302.48108674799823
186682819.715712	105780130164.29132	164923873814.59628	10673385682.464645	-17972.983083409985	19173.94178299458	301.8059224396703
186686419.715712	105715415388.60826	164992881232.3702	10674470968.745722	-17979.668996686112	19163.512425106386	301.1309288377629
186690019.715712	105650676555.26913	165061851103.26178	10675553825.357208	-17986.34844833981	19153.08240448597	300.4561060124605
186693619.715712	105585913687.53094	165130783424.89136	10676634252.914026	-17993.021441055982	19142.651724562835	299.78145403375146
186697219.715712	105521126808.64104	165199678194.8916	10677712252.031351	-17999.687977519774	19132.220388762267	299.106972971428
186700819.715712	105456315941.83708	165268535410.9075	10678787823.324604	-18006.348060416567	19121.78840050533	298.4326628950866
186704419.715712	105391481110.34709	165337355070.59637	10679860967.409462	-18013.001692431975	19111.355763208878	297.7585238741283
186708019.715712	105326622337.3894	165406137171.62784	10680931684.901848	-18019.64887625184	19100.922480285546	297.08455597775895
186711619.715712	105261739646.17268	165474881711.68378	10681999976.417934	-18026.289614562225	19090.48855514377	296.4107592749896
186715219.715712	105196833059.89594	165543588688.4583	10683065842.574142	-18032.923910049427	19080.05399118778	295.7371338346365
186718819.715712	105131902601.74849	165612258099.65784	10684129283.98714	-18039.55176539995	19069.618791817607	295.0636797253217
186722419.715712	105066948294.91	165680889943.00098	10685190301.273844	-18046.173183300514	19059.182960429087	294.39039701547324
186726019.715712	105001970162.55045	165749484216.21857	10686248895.051413	-18052.78816643805	19048.746500413865	293.7172857733253
186729619.715712	104936968227.83014	165818040917.05365	10687305065.937254	-18059.396717499694	19038.30941515939	293.04434606691854
186733219.715712	104871942513.89972	165886560043.26147	10688358814.549019	-18065.998839172786	19027.871708048937	292.37157796410054
186736819.715712	104806893043.90015	165955041592.60944	10689410141.5046	-18072.59453414486	19017.433382461597	291.69898153252586
186740419.715712	104741819840.96269	166023485562.87708	10690459047.422138	-18079.18380510365	19006.99444177228	291.0265568396564
186744019.715712	104676722928.20898	166091891951.8561	10691505532.920013	-18085.76665473708	18996.554889351726	290.35430395276177
186747619.715712	104611602328.75095	166160260757.35037	10692549598.616846	-18092.343085733257	18986.114728566503	289.68222293891944
186751219.715712	104546458065.69084	166228591977.17578	10693591245.1315	-18098.91310078048	18975.673962779016	289.01031386501506
186754819.715712	104481290162.12125	166296885609.1604	10694630473.08308	-18105.476702567215	18965.232595347505	288.3385767977428
186758419.715712	104416098641.12505	166365141651.14435	10695667283.09093	-18112.033893782118	18954.790629626055	287.66701180360553
186762019.715712	104350883525.77547	166433360100.9798	10696701675.774633	-18118.58467711401	18944.34806896459	286.99561894891525
186765619.715712	104285644839.13605	166501540956.53098	10697733651.75401	-18125.12905525188	18933.90491670889	286.32439829979313
186769219.715712	104220382604.26065	166569684215.6742	10698763211.649117	-18131.667030884884	18923.46117620058	285.65334992217
186772819.715712	104155096844.19345	166637789876.29773	10699790356.080252	-18138.198606702343	18913.01685077715	284.9824738817865
186776419.715712	104089787581.96895	166705857936.30188	10700815085.667948	-18144.723785393726	18902.57194377194	284.31177024419355
186780019.715712	104024454840.61194	166773888393.59897	10701837401.032972	-18151.242569648664	18892.126458514165	283.6412390747523
186783619.715712	103959098643.13757	166841881246.11325	10702857302.796328	-18157.754962156934	18881.680398328896	282.9708804386348
186787219.715712	103893719012.55128	166909836491.781	10703874791.57925	-18164.260965608464	18871.23376653708	282.30069440082394
186790819.715712	103828315971.84883	166977754128.55038	10704889868.00321	-18170.760582693318	18860.78656645554	281.63068102611385
186794419.715712	103762889544.0163	167045634154.38153	10705902532.68991	-18177.253816101707	18850.338801396974	280.96084037911027
186798019.715712	103697439752.03008	167113476567.24646	10706912786.26129	-18183.740668523973	18839.890474669966	280.2911725242307
186801619.715712	103631966618.85687	167181281365.12912	10707920629.339514	-18190.22114265059	18829.441589578983	279.6216775257048
186805219.715712	103566470167.45372	167249048546.02536	10708926062.54698	-18196.695241172165	18818.992149424383	278.95235544757446
186808819.715712	103500950420.76793	167316778107.94287	10709929086.506317	-18203.162966779422	18808.542157502416	278.2832063536943
186812419.715712	103435407401.73717	167384470048.9012	10710929701.840384	-18209.624322163214	18798.091617105227	277.6142303077319
186816019.715712	103369841133.2894	167452124366.9318	10711927909.172266	-18216.07931001451	18787.64053152087	276.94542737316783
186819619.715712	103304251638.34288	167519741060.07788	10712923709.12528	-18222.52793302439	18777.18890403329	276.27679761329637
186823219.715712	103238638939.8062	167587320126.3945	10713917102.322968	-18228.970193884044	18766.73673792235	275.6083410912254
186826819.715712	103173003060.57826	167654861563.94852	10714908089.389097	-18235.406095284776	18756.28403646382	274.9400578698768
186830419.715712	103107344023.54826	167722365370.81854	10715896670.947666	-18241.835639917983	18745.830802929395	274.27194801198675
186834019.715712	103041661851.59573	167789831545.09503	10716882847.622894	-18248.258830475173	18735.37704058667	273.6040115801061
186837619.715712	102975956567.5905	167857260084.88013	10717866620.039228	-18254.675669647942	18724.92275269918	272.9362486366004
186841219.715712	102910228194.3927	167924650988.28772	10718847988.821339	-18261.08616012798	18714.467942526382	272.26865924365035
186844819.715712	102844476754.85278	167992004253.44348	10719826954.594118	-18267.49030460707	18704.01261332366	271.60124346325205
186848419.715712	102778702271.81151	168059319878.48474	10720803517.982683	-18273.888105777074	18693.55676834233	270.9340013572172
186852019.715712	102712904768.09993	168126597861.56052	10721777679.612373	-18280.279566329948	18683.100410829647	270.2669329871735
186855619.715712	102647084266.53944	168193838200.83157	10722749440.108747	-18286.664688957713	18672.64354402882	269.60003841456484
186859219.715712	102581240789.94173	168261040894.47028	10723718800.097588	-18293.043476352475	18662.18617117898	268.9333177006515
186862819.715712	102515374361.10876	168328205940.66068	10724685760.204895	-18299.415931206408	18651.728295515226	268.2667709065106
186866419.715712	102449485002.83286	168395333337.59848	10725650321.05689	-18305.782056211752	18641.269920268598	267.6003980930362
186870019.715712	102383572737.89662	168462423083.491	10726612483.280014	-18312.141854060817	18630.8110486661	266.9341993209396
186873619.715712	102317637589.07297	168529475176.55713	10727572247.500923	-18318.49532744597	18620.351683930687	266.26817465074987
186877219.715712	102251679579.12514	168596489615.0274	10728529614.346495	-18324.842479059636	18609.891829281285	265.60232414281364
186880819.715712	102185698730.80664	168663466397.14392	10729484584.443819	-18331.183311594297	18599.431487932783	264.9366478572957
186884419.715712	102119695066.86133	168730405521.16034	10730437158.420206	-18337.517827742482	18588.970663096043	264.2711458541794
186888019.715712	102053668610.02333	168797306985.3419	10731387336.90318	-18343.84603019677	18578.5093579779	263.60581819326643
186891619.715712	101987619383.0171	168864170787.9653	10732335120.52048	-18350.167921649787	18568.047575781166	262.94066493417756
186895219.715712	101921547408.55742	168930996927.31885	10733280509.900059	-18356.48350479419	18557.585319704634	262.27568613635265
186898819.715712	101855452709.34933	168997785401.70233	10734223505.670086	-18362.792782322682	18547.12259294309	261.61088185905106
186902419.715712	101789335308.08821	169064536209.42703	10735164108.45894	-18369.095756927996	18536.659398687305	260.9462521613518
186906019.715712	101723195227.45973	169131249348.8157	10736102318.895214	-18375.3924313029	18526.195740124036	260.2817971021539
186909619.715712	101657032490.13988	169197924818.20258	10737038137.607712	-18381.68280814018	18515.731620436043	259.61751674017665
186913219.715712	101590847118.79494	169264562615.93332	10737971565.22545	-18387.966890132655	18505.26704280209	258.9534111339597
186916819.715712	101524639136.08151	169331162740.36502	10738902602.377653	-18394.244679973155	18494.802010396936	258.2894803418637
186920419.715712	101458408564.64648	169397725189.86624	10739831249.693758	-18400.516180354534	18484.336526391355	257.6257244220701
