177839655.3504	128741148601.27173	-80127180304.04901	402405376.0477891	18424.38356042924	27386.98153013609	1828.6326937274744
177843255.3504	128807442473.45483	-80028569065.88013	408987046.79667944	18405.55057977482	27397.042206635244	1827.8548050303448
177846855.3504	128873668601.41855	-79929921582.79309	415565956.9639167	18386.747581154523	27407.11736041994	1827.0988526071108
177850455.3504	128939827089.90862	-79831237805.15764	422142183.56837535	18367.972811699685	27417.20562394821	1826.3637637349648
177854055.3504	129005918037.56146	-79732517688.11252	428715799.888688	18349.224628718912	27427.305714187376	1825.6485323290285
177857655.3504	129071941537.28525	-79633761191.27306	435286875.69377476	18330.501491206218	27437.41642613048	1824.9522138206205
177861255.3504	129137897676.61191	-79534968278.46112	441855477.45579094	18311.80195212604	27447.536626903107	1824.273920502866
177864855.3504	129203786538.02254	-79436138917.45518	448421668.5470858	18293.12465139316	27457.665250398553	1823.6128172944607
177868455.3504	129269608199.24878	-79337273079.75894	454985509.4225975	18274.468309475375	27467.801292386688	1822.9681178782484
177872055.3504	129335362733.5521	-79238370740.38667	461547057.7889636	18255.831721555194	27477.94380604828	1822.3390811763466
177875655.3504	129401050209.98302	-79139431877.66406	468106368.7614964	18237.213752194188	27488.091897892078	1821.725008127965
177879255.3504	129466670693.62202	-79040456473.04303	474663495.0100578	18218.613330450073	27498.244724016782	1821.1252387399165
177882855.3504	129532224245.8035	-78941444510.92944	481218486.89476615	18200.029445402193	27508.401486684263	1820.5391493831712
177886455.3504	129597710924.32434	-78842395978.52272	487771392.592378	18181.461142045944	27518.561431174152	1819.9661503117593
177890055.3504	129663130783.63838	-78743310865.66618	494322258.2141059	18162.907517521064	27528.723842893087	1819.4056833828986
177893655.3504	129728483875.03778	-78644189164.70752	500871127.9155622	18144.367717642377	27538.88804471484	1818.8572199594994
177897255.3504	129793770246.8224	-78545030870.36829	507418043.9994548	18125.84093370504	27549.053394530012	1818.32025897819
177900855.3504	129858989944.45819	-78445835979.62207	513963047.01160264	18107.32639953916	27559.219282986232	1817.7943251677736
177904455.3504	129924143010.72533	-78346604491.58028	520506175.83078796	18088.823388791305	27569.38513140176	1817.2789674045805
177908055.3504	129989229485.85698	-78247336407.3853	527047467.7529159	18070.331212412708	27579.550389837117	1816.7737571925582
177911655.3504	130054249407.66942	-78148031730.11028	533586958.5699104	18051.849216336028	27589.71453531091	1816.2782872571647
177915255.3504	130119202811.68394	-78048690464.66502	540124682.6437378	18033.376779324266	27599.8770701474	1815.7921702432163
177918855.3504	130184089731.2415	-77949312617.70778	546660672.9759164	18014.91331097711	27610.037520444566	1815.315037507801
177922455.3504	130248910197.61032	-77849898197.56218	553194961.27284	17996.458249881394	27620.195434652534	1814.8465380002363
177926055.3504	130313664240.0871	-77750447214.1392	559727578.0072142	17978.011061893616	27630.350382253142	1814.386337221811
177929655.3504	130378351886.09232	-77650959678.86368	566258552.4758816	17959.57123854361	27640.501952532362	1813.9341162587384
177933255.3504	130442973161.2599	-77551435604.6051	572787912.8542892	17941.13829554948	27650.649753438003	1813.4895708823626
177936855.3504	130507528089.52185	-77451875005.61235	579315686.247828	17922.711771434857	27660.79341051587	1813.052410711205
177940455.3504	130572016693.18793	-77352277897.45218	585841898.7402613	17904.291226240268	27670.932565918134	1812.622358429938
177944055.3504	130636438993.02095	-77252644296.9511	592366575.4394358	17885.876240321264	27681.06687747824	1812.1991490608075
177947655.3504	130700795008.30792	-77152974222.14047	598889740.5204587	17867.46641322651	27691.19601784721	1811.7825292834327
177951255.3504	130765084756.92715	-77053267692.2047	605411417.2665075	17849.061362649692	27701.319673686627	1811.3722567992625
177954855.3504	130829308255.41185	-76953524727.4321	611931628.107427	17830.660723449615	27711.437544913955	1810.9680997372975
177958455.3504	130893465519.01021	-76853745349.16849	618450394.6562563	17812.264146733374	27721.549343996354	1810.5698360979768
177962055.3504	130957556561.74237	-76753929579.77324	624967737.7438184	17793.871298997867	27731.654795289294	1810.1772532323914
177965655.3504	131021581396.45438	-76654077442.57755	631483677.4514948	17775.48186132538	27741.75363441675	1809.7901473542272
177969255.3504	131085540034.86923	-76554188961.84497	637998233.1422979	17757.095528629292	27751.845607689902	1809.4083230820568
177972855.3504	131149432487.6355	-76454264162.73395	644511423.4903475	17738.71200894627	27761.93047156162	1809.0315930097936
177976455.3504	131213258764.37326	-76354303071.26218	651023266.5088483	17720.331022771665	27772.007992114155	1808.6597773033045
177980055.3504	131277018873.7179	-76254305714.27287	657533779.5766596	17701.952302435024	27782.077944577693	1808.2927033213332
177983655.3504	131340712823.36156	-76154272119.40263	664042979.4635412	17683.575591512927	27792.14011287765	1807.9302052590408
177987255.3504	131404340620.0927	-76054202315.05092	670550882.3541551	17665.20064427657	27802.19428920868	1807.5721238125984
177990855.3504	131467902269.83362	-75954096330.351	677057503.8708948	17646.827225171717	27812.240273633633	1807.2183058633937
177994455.3504	131531397777.6762	-75853954195.14233	683562859.0956113	17628.45510832879	27822.277873705694	1806.8686041805204
177998055.3504	131594827147.9159	-75753775939.94426	690066962.5902992	17610.084077101114	27832.30690411222	1806.5228771403283
178001655.3504	131658190384.08421	-75653561595.93088	696569828.4168018	17591.713923629413	27842.327186338807	1806.1809884618963
178005255.3504	131721487488.97955	-75553311194.9072	703071470.1555914	17573.344448430864	27852.338548352225	1805.8428069573845
178008855.3504	131784718464.69667	-75453024769.28632	709571900.923676	17554.97546001104	27862.340824301064	1805.5082062962938
178012455.3504	131847883312.65475	-75352702352.06773	716071133.3916812	17536.60677449734	27872.333854232882	1805.1770647827357
178016055.3504	131910982033.62427	-75252343976.81653	722569179.800152	17518.238215292477	27882.31748382684	1804.849265144881
178019655.3504	131974014627.75252	-75151949677.64359	729066051.9751177	17499.86961274675	27892.291564140807	1804.5246943358147
178023255.3504	132036981094.5881	-75051519489.18666	735561761.3429595	17481.50080384796	27902.25595137208	1804.2032433450827
178026855.3504	132099881433.1043	-74951053446.5923	742056318.9446175	17463.13163192785	27912.210506630814	1803.8848070202614
178030455.3504	132162715641.72134	-74850551585.49854	748549735.4491725	17444.761946383984	27922.15509572542	1803.569283897938
178034055.3504	132225483718.32787	-74750013942.01833	755042021.1668358	17426.391602416268	27932.089588959174	1803.2565760435202
178037655.3504	132288185660.30127	-74649440552.72374	761533186.061377	17408.02046077706	27942.01386093739	1802.9465888993457
178041255.3504	132350821464.52728	-74548831454.63081	768023239.7620194	17389.648387534166	27951.92779038447	1802.639231140589
178044855.3504	132413391127.41873	-74448186685.185	774512191.5748296	17371.275253845895	27961.831259970306	1802.334414538505
178048455.3504	132475894644.93344	-74347506282.2473	781000050.493628	17352.900935747508	27971.724156145436	1802.0320538305732
178052055.3504	132538332012.59145	-74246790284.08093	787486825.2104434	17334.52531394832	27981.60636898445	1801.7320665971413
178055655.3504	132600703225.49144	-74146038729.33853	793972524.1255338	17316.148273638933	27991.47779203719	1801.4343731441886
178059255.3504	132663008278.32661	-74045251657.04991	800457155.3569974	17297.769704307924	28001.338322187272	1801.1388963918603
178062855.3504	132725247165.39977	-73944429106.61032	806940726.7499901	17279.389499567504	28011.18785951752	1800.84556176844
178066455.3504	132787419880.6379	-73843571117.76913	813423245.8855724	17261.007556987628	28021.026307181914	1800.5542971094542
178070055.3504	132849526417.60612	-73742677730.61903	819904720.0892011	17242.623777938064	28030.853571283707	1800.2650325616228
178073655.3504	132911566769.52113	-73641748985.58559	826385156.4388831	17224.238067438004	28040.669560759346	1799.9777004913803
178077255.3504	132973540929.264	-73540784923.41727	832864561.7730088	17205.85033401276	28050.47418726787	1799.6922353977222
178080855.3504	133035448889.39262	-73439785585.17581	839342942.6978786	17187.460489557223	28060.267365085532	1799.4085738291335
178084455.3504	133097290642.15358	-73338751012.22704	845820305.5949368	17169.068449205635	28070.04901100528	1799.1266543043805
178088055.3504	133159066179.49358	-73237681246.2319	852296656.6277282	17150.674131207394	28079.819044240936	1798.8464172369584
178091655.3504	133220775493.07045	-73136576329.13799	858772001.7485878	17132.27745680854	28089.577386335714	1798.567804862996
178095255.3504	133282418574.26373	-73035436303.17122	865246346.7050779	17113.87835013865	28099.323961074948	1798.2907611724356
178098855.3504	133343995414.18488	-72934261210.82803	871719697.0461823	17095.476738102792	28109.058694402724	1798.015231843317
178102455.3504	133405506003.687	-72833051094.86768	878192058.1282697	17077.07255027836	28118.78151434226	1797.7411641789995
178106055.3504	133466950333.37439	-72731805998.3049	884663435.1208363	17058.665718816465	28128.49235091984	1797.4685070481733
178109655.3504	133528328393.61156	-72630525964.40283	891133833.0120364	17040.25617834768	28138.191136092086	1797.197210827514
178113255.3504	133589640174.532	-72529211036.66623	897603256.6140127	17021.84386589192	28147.877803676416	1796.9272273468462
178116855.3504	133650885666.04668	-72427861258.83482	904071710.5680313	17003.42872077222	28157.552289284555	1796.658509836688
178120455.3504	133712064857.85211	-72326476674.87703	910539199.349434	16985.010684532244	28167.214530258887	1796.3910128780576
178124055.3504	133773177739.43828	-72225057328.9838	917005727.2724129	16966.58970085733	28176.86446561154	1796.124692354428
178127655.3504	133834224300.09616	-72123603265.56271	923471298.4946156	16948.165715498864	28186.502035966085	1795.8595054057228
178131255.3504	133895204528.92505	-72022114529.2323	929935917.0215886	16929.738676201883	28196.127183501678	1795.5954103842537
178134855.3504	133956118414.8396	-71920591164.81653	936399586.7110656	16911.308532635678	28205.739851899547	1795.332366812503
178138455.3504	134016965946.57664	-71819033217.3395	942862311.2771066	16892.8752363273	28215.33998629173	1795.070335342663
178142055.3504	134077747112.70177	-71717440732.02026	949324094.2940944	16874.438740597823	28224.9275332119	1794.8092777178456
178145655.3504	134138461901.61563	-71615813754.26793	955784939.2005948	16855.999000501186	28234.50244054825	1794.5491567348852
178149255.3504	134199110301.56013	-71514152329.67683	962244849.3030849	16837.555972765567	28244.064657498275	1794.2899362086544
178152855.3504	134259692300.62431	-71412456504.02191	968703827.7795564	16819.109615737103	28253.614134525378	1794.0315809378255
178156455.3504	134320207886.7501	-71310726323.2542	975161877.6829976	16800.659889325878	28263.150823317268	1793.7740566720072
178160055.3504	134380657047.73784	-71208961833.49652	981619001.9447595	16782.206754954073	28272.67467674597	1793.517330080193
178163655.3504	134441039771.25162	-71107163081.03929	988075203.3778107	16763.750175506157	28282.18564882946	1793.2613687204603
178167255.3504	134501356044.82448	-71005330112.33646	994530484.6798856	16745.29011528105	28291.6836946948	1793.0061410108642
178170855.3504	134561605855.86343	-70903462974.00156	1000984848.4365293	16726.826539946152	28301.168770542703	1792.7516162014688
178174455.3504	134621789191.65428	-70801561712.80392	1007438297.1240441	16708.359416493175	28310.640833613525	1792.4977643474656
178178055.3504	134681906039.3663	-70699626375.66502	1013890833.1123414	16689.88871319564	28320.09984215452	1792.2445562833313
178181655.3504	134741956386.05682	-70597657009.65483	1020342458.6677023	16671.414399568042	28329.545755388383	1791.9919635979757
178185255.3504	134801940218.6756	-70495653661.98843	1026793175.9554496	16652.936446326556	28338.978533482994	1791.7399586108377
178188855.3504	134861857524.06905	-70393616380.02266	1033242987.0425365	16634.45482535123	28348.3981375223	1791.4885143488862
178192455.3504	134921708288.9844	-70291545211.25282	1039691893.9000536	16615.969509649593	28357.804529478308	1791.2376045244876
178196055.3504	134981492500.07372	-70189440203.30957	1046139898.4056576	16597.480473321644	28367.19767218411	1790.9872035140993
178199655.3504	135041210143.8977	-70087301403.95584	1052587002.345925	16578.987691526116	28376.577529307928	1790.737286337757
178203255.3504	135100861206.92952	-69985128861.08392	1059033207.418633	16560.491140447997	28385.944065328127	1790.4878286393182
178206855.3504	135160445675.55836	-69882922622.71252	1065478515.2349709	16541.990797267244	28395.29724550912	1790.2388066674316
178210455.3504	135219963536.09305	-69780682736.98407	1071922927.3216844	16523.486640128634	28404.637035878175	1789.9901972572004
178214055.3504	135279414774.7654	-69678409252.1619	1078366445.1231542	16504.9786481127	28413.96340320307	1789.7419778125109
178217655.3504	135338799377.73355	-69576102216.62772	1084809070.0034134	16486.466801207727	28423.27631497053	1789.494126288997
178221255.3504	135398117331.08522	-69473761678.879	1091250803.2481039	16467.95108028273	28432.575739365464	1789.246621177616
178224855.3504	135457368620.84079	-69371387687.52654	1097691646.0663743	16449.431467061422	28441.861645250927	1788.999441488808
178228455.3504	135516553232.95633	-69268980291.292	1104131599.5927236	16430.907944097064	28451.1340021488	1788.7525667372179
178232055.3504	135575671153.32658	-69166539539.00568	1110570664.8887882	16412.38049474823	28460.392780221155	1788.5059769269524
178235655.3504	135634722367.78778	-69064065479.6041	1117008842.9450796	16393.84910315541	28469.63795025226	1788.2596525373542
178239255.3504	135693706862.12045	-68961558162.12788	1123446134.682669	16375.313754218414	28478.86948363123	1788.0135745092714
178242855.3504	135752624622.05208	-68859017635.71959	1129882540.9548256	16356.77443357456	28488.08735233526	1787.7677242317993
178246455.3504	135811475633.25974	-68756443949.62164	1136318062.548607	16338.231127577623	28497.291528913443	1787.5220835294808
178250055.3504	135870259881.37263	-68653837153.17426	1142752700.1864047	16319.683823277486	28506.48198647116	1787.2766346499418
178253655.3504	135928977351.97461	-68551197295.81352	1149186454.5274446	16301.132508400491	28515.658698654966	1787.0313602519477
178257255.3504	135987628030.60646	-68448524427.06941	1155619326.1692474	16282.57717133044	28524.82163963802	1786.7862433938635
178260855.3504	136046211902.76836	-68345818596.56397	1162051315.649046	16264.017801090251	28533.97078410599	1786.5412675225014
178264455.3504	136104728953.92206	-68243079854.00947	1168482423.4451647	16245.454387324207	28543.10610724344	1786.2964164623404
178268055.3504	136163179169.49313	-68140308249.206635	1174912649.9783607	16226.886920280804	28552.22758472065	1786.0516744051058
178271655.3504	136221562534.87312	-68037503832.04292	1181341995.6131265	16208.31539079616	28561.33519268091	1785.8070258996902
178275255.3504	136279879035.4216	-67934666652.49085	1187770460.6589594	16189.739790277974	28570.428907728172	1785.5624558424074
178278855.3504	136338128656.46822	-67831796760.60634	1194198045.3715944	16171.160110689989	28579.508706915185	1785.3179494675653
178282455.3504	136396311383.31467	-67728894206.52713	1200624749.9542048	16152.576344536983	28588.574567731946	1785.0734923383427
178286055.3504	136454427201.23662	-67625959040.47124	1207050574.5585697	16133.98848485023	28597.62646809457	1784.8290703379637
178289655.3504	136512476095.48558	-67522991312.73542	1213475519.2862113	16115.39652517342	28606.664386334498	1784.5846696611536
178293255.3504	136570458051.29071	-67419991073.69371	1219899584.189501	16096.800459549046	28615.68830118805	1784.3402768058693
178296855.3504	136628373053.86061	-67316958373.79599	1226322769.2727368	16078.200282505204	28624.698191786323	1784.0958785652915
178300455.3504	136686221088.38503	-67213893263.56656	1232745074.4931917	16059.595989042824	28633.69403764541	1783.8514620200722
178304055.3504	136744002140.03654	-67110795793.60278	1239166499.762135	16040.987574623288	28642.67581865691	1783.6070145308229
178307655.3504	136801716193.97223	-67007666014.57375	1245587044.9458275	16022.375035156445	28651.643515078744	1783.3625237308415
178311255.3504	136859363235.3352	-66904503977.219	1252006709.8664901	16003.758366988988	28660.59710752627	1783.1179775190628
178314855.3504	136916943249.25621	-66801309732.3472	1258425494.3032475	15985.1375668932	28669.53657696367	1782.873364053229
178318455.3504	136974456220.85512	-66698083330.83493	1264843397.9930482	15966.512632056032	28678.461904695578	1782.6286717432693
178322055.3504	137031902135.24242	-66594824823.62549	1271260420.631561	15947.883560068527	28687.373072358998	1782.3838892448844
178325655.3504	137089280977.5206	-66491534261.72769	1277676561.874048	15929.25034891556	28696.270061915453	1782.1390054533244
178329255.3504	137146592732.78563	-66388211696.21471	1284091821.3362164	15910.612996965885	28705.152855643377	1781.894009497357
178332855.3504	137203837386.12827	-66284857178.22296	1290506198.5950484	15891.971502962482	28714.02143613073	1781.6488907334174
178336455.3504	137261014922.6354	-66181470758.951004	1296919693.1896107	15873.325866013198	28722.875786267843	1781.403638739933
178340055.3504	137318125327.39137	-66078052489.65845	1303332304.6218438	15854.676085581656	28731.715889240488	1781.1582433118203
178343655.3504	137375168585.47917	-65974602421.66492	1309744032.3573313	15836.022161478446	28740.54172852312	1780.9126944551415
178347255.3504	137432144681.98177	-65871120606.349014	1316154875.826051	15817.364093852562	28749.353287872356	1780.6669823819232
178350855.3504	137489053601.98325	-65767607095.14733	1322564834.4231071	15798.701883183097	28758.150551320636	1780.4210975051244
178354455.3504	137545895330.56998	-65664061939.553444	1328973907.509445	15780.035530271181	28766.933503170047	1780.1750304337547
178358055.3504	137602669852.83182	-65560485191.11697	1335382094.4125478	15761.365036232146	28775.70212798637	1779.9287719681327
178361655.3504	137659377153.8632	-65456876901.44261	1341789394.4271178	15742.690402487924	28784.456410593255	1779.6823130952823
178365255.3504	137716017218.76413	-65353237122.18927	1348195806.8157396	15724.011630759656	28793.1963360666	1779.4356449844634
178368855.3504	137772590032.64148	-65249565905.069115	1354601330.8095286	15705.328723060524	28801.92188972908	1779.1887589828295
178372455.3504	137829095580.60977	-65145863301.846725	1361005965.6087637	15686.641681688765	28810.633057144816	1778.94164661121
178376055.3504	137885533847.79233	-65042129364.33822	1367409710.3835056	15667.95050922091	28819.329824114222	1778.6942995600123
178379655.3504	137941904819.32227	-64938364144.410416	1373812564.2741995	15649.255208505187	28828.012176668988	1778.4467096852404
178383255.3504	137998208480.3434	-64834567693.98	1380214526.3922646	15630.555782655128	28836.680101067202	1778.1988690046257
178386855.3504	138054444816.01126	-64730740065.01276	1386615595.8206692	15611.852235043345	28845.333583788604	1777.9507696938658
178390455.3504	138110613811.49396	-64626881309.52271	1393015771.614493	15593.144569295475	28853.972611529993	1777.7024040829685
178394055.3504	138166715451.97308	-64522991479.571434	1399415052.801476	15574.432789284303	28862.59717120073	1777.4537646526987
178397655.3504	138222749722.64462	-64419070627.26722	1405813438.3825557	15555.716899124038	28871.207249918407	1777.2048440311214
178401255.3504	138278716608.71982	-64315118804.76439	1412210927.33239	15536.996903164743	28879.802835004597	1776.9556349902416
178404855.3504	138334616095.42593	-64211136064.26253	1418607518.5998707	15518.272805986928	28888.38391398074	1776.7061304427355
178408455.3504	138390448168.0072	-64107122458.005806	1425003211.1086233	15499.544612396276	28896.950474564135	1776.4563234387715
178412055.3504	138446212811.7255	-64003078038.28226	1431398003.757497	15480.812327418516	28905.502504664055	1776.206207162917
178415655.3504	138501910011.8612	-63899002857.423096	1437791895.421043	15462.075956294442	28914.039992377944	1775.9557749311293
178419255.3504	138557539753.71396	-63794896967.80207	1444184884.9499812	15443.335504475046	28922.562925987735	1775.705020187827
178422855.3504	138613102022.60336	-63690760421.83477	1450576971.1716595	15424.590977616801	28931.071293956258	1775.45393650304
178426455.3504	138668596803.86978	-63586593271.978	1456968152.8904989	15405.842381577051	28939.565084923746	1775.2025175696365
178430055.3504	138724024082.87497	-63482395570.72915	1463358428.8884323	15387.089722409533	28948.044287704437	1774.9507572006219
178433655.3504	138779383845.00287	-63378167370.62557	1469747797.9253316	15368.333006360011	28956.50889128326	1774.6986493265108
178437255.3504	138834676075.66022	-63273908724.24397	1476136258.7394261	15349.572239862031	28964.958884812622	1774.4461879927671
178440855.3504	138889900760.27725	-63169619684.19981	1482523810.047712	15330.807429532771	28973.394257609245	1774.1933673573117
178444455.3504	138945057884.30838	-63065300303.1467	1488910450.5463529	15312.038582169018	28981.81499915114	1773.940181688095
178448055.3504	139000147433.2328	-62960950633.77586	1495296178.9110713	15293.265704743228	28990.2210990746	1773.6866253607325
178451655.3504	139055169392.55502	-62856570728.81556	1501680993.7975326	15274.488804399702	28998.61254717132	1773.432692856202
178455255.3504	139110123747.80573	-62752160641.0305	1508064893.8417194	15255.707888450854	29006.98933338557	1773.1783787585996
178458855.3504	139165010484.5421	-62647720423.221344	1514447877.6603	15236.92296437357	29015.351447811427	1772.923677752953
178462455.3504	139219829588.34863	-62543250128.22413	1520829943.850987	15218.134039805669	29023.698880690106	1772.6685846230916
178466055.3504	139274581044.8375	-62438749808.909775	1527211090.9928892	15199.341122542437	29032.031622407343	1772.4130942495706
178469655.3504	139329264839.64926	-62334219518.18356	1533591317.646857	15180.54422053326	29040.349663490844	1772.1572016076461
178473255.3504	139383880958.45337	-62229659308.98461	1539970622.3558192	15161.743341878338	29048.652994607797	1771.9009017653034
178476855.3504	139438429386.9487	-62125069234.28539	1546349003.645113	15142.938494825481	29056.941606562457	1771.6441898813334
178480455.3504	139492910110.8641	-62020449347.09124	1552726460.0228078	15124.129687766977	29065.215490293784	1771.3870612034582
178484055.3504	139547323115.95886	-61915799700.439865	1559102989.9800227	15105.316929236551	29073.474636873136	1771.129511066502
178487655.3504	139601668388.02325	-61811120347.400894	1565478591.9912357	15086.50022790638	29081.719037502025	1770.871534890608
178491255.3504	139655945912.879	-61706411341.0754	1571853264.5145888	15067.679592584193	29089.94868350993	1770.6131281795008
178494855.3504	139710155676.3798	-61601672734.59543	1578227005.9921849	15048.855032210444	29098.163566352163	1770.3542865187883
178498455.3504	139764297664.41174	-61496904581.12357	1584599814.85038	15030.02655585554	29106.36367760777	1770.095005574308
178502055.3504	139818371862.89383	-61392106933.85252	1590971689.5000691	15011.194172717149	29114.549008977512	1769.835281090513
178505655.3504	139872378257.77835	-61287279846.00462	1597342628.3369668	14992.357892117558	29122.71955228188	1769.5751088888962
178509255.3504	139926316835.05145	-61182423370.83145	1603712629.7418807	14973.517723501109	29130.875299459156	1769.3144848664538
178512855.3504	139980187580.73343	-61077537561.61341	1610081692.0809817	14954.673676431688	29139.016242563517	1769.0534049941846
178516455.3504	140033990480.87924	-60972622471.65929	1616449813.7060676	14935.825760590273	29147.142373763203	1768.791865315627
178520055.3504	140087725521.57892	-60867678154.30587	1622816992.9548209	14916.973985772534	29155.253685338703	1768.5298619454297
178523655.3504	140141392688.95792	-60762704662.917534	1629183228.1510627	14898.118361886509	29163.350169681013	1768.2673910679562
178527255.3504	140194991969.1776	-60657702050.88585	1635548517.6050014	14879.258898950306	29171.431819289905	1768.0044489359236
178530855.3504	140248523348.43564	-60552670371.6292	1641912859.6134763	14860.39560708988	29179.49862677226	1767.7410318690727
178534455.3504	140301986812.96622	-60447609678.59239	1648276252.4601963	14841.528496536857	29187.55058484043	1767.4771362528695
178538055.3504	140355382349.04065	-60342520025.24628	1654638694.4159744	14822.6575776264	29195.587686310635	1767.212758537237
178541655.3504	140408709942.96762	-60237401465.08738	1661000183.7389576	14803.782860795125	29203.609924101416	1766.9478952353174
178545255.3504	140461969581.0935	-60132254051.63754	1667360718.6748524	14784.904356579078	29211.61729123209	1766.6825429222617
178548855.3504	140515161249.80286	-60027077838.443565	1673720297.457145	14766.022075611738	29219.609780821273	1766.416698234049
178552455.3504	140568284935.51868	-59921872879.07683	1680078918.3073194	14747.136028622082	29227.587386085426	1766.150357866331
178556055.3504	140621340624.7027	-59816639227.13297	1686436579.4350696	14728.246226432686	29235.550100337423	1765.8835185733055
178559655.3504	140674328303.85583	-59711376936.23153	1692793279.0385082	14709.352679957861	29243.497916985172	1765.6161771666136
178563255.3504	140727247959.51843	-59606086060.0156	1699149015.3043718	14690.455400201849	29251.430829530247	1765.348330514263
178566855.3504	140780099578.27063	-59500766652.15152	1705503786.4082215	14671.554398257038	29259.348831566567	1765.0799755395751
178570455.3504	140832883146.73267	-59395418766.328514	1711857590.5146403	14652.649685302238	29267.251916779096	1764.811109220158
178574055.3504	140885598651.56512	-59290042456.25838	1718210425.7774274	14633.741272600975	29275.14007894257	1764.5417285868991
178577655.3504	140938246079.46933	-59184637775.675156	1724562290.3397868	14614.829171499834	29283.013311920273	1764.2718307229836
178581255.3504	140990825417.18756	-59079204778.33484	1730913182.334515	14595.913393426834	29290.871609662798	1764.0014127629333
178584855.3504	141043336651.50345	-58973743518.01503	1737263099.8841841	14576.993949889842	29298.71496620688	1763.7304718916673
178588455.3504	141095779769.24213	-58868254048.51465	1743612041.1013205	14558.070852475017	29306.54337567424	1763.4590053435832
178592055.3504	141148154757.2706	-58762736423.653625	1749960004.088583	14539.144112845288	29314.356832270423	1763.1870104016589
178595655.3504	141200461602.49802	-58657190697.272606	1756306986.9389346	14520.213742738866	29322.155330283724	1762.9144843965748
178599255.3504	141252700291.87592	-58551616923.23264	1762652987.7358134	14501.279753967792	29329.93886408408	1762.6414247058542
178602855.3504	141304870812.39844	-58446015155.41492	1768998004.5533	14482.342158416504	29337.707428122012	1762.3678287530224
178606455.3504	141356973151.10272	-58340385447.72044	1775342035.456281	14463.400968040449	29345.46101692759	1762.093694006786
178610055.3504	141409007295.06897	-58234727854.069786	1781685078.5006104	14444.456194864712	29353.199625109413	1761.8190179802277
178613655.3504	141460973231.4209	-58129042428.40278	1788027131.733268	14425.507850982678	29360.923247353614	1761.5437982300198
178617255.3504	141512870947.3258	-58023329224.67825	1794368193.1925154	14406.55594855473	29368.63187842289	1761.2680323556547
178620855.3504	141564700429.9949	-57917588296.87374	1800708260.9080477	14387.600499806957	29376.32551315555	1760.9917179986912
178624455.3504	141616461666.68356	-57811819698.985245	1807047332.9011443	14368.641517029904	29384.00414646457	1760.714852842018
178628055.3504	141668154644.6915	-57706023485.026924	1813385407.1848166	14349.679012577342	29391.667773336696	1760.4374346091317
178631655.3504	141719779351.363	-57600199709.030876	1819722481.7639527	14330.712998865065	29399.316388831543	1760.159461063431
178635255.3504	141771335774.0872	-57494348425.04684	1826058554.6354592	14311.743488369704	29406.949988080716	1759.8809300075256
178638855.3504	141822823900.29816	-57388469687.14195	1832393623.788402	14292.770493627577	29414.56856628696	1759.6018392825597
178642455.3504	141874243717.4753	-57282563549.4005	1838727687.2041438	14273.794027233556	29422.172118723312	1759.3221867675493
178646055.3504	141925595213.14343	-57176630065.92366	1845060742.8564782	14254.814101839956	29429.760640732293	1759.0419703787343
178649655.3504	141976878374.873	-57070669290.829254	1851392788.7117639	14235.830730155447	29437.334127725084	1758.7611880689433
178653255.3504	142028093190.2803	-56964681278.25149	1857723822.7290542	14216.84392494399	29444.89257518076	1758.479837826972
178656855.3504	142079239647.02774	-56858666082.340744	1864053842.8602266	14197.853699023797	29452.43597864549	1758.1979176769746
178660455.3504	142130317732.82388	-56752623757.2633	1870382847.0501077	14178.860065266299	29459.964333731816	1757.915425677867
178664055.3504	142181327435.42377	-56646554357.20112	1876710833.2365983	14159.863036595147	29467.477636117874	1757.6323599227437
178667655.3504	142232268742.62903	-56540457936.3516	1883037799.3507946	14140.862625985232	29474.975881546692	1757.3487185383049
178671255.3504	142283141642.28815	-56434334548.92736	1889363743.3171089	14121.858846461715	29482.459065825475	1757.0644996842968
178674855.3504	142333946122.29654	-56328184249.15599	1895688663.0533872	14102.851711099087	29489.927184824894	1756.7797015529627
178678455.3504	142384682170.5968	-56222007091.27984	1902012556.471025	14083.841233020237	29497.380234478416	1756.4943223685052
178682055.3504	142435349775.17883	-56115803129.55577	1908335421.475082	14064.827425395548	29504.818210781636	1756.2083603865592
178685655.3504	142485948924.08005	-56009572418.25497	1914657255.9643936	14045.810301442001	29512.2411097916	1755.921813893676
178689255.3504	142536479605.38553	-55903315011.66269	1920978057.8316822	14026.789874422304	29519.64892762619	1755.634681206817
178692855.3504	142586941807.22818	-55797030964.078064	1927297824.9636648	14007.766157644033	29527.041660463463	1755.3469606728588
178696455.3504	142637335517.78888	-55690720329.81387	1933616555.2411604	13988.739164458791	29534.419304541054	1755.058650668106
178700055.3504	142687660725.29666	-55584383163.19633	1939934246.539195	13969.708908261384	29541.78185615556	1754.7697495978168
178703655.3504	142737917418.02887	-55478019518.56488	1946250896.7271051	13950.675402489007	29549.12931166195	1754.4802558957347
178707255.3504	142788105584.31128	-55371629450.271996	1952566503.668639	13931.638660620456	29556.461667472966	1754.1901680236315
178710855.3504	142838225212.51825	-55265213012.682945	1958881065.222057	13912.598696175342	29563.778920058572	1753.8994844708595
178714455.3504	142888276291.0729	-55158770260.17561	1965194579.2402308	13893.555522713334	29571.081065945375	1753.608203753911
178718055.3504	142938258808.44727	-55052301247.14028	1971507043.5707388	13874.509153833395	29578.368101716085	1753.3163244159875
178721655.3504	142988172753.16235	-54945806027.97943	1977818456.0559628	13855.459603173058	29585.640024008968	1753.0238450265767
178725255.3504	143038018113.78836	-54839284657.10756	1984128814.5331814	13836.4068844077	29592.896829517318	1752.7307641810385
178728855.3504	143087794878.9448	-54732737188.95096	1990438116.8346627	13817.351011249822	29600.13851498894	1752.437080500198
178732455.3504	143137503037.30057	-54626163677.947525	1996746360.7877543	13798.291997448368	29607.365077225633	1752.1427926299473
178736055.3504	143187142577.5742	-54519564178.54659	2003053544.2149744	13779.229856788026	29614.576513082695	1751.8478992408548
178739655.3504	143236713488.5338	-54412938745.2087	2009359664.9340985	13760.164603088562	29621.772819468424	1751.5523990277807
178743255.3504	143286215758.9974	-54306287432.40543	2015664720.758247	13741.096250204164	29628.953993343643	1751.2562907095019
178746855.3504	143335649377.83292	-54199610294.619225	2021968709.4959702	13722.024812022784	29636.120031721224	1750.9595730283424
178750455.3504	143385014333.9583	-54092907386.34316	2028271628.951333	13702.950302465513	29643.27093166562	1750.662244749812
178754055.3504	143434310616.34177	-53986178762.08082	2034573476.923997	13683.872735485946	29650.40669029241	1750.3643046622506
178757655.3504	143483538214.0017	-53879424476.34605	2040874251.2093022	13664.792125069573	29657.527304767853	1750.0657515764794
178761255.3504	143532697116.007	-53772644583.66282	2047173949.5983481	13645.708485233175	29664.632772308447	1749.7665843254604
178764855.3504	143581787311.47696	-53665839138.56503	2053472569.8780718	13626.62183002423	29671.723090180494	1749.4668017639594
178768455.3504	143630808789.5816	-53559008195.596344	2059770109.8313265	13607.532173520334	29678.79825569968	1749.1664027682182
178772055.3504	143679761539.54166	-53452151809.30998	2066066567.2369578	13588.439529828624	29685.858266230654	1748.86538623563
178775655.3504	143728645550.6287	-53345270034.26858	2072361939.8698797	13569.34391308522	29692.90311918662	1748.563751084424
178779255.3504	143777460812.1652	-53238362925.043976	2078656225.501149	13550.245337454671	29699.93281202894	1748.2614962533528
178782855.3504	143826207313.52472	-53131430536.217094	2084949421.898038	13531.14381712941	29706.947342266725	1747.9586207013874
178786455.3504	143874885044.13196	-53024472922.377716	2091241526.8241076	13512.039366329225	29713.94670745647	1747.6551234074177
178790055.3504	143923493993.46283	-52917490138.124344	2097532538.0392783	13492.93199930073	29720.930905201647	1747.3510033699577
178793655.3504	143972034151.0446	-52810482238.06402	2103822453.2998996	13473.821730316851	29727.89993315235	1747.0462596068564
178797255.3504	144020505506.45593	-52703449276.812164	2110111270.3588202	13454.708573676322	29734.853789004912	1746.7408911550147
178800855.3504	144068908049.32706	-52596391308.99241	2116398986.965455	13435.592543703182	29741.79247050156	1746.4348970701058
178804455.3504	144117241769.3398	-52489308389.236435	2122685600.8658533	13416.473654746287	29748.715975430045	1746.1282764263028
178808055.3504	144165506656.2277	-52382200572.1838	2128971109.8027637	13397.351921178828	29755.624301623295	1745.8210283160092
178811655.3504	144213702699.77603	-52275067912.48178	2135255511.5157003	13378.227357397858	29762.517446959082	1745.5131518495957
178815255.3504	144261829889.822	-52167910464.78522	2141538803.7410064	13359.099977823826	29769.39540935967	1745.2046461551406
178818855.3504	144309888216.25473	-52060728283.756355	2147820984.2119174	13339.969796900117	29776.258186791492	1744.8955103781757
178822455.3504	144357877669.0154	-51953521424.064674	2154102050.6586246	13320.836829092603	29783.105777264824	1744.5857436814365
178826055.3504	144405798238.09732	-51846289940.38674	2160382000.808335	13301.7010888892	29789.938178833458	1744.2753452446163
178829655.3504	144453649913.54596	-51739033887.40605	2166660832.3853326	13282.562590799429	29796.75538959439	1743.9643142641257
178833255.3504	144501432685.45905	-51631753319.81287	2172938543.1110387	13263.421349353992	29803.557407687513	1743.652649952855
178836855.3504	144549146543.98672	-51524448292.304085	2179215130.70407	13244.277379104346	29810.34423129531	1743.3403515399418
178840455.3504	144596791479.3315	-51417118859.58305	2185490592.8802977	13225.130694622285	29817.115858642544	1743.027418270543
178844055.3504	144644367481.74844	-51309765076.35945	2191764927.352903	13205.98131049954	29823.872287995986	1742.713849405609
178847655.3504	144691874541.54507	-51202386997.349106	2198038131.8324347	13186.829241347368	29830.613517664096	1742.3996442216635
178851255.3504	144739312649.08167	-51094984677.27387	2204310204.0268655	13167.674501796162	29837.33954599676	1742.0848020105873
178854855.3504	144786681794.77112	-50987558170.861465	2210581141.641646	13148.51710649506	29844.050371385005	1741.769322079404
178858455.3504	144833981969.07913	-50880107532.84532	2216850942.379759	13129.357070111557	29850.7459922607	1741.4532037500715
178862055.3504	144881213162.52423	-50772632817.96444	2223119603.941772	13110.194407331135	29857.426407096325	1741.1364463592754
178865655.3504	144928375365.67786	-50665134080.96326	2229387124.0258923	13091.02913285689	29864.091614404664	1740.819049258227
178869255.3504	144975468569.16443	-50557611376.59149	2235653500.3280168	13071.861261409156	29870.741612738566	1740.501011812465
178872855.3504	145022492763.66132	-50450064759.604	2241918730.5417833	13052.690807725163	29877.37640069067	1740.1823334016592
178876455.3504	145069447939.89905	-50342494284.76062	2248182812.358622	13033.517786558667	29883.99597689317	1739.8630134194184
178880055.3504	145116334088.6613	-50234900006.826065	2254445743.4678054	13014.342212679607	29890.60034001754	1739.543051273102
178883655.3504	145163151200.78485	-50127281980.56974	2260707521.556496	12995.164100873762	29897.189488774304	1739.2224463836342
178887255.3504	145209899267.15985	-50019640260.76563	2266968144.3097963	12975.983465942412	29903.763421912787	1738.9011981853214
178890855.3504	145256578278.72968	-49911974902.19216	2273227609.410796	12956.800322702004	29910.32213822087	1738.5793061256722
178894455.3504	145303188226.49112	-49804285959.63205	2279485914.54062	12937.614685983817	29916.865636524763	1738.2567696652218
178898055.3504	145349729101.4944	-49696573487.872154	2285743057.3784723	12918.426570633656	29923.393915688765	1737.9335882773576
178901655.3504	145396200894.84314	-49588837541.70338	2291999035.6016865	12899.235991511512	29929.906974615045	1737.6097614481491
178905255.3504	145442603597.69458	-49481078175.92049	2298253846.885767	12880.042963491263	29936.404812243407	1737.2852886761802
178908855.3504	145488937201.25946	-49373295445.322014	2304507488.904436	12860.847501460361	29942.887427551068	1736.9601694723833
178912455.3504	145535201696.80215	-49265489404.71009	2310759959.329677	12841.649620319524	29949.354819552445	1736.6344033598778
178916055.3504	145581397075.64072	-49157660108.89034	2317011255.8317785	12822.449334982439	29955.806987298936	1736.30798987381
178919655.3504	145627523329.1469	-49049807612.67174	2323261376.079376	12803.246660375466	29962.243929878714	1735.9809285611962
178923255.3504	145673580448.74625	-48941931970.86646	2329510317.739497	12784.041611437344	29968.665646416506	1735.6532189807683
178926855.3504	145719568425.91803	-48834033238.289795	2335758078.4776	12764.834203118908	29975.0721360734	1735.3248607028222
178930455.3504	145765487252.1954	-48726111469.75996	2342004655.9576178	12745.6244503828	29981.46339804663	1734.9958533090671
178934055.3504	145811336919.16544	-48618166720.098	2348250047.841997	12726.412368203197	29987.83943156939	1734.6661963924798
178937655.3504	145857117418.46912	-48510199044.12768	2354494251.7917404	12707.197971565527	29994.200235910623	1734.3358895571591
178941255.3504	145902828741.80136	-48402208496.6753	2360737265.466444	12687.981275466209	30000.545810374828	1734.0049324181841
178944855.3504	145948470880.91113	-48294195132.569626	2366979086.524338	12668.762294912372	30006.87615430188	1733.6733246014737
178948455.3504	145994043827.6014	-48186159006.64172	2373219712.622325	12649.541044921605	30013.191267066835	1733.3410657436486
178952055.3504	146039547573.72928	-48078100173.724846	2379459141.416019	12630.317540521688	30019.49114807974	1733.008155491896
178955655.3504	146084982111.20593	-47970018688.65432	2385697370.5597825	12611.09179675034	30025.77579678545	1732.6745935038366
178959255.3504	146130347431.9967	-47861914606.26739	2391934397.706764	12591.863828654961	30032.045212663452	1732.340379447392
178962855.3504	146175643528.12112	-47753787981.40312	2398170220.508935	12572.633651292392	30038.29939522769	1732.0055130006565
178966455.3504	146220870391.65295	-47645638868.90227	2404404836.617126	12553.401279728661	30044.538344026372	1731.6699938517695
178970055.3504	146266028014.7202	-47537467323.60715	2410638243.6810627	12534.166729038743	30050.762058641816	1731.3338216987902
178973655.3504	146311116389.5052	-47429273400.36153	2416870439.3494015	12514.930014306323	30056.970538690268	1730.9969962495743
178977255.3504	146356135508.24448	-47321057154.01048	2423101421.269765	12495.691150623556	30063.16378382174	1730.659517221653
178980855.3504	146401085363.22906	-47212818639.40029	2429331187.088775	12476.450153090838	30069.341793719832	1730.3213843421133
178984455.3504	146445965946.80426	-47104557911.37832	2435559734.4520893	12457.207036816579	30075.50456810158	1729.9825973474801
178988055.3504	146490777251.3698	-46996275024.792885	2441787061.004433	12437.961816916966	30081.652106717287	1729.6431559836012
178991655.3504	146535519269.37988	-46887970034.49314	2448013164.3896337	12418.714508515752	30087.784409350366	1729.3030600055326
178995255.3504	146580191993.34308	-46779642995.328964	2454238042.2506523	12399.465126744026	30093.901475817187	1728.9623091774267
178998855.3504	146624795415.82254	-46671293962.15084	2460461692.229618	12380.213686740002	30100.003305966908	1728.6209032724214
179002455.3504	146669329529.43588	-46562922989.80973	2466684111.9678593	12360.9602036488	30106.08989968133	1728.2788420725317
179006055.3504	146713794326.8553	-46454530133.15697	2472905299.105935	12341.704692622237	30112.16125687475	1727.9361253685427
179009655.3504	146758189800.80743	-46346115447.04413	2479125251.283667	12322.447168818617	30118.21737749381	1727.5927529599032
179013255.3504	146802515944.07364	-46237678986.32293	2485343966.14017	12303.187647402523	30124.25826151733	1727.248724654623
179016855.3504	146846772749.4898	-46129220805.84511	2491561441.313884	12283.926143544615	30130.28390895619	1726.9040402691696
179020455.3504	146890960209.94644	-46020740960.462296	2497777674.442601	12264.66267242143	30136.294319853172	1726.558699628368
179024055.3504	146935078318.38873	-45912239505.025925	2503992663.163501	12245.397249215179	30142.289494282817	1726.212702565301
179027655.3504	146979127067.81653	-45803716494.38709	2510206405.113174	12226.12988911356	30148.269432351288	1725.8660489212118
179031255.3504	147023106451.28433	-45695171983.39646	2516418897.927655	12206.86060730955	30154.23413419623	1725.5187385454074
179034855.3504	147067016461.90137	-45586606026.904144	2522630139.242451	12187.589419001231	30160.183599986638	1725.1707712951638
179038455.3504	147110857092.83157	-45478018679.75958	2528840126.692569	12168.316339391587	30166.117829922714	1724.822147035633
179042055.3504	147154628337.29367	-45369409996.81145	2535048857.912544	12149.041383688325	30172.036824235736	1724.47286563975
179045655.3504	147198330188.56107	-45260780032.90752	2541256330.536468	12129.764567103692	30177.940583187934	1724.1229269881428
179049255.3504	147241962639.962	-45152128842.89458	2547462542.198017	12110.485904854286	30183.829107072346	1723.772330969043
179052855.3504	147285525684.8795	-45043456481.61829	2553667490.5304785	12091.205412160887	30189.702396212702	1723.421077478197
179056455.3504	147329019316.7513	-44934763003.92312	2559871173.1667776	12071.923104248273	30195.560450963287	1723.0691664187807
179060055.3504	147372443529.0701	-44826048464.65217	2566073587.739504	12052.638996345044	30201.403271708823	1722.7165977013121
179063655.3504	147415798315.3833	-44717312918.647125	2572274731.8809385	12033.353103683452	30207.23085886434	1722.3633712435687
179067255.3504	147459083669.2932	-44608556420.74812	2578474603.223079	12014.06544149923	30213.043212875058	1722.0094869705038
179070855.3504	147502299584.45697	-44499779025.79363	2584673199.397666	11994.776025031422	30218.84033421626	1721.6549448141643
179074455.3504	147545446054.58658	-44390980788.62037	2590870518.0362077	11975.48486952222	30224.622223393177	1721.299744713611
179078055.3504	147588523073.44897	-44282161764.06316	2597066556.7700057	11956.191990216794	30230.388880940867	1720.9438866148382
179081655.3504	147631530634.8659	-44173322006.95487	2603261313.23018	11936.897402363129	30236.1403074241	1720.587370470696
179085255.3504	147674468732.71405	-44064461572.126274	2609454785.047692	11917.60112121187	30241.876503437237	1720.2301962408128
179088855.3504	147717337360.925	-43955580514.405945	2615646969.85337	11898.303162016158	30247.597469604127	1719.8723638915192
179092455.3504	147760136513.48523	-43846678888.62016	2621837865.2779346	11879.003540031477	30253.30320657798	1719.513873395773
179096055.3504	147802866184.4362	-43737756749.592804	2628027468.952019	11859.702270515492	30258.993715041266	1719.1547247330857
179099655.3504	147845526367.8742	-43628814152.14523	2634215778.5061955	11840.399368727905	30264.668995705597	1718.7949178894487
179103255.3504	147888117057.9506	-43519851151.0962	2640402791.5709968	11821.094849930294	30270.329049311622	1718.4344528572622
179106855.3504	147930638248.87158	-43410867801.26174	2646588505.77694	11801.78872938597	30275.97387662892	1718.073329635264
179110455.3504	147973089934.89838	-43301864157.45506	2652772918.7545485	11782.481022359822	30281.603478455883	1717.7115482284596
179114055.3504	148015472110.3471	-43192840274.48646	2658956028.134376	11763.171744118179	30287.21785561963	1717.349108648054
179117655.3504	148057784769.5889	-43083796207.16318	2665137831.5470266	11743.860909928659	30292.81700897588	1716.9860109113827
179121255.3504	148100027907.0498	-42974732010.289345	2671318326.623178	11724.548535060027	30298.40093940886	1716.6222550418452
179124855.3504	148142201517.21085	-42865647738.66585	2677497510.993603	11705.234634782053	30303.969647831207	1716.2578410688393
179128455.3504	148184305594.60806	-42756543447.09024	2683675382.2891917	11685.919224365376	30309.523135183856	1715.8927690276957
179132055.3504	148226340133.83243	-42647419190.35664	2689851938.14097	11666.60231908136	30315.061402435942	1715.5270389596137
179135655.3504	148268305129.52994	-42538275023.25563	2696027176.1801248	11647.283934201958	30320.58445058471	1715.1606509115977
179139255.3504	148310200576.40152	-42429111000.574135	2702201094.0380206	11627.964084999581	30326.0922806554	1714.7936049363952
179142855.3504	148352026469.2031	-42319927177.095345	2708373689.346224	11608.64278674696	30331.584893701172	1714.425901092435
179146455.3504	148393782802.74557	-42210723607.59862	2714544959.7365203	11589.32005471701	30337.062290802984	1714.0575394437662
179150055.3504	148435469571.89487	-42101500346.85937	2720714902.8409367	11569.995904182713	30342.52447306952	1713.6885200599988
179153655.3504	148477086771.57184	-41992257449.64896	2726883516.29176	11550.67035041697	30347.971441637077	1713.3188430162438
179157255.3504	148518634396.75232	-41882994970.73462	2733050797.721558	11531.343408692488	30353.40319766949	1712.9485083930556
179160855.3504	148560112442.4672	-41773712964.87935	2739216744.763198	11512.015094281642	30358.81974235802	1712.577516276374
179164455.3504	148601520903.80225	-41664411486.8418	2745381355.0498652	11492.685422456358	30364.221076921276	1712.2058667574674
179168055.3504	148642859775.8983	-41555090591.376175	2751544626.2150846	11473.354408487983	30369.607202605122	1711.8335599328777
179171655.3504	148684129053.9511	-41445750333.23217	2757706555.892737	11454.022067647165	30374.978120682583	1711.4605959043636
179175255.3504	148725328733.21143	-41336390767.15483	2763867141.717079	11434.688415203733	30380.333832453758	1711.0869747788472
179178855.3504	148766458808.985	-41227011947.88448	2770026381.3227625	11415.35346642657	30385.674339245732	1710.7126966683597
179182455.3504	148807519276.63245	-41117613930.15662	2776184272.3448496	11396.017236583502	30390.999642412495	1710.3377616899888
179186055.3504	148848510131.56943	-41008196768.701805	2782340812.418835	11376.679740941177	30396.30974333484	1709.9621699658258
179189655.3504	148889431369.26657	-40898760518.245605	2788495999.180661	11357.340994764949	30401.604643420294	1709.585921622914
179193255.3504	148930282985.24942	-40789305233.50846	2794649830.266736	11338.001013318757	30406.884344103026	1709.2090167931979
179196855.3504	148971064975.09845	-40679830969.2056	2800802303.313952	11318.659811865022	30412.148846843756	1708.8314556134733
179200455.3504	149011777334.44913	-40570337780.046936	2806953415.9597025	11299.317405664522	30417.398153129685	1708.4532382253367
179204055.3504	149052420058.99185	-40460825720.737	2813103165.8418994	11279.97380997629	30422.632264474403	1708.0743647751367
179207655.3504	149092993144.4719	-40351294845.97481	2819251550.59899	11260.629040057502	30427.851182417813	1707.694835413926
179211255.3504	149133496586.68948	-40241745210.4538	2825398567.869973	11241.283111163355	30433.054908526043	1707.3146502974132
179214855.3504	149173930381.4998	-40132176868.86172	2831544215.2944174	11221.936038546975	30438.243444391373	1706.9338095859157
179218455.3504	149214294524.81287	-40022589875.88053	2837688490.5124755	11202.587837459303	30443.41679163215	1706.5523134443133
179222055.3504	149254589012.59363	-39912984286.18634	2843831391.164903	11183.238523148986	30448.57495189271	1706.1701620420022
179225655.3504	149294813840.86197	-39803360154.44927	2849972914.8930736	11163.888110862274	30453.717926843306	1705.78735555285
179229255.3504	149334969005.69257	-39693717535.333405	2856113059.3389935	11144.536615842915	30458.845718180015	1705.40389415515
179232855.3504	149375054503.21506	-39584056483.49665	2862251822.1453195	11125.184053332054	30463.958327624678	1705.0197780315784
179236455.3504	149415070329.61386	-39474377053.59068	2868389200.955374	11105.83043856813	30469.055756924812	1704.6350073691497
179240055.3504	149455016481.12833	-39364679300.26084	2874525193.41316	11086.47578678677	30474.138007853544	1704.2495823591735
179243655.3504	149494892954.05258	-39254963278.14603	2880659797.1633773	11067.120113220697	30479.205082209526	1703.863503197213
179247255.3504	149534699744.73563	-39145229041.87863	2886793009.851437	11047.763433099622	30484.256981816867	1703.476770083042
179250855.3504	149574436849.5813	-39035476646.08443	2892924829.123477	11028.405761650154	30489.293708525056	1703.0893832206038
179254455.3504	149614104265.0482	-38925706145.382484	2899055252.6263766	11009.047114095694	30494.31526420889	1702.7013428179705
179258055.3504	149653701987.64972	-38815917594.38508	2905184278.0077724	10989.687505656348	30499.3216507684	1702.312649087302
179261655.3504	149693230013.9541	-38706111047.69759	2911311902.916071	10970.326951548821	30504.312870128782	1701.9233022448068
179265255.3504	149732688340.58432	-38596286559.91845	2917438125.000465	10950.965466986332	30509.288924240318	1701.5333025107022
179268855.3504	149772076964.2181	-38486444185.63899	2923562941.910947	10931.603067178514	30514.249815078318	1701.1426501091753
179272455.3504	149811395881.58795	-38376583979.44341	2929686351.2983236	10912.23976733132	30519.195544643033	1700.7513452683445
179276055.3504	149850645089.48108	-38266705995.90866	2935808350.81423	10892.87558264694	30524.126114959603	1700.3593882202217
179279655.3504	149889824584.73944	-38156810289.60435	2941928938.111143	10873.510528323699	30529.041528077967	1699.966779200675
179283255.3504	149928934364.25967	-38046896915.09265	2948048110.8423963	10854.14461955597	30533.941786072814	1699.5735184493913
179286855.3504	149967974424.99313	-37936965926.92825	2954165866.6621923	10834.777871534086	30538.826891043504	1699.1796062098394
179290455.3504	150006944763.94583	-37827017379.65822	2960282203.2256174	10815.410299444255	30543.696845114	1698.785042729235
179294055.3504	150045845378.17847	-37717051327.82193	2966397118.1886544	10796.041918468463	30548.5516504328	1698.389828258504
179297655.3504	150084676264.80637	-37607067825.951	2972510609.2081957	10776.672743784393	30553.39130917288	1697.9939630522467
179301255.3504	150123437420.99948	-37497066928.569145	2978622673.9420576	10757.302790565336	30558.215823531613	1697.5974473687047
179304855.3504	150162128843.9824	-37387048690.19216	2984733310.0489917	10737.93207398011	30563.025195730712	1697.2002814697253
179308455.3504	150200750531.0343	-37277013165.32778	2990842515.1886992	10718.560609192966	30567.819428016166	1696.8024656207272
179312055.3504	150239302479.48895	-37166960408.47562	2996950287.0218434	10699.188411363513	30572.598522658165	1696.4040000906678
179315655.3504	150277784686.73465	-37056890474.12706	3003056623.2100616	10679.815495646631	30577.362481951044	1696.0048851520094
179319255.3504	150316197150.2143	-36946803416.765205	3009161521.4159784	10660.441877192388	30582.11130821322	1695.6051210806866
179322855.3504	150354539867.42532	-36836699290.86475	3015264979.3032184	10641.067571145957	30586.845003787126	1695.2047081560736
179326455.3504	150392812835.91962	-36726578150.89193	3021366994.5364175	10621.692592647538	30591.563571039136	1694.8036466609528
179330055.3504	150431016053.30362	-36616440051.30439	3027467564.7812357	10602.316956832276	30596.267012359524	1694.4019368814827
179333655.3504	150469149517.2382	-36506285046.55116	3033566687.70437	10582.940678830179	30600.955330162382	1693.9995791071663
179337255.3504	150507213225.43872	-36396113191.07252	3039664360.9735646	10563.563773766042	30605.62852688557	1693.5965736308206
179340855.3504	150545207175.675	-36285924539.29993	3045760582.2576246	10544.186256759367	30610.286604990655	1693.1929207485464
179344455.3504	150583131365.7712	-36175719145.655945	3051855349.226426	10524.808142924287	30614.929566962834	1692.788620759697
179348055.3504	150620985793.606	-36065497064.554146	3057948659.5509295	10505.429447369484	30619.557415310894	1692.38367396685
179351655.3504	150658770457.11234	-35955258350.39902	3064040510.9031897	10486.05018519812	30624.170152567134	1691.9780806757758
179355255.3504	150696485354.2776	-35845003057.58591	3070130900.956368	10466.670371507755	30628.76778128732	1691.57184119541
179358855.3504	150734130483.14346	-35734731240.5009	3076219827.3847437	10447.290021390272	30633.350304050608	1691.164955837824
179362455.3504	150771705841.80597	-35624442953.52077	3082307287.8637257	10427.909149931807	30637.917723459504	1690.7574249181964
179366055.3504	150809211428.41544	-35514138251.01286	3088393280.069862	10408.527772212672	30642.47004213979	1690.3492487547855
179369655.3504	150846647241.17645	-35403817187.33505	3094477801.680853	10389.14590330728	30647.00726274047	1689.9404276689004
179373255.3504	150884013278.3479	-35293479816.83562	3100560850.3755603	10369.763558284076	30651.529387933715	1689.5309619848742
179376855.3504	150921309538.24283	-35183126193.85318	3106642423.834019	10350.380752205461	30656.036420414803	1689.120852030037
179380455.3504	150958536019.22858	-35072756372.71662	3112722519.737448	10330.997500127727	30660.528362902052	1688.710098134688
179384055.3504	150995692719.72662	-34962370407.74499	3118801135.7682605	10311.613817100977	30665.005218136783	1688.29870063207
179387655.3504	151032779638.21262	-34851968353.24742	3124878269.610074	10292.22971816906	30669.46698888324	1687.8866598583425
179391255.3504	151069796773.2164	-34741550263.52307	3130953918.947722	10272.8452183695	30673.91367792855	1687.4739761525557
179394855.3504	151106744123.32187	-34631116192.86101	3137028081.467264	10253.46033273343	30678.345288082666	1687.0606498566253
179398455.3504	151143621687.16708	-34520666195.540146	3143100754.855995	10234.075076285517	30682.761822178294	1686.6466813153063
179402055.3504	151180429463.44415	-34410200325.82917	3149171936.802457	10214.689464043897	30687.16328307086	1686.2320708761686
179405655.3504	151217167450.89926	-34299718637.98643	3155241624.9964466	10195.303511020109	30691.54967363843	1685.8168188895713
179409255.3504	151253835648.33258	-34189221186.259884	3161309817.1290283	10175.917232219026	30695.920996781686	1685.4009257086393
179412855.3504	151290434054.5983	-34078708024.887005	3167376510.8925424	10156.530642638787	30700.27725542384	1684.984391689238
179416455.3504	151326962668.6046	-33968179208.0947	3173441703.9806147	10137.143757270735	30704.618452510596	1684.5672171899494
179420055.3504	151363421489.31366	-33857634790.099236	3179505394.088167	10117.756591099347	30708.944591010095	1684.1494025720485
179423655.3504	151399810515.74152	-33747074825.106148	3185567578.9114275	10098.369159102174	30713.25567391286	1683.7309481994803
179427255.3504	151436129746.95816	-33636499367.310165	3191628256.147938	10078.98147624977	30717.551704231733	1683.3118544388356
179430855.3504	151472379182.08743	-33525908470.895138	3197687423.4965644	10059.593557505634	30721.83268500184	1682.892121659328
179434455.3504	151508558820.30707	-33415302190.033943	3203745078.6575084	10040.20541782614	30726.09861928051	1682.4717502327726
179438055.3504	151544668660.8486	-33304680578.888412	3209801219.332313	10020.817072160484	30730.34951014726	1682.0507405335616
179441655.3504	151580708702.99738	-33194043691.609257	3215855843.223875	10001.42853545061	30734.58536070371	1681.629092938643
179445255.3504	151616678946.09253	-33083391582.33597	3221908948.036452	9982.039822631155	30738.806174073536	1681.2068078274986
179448855.3504	151652579389.52692	-32972724305.196777	3227960531.475672	9962.650948629385	30743.011953402434	1680.783885582122
179452455.3504	151688410032.74716	-32862041914.308525	3234010591.2485433	9943.261928365137	30747.202701858052	1680.3603265869967
179456055.3504	151724170875.25354	-32751344463.776623	3240059125.0634627	9923.87277675075	30751.378422629947	1679.9361312290762
179459655.3504	151759861916.60004	-32640632007.694958	3246106130.630224	9904.483508691013	30755.539118929526	1679.5112998977606
179463255.3504	151795483156.39426	-32529904600.145817	3252151605.6600285	9885.094139083105	30759.684793990004	1679.0858329848777
179466855.3504	151831034594.29745	-32419162295.19981	3258195547.8654904	9865.70468281653	30763.81545106634	1678.6597308846615
179470455.3504	151866516230.0244	-32308405146.91579	3264237954.960649	9846.315154773061	30767.931093435203	1678.232993993732
179474055.3504	151901928063.34354	-32197633209.34077	3270278824.660975	9826.925569826684	30772.03172439491	1677.8056227110742
179477655.3504	151937270094.07672	-32086846536.509857	3276318154.68338	9807.535942843535	30776.11734726537	1677.3776174380196
179481255.3504	151972542322.0994	-31976045182.44616	3282355942.7462244	9788.146288681844	30780.187965388057	1676.948978578225
179484855.3504	152007744747.34045	-31865229201.160725	3288392186.569326	9768.756622191882	30784.24358212593	1676.5197065376535
179488455.3504	152042877369.7822	-31754398646.652454	3294426883.873968	9749.366958215896	30788.28420086341	1676.0898017245554
179492055.3504	152077940189.46042	-31643553572.908024	3300460032.3829083	9729.977311588063	30792.30982500631	1675.659264549448
179495655.3504	152112933206.46423	-31532694033.90181	3306491629.820385	9710.587697134424	30796.320457981794	1675.2280954250975
179499255.3504	152147856420.93616	-31421820083.595818	3312521673.9121275	9691.198129672834	30800.31610323834	1674.7962947665003
179502855.3504	152182709833.07202	-31310931775.939594	3318550162.385363	9671.808624012905	30804.296764245668	1674.3638629908637
179506455.3504	152217493443.12097	-31200029164.87016	3324577092.9688244	9652.419194955952	30808.262444494703	1673.9308005175878
179510055.3504	152252207251.38538	-31089112304.311928	3330602463.3927584	9633.029857294938	30812.213147497536	1673.4971077682474
179513655.3504	152286851258.22092	-30978181248.176632	3336626271.388933	9613.64062581442	30816.148876787352	1673.0627851665736
179517255.3504	152321425464.0364	-30867236050.36325	3342648514.690646	9594.251515290496	30820.069635918408	1672.6278331384365
179520855.3504	152355929869.29388	-30756276764.757923	3348669191.0327315	9574.86254049075	30823.975428465965	1672.192252111827
179524455.3504	152390364474.5085	-30645303445.233883	3354688298.151569	9555.473716174203	30827.86625802625	1671.7560425168394
179528055.3504	152424729280.2486	-30534316145.65138	3360705833.785089	9536.085057091255	30831.742128216407	1671.3192047856546
179531655.3504	152459024287.13553	-30423314919.857605	3366721795.672783	9516.696577983636	30835.603042674447	1670.8817393525221
179535255.3504	152493249495.84372	-30312299821.686615	3372736181.5557084	9497.308293584354	30839.449005059203	1670.4436466537436
179538855.3504	152527404907.10065	-30201270904.959255	3378748989.176497	9477.920218617643	30843.280019050282	1670.0049271276557
179542455.3504	152561490521.68674	-30090228223.483086	3384760216.2793627	9458.532367798913	30847.096088348022	1669.565581214614
179546055.3504	152595506340.43542	-29979171831.052315	3390769860.6101084	9439.144755834697	30850.89721667344	1669.125609356976
179549655.3504	152629452364.23303	-29868101781.447716	3396777919.9161325	9419.757397422603	30854.683407768178	1668.6850119990847
179553255.3504	152663328594.01877	-29757018128.43655	3402784391.946437	9400.370307251262	30858.45466539448	1668.243789587253
179556855.3504	152697135030.78473	-29645920925.7725	3408789274.451634	9380.98350000028	30862.210993335128	1667.8019425697476
179560455.3504	152730871675.57587	-29534810227.195595	3414792565.183953	9361.59699034019	30865.95239539339	1667.3594713967723
179564055.3504	152764538529.48987	-29423686086.432137	3420794261.897247	9342.210792932394	30869.67887539299	1666.9163765204535
179567655.3504	152798135593.67725	-29312548557.194622	3426794362.3470006	9322.824922429127	30873.39043717806	1666.4726583948238
179571255.3504	152831662869.34122	-29201397693.181675	3432792864.290337	9303.439393473402	30877.08708461308	1666.0283174758074
179574855.3504	152865120357.73767	-29090233548.07797	3438789765.4860234	9284.054220698961	30880.768821582846	1665.5833542212038
179578455.3504	152898508060.1752	-28979056175.554153	3444785063.6944785	9264.66941873023	30884.435651992422	1665.1377690906736
179582055.3504	152931825978.015	-28867865629.26679	3450778756.6777787	9245.285002182267	30888.087579767096	1664.6915625457232
179585655.3504	152965074112.67093	-28756661962.85826	3456770842.199666	9225.900985660723	30891.724608852328	1664.24473504969
179589255.3504	152998252465.6093	-28645445229.956722	3462761318.025553	9206.517383761788	30895.346743213708	1663.797287067728
179592855.3504	153031361038.34906	-28534215484.17601	3468750181.9225307	9187.134211072145	30898.953986836917	1663.3492190667923
179596455.3504	153064399832.46158	-28422972779.115578	3474737431.6593738	9167.751482168931	30902.546343727674	1662.9005315156267
179600055.3504	153097368849.5707	-28311717168.36042	3480723065.0065475	9148.369211619682	30906.1238179117	1662.451224884747
179603655.3504	153130268091.35272	-28200448705.481007	3486707079.7362146	9128.98741398229	30909.68641343466	1662.0012996464288
179607255.3504	153163097559.53632	-28089167444.033207	3492689473.6222415	9109.606103804961	30913.23413436214	1661.5507562746927
179610855.3504	153195857255.90253	-27977873437.558212	3498670244.440203	9090.22529562617	30916.766984779584	1661.0995952452904
179614455.3504	153228547182.28467	-27866566739.58248	3504649389.967391	9070.84500397461	30920.284968792253	1660.647817035691
179618055.3504	153261167340.5684	-27755247403.617645	3510626907.9828186	9051.465243369154	30923.788090525188	1660.1954221250683
179621655.3504	153293717732.6916	-27643915483.16046	3516602796.267227	9032.086028318807	30927.276354123158	1659.7424109942854
179625255.3504	153326198360.64435	-27532571031.692726	3522577052.603092	9012.707373322666	30930.749763750628	1659.2887841258832
179628855.3504	153358609226.46896	-27421214102.681202	3528549674.774629	8993.329292869874	30934.208323591705	1658.8345420040666
179632455.3504	153390950332.25986	-27309844749.577564	3534520660.5678	8973.951801439574	30937.652037850097	1658.3796851146908
179636055.3504	153423221680.16354	-27198463025.818314	3540490007.7703185	8954.574913500872	30941.080910749068	1657.9242139452492
179639655.3504	153455423272.3786	-27087068984.82471	3546457714.1716566	8935.19864351279	30944.494946531402	1657.46812898486
179643255.3504	153487555111.1557	-26975662680.002712	3552423777.5630493	8915.823005924223	30947.894149459353	1657.0114307242534
179646855.3504	153519617198.79745	-26864244164.742893	3558388195.7375016	8896.448015173903	30951.2785238146	1656.5541196557595
179650455.3504	153551609537.65848	-26752813492.420376	3564350966.489794	8877.073685690348	30954.648073898214	1656.096196273295
179654055.3504	153583532130.14526	-26641370716.394768	3570312087.616487	8857.700031891827	30958.002804030606	1655.6376610723514
179657655.3504	153615384978.71622	-26529915890.01009	3576271556.915929	8838.327068186316	30961.342718551485	1655.178514549983
