188733801.898368	65684658992.28856	198129430925.508	10917843226.386097	-20817.222698284757	13213.071328372645	-53.50739925628451
188737401.898368	65609710808.29845	198176979324.84564	10917649571.395262	-20820.65646590761	13202.706200674904	-54.078675693980074
188741001.898368	65534750271.71084	198224490411.01236	10917453860.144794	-20824.085252850055	13192.341789226053	-54.64976571964688
188744601.898368	65459777400.45186	198271964186.58948	10917256093.30577	-20827.50906151577	13181.978095614955	-55.22066933697215
188748201.898368	65384792212.43897	198319400654.1641	10917056271.549253	-20830.9278943075	13171.61512142814	-55.79138654971894
188751801.898368	65309794725.58101	198366799816.32898	10916854395.546293	-20834.341753627046	13161.252868249801	-56.361917361725986
188755401.898368	65234784957.778145	198414161675.68262	10916650465.967926	-20837.750641875267	13150.891337661807	-56.932261776907524
188759001.898368	65159762926.92191	198461486234.82916	10916444483.485172	-20841.154561452084	13140.5305312437	-57.502419799253204
188762601.898368	65084728650.89522	198508773496.37848	10916236448.76904	-20844.55351475647	13130.170450572694	-58.0723914328279
188766201.898368	65009682147.57232	198556023462.94608	10916026362.490519	-20847.947504186457	13119.811097223686	-58.64217668177158
188769801.898368	64934623434.81885	198603236137.15317	10915814225.320587	-20851.336532139132	13109.452472769253	-59.21177555029919
188773401.898368	64859552530.49181	198650411521.6266	10915600037.930208	-20854.720601010635	13099.094578779657	-59.78118804270045
188777001.898368	64784469452.4396	198697549618.99884	10915383800.990326	-20858.099713196167	13088.737416822847	-60.35041416333977
188780601.898368	64709374218.50195	198744650431.90805	10915165515.171873	-20861.473871089973	13078.380988464462	-60.919453916656074
188784201.898368	64634266846.510025	198791713962.998	10914945181.145761	-20864.843077085356	13068.025295267831	-61.48830730716267
188787801.898368	64559147354.28635	198838740214.91806	10914722799.582891	-20868.207333574668	13057.670338793983	-62.05697433944709
188791401.898368	64484015759.64483	198885729190.32324	10914498371.154142	-20871.566642949318	13047.316120601643	-62.62545501817095
188795001.898368	64408872080.390785	198932680891.87418	10914271896.530378	-20874.921007599758	13036.962642247236	-63.19374934806985
188798601.898368	64333716334.320915	198979595322.2371	10914043376.382448	-20878.270429915494	13026.609905284888	-63.76185733395316
188802201.898368	64258548539.22333	199026472484.08377	10913812811.381182	-20881.614912285077	13016.257911266435	-64.32977898070394
188805801.898368	64183368712.87753	199073312380.0916	10913580202.19739	-20884.954457096108	13005.906661741421	-64.89751429327875
188809401.898368	64108176873.05444	199120115012.94357	10913345549.501865	-20888.28906673524	12995.5561582571	-65.46506327670754
188813001.898368	64032973037.51638	199166880385.3282	10913108853.965385	-20891.618743588166	12985.20640235844	-66.0324259360935
188816601.898368	63957757224.01709	199213608499.9395	10912870116.258707	-20894.943490039626	12974.857395588127	-66.59960227661293
188820201.898368	63882529450.30172	199260299359.4772	10912629337.05257	-20898.26330847341	12964.509139486567	-67.16659230351506
188823801.898368	63807289734.10684	199306952966.64645	10912386517.017693	-20901.57820127235	12954.161635591885	-67.73339602212194
188827401.898368	63732038093.16046	199353569324.15796	10912141656.824774	-20904.888170818318	12943.814885439935	-68.30001343782831
188831001.898368	63656774545.182	199400148434.72797	10911894757.144497	-20908.193219492234	12933.468890564294	-68.86644455610144
188834601.898368	63581499107.88231	199446690301.07822	10911645818.64752	-20911.49334967406	12923.123652496273	-69.43268938248099
188838201.898368	63506211798.963684	199493194925.93594	10911394842.004486	-20914.788563742793	12912.779172764915	-69.99874792257886
188841801.898368	63430912636.11984	199539662312.03394	10911141827.886015	-20918.078864076484	12902.435452896996	-70.56462018207908
188845401.898368	63355601637.03596	199586092462.11044	10910886776.962706	-20921.364253052212	12892.092494417035	-71.13030616673765
188849001.898368	63280278819.38864	199632485378.9092	10910629689.905138	-20924.6447330461	12881.750298847288	-71.69580588238243
188852601.898368	63204944200.845955	199678841065.17944	10910370567.38387	-20927.920306433316	12871.408867707756	-72.26111933491293
188856201.898368	63129597799.067406	199725159523.67584	10910109410.069435	-20931.19097558805	12861.068202516186	-72.82624653030027
188859801.898368	63054239631.70396	199771440757.15854	10909846218.632353	-20934.45674288355	12850.728304788074	-73.39118747458694
188863401.898368	62978869716.39803	199817684768.3931	10909580993.743113	-20937.717610692085	12840.389176036666	-73.95594217388677
188867001.898368	62903488070.783516	199863891560.15057	10909313736.072187	-20940.973581384966	12830.050817772964	-74.52051063438468
188870601.898368	62828094712.485756	199910061135.20746	10909044446.290024	-20944.22465733254	12819.713231505728	-75.08489286233663
188874201.898368	62752689659.121574	199956193496.3456	10908773125.067049	-20947.47084090419	12809.376418741474	-75.64908886406945
188877801.898368	62677272928.299255	200002288646.3524	10908499773.073666	-20950.712134468326	12799.040380984485	-76.2130986459807
188881401.898368	62601844537.61857	200048346588.0205	10908224390.980253	-20953.9485403924	12788.705119736802	-76.7769222145385
188885001.898368	62526404504.67076	200094367324.1481	10907946979.457169	-20957.180061042895	12778.370636498239	-77.34055957628148
188888601.898368	62450952847.03855	200140350857.5387	10907667539.174744	-20960.406698785322	12768.03693276638	-77.90401073781857
188892201.898368	62375489582.29616	200186297191.00122	10907386070.803288	-20963.628455984224	12757.704010036578	-78.46727570582888
188895801.898368	62300014728.00928	200232206327.34995	10907102575.013084	-20966.845335003178	12747.371869801964	-79.03035448706159
188899401.898368	62224528301.735115	200278078269.40457	10906817052.474396	-20970.057338204788	12737.040513553447	-79.59324708833576
188903001.898368	62149030321.022354	200323913019.9901	10906529503.857456	-20973.26446795069	12726.709942779718	-80.15595351654025
188906601.898368	62073520803.41119	200369710581.93695	10906239929.832476	-20976.466726601542	12716.380158967248	-80.71847377863355
188910201.898368	61997999766.433304	200415470958.0808	10905948331.069641	-20979.664116517044	12706.051163600292	-81.28080788164367
188913801.898368	61922467227.611916	200461194151.2628	10905654708.23911	-20982.85664005591	12695.7229581609	-81.84295583266795
188917401.898368	61846923204.46172	200506880164.32925	10905359062.01102	-20986.044299575886	12685.39554412891	-82.404917638873
188921001.898368	61771367714.48896	200552529000.13196	10905061393.055477	-20989.227097433744	12675.068922981953	-82.96669330749452
188924601.898368	61695800775.19137	200598140661.52795	10904761702.042562	-20992.40503598528	12664.743096195454	-83.52828284583715
188928201.898368	61620222404.05821	200643715151.37958	10904459989.642334	-20995.578117585323	12654.418065242644	-84.08968626127437
188931801.898368	61544632618.570274	200689252472.55447	10904156256.52482	-20998.74634458771	12644.093831594548	-84.65090356124833
188935401.898368	61469031436.199875	200734752627.9256	10903850503.360023	-21001.90971934532	12633.77039672	-85.21193475326976
188939001.898368	61393418874.41086	200780215620.37115	10903542730.817917	-21005.06824421004	12623.447762085638	-85.7727798449178
188942601.898368	61317794950.65861	200825641452.77466	10903232939.56845	-21008.22192153279	12613.125929155913	-86.33343884383989
188946201.898368	61242159682.390045	200871030128.02487	10902921130.281544	-21011.370753663505	12602.804899393082	-86.89391175775158
188949801.898368	61166513087.04364	200916381649.01584	10902607303.627089	-21014.51474295114	12592.484674257223	-87.45419859443649
188953401.898368	61090855182.04939	200961696018.64682	10902291460.274948	-21017.653891743685	12582.165255206226	-88.01429936174607
188957001.898368	61015185984.828865	201006973239.82236	10901973600.894958	-21020.78820238813	12571.846643695804	-88.57421406759954
188960601.898368	60939505512.795166	201052213315.4522	10901653726.156925	-21023.917677230496	12561.52884117949	-89.13394271998374
188964201.898368	60863813783.35296	201097416248.4514	10901331836.730629	-21027.042318615822	12551.211849108644	-89.69348532695298
188967801.898368	60788110813.89847	201142582041.74008	10901007933.285816	-21030.16212888816	12540.895668932453	-90.25284189662892
188971401.898368	60712396621.81949	201187710698.2437	10900682016.492208	-21033.27711039059	12530.580302097935	-90.81201243720045
188975001.898368	60636671224.49537	201232802220.8929	10900354087.019493	-21036.387265465197	12520.265750049937	-91.37099695692352
188978601.898368	60560934639.29704	201277856612.62354	10900024145.537333	-21039.49259645309	12509.952014231145	-91.92979546412103
188982201.898368	60485186883.587006	201322873876.3766	10899692192.715357	-21042.59310569439	12499.639096082083	-92.4884079671827
188985801.898368	60409427974.71933	201367854015.09827	10899358229.223164	-21045.688795528233	12489.326997041111	-93.04683447456495
188989401.898368	60333657930.03968	201412797031.73993	10899022255.730324	-21048.779668292776	12479.015718544439	-93.60507499479073
188993001.898368	60257876766.8853	201457702929.25815	10898684272.906376	-21051.865726325184	12468.705262026117	-94.16312953644942
188996601.898368	60182084502.585014	201502571710.61462	10898344281.420826	-21054.946971961635	12458.395628918044	-94.7209981081967
189000201.898368	60106281154.45925	201547403378.77618	10898002281.94315	-21058.023407537323	12448.086820649973	-95.2786807187544
189003801.898368	60030466739.82002	201592197936.71484	10897658275.142794	-21061.09503538645	12437.778838649507	-95.8361773769104
189007401.898368	59954641275.97094	201636955387.4077	10897312261.689169	-21064.161857842235	12427.471684342107	-96.39348809151844
189011001.898368	59878804780.20723	201681675733.83707	10896964242.251656	-21067.223877236906	12417.16535915109	-96.95061287149805
189014601.898368	59802957269.81571	201726358978.99026	10896614217.499603	-21070.281095901697	12406.859864497635	-97.5075517258344
189018201.898368	59727098762.07482	201771005125.8598	10896262188.10233	-21073.333516166862	12396.55520180079	-98.06430466357818
189021801.898368	59651229274.2546	201815614177.44327	10895908154.729115	-21076.381140361656	12386.25137247746	-98.62087169384544
189025401.898368	59575348823.61671	201860186136.74338	10895552118.049212	-21079.423970814343	12375.948377942424	-99.17725282581749
189029001.898368	59499457427.41443	201904721006.76788	10895194078.731836	-21082.4620098522	12365.646219608332	-99.73344806874076
189032601.898368	59423555102.89268	201949218790.52966	10894834037.446173	-21085.495259801508	12355.344898885707	-100.28945743192666
189036201.898368	59347641867.28798	201993679491.04666	10894471994.86137	-21088.52372298756	12345.04441718295	-100.84528092475149
189039801.898368	59271717737.8285	202038103111.3419	10894107951.646547	-21091.54740173465	12334.744775906336	-101.40091855665626
189043401.898368	59195782731.73403	202082489654.4434	10893741908.470785	-21094.566298366077	12324.445976460029	-101.95637033714661
189047001.898368	59119836866.21602	202126839123.38428	10893373866.00313	-21097.58041520415	12314.14802024607	-102.51163627579263
189050601.898368	59043880158.47753	202171151521.20273	10893003824.912598	-21100.58975457018	12303.850908664392	-103.06671638222876
189054201.898368	58967912625.713295	202215426850.9419	10892631785.868166	-21103.59431878449	12293.554643112813	-103.62161066615369
189057801.898368	58891934285.10968	202259665115.65002	10892257749.538776	-21106.594110166392	12283.259224987045	-104.17631913733018
189061401.898368	58815945153.84471	202303866318.38037	10891881716.59334	-21109.589131034216	12272.964655680691	-104.73084180558497
189065001.898368	58739945249.088066	202348030462.1912	10891503687.700727	-21112.579383705284	12262.670936585255	-105.28517868080861
189068601.898368	58663934588.00108	202392157550.14572	10891123663.529778	-21115.564870495928	12252.378069090137	-105.8393297729554
189072201.898368	58587913187.73677	202436247585.31223	10890741644.74929	-21118.54559372148	12242.08605458264	-106.39329509204316
189075801.898368	58511881065.43979	202480300570.76395	10890357632.02803	-21121.52155569627	12231.79489444797	-106.94707464815323
189079401.898368	58435838238.24648	202524316509.57913	10889971626.034727	-21124.492758733628	12221.504590069242	-107.50066845143026
189083001.898368	58359784723.28486	202568295404.841	10889583627.438072	-21127.45920514589	12211.21514282748	-108.05407651208206
189086601.898368	58283720537.67461	202612237259.63773	10889193636.90672	-21130.420897244385	12200.926554101614	-108.60729884037956
189090201.898368	58207645698.5271	202656142077.0624	10888801655.109287	-21133.377837339445	12190.638825268496	-109.16033544665659
189093801.898368	58131560222.9454	202700009860.21317	10888407682.714357	-21136.3300277404	12180.351957702891	-109.71318634130984
189097401.898368	58055464128.02423	202743840612.19302	10888011720.390472	-21139.277470755584	12170.065952777482	-110.26585153479864
189101001.898368	57979357430.850044	202787634336.10995	10887613768.806137	-21142.220168692314	12159.780811862878	-110.81833103764495
189104601.898368	57903240148.50097	202831391035.07687	10887213828.629818	-21145.15812385692	12149.496536327608	-111.37062486043313
189108201.898368	57827112298.04684	202875110712.2116	10886811900.529945	-21148.091338554717	12139.213127538129	-111.92273301380985
189111801.898368	57750973896.54917	202918793370.63687	10886407985.17491	-21151.01981509002	12128.930586858829	-112.47465550848398
189115401.898368	57674824961.06122	202962439013.48035	10886002083.233063	-21153.943555766145	12118.648915652026	-113.02639235522643
189119001.898368	57598665508.62792	203006047643.87457	10885594195.372717	-21156.862562885395	12108.368115277972	-113.57794356487008
189122601.898368	57522495556.28595	203049619264.95697	10885184322.262148	-21159.776838749072	12098.088187094858	-114.1293091483096
189126201.898368	57446315121.063675	203093153879.8699	10884772464.569588	-21162.68638565747	12087.809132458811	-114.68048911650133
189129801.898368	57370124219.9812	203136651491.76056	10884358622.963234	-21165.59120590988	12077.530952723902	-115.2314834804632
189133401.898368	57293922870.050354	203180112103.781	10883942798.11124	-21168.491301804585	12067.253649242144	-115.78229225127454
189137001.898368	57217711088.27468	203223535719.08823	10883524990.681723	-21171.386675638856	12056.9772233635	-116.33291544007604
189140601.898368	57141488891.64947	203266922340.84396	10883105201.342756	-21174.277329708962	12046.70167643588	-116.88335305806953
189144201.898368	57065256297.161736	203310271972.2149	10882683430.762377	-21177.163266310166	12036.427009805146	-117.43360511651794
189147801.898368	56989013321.790245	203353584616.37253	10882259679.608576	-21180.04448773671	12026.153224815112	-117.98367162674512
189151401.898368	56912759982.50549	203396860276.49316	10881833948.549309	-21182.920996281846	12015.880322807554	-118.53355260013575
189155001.898368	56836496296.26972	203440098955.75793	10881406238.252485	-21185.792794237797	12005.608305122203	-119.08324804813519
189158601.898368	56760222280.036934	203483300657.35284	10880976549.385979	-21188.659883895787	11995.337173096752	-119.63275798224939
189162201.898368	56683937950.75288	203526465384.46863	10880544882.617617	-21191.522267546025	11985.066928066857	-120.18208241404473
189165801.898368	56607643325.355064	203569593140.3009	10880111238.615187	-21194.37994747771	11974.797571366144	-120.73122135514795
189169401.898368	56531338420.77276	203612683928.05005	10879675618.046434	-21197.232925979035	11964.529104326206	-121.28017481724596
189173001.898368	56455023253.92699	203655737750.92123	10879238021.579063	-21200.08120533717	11954.261528276606	-121.82894281208578
189176601.898368	56378697841.73056	203698754612.12442	10878798449.880733	-21202.92478783828	11943.994844544883	-122.37752535147438
189180201.898368	56302362201.08804	203741734514.87433	10878356903.619064	-21205.763675767517	11933.729054456551	-122.92592244727855
189183801.898368	56226016348.89578	203784677462.39047	10877913383.461632	-21208.59787140902	11923.464159335104	-123.47413411142483
189187401.898368	56149660302.04191	203827583457.8971	10877467890.075966	-21211.427377045908	11913.200160502018	-124.02216035589936
189191001.898368	56073294077.40633	203870452504.62323	10877020424.129559	-21214.252194960292	11902.937059276748	-124.57000119274774
189194601.898368	55996917691.860725	203913284605.8026	10876570986.289854	-21217.072327433267	11892.674856976742	-125.11765663407493
189198201.898368	55920531162.2686	203956079764.67377	10876119577.224255	-21219.88777674491	11882.413554917432	-125.66512669204515
189201801.898368	55844134505.48522	203998837984.4799	10875666197.600117	-21222.698545174284	11872.15315441224	-126.21241137888168
189205401.898368	55767727738.357666	204041559268.46896	10875210848.084757	-21225.50463499944	11861.893656772587	-126.75951070686685
189209001.898368	55691310877.724815	204084243619.89365	10874753529.345444	-21228.30604849741	11851.635063307884	-127.30642468834183
189212601.898368	55614883940.41734	204126891042.01135	10874294242.049402	-21231.1027879442	11841.377375325543	-127.85315333570657
189216201.898368	55538446943.257744	204169501538.08414	10873832986.863813	-21233.894855614813	11831.120594130976	-128.3996966614196
189219801.898368	55461999903.06032	204212075111.3788	10873369764.455812	-21236.682253783223	11820.8647210276	-128.94605467799803
189223401.898368	55385542836.63118	204254611765.1668	10872904575.492489	-21239.464984722395	11810.609757316835	-129.49222739801735
189227001.898368	55309075760.768265	204297111502.7243	10872437420.640888	-21242.24305070427	11800.355704298112	-130.0382148341113
189230601.898368	55232598692.26133	204339574327.33212	10871968300.568008	-21245.016453999768	11790.102563268869	-130.58401699897178
189234201.898368	55156111647.89196	204382000242.27576	10871497215.940805	-21247.785196878795	11779.85033552456	-131.1296339053487
189237801.898368	55079614644.43358	204424389250.84537	10871024167.426186	-21250.54928161023	11769.59902235865	-131.6750655660499
189241401.898368	55003107698.65143	204466741356.3358	10870549155.69101	-21253.30871046194	11759.348625062628	-132.22031199394107
189245001.898368	54926590827.30259	204509056562.04642	10870072181.402092	-21256.063485700768	11749.099144926	-132.7653732019455
189248601.898368	54850064047.135994	204551334871.28137	10869593245.226202	-21258.813609592533	11738.850583236292	-133.31024920304407
189252201.898368	54773527374.89242	204593576287.3494	10869112347.830061	-21261.559084402037	11728.602941279058	-133.85494001027507
189255801.898368	54696980827.30448	204635780813.5638	10868629489.880344	-21264.299912393057	11718.356220337877	-134.39944563673416
189259401.898368	54620424421.09666	204677948453.24258	10868144672.043678	-21267.036095828345	11708.11042169436	-134.94376609557415
189263001.898368	54543858172.98527	204720079209.7083	10867657894.986643	-21269.76763696964	11697.86554662815	-135.48790140000497
189266601.898368	54467282099.67851	204762173086.28815	10867169159.375769	-21272.494538077644	11687.621596416924	-136.0318515632935
189270201.898368	54390696217.876434	204804230086.31387	10866678465.87754	-21275.21680141205	11677.378572336394	-136.57561659876342
189273801.898368	54314100544.27096	204846250213.12186	10866185815.158396	-21277.93442923152	11667.136475660314	-137.1191965197952
189277401.898368	54237495095.545876	204888233470.05304	10865691207.88472	-21280.647423793693	11656.89530766048	-137.6625913398259
189281001.898368	54160879888.37685	204930179860.45294	10865194644.722855	-21283.355787355176	11646.655069606728	-138.2058010723491
189284601.898368	54084254939.43141	204972089387.67166	10864696126.339088	-21286.059522171563	11636.415762766947	-138.7488257309147
189288201.898368	54007620265.368996	205013962055.06384	10864195653.399664	-21288.758630497417	11626.17738840707	-139.29166532912888
189291801.898368	53930975882.84091	205055797865.98868	10863693226.570774	-21291.453114586275	11615.939947791081	-139.834319880654
189295401.898368	53854321808.49036	205097596823.80994	10863188846.518562	-21294.142976690648	11605.703442181022	-140.3767893992084
189299001.898368	53777658058.95242	205139358931.8959	10862682513.909122	-21296.82821906202	11595.467872836987	-140.91907389856638
189302601.898368	53700984650.854095	205181084193.6194	10862174229.408499	-21299.508843950847	11585.233241017131	-141.46117339255798
189306201.898368	53624301600.81426	205222772612.35776	10861663993.682686	-21302.184853606563	11574.999547977668	-142.00308789506897
189309801.898368	53547608925.44371	205264424191.49286	10861151807.397627	-21304.856250277568	11564.766794972875	-142.54481742004066
189313401.898368	53470906641.345146	205306038934.4111	10860637671.219217	-21307.523036211238	11554.534983255096	-143.0863619814698
189317001.898368	53394194765.11318	205347616844.50336	10860121585.8133	-21310.18521365392	11544.304114074745	-143.62772159340847
189320601.898368	53317473313.334335	205389157925.16498	10859603551.845667	-21312.84278485093	11534.0741886803	-144.16889626996402
189324201.898368	53240742302.58706	205430662179.79587	10859083569.982061	-21315.495752046558	11523.845208318318	-144.70988602529889
189327801.898368	53164001749.44171	205472129611.80038	10858561640.888174	-21318.14411748406	11513.61717423343	-145.25069087363048
189331401.898368	53087251670.460594	205513560224.58737	10858037765.229643	-21320.787883405665	11503.39008766834	-145.79131082923107
189335001.898368	53010492082.19792	205554954021.57013	10857511943.672058	-21323.427052052575	11493.163949863838	-146.33174590642776
189338601.898368	52933723001.19985	205596311006.1664	10856984176.880955	-21326.061625664955	11482.938762058791	-146.87199611960224
189342201.898368	52856944444.004486	205637631181.79843	10856454465.521816	-21328.69160648194	11472.714525490153	-147.41206148319077
189345801.898368	52780156427.14185	205678914551.89288	10855922810.260077	-21331.316996741643	11462.491241392965	-147.95194201168403
189349401.898368	52703358967.133934	205720161119.8809	10855389211.761116	-21333.93779868113	11452.268911000358	-148.491637719627
189353001.898368	52626552080.49465	205761370889.198	10854853670.690262	-21336.554014536447	11442.04753554355	-149.03114862161885
189356601.898368	52549735783.72989	205802543863.2842	10854316187.71279	-21339.1656465426	11431.82711625186	-149.5704747323129
189360201.898368	52472910093.33748	205843680045.5839	10853776763.493921	-21341.772696933567	11421.607654352696	-150.10961606641635
189363801.898368	52396075025.80722	205884779439.5459	10853235398.698826	-21344.375167942293	11411.38915107157	-150.6485726386903
189367401.898368	52319230597.62087	205925842048.62344	10852692093.992619	-21346.973061800687	11401.171607632092	-151.1873444639496
189371001.898368	52242376825.25216	205966867876.27414	10852146850.040363	-21349.566380739627	11390.955025255977	-151.72593155706272
189374601.898368	52165513725.16678	206007856925.96002	10851599667.507069	-21352.155126988953	11380.739405163044	-152.26433393295167
189378201.898368	52088641313.822395	206048809201.14752	10851050547.05769	-21354.739302777474	11370.52474857122	-152.80255160659186
189381801.898368	52011759607.66866	206089724705.3074	10850499489.357126	-21357.318910332964	11360.311056696546	-153.34058459301198
189385401.898368	51934868623.14721	206130603441.91486	10849946495.070227	-21359.89395188216	11350.09833075317	-153.8784329072939
189389001.898368	51857968376.69165	206171445414.4494	10849391564.861782	-21362.46442965077	11339.886571953355	-154.4160965645726
189392601.898368	51781058884.72759	206212250626.39496	10848834699.396532	-21365.03034586345	11329.675781507487	-154.953575580036
189396201.898368	51704140163.67263	206253019081.23975	10848275899.339159	-21367.591702743845	11319.465960624068	-155.4908699689248
189399801.898368	51627212229.93636	206293750782.47638	10847715165.35429	-21370.14850251454	11309.25711050972	-156.02797974653257
189403401.898368	51550275099.92039	206334445733.60178	10847152498.106499	-21372.7007473971	11299.04923236919	-156.56490492820535
189407001.898368	51473328790.0183	206375103938.11725	10846587898.260303	-21375.248439612038	11288.842327405355	-157.10164552934182
189410601.898368	51396373316.615715	206415725399.52835	10846021366.480165	-21377.791581378846	11278.636396819216	-157.638201565393
189414201.898368	51319408696.09025	206456310121.34503	10845452903.430492	-21380.330174915965	11268.431441809907	-158.17457305186218
189417801.898368	51242434944.81153	206496858107.0815	10844882509.775633	-21382.864222440807	11258.227463574698	-158.71076000430492
189421401.898368	51165452079.14123	206537369360.25635	10844310186.179882	-21385.393726169743	11248.02446330899	-159.24676243832874
189425001.898368	51088460115.43301	206577843884.39233	10843735933.30748	-21387.918688318106	11237.822442206325	-159.78258036959318
189428601.898368	51011459070.03258	206618281683.01663	10843159751.822605	-21390.439111100186	11227.621401458384	-160.3182138138096
189432201.898368	50934448959.27767	206658682759.66068	10842581642.389385	-21392.95499672924	11217.421342254993	-160.85366278674107
189435801.898368	50857429799.498055	206699047117.86014	10842001605.671886	-21395.466347417485	11207.22226578412	-161.38892730420238
189439401.898368	50780401607.01554	206739374761.155	10841419642.334122	-21397.973165376094	11197.02417323188	-161.92400738205976
189443001.898368	50703364398.143974	206779665693.0895	10840835753.040045	-21400.475452815204	11186.827065782538	-162.45890303623085
189446601.898368	50626318189.18925	206819919917.21216	10840249938.45355	-21402.97321194391	11176.630944618513	-162.99361428268466
189450201.898368	50549262996.4493	206860137437.0757	10839662199.23848	-21405.46644497027	11166.435810920377	-163.5281411374413
189453801.898368	50472198836.214134	206900318256.23715	10839072536.058613	-21407.955154101295	11156.241665866857	-164.06248361657202
189457401.898368	50395125724.7658	206940462378.25772	10838480949.577673	-21410.439341542962	11146.04851063484	-164.59664173619902
189461001.898368	50318043678.37841	206980569806.7029	10837887440.459324	-21412.9190095002	11135.856346399374	-165.13061551249535
189464601.898368	50240952713.31814	207020640545.1424	10837292009.367174	-21415.3941601769	11125.66517433367	-165.66440496168485
189468201.898368	50163852845.84323	207060674597.15012	10836694656.964773	-21417.864795775913	11115.474995609102	-166.198010100042
189471801.898368	50086744092.204	207100671966.3042	10836095383.915607	-21420.330918499043	11105.285811395215	-166.73143094389187
189475401.898368	50009626468.642845	207140632656.18698	10835494190.88311	-21422.792530547053	11095.097622859725	-167.26466750960986
189479001.898368	49932499991.39423	207180556670.385	10834891078.530653	-21425.249634119664	11084.910431168517	-167.79771981362177
189482601.898368	49855364676.684715	207220444012.489	10834286047.521547	-21427.70223141556	11074.724237485652	-168.3305878724036
189486201.898368	49778220540.73293	207260294686.0939	10833679098.519047	-21430.150324632366	11064.539042973369	-168.8632717024815
189489801.898368	49701067599.74962	207300108694.7988	10833070232.186344	-21432.59391596668	11054.354848792082	-169.3957713204316
189493401.898368	49623905869.9376	207339886042.20697	10832459449.186575	-21435.033007614053	11044.171656100392	-169.9280867428799
189497001.898368	49546735367.49179	207379626731.92587	10831846750.182812	-21437.46760176898	11033.98946605508	-170.46021798650227
189500601.898368	49469556108.59922	207419330767.5671	10831232135.838068	-21439.897700624926	11023.808279811115	-170.9921650680242
189504201.898368	49392368109.43902	207458998152.74646	10830615606.815296	-21442.323306374303	11013.628098521653	-171.5239280042208
189507801.898368	49315171386.18243	207498628891.0838	10829997163.777391	-21444.74442120848	11003.44892333804	-172.05550681191664
189511401.898368	49237965954.99279	207538222986.2032	10829376807.387184	-21447.161047317783	10993.270755409814	-172.58690150798566
189515001.898368	49160751832.02558	207577780441.73282	10828754538.307447	-21449.573186891488	10983.093595884713	-173.1181121093511
189518601.898368	49083529033.42839	207617301261.30502	10828130357.20089	-21451.98084211783	10972.917445908664	-173.6491386329853
189522201.898368	49006297575.34093	207656785448.5562	10827504264.730162	-21454.384015183998	10962.742306625802	-174.17998109590974
189525801.898368	48929057473.895035	207696233007.12695	10826876261.557852	-21456.782708276132	10952.568179178455	-174.71063951519474
189529401.898368	48851808745.21468	207735643940.6619	10826246348.346485	-21459.176923579325	10942.395064707163	-175.24111390795954
189533001.898368	48774551405.415985	207775018252.80978	10825614525.758526	-21461.56666327763	10932.222964350665	-175.7714042913721
189536601.898368	48697285470.607185	207814355947.2235	10824980794.456377	-21463.951929554045	10922.051879245913	-176.30151068264902
189540201.898368	48620010956.88868	207853657027.56003	10824345155.10238	-21466.332724590524	10911.88181052807	-176.83143309905537
189543801.898368	48542727880.353004	207892921497.48035	10823707608.358814	-21468.709050567973	10901.712759330507	-177.36117155790473
189547401.898368	48465436257.08485	207932149360.6496	10823068154.887894	-21471.080909666256	10891.544726784814	-177.8907260765589
189551001.898368	48388136103.16105	207971340620.73694	10822426795.35177	-21473.448304064183	10881.377714020799	-178.420096672428
189554601.898368	48310827434.65061	208010495281.41562	10821783530.412539	-21475.811235939513	10871.211722166485	-178.9492833629702
189558201.898368	48233510267.6147	208049613346.36298	10821138360.732224	-21478.169707468965	10861.04675234812	-179.47828616569163
189561801.898368	48156184618.10664	208088694819.2603	10820491286.97279	-21480.52372082821	10850.882805690177	-180.00710509814638
189565401.898368	48078850502.171936	208127739703.79306	10819842309.796139	-21482.87327819186	10840.71988331535	-180.53574017793633
189569001.898368	48001507935.84825	208166748003.65067	10819191429.864109	-21485.218381733484	10830.55798634457	-181.06419142271102
189572601.898368	47924156935.165436	208205719722.52658	10818538647.838476	-21487.55903362561	10820.397115896987	-181.5924588501676
189576201.898368	47846797516.14552	208244654864.1183	10817883964.380949	-21489.8952360397	10810.237273089993	-182.12054247805068
189579801.898368	47769429694.80272	208283553432.12732	10817227380.153173	-21492.226991146184	10800.078459039214	-182.6484423241523
189583401.898368	47692053487.14343	208322415430.25922	10816568895.816732	-21494.55430111443	10789.920674858507	-183.17615840631174
189587001.898368	47614668909.16626	208361240862.22348	10815908512.033144	-21496.87716811276	10779.763921659976	-183.70369074241546
189590601.898368	47537275976.861984	208400029731.73367	10815246229.463861	-21499.195594308443	10769.608200553963	-184.23103935039697
189594201.898368	47459874706.2136	208438782042.50732	10814582048.770273	-21501.509581867704	10759.453512649052	-184.75820424823678
189597801.898368	47382465113.196304	208477497798.26593	10813915970.613705	-21503.819132955712	10749.299859052075	-185.28518545396224
189601401.898368	47305047213.77749	208516177002.735	10813247995.655415	-21506.12424973659	10739.147240868113	-185.81198298564752
189605001.898368	47227621023.91677	208554819659.64398	10812578124.556597	-21508.4249343734	10728.995659200498	-186.33859686141338
189608601.898368	47150186559.56598	208593425772.72635	10811906357.978378	-21510.72118902817	10718.845115150812	-186.8650270994272
189612201.898368	47072743836.66915	208631995345.7195	10811232696.581823	-21513.013015861856	10708.695609818893	-187.3912737179028
189615801.898368	46995292871.16257	208670528382.36484	10810557141.027931	-21515.300417034377	10698.547144302836	-187.91733673510035
189619401.898368	46917833678.97471	208709024886.4076	10809879691.97763	-21517.583394704598	10688.399719698997	-188.4432161693263
189623001.898368	46840366276.026306	208747484861.59708	10809200350.09179	-21519.861951030325	10678.253337101989	-188.9689120389332
189626601.898368	46762890678.230316	208785908311.68646	10808519116.031206	-21522.13608816832	10668.107997604693	-189.49442436231976
189630201.898368	46685406901.491936	208824295240.43286	10807835990.456614	-21524.405808274292	10657.963702298253	-190.01975315793058
189633801.898368	46607914961.708595	208862645651.59735	10807150974.028679	-21526.67111350289	10647.820452272083	-190.54489844425615
189637401.898368	46530414874.76998	208900959548.9449	10806464067.408003	-21528.932006007715	10637.678248613865	-191.06986023983268
189641001.898368	46452906656.55802	208939236936.24432	10805775271.25512	-21531.188487941316	10627.537092409555	-191.59463856324206
189644601.898368	46375390322.94691	208977477817.26846	10805084586.230494	-21533.440561455187	10617.396984743384	-192.11923343311173
189648201.898368	46297865889.80307	209015682195.794	10804392012.994524	-21535.68822869977	10607.257926697856	-192.64364486811462
189651801.898368	46220333372.985214	209053850075.60153	10803697552.207542	-21537.931491824453	10597.119919353756	-193.167872886969
189655401.898368	46142792788.3443	209091981460.4755	10803001204.529814	-21540.170352977566	10586.982963790153	-193.6919175084384
189659001.898368	46065244151.723564	209130076354.20425	10802302970.621536	-21542.404814306392	10576.847061084394	-194.2157787513315
189662601.898368	45987687478.95851	209168134760.58002	10801602851.142838	-21544.634877957156	10566.712212312115	-194.7394566345021
189666201.898368	45910122785.876915	209206156683.3989	10800900846.753778	-21546.86054607503	10556.578418547237	-195.26295117684887
189669801.898368	45832550088.298836	209244142126.46085	10800196958.114351	-21549.08182080413	10546.44568086197	-195.78626239731545
189673401.898368	45754969402.03662	209282091093.56967	10799491185.884481	-21551.298704287517	10536.31400032682	-196.30939031489018
189677001.898368	45677380742.89489	209320003588.53305	10798783530.724026	-21553.511198667202	10526.183378010583	-196.83233494860605
189680601.898368	45599784126.67057	209357879615.16248	10798073993.29277	-21555.719306084135	10516.053814980352	-197.35509631754067
189684201.898368	45522179569.15287	209395719177.27332	10797362574.250435	-21557.92302867821	10505.925312301519	-197.87767444081612
189687801.898368	45444567086.12331	209433522278.68475	10796649274.256668	-21560.122368588276	10495.797871037774	-198.40006933759884
189691401.898368	45366946693.35569	209471288923.21976	10795934093.971052	-21562.317327952114	10485.671492251113	-198.9222810270995
189695001.898368	45289318406.61614	209509019114.7052	10795217034.053099	-21564.507908906457	10475.546177001834	-199.44430952857303
189698601.898368	45211682241.66309	209546712856.97168	10794498095.162249	-21566.69411358698	10465.421926348541	-199.96615486131836
189702201.898368	45134038214.247284	209584370153.85367	10793777277.957876	-21568.8759441283	10455.29874134815	-200.48781704467842
189705801.898368	45056386340.11178	209621991009.18942	10793054583.099283	-21571.053402663983	10445.176623055886	-201.00929609804007
189709401.898368	44978726634.99195	209659575426.82098	10792330011.245703	-21573.226491326535	10435.055572525287	-201.53059204083388
189713001.898368	44901059114.61552	209697123410.59418	10791603563.0563	-21575.395212247407	10424.935590808205	-202.05170489253416
189716601.898368	44823383794.70251	209734634964.35864	10790875239.190163	-21577.55956755699	10414.816678954814	-202.57263467265878
189720201.898368	44745700690.96529	209772110091.96774	10790145040.306318	-21579.719559384623	10404.6988380136	-203.09338140076912
189723801.898368	44668009819.10856	209809548797.2787	10789412967.063717	-21581.875189858587	10394.58206903138	-203.61394509646996
189727401.898368	44590311194.82938	209846951084.15237	10788679020.121239	-21584.026461106107	10384.466373053287	-204.13432577940935
189731001.898368	44512604833.817116	209884316956.45352	10787943200.137695	-21586.173375253347	10374.351751122782	-204.65452346927856
189734601.898368	44434890751.75352	209921646418.05057	10787205507.771828	-21588.31593442542	10364.238204281657	-205.17453818581194
189738201.898368	44357168964.31267	209958939472.8157	10786465943.682302	-21590.454140746373	10354.12573357003	-205.69436994878689
189741801.898368	44279439487.16101	209996196124.62488	10785724508.527718	-21592.587996339204	10344.014340026353	-206.2140187780237
189745401.898368	44201702335.95735	210033416377.35776	10784981202.966599	-21594.717503325846	10333.904024687414	-206.7334846933855
189749001.898368	44123957526.35285	210070600234.89774	10784236027.657398	-21596.84266382718	10323.794788588333	-207.2527677147781
189752601.898368	44046205073.991035	210107747701.13193	10783488983.258501	-21598.963479963033	10313.686632762574	-207.77186786214992
189756201.898368	43968444994.50781	210144858779.9512	10782740070.428217	-21601.07995385216	10303.579558241938	-208.290785155492
189759801.898368	43890677303.531456	210181933475.2501	10781989289.824783	-21603.19208761227	10293.47356605657	-208.80951961483774
189763401.898368	43812902016.68262	210218971790.92685	10781236642.106367	-21605.29988336001	10283.368657234958	-209.3280712602629
189767001.898368	43735119149.57434	210255973730.88345	10780482127.931063	-21607.403343210965	10273.264832803941	-209.8464401118855
189770601.898368	43657328717.81204	210292939299.02554	10779725747.95689	-21609.50246927967	10263.162093788704	-210.3646261898657
189774201.898368	43579530736.99353	210329868499.26245	10778967502.841799	-21611.59726367959	10253.060441212783	-210.88262951440575
189777801.898368	43501725222.709015	210366761335.50723	10778207393.243666	-21613.68772852314	10242.95987609807	-211.4004501057498
189781401.898368	43423912190.5411	210403617811.67654	10777445419.820293	-21615.773865921674	10232.86039946481	-211.91808798418393
189785001.898368	43346091656.06478	210440437931.69077	10776681583.22941	-21617.855677985488	10222.762012331605	-212.43554317003597
189788601.898368	43268263634.84747	210477221699.47394	10775915884.128675	-21619.933166823812	10212.66471571542	-212.95281568367545
189792201.898368	43190428142.44899	210513969118.95377	10775148323.17567	-21622.006334544825	10202.568510631578	-213.46990554551348
189795801.898368	43112585194.42156	210550680194.06155	10774378901.027906	-21624.075183255645	10192.473398093767	-213.9868127760027
189799401.898368	43034734806.30984	210587354928.7323	10773607618.342817	-21626.139715062327	10182.379379114042	-214.5035373956371
189803001.898368	42956876993.65088	210623993326.90466	10772834475.777767	-21628.199932069867	10172.286454702824	-215.02007942495203
189806601.898368	42879011771.974174	210660595392.52087	10772059473.990042	-21630.255836382203	10162.194625868906	-215.53643888452405
189810201.898368	42801139156.80164	210697161129.52682	10771282613.636856	-21632.307430102213	10152.10389361945	-216.05261579497082
189813801.898368	42723259163.64763	210733690541.87204	10770503895.37535	-21634.354715331716	10142.014258959996	-216.56861017695107
189817401.898368	42645371808.01892	210770183633.50964	10769723319.86259	-21636.397694171465	10131.925722894457	-217.08442205116447
189821001.898368	42567477105.41474	210806640408.3964	10768940887.755568	-21638.43636872116	10121.838286425125	-217.6000514383515
189824601.898368	42489575071.32676	210843060870.4926	10768156599.711195	-21640.470741079436	10111.751950552674	-218.11549835929347
189828201.898368	42411665721.23908	210879445023.76227	10767370456.386314	-21642.50081334387	10101.666716276159	-218.6307628348123
189831801.898368	42333749070.62828	210915792872.1729	10766582458.437693	-21644.526587610984	10091.582584593018	-219.1458448857705
189835401.898368	42255825134.96336	210952104419.69565	10765792606.52202	-21646.548065976225	10081.499556499077	-219.66074453307104
189839001.898368	42177893929.70582	210988379670.3052	10765000901.295914	-21648.56525053399	10071.417632988552	-220.17546179765733
189842601.898368	42099955470.30958	211024618627.97986	10764207343.41591	-21650.578143377614	10061.336815054048	-220.68999670051306
189846201.898368	42022009772.22105	211060821296.70148	10763411933.538479	-21652.58674659937	10051.257103686563	-221.20434926266208
189849801.898368	41944056850.8791	211096987680.45547	10762614672.320004	-21654.59106229047	10041.178499875488	-221.71851950516842
189853401.898368	41866096721.71508	211133117783.23083	10761815560.4168	-21656.591092541064	10031.101004608614	-222.23250744913608
189857001.898368	41788129400.152824	211169211609.02008	10761014598.485104	-21658.586839440246	10021.024618872127	-222.74631311570906
189860601.898368	41710154901.60863	211205269161.8193	10760211787.181074	-21660.57830507604	10010.949343650616	-223.25993652607113
189864201.898368	41632173241.49129	211241290445.62814	10759407127.160797	-21662.565491535413	10000.875179927074	-223.77337770144584
189867801.898368	41554184435.20208	211277275464.44974	10758600619.08028	-21664.548400904278	9990.802128682897	-224.28663666309637
189871401.898368	41476188498.13478	211313224222.2908	10757792263.595453	-21666.52703526747	9980.730190897888	-224.79971343232552
189875001.898368	41398185445.67566	211349136723.16153	10756982061.362171	-21668.50139670878	9970.659367550259	-225.31260803047553
189878601.898368	41320175293.20348	211385012971.07565	10756170013.036213	-21670.471487310926	9960.589659616635	-225.82532047892806
189882201.898368	41242158056.08953	211420852970.0504	10755356119.273277	-21672.43730915557	9950.521068072052	-226.33785079910402
189885801.898368	41164133749.69758	211456656724.1066	10754540380.728987	-21674.398864323313	9940.45359388996	-226.85019901246355
189889401.898368	41086102389.38392	211492424237.26843	10753722798.05889	-21676.356154893685	9930.38723804223	-227.36236514050591
189893001.898368	41008063990.49737	211528155513.56366	10752903371.918451	-21678.309182945166	9920.32200149915	-227.8743492047694
189896601.898368	40930018568.37925	211563850557.02353	10752082102.963064	-21680.257950555166	9910.257885229425	-228.38615122683123
189900201.898368	40851966138.36341	211599509371.6828	10751258991.848042	-21682.20245980004	9900.194890200191	-228.89777122830748
189903801.898368	40773906715.77624	211635131961.57962	10750434039.228619	-21684.14271275507	9890.133017377006	-229.40920923085298
189907401.898368	40695840315.93664	211670718330.7557	10749607245.759953	-21686.07871149449	9880.072267723852	-229.92046525616124
189911001.898368	40617766954.15605	211706268483.2562	10748778612.097122	-21688.010458091463	9870.012642203144	-230.4315393259643
189914601.898368	40539686645.738464	211741782423.1297	10747948138.895126	-21689.93795461809	9859.954141775728	-230.9424314620328
189918201.898368	40461599405.9804	211777260154.42825	10747115826.80889	-21691.86120314541	9849.896767400882	-231.4531416861757
189921801.898368	40383505250.17093	211812701681.2074	10746281676.493254	-21693.780205743402	9839.84052003632	-231.96367002024033
189925401.898368	40305404193.591675	211848107007.5261	10745445688.602985	-21695.694964480983	9829.785400638193	-232.4740164861122
189929001.898368	40227296251.516815	211883476137.44672	10744607863.79277	-21697.605481426002	9819.731410161092	-232.98418110571498
189932601.898368	40149181439.21308	211918809075.0351	10743768202.717215	-21699.51175864525	9809.678549558048	-233.49416390101047
189936201.898368	40071059771.939766	211954105824.3605	10742926706.030846	-21701.41379820446	9799.626819780538	-234.00396489399833
189939801.898368	39992931264.94872	211989366389.49564	10742083374.388113	-21703.31160216829	9789.576221778483	-234.51358410671617
189943401.898368	39914795933.48439	212024590774.51657	10741238208.443386	-21705.205172600345	9779.526756500249	-235.02302156123937
189947001.898368	39836653792.78377	212059778983.50284	10740391208.850954	-21707.094511563166	9769.478424892655	-235.53227727968104
189950601.898368	39758504858.07643	212094931020.53735	10739542376.265028	-21708.979621118226	9759.43122790097	-236.0413512841919
189954201.898368	39680349144.58453	212130046889.70642	10738691711.339737	-21710.86050332594	9749.385166468915	-236.5502435969602
189957801.898368	39602186667.52283	212165126595.09973	10737839214.729132	-21712.737160245662	9739.340241538668	-237.05895424021165
189961401.898368	39524017442.09864	212200170140.81042	10736984887.087183	-21714.609593935675	9729.296454050866	-237.5674832362093
189965001.898368	39445841483.511894	212235177530.93497	10736128729.067781	-21716.477806453204	9719.2538049446	-238.07583060725358
189968601.898368	39367658806.95512	212270148769.5732	10735270741.324736	-21718.341799854414	9709.212295157426	-238.58399637568198
189972201.898368	39289469427.61342	212305083860.8284	10734410924.511774	-21720.201576194402	9699.171925625364	-239.09198056386913
189975801.898368	39211273360.66453	212339982808.80713	10733549279.282545	-21722.0571375272	9689.132697282897	-239.59978319422675
189979401.898368	39133070621.27877	212374845617.6194	10732685806.290617	-21723.908485905784	9679.094611062977	-240.1074042892034
189983001.898368	39054861224.61909	212409672291.37845	10731820506.189478	-21725.75562338206	9669.057667897025	-240.61484387128456
189986601.898368	38976645185.84104	212444462834.20102	10730953379.632532	-21727.59855200688	9659.02186871493	-241.12210196299245
189990201.898368	38898422520.092804	212479217250.2071	10730084427.273106	-21729.437273830015	9648.98721444506	-241.62917858688593
189993801.898368	38820193242.51517	212513935543.52002	10729213649.76444	-21731.27179090019	9638.953706014252	-242.13607376556052
189997401.898368	38741957368.24156	212548617718.2665	10728341047.7597	-21733.102105265065	9628.921344347824	-242.64278752164822
190001001.898368	38663714912.39805	212583263778.57657	10727466621.911964	-21734.928218971225	9618.890130369573	-243.1493198778174
190004601.898368	38585465890.10331	212617873728.58353	10726590372.874233	-21736.7501340642	9608.860065001774	-243.65567085677282
190008201.898368	38507210316.46867	212652447572.42404	10725712301.299421	-21738.567852588458	9598.831149165188	-244.1618404812555
190011801.898368	38428948206.59811	212686985314.23807	10724832407.840366	-21740.3813765874	9588.803383779059	-244.6678287740426
190015401.898368	38350679575.58823	212721486958.16888	10723950693.14982	-21742.190708103364	9578.776769761118	-245.17363575794732
190019001.898368	38272404438.5283	212755952508.36307	10723067157.880453	-21743.995849177627	9568.751308027586	-245.67926145581896
190022601.898368	38194122810.50023	212790381968.97052	10722181802.684855	-21745.796801850396	9558.726999493174	-246.18470589054266
190026201.898368	38115834706.578606	212824775344.14438	10721294628.21553	-21747.593568160824	9548.703845071086	-246.6899690850394
190029801.898368	38037540141.83066	212859132638.04108	10720405635.124903	-21749.386150146995	9538.681845673022	-247.19505106226586
190033401.898368	37959239131.31629	212893453854.82034	10719514824.065315	-21751.174549845928	9528.661002209175	-247.69995184521446
190037001.898368	37880931690.08807	212927738998.6452	10718622195.689024	-21752.958769293582	9518.64131558824	-248.20467145691313
190040601.898368	37802617833.19124	212961988073.6819	10717727750.648203	-21754.73881052485	9508.62278671741	-248.70920992042534
190044201.898368	37724297575.66371	212996201084.09995	10716831489.594946	-21756.514675573562	9498.605416502382	-249.21356725884993
190047801.898368	37645970932.53609	213030378034.07217	10715933413.181261	-21758.286366472486	9488.589205847356	-249.7177434953211
190051401.898368	37567637918.83165	213064518927.7746	10715033522.059074	-21760.05388525333	9478.574155655042	-250.22173865300823
190055001.898368	37489298549.56637	213098623769.3865	10714131816.880226	-21761.817233946724	9468.560266826655	-250.72555275511593
190058601.898368	37410952839.7489	213132692563.09045	10713228298.296476	-21763.576414582254	9458.54754026192	-251.22918582488384
190062201.898368	37332600804.38061	213166725313.07217	10712322966.959497	-21765.331429188427	9448.535976859075	-251.7326378855866
190065801.898368	37254242458.45554	213200722023.5207	10711415823.520882	-21767.082279792696	9438.525577514873	-252.23590896053378
190069401.898368	37175877816.96047	213234682698.62823	10710506868.632135	-21768.828968421447	9428.516343124582	-252.73899907306978
190073001.898368	37097506894.874855	213268607342.5902	10709596102.944681	-21770.571497099998	9418.508274581987	-253.24190824657373
190076601.898368	37019129707.17087	213302495959.60532	10708683527.109858	-21772.30986785261	9408.501372779396	-253.74463650445944
190080201.898368	36940746268.8134	213336348553.8754	10707769141.77892	-21774.04408270248	9398.495638607636	-254.2471838701753
190083801.898368	36862356594.76006	213370165129.60553	10706852947.603035	-21775.774143671737	9388.491072956058	-254.7495503672042
190087401.898368	36783960699.96119	213403945691.00397	10705934945.23329	-21777.50005278145	9378.487676712539	-255.25173601906346
190091001.898368	36705558599.35984	213437690242.2822	10705015135.320684	-21779.221812051626	9368.485450763485	-255.75374084930473
190094601.898368	36627150307.8918	213471398787.65488	10704093518.516132	-21780.9394235012	9358.48439599383	-256.255564881514
190098201.898368	36548735840.485596	213505071331.33984	10703170095.470467	-21782.652889148052	9348.48451328704	-256.7572081393113
190101801.898368	36470315212.06248	213538707877.55807	10702244866.83443	-21784.362211008996	9338.485803525115	-257.2586706463508
190105401.898368	36391888437.53645	213572308430.5338	10701317833.258686	-21786.067391099783	9328.488267588587	-257.75995242632087
190109001.898368	36313455531.81426	213605872994.4944	10700388995.393806	-21787.768431435095	9318.49190635653	-258.2610535029435
190112601.898368	36235016509.79541	213639401573.6703	10699458353.890282	-21789.46533402856	9308.496720706553	-258.76197389997486
190116201.898368	36156571386.37213	213672894172.29523	10698525909.398514	-21791.15810089273	9298.502711514808	-259.2627136412047
190119801.898368	36078120176.42944	213706350794.60602	10697591662.568823	-21792.84673403911	9288.509879655989	-259.7632727504565
190123401.898368	35999662894.8451	213739771444.84262	10696655614.051441	-21794.531235478127	9278.518226003334	-260.2636512515874
190127001.898368	35921199556.48964	213773156127.24814	10695717764.496513	-21796.211607219153	9268.52775142863	-260.76384916848815
190130601.898368	35842730176.22635	213806504846.06885	10694778114.5541	-21797.88785127049	9258.538456802211	-261.2638665250828
190134201.898368	35764254768.91131	213839817605.5541	10693836664.874176	-21799.55996963938	9248.550342992961	-261.76370334532885
190137801.898368	35685773349.39336	213873094409.95642	10692893416.106628	-21801.227964332003	9238.563410868319	-262.26335965321715
190141401.898368	35607285932.51412	213906335263.53143	10691948368.901258	-21802.891837353476	9228.577661294274	-262.7628354727717
190145001.898368	35528792533.10801	213939540170.53784	10691001523.907782	-21804.551590707848	9218.593095135373	-263.2621308280497
190148601.898368	35450293166.00222	213972709135.23752	10690052881.775826	-21806.207226398106	9208.609713254722	-263.7612457431414
190152201.898368	35371787846.01674	214005842161.89542	10689102443.15493	-21807.858746426176	9198.627516513985	-264.26018024216995
190155801.898368	35293276587.96435	214038939254.7796	10688150208.694551	-21809.50615279292	9188.64650577339	-264.75893434929156
190159401.898368	35214759406.65063	214072000418.16122	10687196179.044056	-21811.14944749814	9178.666681891726	-265.25750808869515
190163001.898368	35136236316.873955	214105025656.31448	10686240354.852724	-21812.78863254057	9168.688045726349	-265.7559014846024
190166601.898368	35057707333.42553	214138014973.51672	10685282736.769749	-21814.423709917883	9158.710598133182	-266.2541145612677
190170201.898368	34979172471.08935	214170968374.04834	10684323325.444237	-21816.054681626683	9148.734339966717	-266.75214734297805
190173801.898368	34900631744.64223	214203885862.1928	10683362121.525204	-21817.68154966252	9138.759272080017	-267.2499998540528
190177401.898368	34822085168.8538	214236767442.23666	10682399125.661583	-21819.30431601988	9128.785395324718	-267.7476721188439
190181001.898368	34743532758.48651	214269613118.4695	10681434338.502214	-21820.922982692176	9118.812710551032	-268.24516416173566
190184601.898368	34664974528.29565	214302422895.18402	10680467760.695854	-21822.537551671772	9108.841218607746	-268.7424760071445
190188201.898368	34586410493.02931	214335196776.6759	10679499392.89117	-21824.148024949962	9098.870920342226	-269.23960767951917
190191801.898368	34507840667.42846	214367934767.24393	10678529235.73674	-21825.754404516974	9088.901816600419	-269.73655920334056
190195401.898368	34429265066.22686	214400636871.18988	10677557289.881056	-21827.356692361976	9078.933908226854	-270.23333060312154
190199001.898368	34350683704.151134	214433303092.8186	10676583555.972517	-21828.95489047308	9068.967196064645	-270.72992190340693
190202601.898368	34272096595.92075	214465933436.438	10675608034.659441	-21830.549000837324	9059.001680955489	-271.2263331287735
190206201.898368	34193503756.24802	214498527906.35895	10674630726.590052	-21832.13902544069	9049.037363739673	-271.7225643038298
190209801.898368	34114905199.838108	214531086506.8954	10673651632.412485	-21833.7249662681	9039.074245256075	-272.21861545321616
190213401.898368	34036300941.389038	214563609242.36426	10672670752.77479	-21835.306825303403	9029.112326342163	-272.71448660160445
190217001.898368	33957690995.591694	214596096117.08554	10671688088.324924	-21836.884604529398	9019.151607833997	-273.2101777736982
190220601.898368	33879075377.129818	214628547135.38217	10670703639.71076	-21838.458305927812	9009.192090566235	-273.7056889942325
190224201.898368	33800454100.680027	214660962301.5801	10669717407.580078	-21840.027931479315	8999.233775372133	-274.2010202879738
190227801.898368	33721827180.911808	214693341620.00833	10668729392.58057	-21841.59348316351	8989.276663083541	-274.6961716797199
190231401.898368	33643194632.48752	214725685094.99878	10667739595.359838	-21843.154962958943	8979.320754530914	-275.1911431942999
190235001.898368	33564556470.062397	214757992730.8864	10666748016.565395	-21844.712372843096	8969.366050543307	-275.68593485657414
190238601.898368	33485912708.28457	214790264532.00916	10665754656.844664	-21846.265714792386	8959.412551948382	-276.180546691434
190242201.898368	33407263361.795044	214822500502.70792	10664759516.844978	-21847.81499078217	8949.460259572408	-276.6749787238021
190245801.898368	33328608445.227722	214854700647.32654	10663762597.213585	-21849.360202786746	8939.509174240258	-277.1692309786318
190249401.898368	33249947973.209396	214886864970.21188	10662763898.597635	-21850.901352779343	8929.55929677542	-277.6633034809075
190253001.898368	33171281960.35976	214918993475.71375	10661763421.644196	-21852.438442732135	8919.61062799999	-278.1571962556444
190256601.898368	33092610421.29141	214951086168.1849	10660761167.000238	-21853.971474616228	8909.663168734678	-278.65090932788854
190260201.898368	33013933370.60984	214983143051.98105	10659757135.312649	-21855.50045040167	8899.716919798811	-279.14444272271646
190263801.898368	32935250822.91347	215015164131.46085	10658751327.228218	-21857.025372057444	8889.771882010335	-279.6377964652355
190267401.898368	32856562792.79362	215047149410.9859	10657743743.393652	-21858.546241551478	8879.82805618581	-280.1309705805835
190271001.898368	32777869294.834534	215079098894.92075	10656734384.45556	-21860.063060850633	8869.885443140422	-280.62396509392863
190274601.898368	32699170343.613373	215111012587.63284	10655723251.060467	-21861.575831920705	8859.944043687976	-281.11678003046956
190278201.898368	32620465953.700222	215142890493.49258	10654710343.854803	-21863.084556726437	8850.003858640905	-281.60941541543525
190281801.898368	32541756139.6581	215174732616.87332	10653695663.484907	-21864.589237231503	8840.064888810266	-282.10187127408494
190285401.898368	32463040916.042957	215206538962.15128	10652679210.59703	-21866.08987539852	8830.127135005745	-282.5941476317079
190289001.898368	32384320297.403683	215238309533.70557	10651660985.83733	-21867.58647318904	8820.190598035659	-283.0862445136237
190292601.898368	32305594298.282097	215270044335.9183	10650640989.851873	-21869.079032563557	8810.255278706954	-283.5781619451817
190296201.898368	32226862933.21297	215301743373.1744	10649619223.286634	-21870.567555481506	8800.321177825213	-284.06989995176144
190299801.898368	32148126216.724026	215333406649.86176	10648595686.7875	-21872.052043901254	8790.388296194651	-284.56145855877213
190303401.898368	32069384163.33593	215365034170.3711	10647570381.000261	-21873.53249978011	8780.456634618124	-285.0528377916529
190307001.898368	31990636787.56231	215396625939.09604	10646543306.57062	-21875.008925074326	8770.526193897122	-285.5440376758726
190310601.898368	31911884103.909748	215428181960.43314	10645514464.144184	-21876.481321739087	8760.59697483178	-286.03505823692956
190314201.898368	31833126126.877796	215459702238.78177	10644483854.366472	-21877.949691728525	8750.668978220876	-286.52589950035195
190317801.898368	31754362870.95897	215491186778.54422	10643451477.882908	-21879.414036995702	8740.74220486183	-287.01656149169725
190321401.898368	31675594350.638752	215522635584.12564	10642417335.338827	-21880.874359492627	8730.816655550709	-287.5070442365525
190325001.898368	31596820580.395607	215554048659.93402	10641381427.37947	-21882.330661170243	8720.892331082227	-287.99734776053396
190328601.898368	31518041574.70097	215585426010.38022	10640343754.649986	-21883.782943978436	8710.969232249749	-288.48747208928734
190332201.898368	31439257348.019264	215616767639.87793	10639304317.795431	-21885.231209866033	8701.047359845292	-288.9774172484875
190335801.898368	31360467914.8079	215648073552.84375	10638263117.46077	-21886.675460780796	8691.126714659526	-289.46718326383836
190339401.898368	31281673289.517273	215679343753.69708	10637220154.290873	-21888.11569866943	8681.207297481775	-289.956770161073
190343001.898368	31202873486.590775	215710578246.86017	10636175428.930521	-21889.55192547758	8671.289109100022	-290.4461779659535
190346601.898368	31124068520.464794	215741777036.7581	10635128942.024399	-21890.984143149828	8661.372150300906	-290.93540670427086
190350201.898368	31045258405.568726	215772940127.81876	10634080694.2171	-21892.4123536297	8651.456421869727	-291.4244564018449
190353801.898368	30966443156.324963	215804067524.47293	10633030686.153124	-21893.836558859664	8641.54192459045	-291.91332708452427
190357401.898368	30887622787.148907	215835159231.15414	10631978918.476877	-21895.256760781125	8631.628659245704	-292.40201877818623
190361001.898368	30808797312.44898	215866215252.29877	10630925391.832676	-21896.672961334425	8621.716626616777	-292.89053150873684
190364601.898368	30729966746.626614	215897235592.34598	10629870106.864738	-21898.085162458854	8611.805827483633	-293.3788653021106
190368201.898368	30651131104.076263	215928220255.73776	10628813064.217194	-21899.49336609264	8601.896262624901	-293.86702018427064
190371801.898368	30572290399.18541	215959169246.9189	10627754264.534075	-21900.89757417295	8591.987932817883	-294.35499618120843
190375401.898368	30493444646.33456	215990082570.33704	10626693708.45932	-21902.297788635886	8582.080838838552	-294.8427933189438
190379001.898368	30414593859.89725	216020960230.44247	10625631396.636778	-21903.694011416508	8572.174981461558	-295.3304116235249
190382601.898368	30335738054.24006	216051802231.68842	10624567329.7102	-21905.0862444488	8562.270361460225	-295.8178511210282
190386201.898368	30256877243.7226	216082608578.53076	10623501508.323244	-21906.4744896657	8552.366979606557	-296.30511183755806
190389801.898368	30178011442.69753	216113379275.42828	10622433933.119474	-21907.858748999075	8542.464836671237	-296.7921937992471
190393401.898368	30099140665.51055	216144114326.84244	10621364604.742363	-21909.23902437974	8532.563933423631	-297.27909703225606
190397001.898368	30020264926.500423	216174813737.2375	10620293523.835285	-21910.615317737454	8522.664270631787	-297.7658215627734
190400601.898368	29941384239.998955	216205477511.08044	10619220691.041523	-21911.987631000913	8512.76584906244	-298.2523674170156
190404201.898368	29862498620.331017	216236105652.84113	10618146107.004263	-21913.35596609776	8502.86866948101	-298.7387346212269
190407801.898368	29783608081.81454	216266698166.99203	10617069772.366598	-21914.720324954567	8492.972732651606	-299.2249232016793
190411401.898368	29704712638.76052	216297255058.00845	10615991687.771528	-21916.080709496866	8483.07803933703	-299.71093318467246
190415001.898368	29625812305.47303	216327776330.3684	10614911853.861954	-21917.437121649116	8473.184590298772	-300.1967645965337
190418601.898368	29546907096.249207	216358261988.55264	10613830271.280685	-21918.789563334725	8463.29238629702	-300.6824174636177
190422201.898368	29467997025.379272	216388712037.04468	10612746940.670437	-21920.138036476044	8453.401428090656	-301.16789181230683
190425801.898368	29389082107.146526	216419126480.33075	10611661862.673826	-21921.482542994363	8443.51171643726	-301.6531876690107
190429401.898368	29310162355.827354	216449505322.8998	10610575037.933378	-21922.823084809916	8433.62325209311	-302.1383050601664
190433001.898368	29231237785.691235	216479848569.2435	10609486467.09152	-21924.159663841878	8423.736035813186	-302.623244012238
190436601.898368	29152308411.000732	216510156223.85623	10608396150.790585	-21925.49228200837	8413.85006835117	-303.1080045517171
190440201.898368	29073374246.011513	216540428291.2351	10607304089.67281	-21926.82094122645	8403.96535045945	-303.59258670512224
190443801.898368	28994435304.97234	216570664775.8799	10606210284.380339	-21928.14564341213	8394.081882889117	-304.07699049899907
190447401.898368	28915491602.125084	216600865682.29318	10605114735.555216	-21929.46639048035	8384.199666389974	-304.5612159599202
190451001.898368	28836543151.704723	216631031014.9801	10604017443.839394	-21930.783184345	8374.31870171053	-305.0452631144852
190454601.898368	28757589967.939346	216661160778.44858	10602918409.874727	-21932.09602691892	8364.438989598006	-305.52913198932043
190458201.898368	28678632065.05016	216691254977.2092	10601817634.302975	-21933.404920113884	8354.560530798337	-306.0128226110791
190461801.898368	28599669457.251488	216721313615.7752	10600715117.765799	-21934.709865840614	8344.683326056174	-306.49633500644114
190465401.898368	28520702158.75078	216751336698.66257	10599610860.904768	-21936.01086600877	8334.80737611488	-306.97966920211314
190469001.898368	28441730183.748604	216781324230.3899	10598504864.361351	-21937.30792252697	8324.932681716542	-307.4628252248282
190472601.898368	28362753546.438675	216811276215.47845	10597397128.776924	-21938.601037302757	8315.059243601961	-307.945803101346
190476201.898368	28283772261.007828	216841192658.45224	10596287654.792765	-21939.890212242633	8305.187062510666	-308.4286028584526
190479801.898368	28204786341.636044	216871073563.83786	10595176443.050055	-21941.175449252038	8295.316139180903	-308.91122452296065
190483401.898368	28125795802.496445	216900918936.16455	10594063494.189878	-21942.456750235353	8285.446474349645	-309.39366812170886
190487001.898368	28046800657.7553	216930728779.96426	10592948808.853226	-21943.73411709591	8275.578068752593	-309.87593368156234
190490601.898368	27967800921.57202	216960503099.77155	10591832387.680986	-21945.007551735984	8265.710923124177	-310.3580212294124
190494201.898368	27888796608.099182	216990241900.1236	10590714231.313955	-21946.27705605679	8255.845038197556	-310.83993079217635
190497801.898368	27809787731.482513	217019945185.56027	10589594340.392832	-21947.5426319585	8245.980414704622	-311.32166239679765
190501401.898368	27730774305.860905	217049612960.62405	10588472715.558216	-21948.804281340213	8236.117053375996	-311.8032160702457
190505001.898368	27651756345.36641	217079245229.86005	10587349357.450611	-21950.062006099986	8226.254954941041	-312.2845918395158
190508601.898368	27572733864.124252	217108841997.81598	10586224266.710424	-21951.315808134823	8216.394120127852	-312.7657897316293
190512201.898368	27493706876.25283	217138403269.04218	10585097443.977964	-21952.565689340663	8206.534549663265	-313.24680977363306
190515801.898368	27414675395.86372	217167929048.09164	10583968889.893442	-21953.8116516124	8196.676244272856	-313.7276519925998
190519401.898368	27335639437.061672	217197419339.51993	10582838605.096973	-21955.053696843865	8186.819204680942	-314.20831641562796
190523001.898368	27256599013.944622	217226874147.8852	10581706590.228573	-21956.291826927845	8176.963431610585	-314.68880306984147
190526601.898368	27177554140.6037	217256293477.74823	10580572845.92816	-21957.52604375607	8167.108925783591	-315.16911198238984
190530201.898368	27098504831.12322	217285677333.6724	10579437372.835556	-21958.756349219206	8157.255687920516	-315.6492431804481
190533801.898368	27019451099.580692	217315025720.22366	10578300171.590485	-21959.98274520688	8147.403718740662	-316.1291966912165
190537401.898368	26940392960.046833	217344338641.9706	10577161242.832571	-21961.205233607652	8137.553018962082	-316.60897254192093
190541001.898368	26861330426.585556	217373616103.48434	10576020587.201342	-21962.42381630904	8127.703589301584	-317.0885707598123
190544601.898368	26782263513.253983	217402858109.3386	10574878205.336227	-21963.63849519751	8117.855430474725	-317.56799137216683
190548201.898368	26703192234.102448	217432064664.10962	10573734097.876556	-21964.84927215846	8108.008543195821	-318.0472344062859
190551801.898368	26624116603.174496	217461235772.3763	10572588265.461563	-21966.056149076245	8098.162928177946	-318.52629988949593
