192365184.081024	-13477748963.225777	227752741055.68942	9789841349.640654	-22116.56047236031	3311.780776054287	-537.3596152533702
192368784.081024	-13557367604.146093	227764647022.72018	9787906146.931282	-22116.01730374833	3302.6456030298477	-537.7529741574757
192372384.081024	-13636984284.120314	227776520105.8377	9785969528.42043	-22115.47105809381	3293.511935406696	-538.146171636778
192375984.081024	-13716598992.073578	227788360310.4619	9784031494.689165	-22114.921736780212	3284.3797734507316	-538.5392077261787
192379584.081024	-13796211716.936	227800167642.01367	9782092046.318428	-22114.369341190082	3275.249117427275	-538.932082460592
192383184.081024	-13875822447.642673	227811942105.91483	9780151183.889032	-22113.81387270506	3266.1199676010697	-539.3247958749453
192386784.081024	-13955431173.133661	227823683707.58817	9778208907.98167	-22113.255332705885	3256.992324236282	-539.7173480041783
192390384.081024	-14035037882.353996	227835392452.4574	9776265219.176903	-22112.693722572378	3247.866187596502	-540.1097388832442
192393984.081024	-14114642564.253677	227847068345.94724	9774320118.055168	-22112.129043683457	3238.741557944746	-540.5019685471083
192397584.081024	-14194245207.787664	227858711393.4833	9772373605.19678	-22111.561297417138	3229.6184355434557	-540.8940370307492
192401184.081024	-14273845801.91588	227870321600.49216	9770425681.181921	-22110.99048515053	3220.4968206545004	-541.2859443691586
192404784.081024	-14353444335.603199	227881898972.40134	9768476346.590654	-22110.416608259835	3211.376713539178	-541.6776905973409
192408384.081024	-14433040797.819452	227893443514.63928	9766525602.00291	-22109.839668120345	3202.2581144582164	-542.0692757503135
192411984.081024	-14512635177.539417	227904955232.63538	9764573447.998499	-22109.259666106453	3193.141023671772	-542.4606998631072
192415584.081024	-14592227463.742819	227916434131.81998	9762619885.157103	-22108.676603591644	3184.0254414394344	-542.8519629707655
192419184.081024	-14671817645.414324	227927880217.62433	9760664914.058275	-22108.0904819485	3174.9113680202254	-543.2430651083454
192422784.081024	-14751405711.543541	227939293495.48062	9758708535.281445	-22107.5013025487	3165.7988036725997	-543.6340063109168
192426384.081024	-14830991651.125011	227950673970.82196	9756750749.405916	-22106.90906676301	3156.6877486544463	-544.0247866135629
192429984.081024	-14910575453.158215	227962021649.08243	9754791557.010864	-22106.313775961313	3147.578203223091	-544.4154060513803
192433584.081024	-14990157106.647556	227973336535.697	9752830958.67534	-22105.715431512566	3138.470167635295	-544.8058646594786
192437184.081024	-15069736600.60237	227984618636.10153	9750868954.97827	-22105.114034784834	3129.363642147258	-545.196162472981
192440784.081024	-15149313924.036913	227995867955.73288	9748905546.498447	-22104.509587145283	3120.258627014617	-545.5862995270238
192444384.081024	-15228889065.970362	228007084500.02878	9746940733.814545	-22103.902089960167	3111.1551224924506	-545.9762758567572
192447984.081024	-15308462015.42681	228018268274.42786	9744974517.505106	-22103.291544594846	3102.0531288352763	-546.3660914973443
192451584.081024	-15388032761.435265	228029419284.36972	9743006898.148548	-22102.677952413775	3092.952646297054	-546.755746483962
192455184.081024	-15467601293.029646	228040537535.29483	9741037876.323164	-22102.06131478051	3083.853675131186	-547.1452408518006
192458784.081024	-15547167599.248777	228051623032.6446	9739067452.607117	-22101.4416330577	3074.7562155905184	-547.5345746360641
192462384.081024	-15626731669.136389	228062675781.86133	9737095627.578444	-22100.818908607103	3065.660267927343	-547.9237478719701
192465984.081024	-15706293491.741108	228073695788.3882	9735122401.815054	-22100.19314278957	3056.5658323933962	-548.31276059475
192469584.081024	-15785853056.116465	228084683057.6694	9733147775.894733	-22099.56433696505	3047.4729092398616	-548.7016128396486
192473184.081024	-15865410351.320879	228095637595.1499	9731171750.39514	-22098.9324924926	3038.3814987173705	-549.0903046419248
192476784.081024	-15944965366.417664	228106559406.27563	9729194325.8938	-22098.297610730373	3029.2916010760036	-549.4788360368511
192480384.081024	-16024518090.47502	228117448496.4934	9727215502.96812	-22097.659693035625	3020.203216565291	-549.8672070597139
192483984.081024	-16104068512.566029	228128304871.25095	9725235282.195375	-22097.018740764706	3011.116345434213	-550.2554177458134
192487584.081024	-16183616621.76866	228139128535.9969	9723253664.152714	-22096.374755273082	3002.0309879312035	-550.6434681304638
192491184.081024	-16263162407.165756	228149919496.18073	9721270649.417156	-22095.727737915306	2992.9471443041475	-551.0313582489935
192494784.081024	-16342705857.845036	228160677757.25284	9719286238.565598	-22095.077690045044	2983.864814800386	-551.4190881367446
192498384.081024	-16422246962.899088	228171403324.66452	9717300432.174807	-22094.42461301506	2974.7839996667126	-551.8066578290736
192501984.081024	-16501785711.425373	228182096203.86798	9715313230.82142	-22093.76850817722	2965.7046991493794	-552.194067361351
192505584.081024	-16581322092.526215	228192756400.31625	9713324635.081955	-22093.109376882498	2956.626913494094	-552.5813167689615
192509184.081024	-16660856095.308798	228203383919.4633	9711334645.532793	-22092.447220480964	2947.550642946022	-552.968406087304
192512784.081024	-16740387708.885168	228213978766.7639	9709343262.750193	-22091.7820403218	2938.475887749789	-553.3553353517915
192516384.081024	-16819916922.372223	228224540947.6738	9707350487.310284	-22091.11383775328	2929.4026481494802	-553.7421045978517
192519984.081024	-16899443724.891716	228235070467.64957	9705356319.789068	-22090.4426141228	2920.330924388642	-554.1287138609266
192523584.081024	-16978968105.570248	228245567332.14868	9703360760.762423	-22089.76837077685	2911.2607167102833	-554.5151631764726
192527184.081024	-17058490053.539265	228256031546.62946	9701363810.806093	-22089.09110906102	2902.1920253568755	-554.9014525799605
192530784.081024	-17138009557.935057	228266463116.55112	9699365470.495699	-22088.41083032002	2893.1248505703547	-555.2875821068758
192534384.081024	-17217526607.89875	228276862047.37372	9697365740.406733	-22087.72753589765	2884.059192592122	-555.6735517927184
192537984.081024	-17297041192.576313	228287228344.55823	9695364621.114557	-22087.041227136833	2874.9950516630456	-556.0593616730031
192541584.081024	-17376553301.11854	228297562013.56644	9693362113.19441	-22086.351905379583	2865.9324280234596	-556.4450117832591
192545184.081024	-17456062922.68106	228307863059.86102	9691358217.2214	-22085.659571967026	2856.871321913167	-556.8305021590309
192548784.081024	-17535570046.424324	228318131488.90552	9689352933.770504	-22084.964228239394	2847.81173357144	-557.2158328358772
192552384.081024	-17615074661.51361	228328367306.16434	9687346263.416576	-22084.26587553603	2838.753663237022	-557.6010038493721
192555984.081024	-17694576757.11902	228338570517.10272	9685338206.73434	-22083.564515195387	2829.6971111481266	-557.9860152351043
192559584.081024	-17774076322.41546	228348741127.1868	9683328764.298393	-22082.860148555013	2820.64207754244	-558.3708670286777
192563184.081024	-17853573346.58266	228358879141.8835	9681317936.6832	-22082.152776951574	2811.5885626571217	-558.7555592657111
192566784.081024	-17933067818.80516	228368984566.66068	9679305724.463104	-22081.442401720844	2802.536566728806	-559.1400919818385
192570384.081024	-18012559728.2723	228379057406.98697	9677292128.212315	-22080.729024197703	2793.4860899936025	-559.5244652127091
192573984.081024	-18092049064.178234	228389097668.33194	9675277148.504913	-22080.01264571614	2784.437132687097	-559.9086789939872
192577584.081024	-18171535815.72191	228399105356.16592	9673260785.914854	-22079.293267609253	2775.3896950443523	-560.2927333613526
192581184.081024	-18251019972.10707	228409080475.96014	9671243041.015965	-22078.570891209256	2766.3437772999105	-560.6766283505003
192584784.081024	-18330501522.542263	228419023033.18665	9669223914.38194	-22077.84551784746	2757.299379687792	-561.0603639971408
192588384.081024	-18409980456.240818	228428933033.31833	9667203406.586353	-22077.117148854304	2748.256502441499	-561.443940337
192591984.081024	-18489456762.420853	228438810481.82895	9665181518.20264	-22076.385785559323	2739.2151457940136	-561.8273574058193
192595584.081024	-18568930430.305275	228448655384.19305	9663158249.804113	-22075.651429291167	2730.1753099778016	-562.2106152393558
192599184.081024	-18648401449.121773	228458467745.88608	9661133601.963957	-22074.914081377596	2721.1369952248115	-562.5937138733822
192602784.081024	-18727869808.10281	228468247572.38425	9659107575.255222	-22074.173743145486	2712.100201766477	-562.976653343687
192606384.081024	-18807335496.48563	228477994869.16464	9657080170.250835	-22073.430415920822	2703.064929833716	-563.3594336860745
192609984.081024	-18886798503.51224	228487709641.70517	9655051387.523592	-22072.684101028703	2694.0311796569345	-563.7420549363648
192613584.081024	-18966258818.429424	228497391895.48456	9653021227.64616	-22071.934799793333	2684.998951466024	-564.1245171303939
192617184.081024	-19045716430.488728	228507041635.9824	9650989691.191078	-22071.18251353804	2675.968245490367	-564.5068203040139
192620784.081024	-19125171328.94646	228516658868.67905	9648956778.730753	-22070.427243585254	2666.939061958833	-564.8889644930929
192624384.081024	-19204623503.06369	228526243599.05573	9646922490.837465	-22069.66899125653	2657.911401099784	-565.270949733515
192627984.081024	-19284072942.10624	228535795832.59445	9644886828.083366	-22068.907757872526	2648.8852631410728	-565.6527760611806
192631584.081024	-19363519635.34469	228545315574.7781	9642849791.040478	-22068.14354475302	2639.8606483100443	-566.0344435120063
192635184.081024	-19442963572.054363	228554802831.09033	9640811380.28069	-22067.3763532169	2630.8375568335373	-566.4159521219252
192638784.081024	-19522404741.515335	228564257607.01562	9638771596.375765	-22066.60618458217	2621.8159889378853	-566.7973019268868
192642384.081024	-19601843133.012417	228573679908.03928	9636730439.897339	-22065.833040165955	2612.7959448489178	-567.1784929628568
192645984.081024	-19681278735.83517	228583069739.6474	9634687911.416912	-22065.056921284486	2603.7774247919597	-567.5595252658176
192649584.081024	-19760711539.277885	228592427107.3269	9632644011.505861	-22064.27782925311	2594.760428991835	-567.9403988717681
192653184.081024	-19840141532.63959	228601752016.56552	9630598740.73543	-22063.495765386302	2585.744957672865	-568.3211138167242
192656784.081024	-19919568705.22404	228611044472.8518	9628552099.676731	-22062.710730997635	2576.731011058872	-568.7016701367181
192660384.081024	-19998993046.33972	228620304481.67508	9626504088.900751	-22061.92272739981	2567.7185893731776	-569.0820678677994
192663984.081024	-20078414545.299843	228629532048.52548	9624454708.978346	-22061.131755904647	2558.7076928386064	-569.4623070460342
192667584.081024	-20157833191.422333	228638727178.89395	9622403960.48024	-22060.33781782307	2549.6983216774847	-569.8423877075056
192671184.081024	-20237248974.02984	228647889878.27225	9620351843.977028	-22059.540914465135	2540.690476111643	-570.2223098883139
192674784.081024	-20316661882.449722	228657020152.15292	9618298360.039177	-22058.741047140004	2531.6841563624166	-570.6020736245764
192678384.081024	-20396071906.014057	228666118006.0293	9616243509.23702	-22057.93821715596	2522.6793626506465	-570.9816789524277
192681984.081024	-20475479034.059624	228675183445.3955	9614187292.140766	-22057.132425820408	2513.67609519668	-571.3611259080199
192685584.081024	-20554883255.92791	228684216475.7465	9612129709.320486	-22056.323674439867	2504.6743542203726	-571.7404145275219
192689184.081024	-20634284560.965103	228693217102.57794	9610070761.346127	-22055.511964319976	2495.6741399410894	-572.1195448471208
192692784.081024	-20713682938.52209	228702185331.38638	9608010448.787502	-22054.69729676549	2486.6754525777037	-572.4985169030207
192696384.081024	-20793078377.954456	228711121167.66907	9605948772.214298	-22053.87967308029	2477.6782923486007	-572.8773307314435
192699984.081024	-20872470868.622475	228720024616.9241	9603885732.196066	-22053.05909456737	2468.682659471677	-573.2559863686288
192703584.081024	-20951860399.89111	228728895684.65033	9601821329.302229	-22052.235562528844	2459.6885541643423	-573.6344838508339
192707184.081024	-21031246961.130013	228737734376.3474	9599755564.102081	-22051.40907826595	2450.69597664352	-574.012823214334
192710784.081024	-21110630541.713516	228746540697.51578	9597688437.164785	-22050.579643079047	2441.7049271256487	-574.3910044954224
192714384.081024	-21190011131.020634	228755314653.6566	9595619949.05937	-22049.74725826761	2432.715405826682	-574.7690277304102
192717984.081024	-21269388718.43505	228764056250.27185	9593550100.354738	-22048.911925130233	2423.7274129620914	-575.1468929556269
192721584.081024	-21348763293.345135	228772765492.8643	9591478891.619658	-22048.07364496464	2414.740948746866	-575.5246002074198
192725184.081024	-21428134845.143917	228781442386.93744	9589406323.42277	-22047.232419067666	2405.7560133955126	-575.9021495221549
192728784.081024	-21507503363.2291	228790086937.9956	9587332396.33258	-22046.388248735275	2396.77260712206	-576.2795409362163
192732384.081024	-21586868837.003044	228798699151.54385	9585257110.917467	-22045.54113526255	2387.7907301400564	-576.6567744860067
192735984.081024	-21666231255.872776	228807279033.088	9583180467.745676	-22044.691079943692	2378.810382662572	-577.0338502079474
192739584.081024	-21745590609.249977	228815826588.13467	9581102467.38532	-22043.838084072035	2369.8315649022006	-577.4107681384781
192743184.081024	-21824946886.550983	228824341822.19122	9579023110.404385	-22042.982148940027	2360.8542770710596	-577.7875283140577
192746784.081024	-21904300077.196785	228832824740.76578	9576942397.370722	-22042.123275839243	2351.878519380791	-578.1641307711634
192750384.081024	-21983650170.613014	228841275349.3672	9574860328.85205	-22041.26146606038	2342.9042920425636	-578.5405755462916
192753984.081024	-22062997156.229954	228849693653.50516	9572776905.415962	-22040.39672089326	2333.9315952670718	-578.9168626759578
192757584.081024	-22142341023.482525	228858079658.69006	9570692127.629913	-22039.529041626825	2324.960429264539	-579.2929921966963
192761184.081024	-22221681761.81029	228866433370.43304	9568605996.061232	-22038.658429549145	2315.990794244717	-579.6689641450608
192764784.081024	-22301019360.657448	228874754794.24603	9566518511.277111	-22037.784885947414	2307.022690416888	-580.0447785576243
192768384.081024	-22380353809.472824	228883043935.64172	9564429673.844616	-22036.90841210795	2298.056117989865	-580.4204354709792
192771984.081024	-22459685097.70988	228891300800.1335	9562339484.330675	-22036.029009316197	2289.091077171993	-580.7959349217373
192775584.081024	-22539013214.8267	228899525393.23557	9560247943.30209	-22035.14667885672	2280.1275681711504	-581.1712769465299
192779184.081024	-22618338150.285988	228907717720.4628	9558155051.325527	-22034.261422013216	2271.1655911947487	-581.5464615820083
192782784.081024	-22697659893.555073	228915877787.33087	9556060808.967522	-22033.373240068504	2262.2051464497354	-581.9214888648432
192786384.081024	-22776978434.105896	228924005599.35617	9553965216.79448	-22032.48213430453	2253.246234142593	-582.2963588317255
192789984.081024	-22856293761.415016	228932101162.05588	9551868275.37267	-22031.588106002364	2244.2888544793423	-582.6710715193657
192793584.081024	-22935605864.9636	228940164480.94785	9549769985.26823	-22030.691156442208	2235.333007665541	-583.0456269644948
192797184.081024	-23014914734.237423	228948195561.55072	9547670347.04717	-22029.791286903386	2226.3786939062875	-583.4200252038637
192800784.081024	-23094220358.726864	228956194409.38388	9545569361.275364	-22028.888498664353	2217.4259134062186	-583.7942662742437
192804384.081024	-23173522727.9269	228964161029.9674	9543467028.518555	-22027.982793002688	2208.4746663695128	-584.1683502124265
192807984.081024	-23252821831.33711	228972095428.82214	9541363349.34235	-22027.074171195098	2199.524952999891	-584.5422770552242
192811584.081024	-23332117658.461662	228979997611.46967	9539258324.312227	-22026.162634517423	2190.5767735006175	-584.9160468394695
192815184.081024	-23411410198.809322	228987867583.43225	9537151953.993532	-22025.248184244625	2181.6301280745006	-585.2896596020158
192818784.081024	-23490699441.89344	228995705350.23294	9535044238.951475	-22024.330821650798	2172.6850169238933	-585.6631153797375
192822384.081024	-23569985377.231953	229003510917.39548	9532935179.751135	-22023.41054800916	2163.7414402506956	-586.0364142095297
192825984.081024	-23649267994.347378	229011284290.44437	9530824776.957458	-22022.487364592067	2154.7993982563544	-586.4095561283086
192829584.081024	-23728547282.76681	229019025474.9048	9528713031.13526	-22021.561272670995	2145.858891141865	-586.7825411730117
192833184.081024	-23807823232.021927	229026734476.30267	9526599942.849218	-22020.632273516552	2136.9199191077723	-587.1553693805976
192836784.081024	-23887095831.64897	229034411300.1647	9524485512.66388	-22019.70036839848	2127.9824823541708	-587.528040788046
192840384.081024	-23966365071.188763	229042055952.01822	9522369741.14366	-22018.76555858565	2119.046581080707	-587.9005554323587
192843984.081024	-24045630940.186676	229049668437.3913	9520252628.852839	-22017.827845346055	2110.112215486579	-588.2729133505586
192847584.081024	-24124893428.19266	229057248761.81277	9518134176.355562	-22016.887229946835	2101.1793857705393	-588.6451145796904
192851184.081024	-24204152524.761223	229064796930.81213	9516014384.215847	-22015.943713654244	2092.2480921308947	-589.0171591568208
192854784.081024	-24283408219.45142	229072312949.91965	9513893252.997572	-22014.997297733673	2083.3183347655067	-589.3890471190382
192858384.081024	-24362660501.82687	229079796824.66623	9511770783.264484	-22014.047983449647	2074.390113871794	-589.7607785034534
192861984.081024	-24441909361.455738	229087248560.58353	9509646975.580196	-22013.09577206582	2065.4634296467316	-590.132353347199
192865584.081024	-24521154787.91074	229094668163.20392	9507521830.508188	-22012.140664844977	2056.5382822868546	-590.5037716874301
192869184.081024	-24600396770.76913	229102055638.06046	9505395348.611807	-22011.18266304904	2047.6146719882565	-590.8750335613242
192872784.081024	-24679635299.612713	229109410990.68692	9503267530.454262	-22010.221767939056	2038.6925989465917	-591.2461390060814
192876384.081024	-24758870364.027824	229116734226.6178	9501138376.598633	-22009.257980775208	2029.7720633570761	-591.6170880589243
192879984.081024	-24838101953.60534	229124025351.38828	9499007887.607862	-22008.29130281681	2020.8530654144884	-591.9878807570984
192883584.081024	-24917330057.940662	229131284370.5342	9496876064.044762	-22007.321735322315	2011.9356053131703	-592.3585171378721
192887184.081024	-24996554666.633728	229138511289.5922	9494742906.472006	-22006.3492795493	2003.0196832470288	-592.7289972385369
192890784.081024	-25075775769.288994	229145706114.0995	9492608415.452135	-22005.373936754484	1994.1052994095357	-593.0993210964073
192894384.081024	-25154993355.51544	229152868849.59406	9490472591.547558	-22004.39570819371	1985.1924539937304	-593.469488748821
192897984.081024	-25234207414.926575	229159999501.61456	9488335435.320545	-22003.41459512197	1976.2811471922194	-593.8395002331397
192901584.081024	-25313417937.14041	229167098075.70038	9486196947.333237	-22002.430598793373	1967.3713791971777	-594.2093555867478
192905184.081024	-25392624911.779484	229174164577.39157	9484057128.147633	-22001.44372046117	1958.4631502003506	-594.5790548470542
192908784.081024	-25471828328.470833	229181199012.22885	9481915978.325603	-22000.453961377752	1949.5564603930538	-594.948598051491
192912384.081024	-25551028176.846004	229188201385.75366	9479773498.428883	-21999.46132279464	1940.6513099661752	-595.3179852375146
192915984.081024	-25630224446.541054	229195171703.5081	9477629689.01907	-21998.465805962485	1931.7476991101746	-595.6872164426052
192919584.081024	-25709417127.196533	229202109971.03494	9475484550.657627	-21997.467412131085	1922.8456280150863	-596.0562917042674
192923184.081024	-25788606208.457497	229209016193.87772	9473338083.905886	-21996.46614254936	1913.9450968705194	-596.4252110600303
192926784.081024	-25867791679.973488	229215890377.58057	9471190289.325037	-21995.46199846538	1905.0461058656585	-596.793974547447
192930384.081024	-25946973531.398544	229222732527.68832	9469041167.476141	-21994.454981126342	1896.1486551892658	-597.1625822040955
192933984.081024	-26026151752.39119	229229542649.74652	9466890718.92012	-21993.44509177858	1887.252745029681	-597.5310340675787
192937584.081024	-26105326332.614433	229236320749.30136	9464738944.217762	-21992.432331667565	1878.3583755748227	-597.8993301755241
192941184.081024	-26184497261.73577	229243066831.89972	9462585843.929718	-21991.41670203791	1869.46554701219	-598.2674705655845
192944784.081024	-26263664529.427174	229249780903.08914	9460431418.616507	-21990.39820413336	1860.5742595288625	-598.6354552754377
192948384.081024	-26342828125.36509	229256462968.41785	9458275668.838507	-21989.376839196793	1851.6845133115023	-599.003284342787
192951984.081024	-26421988039.230442	229263113033.43472	9456118595.155964	-21988.352608470235	1842.7963085463546	-599.3709578053608
192955584.081024	-26501144260.70862	229269731103.68933	9453960198.128988	-21987.325513194843	1833.9096454192484	-599.7384757009136
192959184.081024	-26580296779.489475	229276317184.73193	9451800478.317553	-21986.295554610915	1825.0245241155985	-600.1058380672251
192962784.081024	-26659445585.267334	229282871282.1134	9449639436.281494	-21985.262733957883	1816.1409448204058	-600.4730449421015
192966384.081024	-26738590667.740974	229289393401.38528	9447477072.580513	-21984.22705247432	1807.2589077182583	-600.8400963633748
192969984.081024	-26817732016.613636	229295883548.09982	9445313387.774176	-21983.188511397944	1798.3784129933326	-601.206992368903
192973584.081024	-26896869621.59301	229302341727.8099	9443148382.42191	-21982.147111965598	1789.4994608293948	-601.5737329965707
192977184.081024	-26976003472.391243	229308767946.0691	9440982057.083008	-21981.10285541327	1780.622051409801	-601.940318284289
192980784.081024	-27055133558.724926	229315162208.43158	9438814412.316626	-21980.055742976096	1771.7461849174992	-602.3067482699955
192984384.081024	-27134259870.315094	229321524520.45224	9436645448.681782	-21979.005775888338	1762.8718615350301	-602.6730229916549
192987984.081024	-27213382396.887222	229327854887.68658	9434475166.737358	-21977.952955383407	1753.9990814445277	-603.0391424872586
192991584.081024	-27292501128.17123	229334153315.6908	9432303567.042099	-21976.897282693848	1745.127844827721	-603.4051067948253
192995184.081024	-27371616053.901474	229340419810.02173	9430130650.154615	-21975.83875905135	1736.2581518659342	-603.7709159524011
192998784.081024	-27450727163.816734	229346654376.23685	9427956416.633377	-21974.77738568674	1727.3900027400887	-604.1365699980594
193002384.081024	-27529834447.66023	229352857019.8943	9425780867.036718	-21973.713163829987	1718.5233976307034	-604.5020689699011
193005984.081024	-27608937895.179596	229359027746.55283	9423604001.922836	-21972.6460947102	1709.6583367178964	-604.867412906055
193009584.081024	-27688037496.1269	229365166561.7719	9421425821.84979	-21971.576179555625	1700.7948201813854	-605.232601844678
193013184.081024	-27767133240.258625	229371273471.1116	9419246327.375505	-21970.503419593657	1691.9328482004892	-605.5976358239549
193016784.081024	-27846225117.335674	229377348480.13263	9417065519.057764	-21969.427816050826	1683.0724209541286	-605.9625148820988
193020384.081024	-27925313117.123363	229383391594.39636	9414883397.454214	-21968.349370152806	1674.2135386208276	-606.3272390573516
193023984.081024	-28004397229.39142	229389402819.4648	9412699963.122364	-21967.26808312441	1665.356201378714	-606.6918083879833
193027584.081024	-28083477443.91397	229395382160.9006	9410515216.619587	-21966.183956189598	1656.5004094055212	-607.056222912293
193031184.081024	-28162553750.469563	229401329624.26706	9408329158.503117	-21965.096990571466	1647.6461628785883	-607.4204826686088
193034784.081024	-28241626138.841133	229407245215.12808	9406141789.330048	-21964.007187492254	1638.7934619748619	-607.7845876952875
193038384.081024	-28320694598.81602	229413128939.04825	9403953109.65734	-21962.914548173347	1629.942306870897	-608.1485380307158
193041984.081024	-28399759120.18596	229418980801.59274	9401763120.04181	-21961.81907383527	1621.092697742858	-608.5123337133094
193045584.081024	-28478819692.747074	229424800808.3274	9399571821.04014	-21960.720765697693	1612.2446347665198	-608.8759747815141
193049184.081024	-28557876306.299885	229430588964.81866	9397379213.208874	-21959.619624979427	1603.3981181172685	-609.2394612738052
193052784.081024	-28636928950.649292	229436345276.63364	9395185297.104414	-21958.515652898426	1594.553147970103	-609.6027932286883
193056384.081024	-28715977615.60458	229442069749.34006	9392990073.283026	-21957.40885067179	1585.709724499636	-609.9659706846988
193059984.081024	-28795022290.979412	229447762388.50626	9390793542.300837	-21956.299219515757	1576.8678478800941	-610.328993680403
193063584.081024	-28874062966.591835	229453423199.70123	9388595704.713833	-21955.186760645716	1568.0275182853206	-610.6918622543972
193067184.081024	-28953099632.264263	229459052188.49457	9386396561.077864	-21954.071475276192	1559.1887358887752	-611.0545764453088
193070784.081024	-29032132277.823483	229464649360.45648	9384196111.948639	-21952.953364620862	1550.3515008635354	-611.4171362917963
193074384.081024	-29111160893.100647	229470214721.15784	9381994357.88173	-21951.832429892544	1541.515813382298	-611.7795418325491
193077984.081024	-29190185467.931274	229475748276.1701	9379791299.432566	-21950.708672303197	1532.6816736173791	-612.1417931062878
193081584.081024	-29269205992.155247	229481250031.06537	9377586937.156439	-21949.58209306393	1523.849081740717	-612.5038901517647
193085184.081024	-29348222455.616806	229486719991.41632	9375381271.608501	-21948.452693384996	1515.0180379238714	-612.865833007764
193088784.081024	-29427234848.164543	229492158162.7963	9373174303.343765	-21947.32047447579	1506.1885423380252	-613.2276217131011
193092384.081024	-29506243159.651405	229497564550.77924	9370966032.917103	-21946.185437544853	1497.3605951539862	-613.5892563066243
193095984.081024	-29585247379.93469	229502939160.9397	9368756460.883245	-21945.047583799875	1488.5341965421871	-613.9507368272137
193099584.081024	-29664247498.876034	229508281998.85284	9366545587.796787	-21943.906914447685	1479.7093466726876	-614.3120633137821
193103184.081024	-29743243506.34143	229513593070.09445	9364333414.212181	-21942.763430694264	1470.8860457151748	-614.673235805275
193106784.081024	-29822235392.2012	229518872380.2409	9362119940.683737	-21941.617133744734	1462.0642938389642	-615.0342543406707
193110384.081024	-29901223146.33	229524119934.8692	9359905167.765629	-21940.468024803366	1453.2440912130016	-615.3951189589807
193113984.081024	-29980206758.60684	229529335739.55695	9357689096.011887	-21939.316105073576	1444.4254380058635	-615.7558296992495
193117584.081024	-30059186218.91503	229534519799.88235	9355471725.9764	-21938.16137575793	1435.608334385758	-616.1163866005555
193121184.081024	-30138161517.142235	229539672121.42422	9353253058.212921	-21937.003838058135	1426.7927805205268	-616.4767897020106
193124784.081024	-30217132643.180428	229544792709.762	9351033093.275059	-21935.84349317505	1417.9787765776455	-616.8370390427607
193128384.081024	-30296099586.925915	229549881570.47568	9348811831.71628	-21934.68034230867	1409.166322724225	-617.197134661986
193131984.081024	-30375062338.279312	229554938709.1459	9346589274.089912	-21933.514386658153	1400.3554191270127	-617.5570765989008
193135584.081024	-30454020887.145554	229559964131.35388	9344365420.94914	-21932.34562742179	1391.5460659523935	-617.9168648927542
193139184.081024	-30532975223.433884	229564957842.68146	9342140272.84701	-21931.174065797026	1382.7382633663906	-618.27649958283
193142784.081024	-30611925337.05786	229569919848.71103	9339913830.336422	-21929.999702980454	1373.932011534667	-618.6359807084468
193146384.081024	-30690871217.93535	229574850155.0256	9337686093.970139	-21928.822540167814	1365.1273106225265	-618.9953083089588
193149984.081024	-30769812855.98851	229579748767.2088	9335457064.30078	-21927.64257855399	1356.3241607949149	-619.3544824237554
193153584.081024	-30848750241.14381	229584615690.84482	9333226741.880823	-21926.459819333017	1347.522562216421	-619.7135030922617
193157184.081024	-30927683363.332012	229589450931.51846	9330995127.262604	-21925.274263698077	1338.7225150512775	-620.0723703539389
193160784.081024	-31006612212.48817	229594254494.8151	9328762220.998316	-21924.0859128415	1329.9240194633626	-620.4310842482844
193164384.081024	-31085536778.551636	229599026386.32068	9326528023.640009	-21922.89476795476	1321.1270756162007	-620.7896448148316
193167984.081024	-31164457051.466038	229603766611.6218	9324292535.739594	-21921.70083022849	1312.3316836729637	-621.1480520931508
193171584.081024	-31243373021.1793	229608475176.3056	9322055757.848837	-21920.50410085246	1303.5378437964719	-621.506306122849
193175184.081024	-31322284677.64362	229613152085.9598	9319817690.519361	-21919.304581015596	1294.7455561491952	-621.8644069435702
193178784.081024	-31401192010.815483	229617797346.17273	9317578334.302647	-21918.102271905973	1285.9548208932547	-622.222354594996
193182384.081024	-31480095010.65564	229622410962.5333	9315337689.750032	-21916.897174710808	1277.1656381904231	-622.5801491168452
193185984.081024	-31558993667.12912	229626992940.63095	9313095757.412714	-21915.68929061647	1268.3780082021262	-622.9377905488747
193189584.081024	-31637887970.20522	229631543286.0558	9310852537.841742	-21914.478620808477	1259.591931089444	-623.2952789308791
193193184.081024	-31716777909.857506	229636062004.39844	9308608031.588024	-21913.2651664715	1250.8074070131115	-623.6526143026916
193196784.081024	-31795663476.0638	229640549101.25012	9306362239.202326	-21912.048928789358	1242.0244361335206	-624.0097967041837
193200384.081024	-31874544658.806194	229645004582.20264	9304115161.23527	-21910.829908945012	1233.2430186107201	-624.3668261752657
193203984.081024	-31953421448.07103	229649428452.84836	9301866798.237331	-21909.608108120585	1224.463154604418	-624.723702755887
193207584.081024	-32032293833.848904	229653820718.7802	9299617150.758846	-21908.383527497335	1215.6848442739818	-625.0804264860361
193211184.081024	-32111161806.134666	229658181385.59174	9297366219.350004	-21907.156168255682	1206.90808777844	-625.4369974057413
193214784.081024	-32190025354.927418	229662510458.877	9295114004.56085	-21905.926031575193	1198.1328852764834	-625.7934155550705
193218384.081024	-32268884470.230495	229666807944.2307	9292860506.941284	-21904.69311863458	1189.3592369264657	-626.1496809741318
193221984.081024	-32347739142.051487	229671073847.24805	9290605727.041063	-21903.45743061171	1180.5871428864048	-626.5057937030733
193225584.081024	-32426589360.402214	229675308173.52484	9288349665.409801	-21902.2189686836	1171.8166033139844	-626.8617537820838
193229184.081024	-32505435115.298733	229679510928.65744	9286092322.596964	-21900.97773402641	1163.0476183665546	-627.217561251393
193232784.081024	-32584276396.761337	229683682118.2428	9283833699.151875	-21899.733727815463	1154.2801882011338	-627.5732161512716
193236384.081024	-32663113194.81455	229687821747.87842	9281573795.62371	-21898.486951225223	1145.5143129744088	-627.9287185220317
193239984.081024	-32741945499.487114	229691929823.16232	9279312612.561502	-21897.237405429307	1136.749992842737	-628.284068404027
193243584.081024	-32820773300.812	229696006349.69318	9277050150.51414	-21895.98509160048	1127.9872279621463	-628.6392658376534
193247184.081024	-32899596588.826405	229700051333.07013	9274786410.030361	-21894.730010910665	1119.226018488338	-628.9943108633485
193250784.081024	-32978415353.57173	229704064778.89294	9272521391.658764	-21893.47216453093	1110.4663645766864	-629.3492035215925
193254384.081024	-33057229585.093605	229708046692.76193	9270255095.947798	-21892.211553631496	1101.7082663822407	-629.7039438529084
193257984.081024	-33136039273.44186	229711997080.27795	9267987523.445766	-21890.948179381736	1092.9517240597263	-630.0585318978623
193261584.081024	-33214844408.670536	229715915947.04242	9265718674.700829	-21889.682042950168	1084.1967377635453	-630.4129676970634
193265184.081024	-33293644980.837883	229719803298.6573	9263448550.260994	-21888.41314550447	1075.4433076477787	-630.7672512911648
193268784.081024	-33372440980.00635	229723659140.7251	9261177150.67413	-21887.141488211466	1066.6914338661866	-631.1213827208632
193272384.081024	-33451232396.242588	229727483478.8489	9258904476.487953	-21885.86707223713	1057.9411165722097	-631.4753620268995
193275984.081024	-33530019219.61744	229731276318.6324	9256630528.250036	-21884.589898746595	1049.1923559189709	-631.8291892500591
193279584.081024	-33608801440.20594	229735037665.6797	9254355306.507803	-21883.309968904134	1040.4451520592756	-632.1828644311722
193283184.081024	-33687579048.087322	229738767525.59555	9252078811.808533	-21882.02728387318	1031.6995051456142	-632.5363876111139
193286784.081024	-33766352033.344997	229742465903.98526	9249801044.699356	-21880.741844816315	1022.955415330162	-632.8897588308048
193290384.081024	-33845120386.066563	229746132806.45462	9247522005.727255	-21879.453652895274	1014.2128827647814	-633.2429781312111
193293984.081024	-33923884096.3438	229749768238.61005	9245241695.439066	-21878.162709270942	1005.4719076010224	-633.596045553345
193297584.081024	-34002643154.272663	229753372206.0584	9242960114.381475	-21876.869015103355	996.732489990124	-633.948961138265
193301184.081024	-34081397549.953285	229756944714.4072	9240677263.101025	-21875.5725715517	987.9946300830156	-634.3017249270761
193304784.081024	-34160147273.489967	229760485769.26443	9238393142.144106	-21874.27337977432	979.258328030318	-634.6543369609301
193308384.081024	-34238892314.99118	229763995376.23865	9236107752.056963	-21872.971440928704	970.5235839823447	-635.0067972810263
193311984.081024	-34317632664.56956	229767473540.9389	9233821093.38569	-21871.6667561715	961.790398089103	-635.3591059286111
193315584.081024	-34396368312.34191	229770920268.97485	9231533166.676235	-21870.3593266585	953.0587705002954	-635.7112629449792
193319184.081024	-34475099248.429184	229774335565.95667	9229243972.474396	-21869.049153544656	944.3287013653209	-636.0632683714733
193322784.081024	-34553825462.9565	229777719437.49503	9226953511.325819	-21867.736237984063	935.6001908332757	-636.4151222494845
193326384.081024	-34632546946.053116	229781071889.20117	9224661783.776007	-21866.420581129976	926.8732390529551	-636.7668246204528
193329984.081024	-34711263687.85246	229784392926.6869	9222368790.37031	-21865.102184134794	918.147846172854	-637.1183755258674
193333584.081024	-34789975678.492096	229787682555.56448	9220074531.653929	-21863.781048150075	909.4240123411687	-637.4697750072668
193337184.081024	-34868682908.11373	229790940781.44678	9217779008.171915	-21862.457174326526	900.701737705798	-637.8210231062395
193340784.081024	-34947385366.86322	229794167609.94717	9215482220.469172	-21861.130563814007	891.9810224143442	-638.1721198644241
193344384.081024	-35026083044.89055	229797363046.67957	9213184169.09045	-21859.80121776153	883.2618666141149	-638.5230653235096
193347984.081024	-35104775932.34984	229800527097.25836	9210884854.58035	-21858.46913731726	874.5442704521233	-638.8738595252362
193351584.081024	-35183464019.399345	229803659767.29855	9208584277.483326	-21857.13432362851	865.8282340750906	-639.2245025113949
193355184.081024	-35262147296.20145	229806761062.41562	9206282438.343678	-21855.796777841748	857.113757629446	-639.5749943238285
193358784.081024	-35340825752.92266	229809830988.2256	9203979337.705553	-21854.45650110259	848.4008412613291	-639.9253350044315
193362384.081024	-35419499379.73362	229812869550.34497	9201674976.112953	-21853.113494555815	839.6894851165903	-640.2755245951508
193365984.081024	-35498168166.80907	229815876754.39087	9199369354.109726	-21851.767759345345	830.9796893407924	-640.6255631379858
193369584.081024	-35576832104.32788	229818852605.98083	9197062472.239567	-21850.41929661425	822.2714540792122	-640.9754506749887
193373184.081024	-35655491182.47304	229821797110.733	9194754331.046022	-21849.068107504765	813.5647794768411	-641.3251872482654
193376784.081024	-35734145391.43163	229824710274.26602	9192444931.072485	-21847.714193158266	804.8596656783869	-641.6747728999752
193380384.081024	-35812794721.39487	229827592102.19904	9190134272.862198	-21846.357554715287	796.156112828275	-642.0242076723318
193383984.081024	-35891439162.55804	229830442600.1517	9187822356.95825	-21844.99819331551	787.4541210706491	-642.3734916076031
193387584.081024	-35970078705.12055	229833261773.74423	9185509183.903578	-21843.636110097774	778.7536905493732	-642.7226247481117
193391184.081024	-36048713339.28592	229836049628.59732	9183194754.240967	-21842.271306200066	770.0548214080326	-643.0716071362355
193394784.081024	-36127343055.26174	229838806170.33218	9180879068.513048	-21840.903782759528	761.3575137899352	-643.4204388144079
193398384.081024	-36205967843.259705	229841531404.5706	9178562127.262302	-21839.53354091245	752.6617678381128	-643.7691198251184
193401984.081024	-36284587693.49559	229844225336.93478	9176243931.031057	-21838.160581794276	743.9675836953228	-644.1176502109129
193405584.081024	-36363202596.18926	229846887973.04755	9173924480.361483	-21836.784906539604	735.2749615040485	-644.4660300143937
193409184.081024	-36441812541.564674	229849519318.53214	9171603775.7956	-21835.40651628218	726.5839014065016	-644.8142592782207
193412784.081024	-36520417519.84985	229852119379.01236	9169281817.875277	-21834.0254121549	717.8944035446226	-645.1623380451109
193416384.081024	-36599017521.27691	229854688160.11252	9166958607.142221	-21832.641595289824	709.2064680600824	-645.5102663578394
193419984.081024	-36677612536.082016	229857225667.45743	9164634144.137993	-21831.25506681815	700.5200950942841	-645.8580442592396
193423584.081024	-36756202554.50543	229859731906.6724	9162308429.403996	-21829.865827870235	691.8352847883635	-646.2056717922036
193427184.081024	-36834787566.791466	229862206883.38327	9159981463.48148	-21828.473879575584	683.1520372831912	-646.5531489996827
193430784.081024	-36913367563.188515	229864650603.21637	9157653246.911537	-21827.079223062854	674.4703527193736	-646.9004759246876
193434384.081024	-36991942533.94901	229867063071.79855	9155323780.23511	-21825.681859459855	665.7902312372541	-647.2476526102894
193437984.081024	-37070512469.32947	229869444294.75714	9152993063.99298	-21824.28178989355	657.1116729769147	-647.5946790996193
193441584.081024	-37149077359.59044	229871794277.72	9150661098.725777	-21822.87901549005	648.4346780781771	-647.9415554358692
193445184.081024	-37227637194.996544	229874113026.3155	9148327884.973974	-21821.473537374615	639.7592466806041	-648.2882816622923
193448784.081024	-37306191965.81644	229876400546.17245	9145993423.27789	-21820.06535667166	631.0853789235013	-648.6348578222037
193452384.081024	-37384741662.32282	229878656842.92026	9143657714.177683	-21818.654474504754	622.4130749459181	-648.9812839589804
193455984.081024	-37463286274.79246	229880881922.18875	9141320758.21336	-21817.24089199661	613.7423348866495	-649.327560116062
193459584.081024	-37541825793.506134	229883075789.6083	9138982555.92477	-21815.824610269097	605.0731588842368	-649.6736863369514
193463184.081024	-37620360208.74868	229885238450.80975	9136643107.851604	-21814.40563044323	596.4055470769695	-650.0196626652145
193466784.081024	-37698889510.80895	229887369911.42447	9134302414.5334	-21812.98395363918	587.7394996028863	-650.3654891444813
193470384.081024	-37777413689.97985	229889470177.08426	9131960476.509531	-21811.559580976267	579.0750165997769	-650.7111658184461
193473984.081024	-37855932736.5583	229891539253.4215	9129617294.31922	-21810.13251357296	570.4120982051828	-651.0566927308681
193477584.081024	-37934446640.84523	229893577146.06903	9127272868.50153	-21808.702752546877	561.7507445563997	-651.4020699255715
193481184.081024	-38012955393.14562	229895583860.66016	9124927199.595364	-21807.270299014788	553.0909557904778	-651.7472974464464
193484784.081024	-38091458983.76846	229897559402.82874	9122580288.139471	-21805.835154092612	544.4327320442238	-652.0923753374492
193488384.081024	-38169957403.02676	229899503778.20908	9120232134.672438	-21804.39731889542	535.7760734542022	-652.437303642603
193491984.081024	-38248450641.23752	229901416992.43597	9117882739.732695	-21802.95679453743	527.1209801567368	-652.7820824059977
193495584.081024	-38326938688.72177	229903299051.1447	9115532103.858513	-21801.51358213201	518.4674522879116	-653.1267116717912
193499184.081024	-38405421535.80455	229905149959.9711	9113180227.588003	-21800.067682791683	509.8154899835727	-653.4711914842093
193502784.081024	-38483899172.81489	229906969724.55142	9110827111.459118	-21798.619097628114	501.16509337932996	-653.8155218875462
193506384.081024	-38562371590.08582	229908758350.52243	9108472756.009651	-21797.16782775212	492.5162626105578	-654.1597029261656
193509984.081024	-38640838777.954384	229910515843.5214	9106117161.777235	-21795.713874273668	483.8689978123972	-654.5037346445004
193513584.081024	-38719300726.761604	229912242209.186	9103760329.299343	-21794.25723830187	475.2232991197568	-654.8476170870539
193517184.081024	-38797757426.8525	229913937453.15454	9101402259.113287	-21792.797920944995	466.57916666731444	-655.1913502983999
193520784.081024	-38876208868.57608	229915601581.06567	9099042951.756218	-21791.335923310453	457.9366005895186	-655.5349343231833
193524384.081024	-38954655042.28533	229917234598.5586	9096682407.76513	-21789.871246504805	449.29560102058974	-655.8783692061204
193527984.081024	-39033095938.337234	229918836511.27298	9094320627.67685	-21788.40389163376	440.65616809452206	-656.2216549919997
193531584.081024	-39111531547.09274	229920407324.849	9091957612.02805	-21786.93385980217	432.0183019450847	-656.5647917256824
193535184.081024	-39189961858.91679	229921947044.92728	9089593361.355234	-21785.46115211405	423.3820027058236	-656.9077794521028
193538784.081024	-39268386864.17826	229923455677.14893	9087227876.19475	-21783.98576967255	414.74727051006255	-657.250618216269
193542384.081024	-39346806553.250046	229924933227.15555	9084861157.082779	-21782.507713579962	406.114105490905	-657.5933080632633
193545984.081024	-39425220916.50898	229926379700.58923	9082493204.555342	-21781.026984937744	397.4825077812353	-657.9358490382427
193549584.081024	-39503629944.33586	229927795103.0925	9080124019.148296	-21779.543584846488	388.8524775137204	-658.2782411864396
193553184.081024	-39582033627.115456	229929179440.3084	9077753601.397337	-21778.057514405933	380.2240148208111	-658.6204845531621
193556784.081024	-39660431955.23648	229930532717.88046	9075381951.837996	-21776.56877471497	371.597119834744	-658.9625791837948
193560384.081024	-39738824919.09162	229931854941.45264	9073009071.005642	-21775.077366871636	362.97179268754275	-659.3045251237992
193563984.081024	-39817212509.07749	229933146116.66937	9070634959.435478	-21773.583291973107	354.34803351101976	-659.6463224187142
193567584.081024	-39895594715.59467	229934406249.17563	9068259617.662546	-21772.086551115714	345.72584243677755	-659.9879711141573
193571184.081024	-39973971529.04768	229935635344.6168	9065883046.221722	-21770.58714539493	337.1052195962104	-660.3294712558242
193574784.081024	-40052342939.84499	229936833408.63876	9063505245.647715	-21769.085075905372	328.486165120506	-660.67082288949
193578384.081024	-40130708938.398994	229938000446.88788	9061126216.475073	-21767.580343740807	319.8686791406465	-661.0120260610096
193581984.081024	-40209069515.12603	229939136465.01096	9058745959.238176	-21766.072949994144	311.2527617874108	-661.3530808163183
193585584.081024	-40287424660.446365	229940241468.65527	9056364474.471241	-21764.562895757437	302.63841319137566	-661.6939872014323
193589184.081024	-40365774364.7842	229941315463.4686	9053981762.708315	-21763.050182121886	294.0256334829176	-662.0347452624494
193592784.081024	-40444118618.56767	229942358455.09918	9051597824.483284	-21761.53481017783	285.41442279221434	-662.3753550455498
193596384.081024	-40522457412.22882	229943370449.19568	9049212660.329865	-21760.016781014758	276.80478124924633	-662.7158165969963
193599984.081024	-40600790736.20362	229944351451.4073	9046826270.781609	-21758.4960957213	268.1967089837984	-663.0561299631353
193603584.081024	-40679118580.93196	229945301467.38364	9044438656.371897	-21756.972755385235	259.59020612546124	-663.396295190397
193607184.081024	-40757440936.85764	229946220502.77484	9042049817.633947	-21755.446761093473	250.9852728036333	-663.7363123252965
193610784.081024	-40835757794.42839	229947108563.23145	9039659755.10081	-21753.91811393208	242.38190914752215	-664.0761814144338
193614384.081024	-40914069144.09582	229947965654.40448	9037268469.305363	-21752.386814986254	233.7801152861463	-664.4159025044952
193617984.081024	-40992374976.31545	229948791781.94543	9034875960.78032	-21750.852865340345	225.17989134833678	-664.7554756422533
193621584.081024	-41070675281.54673	229949586951.50626	9032482230.058224	-21749.316266077836	216.58123746273884	-665.094900874568
193625184.081024	-41148970050.252975	229950351168.73938	9030087277.671452	-21747.777018281355	207.9841537578135	-665.4341782483871
193628784.081024	-41227259272.90141	229951084439.29767	9027691104.152208	-21746.235123032675	199.38864036183915	-665.7733078107468
193632384.081024	-41305542939.963165	229951786768.8345	9025293710.032532	-21744.690581412702	190.79469740291333	-666.1122896087726
193635984.081024	-41383821041.91324	229952458163.00366	9022895095.844286	-21743.14339450149	182.2023250089543	-666.4511236896795
193639584.081024	-41462093569.23052	229953098627.4594	9020495262.11917	-21741.593563378232	173.61152330770278	-666.7898101007734
193643184.081024	-41540360512.3978	229953708167.85648	9018094209.388708	-21740.041089121256	165.0222924267238	-667.1283488894508
193646784.081024	-41618621861.901726	229954286789.85004	9015691938.184256	-21738.48597280803	156.43463249340823	-667.4667401032006
193650384.081024	-41696877608.23284	229954834499.09573	9013288449.036997	-21736.92821551517	147.84854363497453	-667.8049837896041
193653984.081024	-41775127741.88555	229955351301.24966	9010883742.477945	-21735.36781831842	139.26402597847044	-668.1430799963358
193657584.081024	-41853372253.35814	229955837201.96838	9008477819.037941	-21733.804782292667	130.68107965077462	-668.4810287711642
193661184.081024	-41931611133.152756	229956292206.9089	9006070679.247654	-21732.23910851194	122.09970477859841	-668.8188301619524
193664784.081024	-42009844371.77541	229956716321.7287	9003662323.637579	-21730.6707980494	113.5199014884876	-669.1564842166588
193668384.081024	-42088071959.735985	229957109552.0857	9001252752.738039	-21729.099851977346	104.94166990682427	-669.4939909833378
193671984.081024	-42166293887.5482	229957471903.63824	8998841967.079185	-21727.526271367213	96.36501015982854	-669.8313505101406
193675584.081024	-42244510145.72967	229957803382.0452	8996429967.190996	-21725.950057289578	87.78992237356033	-670.1685628453162
193679184.081024	-42322720724.80181	229958103992.96585	8994016753.603271	-21724.371210814148	79.21640667392104	-670.5056280372116
193682784.081024	-42400925615.28993	229958373742.0599	8991602326.845642	-21722.78973300977	70.64446318665536	-670.8425461342732
193686384.081024	-42479124807.72317	229958612634.98758	8989186687.447561	-21721.20562494442	62.074092037353005	-671.1793171850468
193689984.081024	-42557318292.6345	229958820677.40952	8986769835.938307	-21719.61888768522	53.50529335145061	-671.5159412381788
193693584.081024	-42635506060.560745	229958997874.98682	8984351772.846985	-21718.029522298417	44.93806725423356	-671.8524183424169
193697184.081024	-42713688102.04257	229959144233.381	8981932498.702522	-21716.43752984939	36.37241387083782	-672.1887485466106
193700784.081024	-42791864407.624466	229959259758.2541	8979512014.03367	-21714.84291140266	27.808333326251834	-672.5249318997127
193704384.081024	-42870034967.85475	229959344455.26852	8977090319.369007	-21713.24566802187	19.245825745318335	-672.8609684507793
193707984.081024	-42948199773.285576	229959398330.0872	8974667415.236929	-21711.645800769813	10.684891252736138	-673.1968582489712
193711584.081024	-43026358814.47292	229959421388.3734	8972243302.165659	-21710.043310708395	2.1255299730619868	-673.5326013435542
193715184.081024	-43104512081.97658	229959413635.791	8969817980.68324	-21708.438198898668	-6.432257969287576	-673.8681977839002
193718784.081024	-43182659566.36016	229959375078.00418	8967391451.317541	-21706.830466400803	-14.988472450034271	-674.2036476194878
193722384.081024	-43260801258.19111	229959305720.67764	8964963714.596247	-21705.22011427411	-23.543113345036126	-674.5389508999032
193725984.081024	-43338937148.04065	229959205569.47653	8962534771.046867	-21703.60714357703	-32.09618053028554	-674.8741076748412
193729584.081024	-43417067226.48384	229959074630.0664	8960104621.196733	-21701.991555367124	-40.64767388190735	-675.2091179941059
193733184.081024	-43495191484.09954	229958912908.1133	8957673265.572996	-21700.373350701095	-49.19759327615698	-675.5439819076116
193736784.081024	-43573309911.470406	229958720409.28372	8955240704.702625	-21698.752530634763	-57.74593858941849	-675.8786994653836
193740384.081024	-43651422499.18289	229958497139.24454	8952806939.112411	-21697.12909622308	-66.29270969820271	-676.2132707175591
193743984.081024	-43729529237.827255	229958243103.66312	8950371969.328964	-21695.503048520128	-74.83790647914519	-676.5476957143878
193747584.081024	-43807630117.99755	229957958308.20724	8947935795.878714	-21693.874388579112	-83.38152880900421	-676.8819745062332
193751184.081024	-43885725130.2916	229957642758.5452	8945498419.287905	-21692.243117452366	-91.92357656465876	-677.2161071435729
193754784.081024	-43963814265.31104	229957296460.34564	8943059840.082603	-21690.609236191347	-100.46404962310648	-677.5500936770004
193758384.081024	-44041897513.66128	229956919419.2777	8940620058.788694	-21688.97274584664	-109.00294786146172	-677.8839341572251
193761984.081024	-44119974865.9515	229956511641.011	8938179075.931875	-21687.333647467953	-117.54027115695357	-678.2176286350738
193765584.081024	-44198046312.79467	229956073131.21545	8935736892.037664	-21685.691942104117	-126.0760193869238	-678.5511771614913
193769184.081024	-44276111844.807526	229955603895.5616	8933293507.631393	-21684.047630803085	-134.61019242882492	-678.8845797875414
193772784.081024	-44354171452.61058	229955103939.72034	8930848923.238213	-21682.400714611937	-143.142790160218	-679.2178365644078
193776384.081024	-44432225126.82812	229954573269.36298	8928403139.383087	-21680.75119457687	-151.67381245877067	-679.5509475433948
193779984.081024	-44510272858.08817	229954011890.16132	8925956156.590796	-21679.09907174321	-160.20325920225494	-679.8839127759289
193783584.081024	-44588314637.02256	229953419807.78754	8923507975.385933	-21677.444347155393	-168.7311302685451	-680.2167323135593
193787184.081024	-44666350454.26684	229952797027.91434	8921058596.29291	-21675.787021856984	-177.25742553561565	-680.5494062079587
193790784.081024	-44744380300.46033	229952143556.21478	8918608019.835945	-21674.12709689066	-185.78214488153927	-680.8819345109248
193794384.081024	-44822404166.2461	229951459398.36243	8916156246.539078	-21672.464573298224	-194.30528818448465	-681.214317274381
193797984.081024	-44900422042.27097	229950744560.03125	8913703276.926155	-21670.79945212059	-202.8268553227145	-681.546554550377
193801584.081024	-44978433919.18552	229949999046.89566	8911249111.520838	-21669.131734397793	-211.3468461745832	-681.8786463910905
193805184.081024	-45056439787.644035	229949222864.6305	8908793750.8466	-21667.461421168984	-219.86526061853468	-682.2105928488276
193808784.081024	-45134439638.30457	229948416018.91104	8906337195.426723	-21665.78851347243	-228.38209853310022	-682.5423939760242
193812384.081024	-45212433461.82892	229947578515.41302	8903879445.784306	-21664.113012345515	-236.89735979689618	-682.874049825247
193815984.081024	-45290421248.88259	229946710359.81262	8901420502.442251	-21662.434918824732	-245.4110442886219	-683.2055604491944
193819584.081024	-45368402990.13483	229945811557.7864	8898960365.923277	-21660.754233945692	-253.92315188705746	-683.5369259006977
193823184.081024	-45446378676.258606	229944882115.01144	8896499036.749908	-21659.070958743116	-262.4336824710616	-683.8681462327221
193826784.081024	-45524348297.930626	229943922037.1652	8894036515.44448	-21657.38509425084	-270.9426359195694	-684.1992214983674
193830384.081024	-45602311845.83131	229942931329.92554	8891572802.529137	-21655.69664150181	-279.45001211158984	-684.5301517508694
193833984.081024	-45680269310.644775	229941909998.97083	8889107898.525827	-21654.005601528086	-287.9558109262037	-684.8609370436012
193837584.081024	-45758220683.058876	229940858049.97986	8886641803.95631	-21652.31197536083	-296.460032242561	-685.1915774300738
193841184.081024	-45836165953.765175	229939775488.63184	8884174519.342154	-21650.61576403032	-304.96267593987886	-685.5220729639378
193844784.081024	-45914105113.45893	229938662320.60638	8881706045.20473	-21648.91696856594	-313.46374189743926	-685.852423698984
193848384.081024	-45992038152.83912	229937518551.5836	8879236382.065214	-21647.21558999618	-321.96322999458664	-686.1826296891448
193851984.081024	-46069965062.608406	229936344187.244	8876765530.444595	-21645.511629348635	-330.4611401107256	-686.5126909884951
193855584.081024	-46147885833.47317	229935139233.26852	8874293490.86366	-21643.805087650013	-338.9574721253184	-686.8426076512536
193859184.081024	-46225800456.143456	229933903695.33856	8871820263.843004	-21642.095965926117	-347.45222591788274	-687.1723797317838
193862784.081024	-46303708921.33303	229932637579.13593	8869345849.903025	-21640.38426520186	-355.9454013679891	-687.5020072845955
193866384.081024	-46381611219.75934	229931340890.34286	8866870249.563923	-21638.66998650126	-364.43699835525837	-687.8314903643457
193869984.081024	-46459507342.1435	229930013634.64206	8864393463.345703	-21636.953130847432	-372.9270167593594	-688.1608290258398
193873584.081024	-46537397279.21033	229928655817.71664	8861915491.768173	-21635.233699262593	-381.4154564600067	-688.4900233240331
193877184.081024	-46615281021.6883	229927267445.25015	8859436335.35094	-21633.51169276806	-389.9023173369579	-688.8190733140317
193880784.081024	-46693158560.309586	229925848522.92654	8856955994.613417	-21631.787112384256	-398.3875992700114	-689.1479790510937
193884384.081024	-46771029885.81002	229924399056.43027	8854474470.07481	-21630.059959130693	-406.87130213900366	-689.4767405906304
193887984.081024	-46848894988.92911	229922919051.44617	8851991762.254133	-21628.330234025983	-415.3534258238068	-689.8053579882077
193891584.081024	-46926753860.41001	229921408513.65952	8849507871.670198	-21626.597938087838	-423.8339702043256	-690.1338312995475
193895184.081024	-47004606490.999565	229919867448.756	8847022798.841614	-21624.86307233306	-432.31293516049556	-690.4621605805288
193898784.081024	-47082452871.44825	229918295862.4218	8844536544.286789	-21623.125637777553	-440.7903205722798	-690.7903458871889
193902384.081024	-47160292992.510216	229916693760.3435	8842049108.52393	-21621.38563543631	-449.2661263196671	-691.1183872757249
193905984.081024	-47238126844.94326	229915061148.20807	8839560492.07104	-21619.64306632341	-457.74035228266865	-691.4462848024948
193909584.081024	-47315954419.508835	229913398031.70294	8837070695.445919	-21617.897931452033	-466.212998341316	-691.7740385240188
193913184.081024	-47393775706.97202	229911704416.51602	8834579719.166164	-21616.150231834446	-474.68406437565795	-692.1016484969808
193916784.081024	-47471590698.10156	229909980308.3356	8832087563.74917	-21614.39996848201	-483.1535502657581	-692.4291147782295
193920384.081024	-47549399383.66982	229908225712.85043	8829594229.712124	-21612.64714240516	-491.6214558916919	-692.7564374247802
193923984.081024	-47627201754.45282	229906440635.74966	8827099717.572006	-21610.891754613433	-500.0877811335442	-693.0836164938156
193927584.081024	-47704997801.230194	229904625082.7229	8824604027.845592	-21609.133806115442	-508.55252587140643	-693.4106520426878
193931184.081024	-47782787514.78522	229902779059.46014	8822107161.049454	-21607.37329791889	-517.015689985374	-693.7375441289195
193934784.081024	-47860570885.904785	229900902571.6519	8819609117.699951	-21605.61023103056	-525.4772733555435	-694.0642928102046
193938384.081024	-47938347905.37942	229898995624.989	8817109898.313238	-21603.844606456325	-533.9372758620099	-694.3908981444109
193941984.081024	-48016118564.00326	229897058225.16284	8814609503.405258	-21602.07642520113	-542.3956973848636	-694.7173601895806
193945584.081024	-48093882852.57406	229895090377.86514	8812107933.491749	-21600.305688269	-550.8525378041879	-695.0436790039321
193949184.081024	-48171640761.89319	229893092088.78812	8809605189.088236	-21598.532396663046	-559.3077970000558	-695.3698546458614
193952784.081024	-48249392282.765625	229891063363.62436	8807101270.710035	-21596.756551385453	-567.7614748525272	-695.695887173944
193956384.081024	-48327137405.999954	229889004208.06693	8804596178.87225	-21594.97815343748	-576.2135712416462	-696.0217766469357
193959984.081024	-48404876122.40837	229886914627.80933	8802089914.089773	-21593.19720381947	-584.6640860474381	-696.3475231237744
193963584.081024	-48482608422.806656	229884794628.54544	8799582476.877283	-21591.413703530827	-593.1130191499069	-696.6731266635819
193967184.081024	-48560334298.01419	229882644215.96964	8797073867.749249	-21589.627653570038	-601.5603704290317	-696.9985873256647
193970784.081024	-48638053738.85395	229880463395.77667	8794564087.219921	-21587.839054934655	-610.0061397647639	-697.3239051695164
193974384.081024	-48715766736.152504	229878252173.6618	8792053135.803339	-21586.0479086213	-618.4503270370246	-697.6490802548184
193977984.081024	-48793473280.740005	229876010555.32065	8789541014.013325	-21584.254215625675	-626.8929321257008	-697.9741126414425
193981584.081024	-48871173363.45019	229873738546.44928	8787027722.363487	-21582.457976942533	-635.3339549106429	-698.2990023894517
193985184.081024	-48948866975.12036	229871436152.7442	8784513261.367216	-21580.6591935657	-643.7733952716618	-698.6237495591024
193988784.081024	-49026554106.59142	229869103379.90237	8781997631.537683	-21578.857866488073	-652.2112530885254	-698.9483542108452
193992384.081024	-49104234748.707825	229866740233.62115	8779480833.387846	-21577.0539967016	-660.6475282409559	-699.2728164053273
193995984.081024	-49181908892.31761	229864346719.59836	8776962867.43044	-21575.247585197303	-669.0822206086266	-699.5971362033936
193999584.081024	-49259576528.27238	229861922843.53226	8774443734.177984	-21573.438632965255	-677.515330071158	-699.9213136660888
194003184.081024	-49337237647.42728	229859468611.1215	8771923434.142775	-21571.627140994595	-685.9468565081155	-700.2453488546593
194006784.081024	-49414892240.64104	229856984028.0652	8769401967.836887	-21569.813110273513	-694.3767997990055	-700.5692418305539
194010384.081024	-49492540298.77593	229854469100.06287	8766879335.772177	-21567.99654178926	-702.8051598232728	-700.8929926554268
194013984.081024	-49570181812.69779	229851923832.8145	8764355538.460276	-21566.177436528138	-711.2319364602969	-701.2166013911385
194017584.081024	-49647816773.275986	229849348232.02057	8761830576.412594	-21564.355795475505	-719.6571295893891	-701.5400680997578
194021184.081024	-49725445171.383446	229846742303.38184	8759304450.140316	-21562.53161961577	-728.0807390897888	-701.8633928435634
194024784.081024	-49803066997.89663	229844106052.5996	8756777160.154404	-21560.70490993239	-736.5027648406603	-702.1865756850458
194028384.081024	-49880682243.69555	229841439485.3756	8754248706.965591	-21558.87566740787	-744.9232067210895	-702.5096166869093
194031984.081024	-49958290899.663734	229838742607.412	8751719091.08439	-21557.043893023765	-753.34206461008	-702.8325159120739
194035584.081024	-50035892956.68826	229836015424.41135	8749188313.021082	-21555.209587760673	-761.7593383865502	-703.1552734236765
194039184.081024	-50113488405.65973	229833257942.0767	8746656373.28572	-21553.37275259824	-770.1750279293298	-703.4778892850736
194042784.081024	-50191077237.47226	229830470166.11148	8744123272.388134	-21551.533388515145	-778.5891331171559	-703.8003635598428
194046384.081024	-50268659443.023506	229827652102.2196	8741589010.837917	-21549.69149648911	-787.0016538286707	-704.1226963117845
194049984.081024	-50346235013.21462	229824803756.1054	8739053589.14444	-21547.847077496903	-795.4125899424163	-704.4448876049238
194053584.081024	-50423803938.950294	229821925133.47366	8736517007.816835	-21546.00013251432	-803.8219413368322	-704.766937503513
194057184.081024	-50501366211.13871	229819016240.02957	8733979267.36401	-21544.150662516196	-812.2297078902512	-705.0888460720329
194060784.081024	-50578921820.69157	229816077081.4788	8731440368.294636	-21542.298668476396	-820.6358894808959	-705.4106133751955
194064384.081024	-50656470758.52406	229813107663.5274	8728900311.11715	-21540.44415136782	-829.0404859868751	-705.7322394779454
194067984.081024	-50734013015.5549	229810107991.88193	8726359096.339756	-21538.587112162397	-837.4434972861801	-706.0537244454623
194071584.081024	-50811548582.70628	229807078072.24933	8723816724.470425	-21536.72755183108	-845.8449232566813	-706.3750683431624
194075184.081024	-50889077450.9039	229804017910.337	8721273196.01689	-21534.865471343855	-854.244763776124	-706.696271236701
194078784.081024	-50966599611.076935	229800927511.8528	8718728511.486647	-21533.000871669727	-862.6430187221248	-707.0173331919743
194082384.081024	-51044115054.15806	229797806882.50504	8716182671.386953	-21531.13375377672	-871.0396879721676	-707.3382542751217
194085984.081024	-51121623771.08343	229794656028.00238	8713635676.224833	-21529.264118631887	-879.4347714035998	-707.6590345525277
194089584.081024	-51199125752.79267	229791474954.05405	8711087526.507063	-21527.391967201293	-887.8282688936287	-707.9796740908245
194093184.081024	-51276620990.2289	229788263666.36963	8708538222.740185	-21525.517300450018	-896.220180319317	-708.3001729568937
194096784.081024	-51354109474.338684	229785022170.65918	8705987765.430498	-21523.640119342163	-904.6105055575799	-708.6205312178688
194100384.081024	-51431591196.07209	229781750472.63318	8703436155.08406	-21521.760424840835	-912.9992444851802	-708.9407489411373
194103984.081024	-51509066146.38262	229778448578.0026	8700883392.206686	-21519.878217908154	-921.3863969787245	-709.2608261943426
194107584.081024	-51586534316.227264	229775116492.4788	8698329477.303944	-21517.993499505246	-929.7719629146596	-709.5807630453868
194111184.081024	-51663995696.56645	229771754221.77362	8695774410.881159	-21516.106270592245	-938.1559421692677	-709.9005595624326
194114784.081024	-51741450278.36407	229768361771.59933	8693218193.443413	-21514.216532128292	-946.5383346186627	-710.2202158139058
194118384.081024	-51818898052.58746	229764939147.66867	8690660825.495535	-21512.32428507152	-954.9191401387858	-710.5397318684979
194121984.081024	-51896339010.20742	229761486355.6948	8688102307.542112	-21510.429530379075	-963.2983586054015	-710.859107795168
194125584.081024	-51973773142.19817	229758003401.39133	8685542640.08748	-21508.53226900709	-971.6759898940935	-711.1783436631455
194129184.081024	-52051200439.5374	229754490290.47232	8682981823.635725	-21506.6325019107	-980.0520338802605	-711.497439541932
194132784.081024	-52128620893.20621	229750947028.6523	8680419858.690681	-21504.730230044024	-988.4264904391116	-711.816395501304
194136384.081024	-52206034494.18914	229747373621.64624	8677856745.755934	-21502.825454360183	-996.7993594456618	-712.1352116113158
194139984.081024	-52283441233.47417	229743770075.16953	8675292485.334814	-21500.918175811283	-1005.1706407747281	-712.4538879423011
194143584.081024	-52360841102.05269	229740136394.93802	8672727077.930399	-21499.00839534841	-1013.5403343009245	-712.7724245648766
194147184.081024	-52438234090.919525	229736472586.66806	8670160524.045511	-21497.096113921638	-1021.908439898658	-713.0908215499437
194150784.081024	-52515620191.072914	229732778656.07642	8667592824.182718	-21495.181332480024	-1030.2749574421239	-713.4090789686916
194154384.081024	-52592999393.5145	229729054608.8803	8665023978.84433	-21493.2640519716	-1038.6398868053016	-713.7271968925992
194157984.081024	-52670371689.24937	229725300450.7974	8662453988.532398	-21491.34427334338	-1047.0032278619494	-714.0451753934381
194161584.081024	-52747737069.28597	229721516187.5458	8659882853.748718	-21489.42199754135	-1055.3649804856007	-714.3630145432753
194165184.081024	-52825095524.63619	229717701824.84415	8657310574.994822	-21487.497225510466	-1063.7251445495583	-714.6807144144758
194168784.081024	-52902447046.31531	229713857368.41147	8654737152.77198	-21485.56995819465	-1072.0837199268904	-714.9982750797054
194172384.081024	-52979791625.34199	229709982823.96725	8652162587.581207	-21483.6401965368	-1080.440706490425	-715.3156966119334
194175984.081024	-53057129252.7383	229706078197.23148	8649586879.923246	-21481.707941478766	-1088.7961041127467	-715.6329790844354
194179584.081024	-53134459919.529686	229702143493.92453	8647010030.298582	-21479.77319396137	-1097.14991266619	-715.9501225707958
194183184.081024	-53211783616.744995	229698178719.7673	8644432039.207432	-21477.835954924387	-1105.5021320228357	-716.2671271449108
