183286728.624384	-0.0038214358378562087	-0.0021029635422985713	-0.00021296528896653846
183290328.624384	-0.0038192118622428183	-0.0021046894082205913	-0.0002129732876756199
183293928.624384	-0.003816987678487908	-0.002106412903660392	-0.0002129811745389595
183297528.624384	-0.0038147632890311806	-0.0021081340300396147	-0.00021298894969413906
183301128.624384	-0.0038125386963083576	-0.0021098527887816617	-0.0002129966132786995
183304728.624384	-0.003810313902751199	-0.002111569181311687	-0.00021300416543014108
183308328.624384	-0.0038080889107874934	-0.002113283209056587	-0.0002130116062859229
183311928.624384	-0.0038058637228410674	-0.0021149948734449967	-0.0002130189359834627
183315528.624384	-0.003803638341331779	-0.0021167041759072775	-0.00021302615466013634
183319128.624384	-0.0038014127686755283	-0.0021184111178755107	-0.00021303326245327795
183322728.624384	-0.0037991870072842508	-0.00212011570078349	-0.000213040259500179
183326328.624384	-0.0037969610595659196	-0.00212181792606671	-0.00021304714593808842
183329928.624384	-0.0037947349279245615	-0.00212351779516237	-0.00021305392190421282
183333528.624384	-0.0037925086147602323	-0.002125215309509348	-0.0002130605875357148
183337128.624384	-0.0037902821224690443	-0.002126910470548209	-0.0002130671429697142
183340728.624384	-0.0037880554534431496	-0.002128603279721188	-0.0002130735883432869
183344328.624384	-0.0037858286100707506	-0.002130293738472185	-0.00021307992379346465
183347928.624384	-0.003783601594736099	-0.0021319818482467595	-0.00021308614945723522
183351528.624384	-0.003781374409819502	-0.0021336676104921188	-0.00021309226547154152
183355128.624384	-0.003779147057697312	-0.0021353510266571138	-0.00021309827197328168
183358728.624384	-0.003776919540741939	-0.0021370320981922244	-0.0002131041690993085
183362328.624384	-0.003774691861321859	-0.0021387108265495686	-0.00021310995698642994
183365928.624384	-0.00377246402180159	-0.002140387213182871	-0.00021311563577140738
183369528.624384	-0.0037702360245417247	-0.0021420612595474784	-0.00021312120559095697
183373128.624384	-0.0037680078718989093	-0.0021437329671003358	-0.00021312666658174803
183376728.624384	-0.0037657795662258573	-0.002145402337299989	-0.00021313201888040344
183380328.624384	-0.00376355110987135	-0.0021470693716065703	-0.00021313726262349914
183383928.624384	-0.003761322505180235	-0.002148734071481798	-0.00021314239794756378
183387528.624384	-0.0037590937544934298	-0.002150396438388962	-0.00021314742498907826
183391128.624384	-0.0037568648601479272	-0.0021520564737929214	-0.00021315234388447605
183394728.624384	-0.0037546358244767942	-0.0021537141791600953	-0.00021315715477014218
183398328.624384	-0.0037524066498091737	-0.002155369555958457	-0.00021316185778241326
183401928.624384	-0.0037501773384702886	-0.0021570226056575226	-0.0002131664530575773
183405528.624384	-0.003747947892781443	-0.002158673329728347	-0.000213170940731873
183409128.624384	-0.0037457183150600274	-0.0021603217296435177	-0.00021317532094149
183412728.624384	-0.0037434886076195125	-0.0021619678068771414	-0.00021317959382256797
183416328.624384	-0.0037412587727694673	-0.002163611562904847	-0.00021318375951119697
183419928.624384	-0.0037390288128155424	-0.002165252999203764	-0.0002131878181434158
183423528.624384	-0.003736798730059486	-0.002166892117252529	-0.00021319176985521405
183427128.624384	-0.0037345685267991396	-0.0021685289185312657	-0.00021319561478252974
183430728.624384	-0.003732338205328444	-0.002170163404521592	-0.00021319935306124988
183434328.624384	-0.0037301077679374357	-0.002171795576706595	-0.00021320298482720976
183437928.624384	-0.00372787721691226	-0.0021734254365708403	-0.00021320651021619359
183441528.624384	-0.003725646554535159	-0.002175052985600351	-0.00021320992936393315
183445128.624384	-0.0037234157830844826	-0.0021766782252826077	-0.00021321324240610815
183448728.624384	-0.0037211849048346905	-0.0021783011571065397	-0.0002132164494783458
183452328.624384	-0.0037189539220563515	-0.0021799217825625183	-0.00021321955071622065
183455928.624384	-0.003716722837016146	-0.002181540103142344	-0.00021322254625525397
183459528.624384	-0.003714491651976867	-0.002183156120339247	-0.00021322543623091388
183463128.624384	-0.003712260369197426	-0.002184769835647875	-0.00021322822077861516
183466728.624384	-0.0037100289909328507	-0.002186381250564284	-0.00021323090003371844
183470328.624384	-0.0037077975194342934	-0.0021879903665859377	-0.0002132334741315308
183473928.624384	-0.003705565956949021	-0.0021895971852116908	-0.00021323594320730475
183477528.624384	-0.0037033343057204277	-0.002191201707941789	-0.0002132383073962382
183481128.624384	-0.0037011025679880333	-0.002192803936277858	-0.0002132405668334746
183484728.624384	-0.0036988707459874866	-0.0021944038717229	-0.00021324272165410216
183488328.624384	-0.003696638841950567	-0.002196001515781283	-0.0002132447719931542
183491928.624384	-0.003694406858105178	-0.0021975968699587314	-0.0002132467179856079
183495528.624384	-0.0036921747966753684	-0.0021991899357623277	-0.00021324855976638543
183499128.624384	-0.0036899426598813153	-0.002200780714700493	-0.00021325029747035245
183502728.624384	-0.003687710449939336	-0.0022023692082829924	-0.00021325193123231885
183506328.624384	-0.0036854781690618867	-0.002203955418020918	-0.0002132534611870377
183509928.624384	-0.0036832458194575673	-0.0022055393454266854	-0.00021325488746920556
183513528.624384	-0.0036810134033311214	-0.0022071209920140303	-0.00021325621021346197
183517128.624384	-0.0036787809228834433	-0.002208700359298	-0.0002132574295543897
183520728.624384	-0.003676548380311563	-0.002210277448794934	-0.00021325854562651293
183524328.624384	-0.003674315777808678	-0.0022118522620224812	-0.00021325955856429943
183527928.624384	-0.003672083117564133	-0.0022134248004995727	-0.00021326046850215819
183531528.624384	-0.0036698504017634243	-0.002214995065746422	-0.00021326127557444018
183535128.624384	-0.003667617632588214	-0.0022165630592845217	-0.00021326197991543793
183538728.624384	-0.003665384812216322	-0.002218128782636629	-0.0002132625816593852
183542328.624384	-0.003663151942821733	-0.0022196922373267677	-0.00021326308094045672
183545928.624384	-0.003660919026574597	-0.002221253424880213	-0.00021326347789276786
183549528.624384	-0.0036586860656412368	-0.0022228123468234925	-0.0002132637726503744
183553128.624384	-0.00365645306218414	-0.002224369004684369	-0.00021326396534727222
183556728.624384	-0.00365422001836198	-0.0022259233999918494	-0.00021326405611739752
183560328.624384	-0.0036519869363295944	-0.002227475534276159	-0.00021326404509462547
183563928.624384	-0.00364975381823801	-0.002229025409068749	-0.00021326393241277123
183567528.624384	-0.0036475206662344335	-0.0022305730259022847	-0.00021326371820558872
183571128.624384	-0.0036452874824622547	-0.002232118386310638	-0.00021326340260677072
183574728.624384	-0.0036430542690610588	-0.0022336614918288832	-0.00021326298574994899
183578328.624384	-0.0036408210281666086	-0.002235202343993282	-0.00021326246776869282
183581928.624384	-0.0036385877619108716	-0.002236740944341289	-0.0002132618487965103
183585528.624384	-0.0036363544724220104	-0.0022382772944115376	-0.00021326112896684747
183589128.624384	-0.0036341211618243787	-0.002239811395743829	-0.00021326030841308736
183592728.624384	-0.0036318878322385375	-0.0022413432498791354	-0.00021325938726855087
183596328.624384	-0.0036296544857812494	-0.0022428728583595847	-0.00021325836566649586
183599928.624384	-0.0036274211245654812	-0.0022444002227284573	-0.00021325724374011705
183603528.624384	-0.003625187750700413	-0.00224592534453018	-0.00021325602162254614
183607128.624384	-0.0036229543662914315	-0.0022474482253103142	-0.00021325469944685088
183610728.624384	-0.0036207209734401393	-0.002248968866615556	-0.00021325327734603551
183614328.624384	-0.003618487574244348	-0.0022504872699937195	-0.00021325175545304007
183617928.624384	-0.0036162541707981	-0.0022520034369937435	-0.000213250133900741
183621528.624384	-0.0036140207651916474	-0.002253517369165673	-0.00021324841282194978
183625128.624384	-0.0036117873595114683	-0.0022550290680606534	-0.0002132465923494134
183628728.624384	-0.003609553955840264	-0.0022565385352309327	-0.00021324467261581403
183632328.624384	-0.0036073205562569704	-0.0022580457722298454	-0.00021324265375376907
183635928.624384	-0.0036050871628367453	-0.0022595507806118086	-0.00021324053589583044
183639528.624384	-0.003602853777650983	-0.0022610535619323165	-0.00021323831917448478
183643128.624384	-0.0036006204027673066	-0.00226255411774793	-0.00021323600372215272
183646728.624384	-0.0035983870402495864	-0.0022640524496162786	-0.0002132335896711898
183650328.624384	-0.003596153692157923	-0.002265548559096044	-0.000213231077153885
183653928.624384	-0.003593920360548662	-0.0022670424477469566	-0.0002132284663024611
183657528.624384	-0.003591687047474395	-0.0022685341171297946	-0.0002132257572490746
183661128.624384	-0.003589453754983958	-0.0022700235688063682	-0.00021322295012581515
183664728.624384	-0.0035872204851224348	-0.0022715108043395186	-0.00021322004506470546
183668328.624384	-0.0035849872399311626	-0.002272995825293111	-0.00021321704219770125
183671928.624384	-0.003582754021447739	-0.002274478633232032	-0.00021321394165669134
183675528.624384	-0.003580520831706014	-0.0022759592297221746	-0.00021321074357349672
183679128.624384	-0.0035782876727360902	-0.0022774376163304344	-0.0002132074480798702
183682728.624384	-0.0035760545465643467	-0.0022789137946247133	-0.00021320405530749734
183686328.624384	-0.0035738214552134204	-0.0022803877661738982	-0.00021320056538799516
183689928.624384	-0.0035715884007022167	-0.002281859532547865	-0.00021319697845291217
183693528.624384	-0.003569355385045914	-0.002283329095317467	-0.00021319329463372836
183697128.624384	-0.003567122410255968	-0.0022847964560545352	-0.00021318951406185498
183700728.624384	-0.0035648894783401074	-0.002286261616331864	-0.00021318563686863423
183704328.624384	-0.0035626565913023404	-0.0022877245777232075	-0.00021318166318533852
183707928.624384	-0.003560423751142965	-0.0022891853418032784	-0.00021317759314317118
183711528.624384	-0.0035581909598585582	-0.0022906439101477334	-0.00021317342687326548
183715128.624384	-0.0035559582194419938	-0.002292100284333175	-0.00021316916450668486
183718728.624384	-0.0035537255318824315	-0.0022935544659371384	-0.0002131648061744223
183722328.624384	-0.003551492899165329	-0.002295006456538088	-0.00021316035200740033
183725928.624384	-0.0035492603232724464	-0.002296456257715416	-0.00021315580213647118
183729528.624384	-0.0035470278061818378	-0.0022979038710494214	-0.00021315115669241555
183733128.624384	-0.0035447953498678702	-0.002299349298121325	-0.0002131464158059437
183736728.624384	-0.003542562956301209	-0.002300792540513242	-0.00021314157960769395
183740328.624384	-0.003540330627448843	-0.002302233599808191	-0.00021313664822823365
183743928.624384	-0.0035380983652740583	-0.0023036724775900774	-0.00021313162179805792
183747528.624384	-0.0035358661717364674	-0.0023051091754436926	-0.00021312650044759008
183751128.624384	-0.0035336340487920003	-0.002306543694954708	-0.00021312128430718157
183754728.624384	-0.00353140199839291	-0.0023079760377096655	-0.0002131159735071114
183758328.624384	-0.003529170022487764	-0.0023094062052959664	-0.00021311056817758573
183761928.624384	-0.003526938123021472	-0.002310834199301883	-0.00021310506844873876
183765528.624384	-0.003524706301935262	-0.0023122600213165306	-0.0002130994744506311
183769128.624384	-0.0035224745611667	-0.0023136836729298733	-0.00021309378631325076
183772728.624384	-0.0035202429026496866	-0.0023151051557327162	-0.00021308800416651235
183776328.624384	-0.0035180113283144587	-0.0023165244713166983	-0.00021308212814025716
183779928.624384	-0.0035157798400875903	-0.0023179416212742803	-0.0002130761583642526
183783528.624384	-0.003513548439892009	-0.002319356607198753	-0.000213070094968193
183787128.624384	-0.003511317129646982	-0.002320769430684216	-0.00021306393808169836
183790728.624384	-0.0035090859112681164	-0.0023221800933255748	-0.00021305768783431425
183794328.624384	-0.0035068547866673886	-0.0023235885967185475	-0.0002130513443555128
183797928.624384	-0.0035046237577531164	-0.002324994942459638	-0.0002130449077746911
183801528.624384	-0.0035023928264299757	-0.002326399132146145	-0.00021303837822117162
183805128.624384	-0.0035001619945990046	-0.002327801167376152	-0.00021303175582420243
183808728.624384	-0.0034979312641576048	-0.0023292010497485216	-0.00021302504071295678
183812328.624384	-0.003495700636999537	-0.0023305987808628845	-0.00021301823301653235
183815928.624384	-0.0034934701150149353	-0.0023319943623196413	-0.00021301133286395188
183819528.624384	-0.0034912397000902953	-0.0023333877957199493	-0.0002130043403841622
183823128.624384	-0.0034890093941085023	-0.0023347790826657284	-0.00021299725570603537
183826728.624384	-0.003486779198948799	-0.0023361682247596363	-0.00021299007895836665
183830328.624384	-0.0034845491164868236	-0.0023375552236050844	-0.00021298281026987606
183833928.624384	-0.0034823191485945843	-0.002338940080806212	-0.00021297544976920667
183837528.624384	-0.0034800892971404863	-0.0023403227979678968	-0.000212967997584926
183841128.624384	-0.0034778595639893164	-0.00234170337669574	-0.00021296045384552442
183844728.624384	-0.003475629951002255	-0.0023430818185960615	-0.00021295281867941566
183848328.624384	-0.0034734004600368777	-0.0023444581252758984	-0.0002129450922149365
183851928.624384	-0.0034711710929471607	-0.0023458322983429957	-0.00021293727458034694
183855528.624384	-0.0034689418515834783	-0.0023472043394057993	-0.0002129293659038286
183859128.624384	-0.003466712737792616	-0.002348574250073455	-0.00021292136631348644
183862728.624384	-0.0034644837534177604	-0.002349942031955798	-0.0002129132759373475
183866328.624384	-0.003462254900298511	-0.0023513076866633494	-0.0002129050949033606
183869928.624384	-0.0034600261802708917	-0.0023526712158073145	-0.0002128968233393969
183873528.624384	-0.003457797595167332	-0.002354032620999566	-0.0002128884613732483
183877128.624384	-0.0034555691468166967	-0.002355391903852653	-0.00021288000913262923
183880728.624384	-0.0034533408370442608	-0.0023567490659797802	-0.00021287146674517452
183884328.624384	-0.003451112667671741	-0.0023581041089948134	-0.00021286283433844083
183887928.624384	-0.003448884640517275	-0.002359457034512267	-0.00021285411203990522
183891528.624384	-0.00344665675739544	-0.0023608078441472993	-0.00021284529997696566
183895128.624384	-0.003444429020117255	-0.002362156539515715	-0.0002128363982769411
183898728.624384	-0.003442201430490173	-0.0023635031222339438	-0.0002128274070670703
183902328.624384	-0.0034399739903180934	-0.0023648475939190465	-0.00021281832647451253
183905928.624384	-0.003437746701401363	-0.0023661899561887045	-0.00021280915662634693
183909528.624384	-0.003435519565536784	-0.0023675302106612203	-0.00021279989764957306
183913128.624384	-0.0034332925845176	-0.0023688683589554956	-0.0002127905496711095
183916728.624384	-0.0034310657601335243	-0.0023702044026910475	-0.00021278111281779525
183920328.624384	-0.003428839094170719	-0.0023715383434879844	-0.00021277158721638823
183923928.624384	-0.0034266125884118153	-0.002372870182967009	-0.00021276197299356615
183927528.624384	-0.0034243862446359033	-0.002374199922749411	-0.0002127522702759255
183931128.624384	-0.003422160064618542	-0.0023755275644570593	-0.0002127424791899819
183934728.624384	-0.0034199340501317706	-0.0023768531097124036	-0.00021273259986217023
183938328.624384	-0.00341770820294409	-0.0023781765601384557	-0.00021272263241884357
183941928.624384	-0.0034154825248204823	-0.0023794979173587948	-0.00021271257698627407
183945528.624384	-0.0034132570175224087	-0.0023808171829975567	-0.000212702433690652
183949128.624384	-0.003411031682807819	-0.0023821343586794353	-0.0002126922026580866
183952728.624384	-0.0034088065224311364	-0.0023834494460296626	-0.00021268188401460465
183956328.624384	-0.003406581538143286	-0.0023847624466740197	-0.00021267147788615152
183959928.624384	-0.0034043567316916724	-0.0023860733622388186	-0.00021266098439859005
183963528.624384	-0.0034021321048202007	-0.0023873821943509043	-0.00021265040367770123
183967128.624384	-0.0033999076592692735	-0.002388688944637647	-0.00021263973584918354
183970728.624384	-0.0033976833967757944	-0.002389993614726937	-0.00021262898103865312
183974328.624384	-0.0033954593190731685	-0.0023912962062471775	-0.00021261813937164352
183977928.624384	-0.003393235427891308	-0.002392596720827281	-0.00021260721097360525
183981528.624384	-0.0033910117249566323	-0.002393895160096664	-0.00021259619596990608
183985128.624384	-0.0033887882119920825	-0.002395191525685243	-0.00021258509448583072
183988728.624384	-0.0033865648907171085	-0.0023964858192234277	-0.00021257390664658048
183992328.624384	-0.003384341762847684	-0.0023977780423421143	-0.00021256263257727337
183995928.624384	-0.0033821188300963024	-0.0023990681966726828	-0.00021255127240294366
183999528.624384	-0.00337989609417199	-0.002400356283846993	-0.00021253982624854222
184003128.624384	-0.003377673556780299	-0.0024016423054973746	-0.0002125282942389358
184006728.624384	-0.003375451219623316	-0.0024029262632566262	-0.0002125166764989072
184010328.624384	-0.003373229084399663	-0.0024042081587580064	-0.00021250497315315465
184013928.624384	-0.0033710071528045104	-0.0024054879936352357	-0.0002124931843262925
184017528.624384	-0.003368785426529564	-0.0024067657695224817	-0.0002124813101428501
184021128.624384	-0.003366563907263083	-0.0024080414880543626	-0.00021246935072727235
184024728.624384	-0.003364342596689876	-0.002409315150865935	-0.00021245730620391906
184028328.624384	-0.0033621214964913073	-0.0024105867595926923	-0.00021244517669706536
184031928.624384	-0.0033599006083452976	-0.0024118563158705593	-0.00021243296233090065
184035528.624384	-0.0033576799339263327	-0.0024131238213358857	-0.00021242066322952943
184039128.624384	-0.0033554594749054607	-0.0024143892776254416	-0.00021240827951697053
184042728.624384	-0.0033532392329503015	-0.002415652686376413	-0.00021239581131715714
184046328.624384	-0.0033510192097250444	-0.0024169140492263956	-0.00021238325875393686
184049928.624384	-0.003348799406890456	-0.002418173367813388	-0.000212370621951071
184053528.624384	-0.003346579826103879	-0.0024194306437757855	-0.00021235790103223498
184057128.624384	-0.0033443604690192403	-0.0024206858787523817	-0.00021234509612101811
184060728.624384	-0.0033421413372870493	-0.0024219390743823537	-0.0002123322073409233
184064328.624384	-0.0033399224325544106	-0.0024231902323052683	-0.0002123192348153673
184067928.624384	-0.0033377037564650113	-0.002424439354161061	-0.00021230617866767982
184071528.624384	-0.003335485310659138	-0.0024256864415900465	-0.00021229303902110423
184075128.624384	-0.003333267096773678	-0.0024269314962329044	-0.0002122798159987971
184078728.624384	-0.0033310491164421116	-0.0024281745197306725	-0.0002122665097238277
184082328.624384	-0.0033288313712945333	-0.0024294155137247514	-0.00021225312031917888
184085928.624384	-0.0033266138629576385	-0.00243065447985689	-0.00021223964790774622
184089528.624384	-0.00332439659305473	-0.002431891419769178	-0.0002122260926123375
184093128.624384	-0.003322179563205732	-0.0024331263351040555	-0.000212212454555674
184096728.624384	-0.003319962775027177	-0.0024343592275042902	-0.00021219873386038875
184100328.624384	-0.003317746230132225	-0.002435590098612987	-0.00021218493064902779
184103928.624384	-0.0033155299301306546	-0.0024368189500735718	-0.0002121710450440493
184107528.624384	-0.0033133138766288667	-0.0024380457835297916	-0.00021215707716782357
184111128.624384	-0.003311098071229897	-0.0024392706006257105	-0.0002121430271426333
184114728.624384	-0.0033088825155334132	-0.0024404934030057045	-0.00021212889509067303
184118328.624384	-0.0033066672111357136	-0.0024417141923144515	-0.00021211468113404907
184121928.624384	-0.003304452159629738	-0.002442932970196933	-0.00021210038539477982
184125528.624384	-0.003302237362605068	-0.002444149738298426	-0.0002120860079947949
184129128.624384	-0.0033000228216479312	-0.0024453644982645006	-0.000212071549055936
184132728.624384	-0.003297808538341201	-0.002446577251741011	-0.00021205700869995583
184136328.624384	-0.003295594514264409	-0.002447788000374095	-0.0002120423870485186
184139928.624384	-0.0032933807509937306	-0.002448996745810164	-0.00021202768422319936
184143528.624384	-0.0032911672501020144	-0.002450203489695907	-0.0002120129003454848
184147128.624384	-0.0032889540131587607	-0.0024514082336782772	-0.000211998035536772
184150728.624384	-0.00328674104173014	-0.0024526109794044916	-0.00021198308991836887
184154328.624384	-0.0032845283373789955	-0.002453811728522029	-0.00021196806361149434
184157928.624384	-0.003282315901664839	-0.0024550104826786177	-0.00021195295673727727
184161528.624384	-0.003280103736143863	-0.002456207243522238	-0.00021193776941675732
184165128.624384	-0.003277891842368937	-0.0024574020127011115	-0.00021192250177088395
184168728.624384	-0.0032756802218896187	-0.0024585947918637032	-0.00021190715392051718
184172328.624384	-0.003273468876252156	-0.0024597855826587137	-0.0002118917259864269
184175928.624384	-0.00327125780699948	-0.002460974386735068	-0.0002118762180892923
184179528.624384	-0.003269047015671227	-0.0024621612057419253	-0.00021186063034970288
184183128.624384	-0.003266836503803728	-0.0024633460413286587	-0.0002118449628881573
184186728.624384	-0.003264626272930017	-0.0024645288951448616	-0.00021182921582506365
184190328.624384	-0.003262416324579836	-0.002465709768840337	-0.00021181338928073952
184193928.624384	-0.003260206660279635	-0.002466888664065092	-0.00021179748337541145
184197528.624384	-0.0032579972815525824	-0.002468065582469343	-0.00021178149822921548
184201128.624384	-0.0032557881899185565	-0.002469240525703493	-0.00021176543396219597
184204728.624384	-0.0032535793868941625	-0.0024704134954181456	-0.00021174929069430653
184208328.624384	-0.003251370873992729	-0.002471584493264089	-0.00021173306854540958
184211928.624384	-0.0032491626527243076	-0.0024727535208922914	-0.00021171676763527572
184215528.624384	-0.003246954724595688	-0.0024739205799539023	-0.0002117003880835847
184219128.624384	-0.0032447470911103867	-0.0024750856721002397	-0.00021168393000992397
184222728.624384	-0.0032425397537686616	-0.0024762487989827926	-0.00021166739353379
184226328.624384	-0.003240332714067513	-0.0024774099622532123	-0.0002116507787745873
184229928.624384	-0.0032381259735006812	-0.0024785691635633095	-0.00021163408585162845
184233528.624384	-0.003235919533558658	-0.002479726404565046	-0.0002116173148841341
184237128.624384	-0.003233713395728683	-0.0024808816869105353	-0.00021160046599123298
184240728.624384	-0.0032315075614947537	-0.0024820350122520362	-0.00021158353929196194
184244328.624384	-0.0032293020323376164	-0.00248318638224194	-0.000211566534905265
184247928.624384	-0.0032270968097347892	-0.0024843357985327823	-0.0002115494529499948
184251528.624384	-0.003224891895160546	-0.0024854832627772216	-0.0002115322935449111
184255128.624384	-0.0032226872900859276	-0.0024866287766280447	-0.00021151505680868147
184258728.624384	-0.00322048299597875	-0.002487772341738162	-0.00021149774285988097
184262328.624384	-0.0032182790143035953	-0.0024889139597605936	-0.00021148035181699194
184265928.624384	-0.003216075346521829	-0.0024900536323484808	-0.00021146288379840427
184269528.624384	-0.0032138719940915965	-0.0024911913611550683	-0.0002114453389224151
184273128.624384	-0.0032116689584678173	-0.002492327147833701	-0.00021142771730722838
184276728.624384	-0.0032094662411022096	-0.002493460994037829	-0.0002114100190709557
184280328.624384	-0.003207263843443276	-0.0024945929014209937	-0.0002113922443316156
184283928.624384	-0.0032050617669363113	-0.0024957228716368253	-0.00021137439320713307
184287528.624384	-0.0032028600130234106	-0.002496850906339045	-0.00021135646581534043
184291128.624384	-0.003200658583143466	-0.002497977007181453	-0.00021133846227397627
184294728.624384	-0.0031984574787321833	-0.0024991011758179298	-0.00021132038270068614
184298328.624384	-0.0031962567012220632	-0.0025002234139024243	-0.0002113022272130217
184301928.624384	-0.003194056252042429	-0.00250134372308896	-0.00021128399592844146
184305528.624384	-0.0031918561326194105	-0.0025024621050316223	-0.0002112656889643099
184309128.624384	-0.0031896563443759647	-0.0025035785613845623	-0.00021124730643789797
184312728.624384	-0.003187456888731869	-0.0025046930938019845	-0.0002112288484663826
184316328.624384	-0.0031852577671037247	-0.002505805703938146	-0.00021121031516684643
184319928.624384	-0.0031830589809049652	-0.002506916393447353	-0.00021119170665627804
184323528.624384	-0.003180860531545863	-0.0025080251639839567	-0.00021117302305157187
184327128.624384	-0.0031786624204335227	-0.0025091320172023488	-0.0002111542644695279
184330728.624384	-0.003176464648971893	-0.0025102369547569552	-0.00021113543102685154
184334328.624384	-0.0031742672185617687	-0.0025113399783022344	-0.00021111652284015392
184337928.624384	-0.003172070130600796	-0.002512441089492675	-0.0002110975400259515
184341528.624384	-0.003169873386483471	-0.0025135402899827838	-0.00021107848270066564
184345128.624384	-0.003167676987601147	-0.002514637581427088	-0.00021105935098062283
184348728.624384	-0.0031654809353420413	-0.002515732965480131	-0.0002110401449820549
184352328.624384	-0.0031632852310912313	-0.0025168264437964638	-0.00021102086482109836
184355928.624384	-0.0031610898762306655	-0.0025179180180306448	-0.00021100151061379473
184359528.624384	-0.0031588948721391627	-0.0025190076898372327	-0.00021098208247609016
184363128.624384	-0.003156700220192415	-0.0025200954608707834	-0.00021096258052383577
184366728.624384	-0.0031545059217629955	-0.0025211813327858453	-0.00021094300487278715
184370328.624384	-0.0031523119782203585	-0.0025222653072369573	-0.00021092335563860454
184373928.624384	-0.003150118390930842	-0.0025233473858786394	-0.0002109036329368525
184377528.624384	-0.003147925161257673	-0.0025244275703653935	-0.00021088383688300027
184381128.624384	-0.0031457322905609725	-0.0025255058623516943	-0.00021086396759242113
184384728.624384	-0.0031435397801977518	-0.0025265822634919885	-0.00021084402518039278
184388328.624384	-0.003141347631521931	-0.0025276567754406935	-0.00021082400976209765
184391928.624384	-0.003139155845884321	-0.002528729399852184	-0.00021080392145262183
184395528.624384	-0.0031369644246326414	-0.002529800138380793	-0.00021078376036695557
184399128.624384	-0.0031347733691115265	-0.002530868992680815	-0.00021076352661999359
184402728.624384	-0.0031325826806625156	-0.002531935964406487	-0.0002107432203265343
184406328.624384	-0.003130392360624066	-0.0025330010552119947	-0.0002107228416012801
184409928.624384	-0.0031282024103315514	-0.0025340642667514646	-0.00021070239055883723
184413528.624384	-0.003126012831117274	-0.002535125600678966	-0.00021068186731371631
184417128.624384	-0.003123823624310453	-0.0025361850586484947	-0.00021066127198033122
184420728.624384	-0.003121634791237241	-0.0025372426423139814	-0.00021064060467299985
184424328.624384	-0.003119446333220721	-0.0025382983533292812	-0.00021061986550594374
184427928.624384	-0.003117258251580915	-0.002539352193348173	-0.00021059905459328812
184431528.624384	-0.003115070547634779	-0.002540404164024351	-0.0002105781720490615
184435128.624384	-0.0031128832226962177	-0.0025414542670114297	-0.00021055721798719635
184438728.624384	-0.003110696278076074	-0.002542502503962926	-0.00021053619252152795
184442328.624384	-0.0031085097150821517	-0.0025435488765322735	-0.00021051509576579578
184445928.624384	-0.003106323535019196	-0.0025445933863727996	-0.00021049392783364175
184449528.624384	-0.0031041377391889204	-0.00254563603513774	-0.00021047268883861168
184453128.624384	-0.0031019523288899915	-0.0025466768244802197	-0.0002104513788941539
184456728.624384	-0.003099767305418045	-0.0025477157560532594	-0.00021042999811362003
184460328.624384	-0.003097582670065686	-0.0025487528315097686	-0.00021040854661026468
184463928.624384	-0.0030953984241224868	-0.0025497880525025374	-0.0002103870244972451
184467528.624384	-0.0030932145688750048	-0.0025508214206842452	-0.0002103654318876218
184471128.624384	-0.003091031105606769	-0.0025518529377074393	-0.00021034376889435738
184474728.624384	-0.0030888480355982986	-0.002552882605224548	-0.00021032203563031726
184478328.624384	-0.0030866653601270997	-0.0025539104248878653	-0.00021030023220826975
184481928.624384	-0.0030844830804676675	-0.0025549363983495533	-0.00021027835874088487
184485528.624384	-0.003082301197891499	-0.0025559605272616366	-0.00021025641534073557
184489128.624384	-0.0030801197136670843	-0.002556982813275998	-0.00021023440212029668
184492728.624384	-0.0030779386290599236	-0.0025580032580443755	-0.00021021231919194557
184496328.624384	-0.003075757945332519	-0.002559021863218357	-0.00021019016666796138
184499928.624384	-0.0030735776637443864	-0.002560038630449378	-0.00021016794466052565
184503528.624384	-0.0030713977855520566	-0.0025610535613887183	-0.00021014565328172168
184507128.624384	-0.0030692183120090756	-0.002562066657687492	-0.0002101232926435346
184510728.624384	-0.003067039244366017	-0.002563077920996658	-0.00021010086285785167
184514328.624384	-0.0030648605838704776	-0.002564087352966998	-0.00021007836403646185
184517928.624384	-0.003062682331767082	-0.002565094955249127	-0.00021005579629105556
184521528.624384	-0.0030605044892974883	-0.00256610072949348	-0.0002100331597332253
184525128.624384	-0.003058327057700395	-0.0025671046773503145	-0.00021001045447446525
184528728.624384	-0.003056150038211532	-0.002568106800469701	-0.0002099876806261709
184532328.624384	-0.0030539734320636828	-0.0025691071005015287	-0.00020996483829963973
184535928.624384	-0.00305179724048667	-0.002570105579095487	-0.0002099419276060704
184539528.624384	-0.003049621464707368	-0.002571102237901075	-0.00020991894865656313
184543128.624384	-0.003047446105949706	-0.0025720970785675906	-0.00020989590156211967
184546728.624384	-0.003045271165434671	-0.0025730901027441306	-0.00020987278643364325
184550328.624384	-0.003043096644380306	-0.0025740813120795816	-0.00020984960338193823
184553928.624384	-0.003040922544001722	-0.002575070708222623	-0.0002098263525177108
184557528.624384	-0.0030387488655110955	-0.002576058292821719	-0.0002098030339515684
184561128.624384	-0.0030365756101176727	-0.0025770440675251184	-0.00020977964779401957
184564728.624384	-0.0030344027790277727	-0.002578028033980842	-0.0002097561941554739
184568328.624384	-0.0030322303734447945	-0.0025790101938366933	-0.00020973267314624276
184571928.624384	-0.003030058394569219	-0.0025799905487402445	-0.00020970908487653859
184575528.624384	-0.003027886843598603	-0.0025809691003388334	-0.00020968542945647454
184579128.624384	-0.0030257157217276013	-0.002581945850279567	-0.00020966170699606554
184582728.624384	-0.0030235450301479535	-0.002582920800209311	-0.00020963791760522733
184586328.624384	-0.0030213747700484923	-0.0025838939517746867	-0.00020961406139377662
184589928.624384	-0.0030192049426151554	-0.0025848653066220754	-0.00020959013847143127
184593528.624384	-0.003017035549030977	-0.002585834866397605	-0.00020956614894781006
184597128.624384	-0.0030148665904760996	-0.002586802632747156	-0.00020954209293243273
184600728.624384	-0.003012698068127771	-0.0025877686073163455	-0.00020951797053471934
184604328.624384	-0.00301052998316036	-0.0025887327917505426	-0.00020949378186399176
184607928.624384	-0.003008362336745343	-0.002589695187694844	-0.0002094695270294716
184611528.624384	-0.0030061951300513223	-0.0025906557967940885	-0.00020944520614028176
184615128.624384	-0.003004028364244026	-0.0025916146206928442	-0.00020942081930544566
184618728.624384	-0.0030018620404863084	-0.0025925716610354075	-0.000209396366633887
184622328.624384	-0.002999696159938157	-0.002593526919465799	-0.00020937184823443012
184625928.624384	-0.0029975307237566943	-0.002594480397627763	-0.00020934726421579974
184629528.624384	-0.0029953657330961856	-0.00259543209716476	-0.00020932261468662076
184633128.624384	-0.0029932011891080396	-0.0025963820197199687	-0.00020929789975541874
184636728.624384	-0.0029910370929408106	-0.0025973301669362735	-0.00020927311953061915
184640328.624384	-0.0029888734457402108	-0.0025982765404562783	-0.000209248274120548
184643928.624384	-0.0029867102486491022	-0.0025992211419222787	-0.00020922336363343096
184647528.624384	-0.0029845475028075093	-0.002600163972976283	-0.00020919838817739397
184651128.624384	-0.0029823852093526205	-0.002601105035259991	-0.000209173347860463
184654728.624384	-0.002980223369418787	-0.0026020443304147984	-0.0002091482427905638
184658328.624384	-0.002978061984137539	-0.0026029818600817965	-0.00020912307307552238
184661928.624384	-0.0029759010546375727	-0.0026039176259017582	-0.00020909783882306444
184665528.624384	-0.0029737405820447677	-0.002604851629515145	-0.00020907254014081573
184669128.624384	-0.0029715805674821825	-0.0026057838725620963	-0.0002090471771363015
184672728.624384	-0.002969421012070064	-0.002606714356682434	-0.0002090217499169472
184676328.624384	-0.002967261916925843	-0.0026076430835156486	-0.0002089962585900776
184679928.624384	-0.002965103283164148	-0.002608570054700905	-0.00020897070326291746
184683528.624384	-0.002962945111896801	-0.0026094952718770346	-0.00020894508404259137
184687128.624384	-0.002960787404232823	-0.0026104187366825303	-0.00020891940103612324
184690728.624384	-0.0029586301612784384	-0.0026113404507555472	-0.0002088936543504371
184694328.624384	-0.002956473384137077	-0.0026122604157339004	-0.00020886784409235654
184697928.624384	-0.0029543170739093783	-0.002613178633255053	-0.00020884197036860473
184701528.624384	-0.002952161231693193	-0.00261409510495612	-0.0002088160332858046
184705128.624384	-0.0029500058585835904	-0.0026150098324738674	-0.00020879003295047876
184708728.624384	-0.002947850955672857	-0.0026159228174447	-0.00020876396946904925
184712328.624384	-0.0029456965240505107	-0.00261683406150467	-0.0002087378429478377
184715928.624384	-0.002943542564803282	-0.0026177435662894616	-0.0002087116534930658
184719528.624384	-0.0029413890790151408	-0.0026186513334343904	-0.00020868540121085443
184723128.624384	-0.0029392360677672866	-0.0026195573645744104	-0.00020865908620722426
184726728.624384	-0.002937083532138158	-0.0026204616613441025	-0.00020863270858809553
184730328.624384	-0.00293493147320343	-0.0026213642253776685	-0.00020860626845928783
184733928.624384	-0.0029327798920360266	-0.0026222650583089366	-0.00020857976592652058
184737528.624384	-0.0029306287897061137	-0.00262316416177135	-0.0002085532010954124
184741128.624384	-0.0029284781672811113	-0.0026240615373979725	-0.00020852657407148154
184744728.624384	-0.0029263280258256938	-0.0026249571868214795	-0.00020849988496014592
184748328.624384	-0.0029241783664017917	-0.0026258511116741563	-0.00020847313386672267
184751928.624384	-0.0029220291900685998	-0.0026267433135878956	-0.00020844632089642826
184755528.624384	-0.0029198804978825764	-0.002627633794194197	-0.00020841944615437877
184759128.624384	-0.002917732290897452	-0.002628522555124161	-0.00020839250974558925
184762728.624384	-0.0029155845701642263	-0.002629409598008484	-0.00020836551177497409
184766328.624384	-0.0029134373367311816	-0.0026302949244774655	-0.00020833845234734718
184769928.624384	-0.0029112905916438793	-0.0026311785361609933	-0.00020831133156742126
184773528.624384	-0.002909144335945163	-0.0026320604346885446	-0.0002082841495398085
184777128.624384	-0.0029069985706751695	-0.00263294062168919	-0.00020825690636902002
184780728.624384	-0.0029048532968713246	-0.0026338190987915794	-0.00020822960215946602
184784328.624384	-0.0029027085155683544	-0.0026346958676239478	-0.00020820223701545554
184787928.624384	-0.0029005642277982837	-0.00263557092981411	-0.00020817481104119668
184791528.624384	-0.002898420434590445	-0.0026364442869894547	-0.0002081473243407964
184795128.624384	-0.002896277136971475	-0.002637315940776946	-0.00020811977701826068
184798728.624384	-0.002894134335965326	-0.0026381858928031148	-0.00020809216917749417
184802328.624384	-0.0028919920325932644	-0.002639054144694062	-0.00020806450092230046
184805928.624384	-0.0028898502278738767	-0.0026399206980754516	-0.00020803677235638177
184809528.624384	-0.0028877089228230763	-0.002640785554572509	-0.00020800898358333935
184813128.624384	-0.0028855681184540988	-0.0026416487158100175	-0.00020798113470667275
184816728.624384	-0.002883427815777516	-0.0026425101834123177	-0.00020795322582978064
184820328.624384	-0.0028812880158012293	-0.0026433699590032974	-0.00020792525705595996
184823928.624384	-0.0028791487195304814	-0.002644228044206397	-0.0002078972284884066
184827528.624384	-0.0028770099279678573	-0.002645084440644602	-0.00020786914023021528
184831128.624384	-0.002874871642113285	-0.002645939149940442	-0.00020784099238437914
184834728.624384	-0.002872733862964045	-0.002646792173715985	-0.0002078127850537901
184838328.624384	-0.0028705965915147608	-0.0026476435135928335	-0.00020778451834123845
184841928.624384	-0.0028684598287574245	-0.00264849317119213	-0.0002077561923494136
184845528.624384	-0.002866323575681379	-0.002649341148134544	-0.00020772780718090322
184849128.624384	-0.0028641878332733295	-0.0026501874460402725	-0.0002076993629381937
184852728.624384	-0.0028620526025173497	-0.002651032066529038	-0.0002076708597236702
184856328.624384	-0.002859917884394884	-0.0026518750112200875	-0.00020764229763961672
184859928.624384	-0.0028577836798847457	-0.0026527162817321843	-0.00020761367678821574
184863528.624384	-0.0028556499899631232	-0.0026535558796836074	-0.0002075849972715484
184867128.624384	-0.0028535168156035903	-0.0026543938066921546	-0.00020755625919159472
184870728.624384	-0.002851384157777095	-0.002655230064375128	-0.00020752746265023295
184874328.624384	-0.002849252017451979	-0.0026560646543493426	-0.00020749860774924066
184877928.624384	-0.0028471203955939698	-0.0026568975782311167	-0.00020746969459029376
184881528.624384	-0.002844989293166189	-0.0026577288376362727	-0.00020744072327496694
184885128.624384	-0.0028428587111291527	-0.002658558434180129	-0.00020741169390473365
184888728.624384	-0.0028407286504407775	-0.002659386369477507	-0.00020738260658096603
184892328.624384	-0.0028385991120563857	-0.0026602126451427204	-0.000207353461404935
184895928.624384	-0.0028364700969287053	-0.0026610372627895755	-0.00020732425847780998
184899528.624384	-0.0028343416060078743	-0.002661860224031368	-0.00020729499790065893
184903128.624384	-0.0028322136402414446	-0.0026626815304808815	-0.00020726567977444863
184906728.624384	-0.0028300862005743916	-0.0026635011837503873	-0.0002072363042000447
184910328.624384	-0.002827959287949106	-0.002664319185451635	-0.00020720687127821107
184913928.624384	-0.002825832903305406	-0.0026651355371958554	-0.00020717738110961038
184917528.624384	-0.002823707047580543	-0.00266595024059376	-0.00020714783379480395
184921128.624384	-0.0028215817217091964	-0.00266676329725553	-0.00020711822943425133
184924728.624384	-0.002819456926623487	-0.0026675747087908253	-0.00020708856812831067
184928328.624384	-0.0028173326632529774	-0.002668384476808774	-0.00020705884997723883
184931928.624384	-0.0028152089325246695	-0.0026691926029179676	-0.00020702907508119046
184935528.624384	-0.0028130857353630225	-0.0026699990887264703	-0.0002069992435402196
184939128.624384	-0.002810963072689942	-0.002670803935841803	-0.0002069693554542778
184942728.624384	-0.002808840945424789	-0.0026716071458709476	-0.00020693941092321533
184946328.624384	-0.002806719354484394	-0.002672408720420349	-0.0002069094100467812
184949928.624384	-0.0028045983007830414	-0.002673208661095899	-0.0002068793529246218
184953528.624384	-0.002802477785232491	-0.002674006969502947	-0.00020684923965628256
184957128.624384	-0.002800357808741973	-0.0026748036472462934	-0.00020681907034120694
184960728.624384	-0.0027982383722181905	-0.0026755986959301806	-0.00020678884507873663
184964328.624384	-0.0027961194765653247	-0.002676392117158298	-0.0002067585639681115
184967928.624384	-0.002794001122685047	-0.002677183912533778	-0.00020672822710847015
184971528.624384	-0.002791883311476509	-0.0026779740836591908	-0.00020669783459884903
184975128.624384	-0.0027897660438363525	-0.0026787626321365427	-0.00020666738653818284
184978728.624384	-0.002787649320658715	-0.002679549559567275	-0.00020663688302530468
184982328.624384	-0.00278553314283523	-0.00268033486755226	-0.00020660632415894577
184985928.624384	-0.0027834175112550308	-0.0026811185576917965	-0.00020657571003773566
184989528.624384	-0.002781302426804756	-0.002681900631585612	-0.00020654504076020222
184993128.624384	-0.0027791878903685513	-0.0026826810908328566	-0.00020651431642477184
184996728.624384	-0.002777073902828069	-0.002683459937032097	-0.00020648353712976895
185000328.624384	-0.002774960465062482	-0.002684237171781324	-0.00020645270297341655
185003928.624384	-0.0027728475779484727	-0.0026850127966779385	-0.0002064218140538358
185007528.624384	-0.002770735242360252	-0.00268578681331876	-0.00020639087046904635
185011128.624384	-0.002768623459169549	-0.0026865592233000133	-0.0002063598723169662
185014728.624384	-0.002766512229245622	-0.0026873300282173333	-0.00020632881969541176
185018328.624384	-0.00276440155345526	-0.00268809922966576	-0.00020629771270209803
185021928.624384	-0.0027622914326627837	-0.0026888668292397353	-0.0002062665514346383
185025528.624384	-0.002760181867730053	-0.002689632828533103	-0.00020623533599054464
185029128.624384	-0.002758072859516472	-0.002690397229139109	-0.00020620406646722756
185032728.624384	-0.0027559644088789815	-0.0026911600326503886	-0.00020617274296199576
185036328.624384	-0.002753856516672072	-0.002691921240658973	-0.00020614136557205677
185039928.624384	-0.0027517491837477886	-0.0026926808547562894	-0.00020610993439451654
185043528.624384	-0.0027496424109557265	-0.002693438876533148	-0.00020607844952637958
185047128.624384	-0.002747536199143041	-0.0026941953075797485	-0.00020604691106454898
185050728.624384	-0.002745430549154449	-0.0026949501494856797	-0.00020601531910582663
185054328.624384	-0.0027433254618322296	-0.0026957034038399066	-0.00020598367374691267
185057928.624384	-0.002741220938016233	-0.0026964550722307803	-0.000205951975084406
185061528.624384	-0.0027391169785438837	-0.002697205156246028	-0.00020592022321480393
185065128.624384	-0.002737013584250177	-0.002697953657472754	-0.00020588841823450214
185068728.624384	-0.0027349107559676926	-0.0026987005774974384	-0.0002058565602397952
185072328.624384	-0.0027328084945265944	-0.0026994459179059344	-0.00020582464932687605
185075928.624384	-0.00273070680075463	-0.002700189680283462	-0.00020579268559183596
185079528.624384	-0.0027286056754771406	-0.0027009318662146115	-0.00020576066913066495
185083128.624384	-0.0027265051195170644	-0.0027016724772833418	-0.0002057286000392515
185086728.624384	-0.0027244051336949354	-0.0027024115150729735	-0.0002056964784133823
185090328.624384	-0.002722305718828894	-0.002703148981166189	-0.00020566430434874249
185093928.624384	-0.002720206875734686	-0.002703884877145032	-0.0002056320779409158
185097528.624384	-0.0027181086052256664	-0.002704619204590902	-0.00020559979928538402
185101128.624384	-0.0027160109081128068	-0.002705351965084556	-0.00020556746847752766
185104728.624384	-0.0027139137852046943	-0.0027060831602060994	-0.0002055350856126255
