179655346.441728	153594957166.26538	-26601407532.574753	3572444326.8086643	8865.207812142058	30970.306226475153	1664.364213800236
179658946.441728	153626837043.29962	-26489908423.434433	3578435211.302426	8845.835103494803	30973.64082598621	1663.904847003355
179662546.441728	153658647179.8748	-26378397336.408573	3584424440.970128	8826.463115059805	30976.960608063495	1663.4448660730288
179666146.441728	153690387578.6096	-26266874324.83201	3590412013.6017947	8807.091861244522	30980.26557711414	1662.9842715119864
179669746.441728	153722058242.17456	-26155339442.023674	3596397926.9892626	8787.72135644594	30983.55573756452	1662.5230638244986
179673346.441728	153753659173.29208	-26043792741.286533	3602382178.926186	8768.351615050527	30986.831093860197	1662.0612435163675
179676946.441728	153785190374.73627	-25932234275.907513	3608364767.208044	8748.982651434204	30990.091650465885	1661.5988110949136
179680546.441728	153816651849.33298	-25820664099.15743	3614345689.632144	8729.61447996229	30993.337411865406	1661.135767068964
179684146.441728	153848043599.95978	-25709082264.290928	3620324943.9976277	8710.247114989477	30996.568382561647	1660.6721119488413
179687746.441728	153879365629.5459	-25597488824.546406	3626302528.105477	8690.880570859777	30999.784567076513	1660.2078462463514
179691346.441728	153910617941.07217	-25485883833.145947	3632278439.7585187	8671.514861906495	31002.985969950896	1659.7429704747724
179694946.441728	153941800537.571	-25374267343.295258	3638252676.7614303	8652.150002452177	31006.172595744618	1659.2774851488427
179698546.441728	153972913422.1264	-25262639408.18359	3644225236.9207444	8632.786006808583	31009.344449036405	1658.81139078475
179702146.441728	154003956597.87378	-25151000080.98368	3650196118.0448556	8613.42288927664	31012.50153442383	1658.3446879001206
179705746.441728	154034930068.0001	-25039349414.851685	3656165317.9440236	8594.06066414641	31015.643856523286	1657.8773770140067
179709346.441728	154065833835.74365	-24927687462.927097	3662132834.4303794	8574.699345697041	31018.77141996993	1657.409458646877
179712946.441728	154096667904.39423	-24816014278.3327	3668098665.31793	8555.338948196744	31021.884229417647	1656.9409333206052
179716546.441728	154127432277.2929	-24704329914.17448	3674062808.4225645	8535.979485902742	31024.982289539017	1656.4718015584588
179720146.441728	154158126957.83206	-24592634423.54158	3680025261.5620575	8516.620973061243	31028.06560502526	1656.0020638850888
179723746.441728	154188751949.45535	-24480927859.50621	3685986022.556075	8497.26342390739	31031.134180586196	1655.531720826519
179727346.441728	154219307255.65768	-24369210275.123596	3691945089.226179	8477.90685266524	31034.188020950216	1655.060772910135
179730946.441728	154249792879.9851	-24257481723.431908	3697902459.395833	8458.551273547713	31037.22713086423	1654.5892206646747
179734546.441728	154280208826.03482	-24145742257.452194	3703858130.8904057	8439.196700756562	31040.251515093627	1654.1170646202165
179738146.441728	154310555097.45517	-24033991930.188316	3709812101.537177	8419.843148482338	31043.26117842223	1653.6443053081703
179741746.441728	154340831697.94553	-23922230794.626877	3715764369.1653423	8400.490630904347	31046.256125652275	1653.1709432612663
179745346.441728	154371038631.25632	-23810458903.737156	3721714931.606017	8381.139162190624	31049.23636160434	1652.6969790135458
179748946.441728	154401175901.18893	-23698676310.471054	3727663786.692241	8361.788756497888	31052.20189111733	1652.2224131003504
179752546.441728	154431243511.5957	-23586883067.763012	3733610932.258985	8342.43942797151	31055.152719048416	1651.7472460583124
179756146.441728	154461241466.37988	-23475079228.529953	3739556366.143152	8323.091190745481	31058.088850273012	1651.2714784253446
179759746.441728	154491169769.49557	-23363264845.671223	3745500086.1835856	8303.74405894237	31061.01028968472	1650.7951107406311
179763346.441728	154521028424.9477	-23251439972.06851	3751442090.2210712	8284.398046673294	31063.9170421953	1650.318143544617
179766946.441728	154550817436.79196	-23139604660.585785	3757382376.0983434	8265.053168037884	31066.80911273462	1649.840577378999
179770546.441728	154580536809.13483	-23027758964.06925	3763320941.660088	8245.709437124247	31069.686506250626	1649.3624127867154
179774146.441728	154610186546.13342	-22915902935.34725	3769257784.7529488	8226.366868008934	31072.549227709293	1648.8836503119378
179777746.441728	154639766651.99554	-22804036627.230232	3775192903.2255297	8207.025474756905	31075.397282094586	1648.4042905000606
179781346.441728	154669277130.97958	-22692160092.51066	3781126294.9284005	8187.685271421496	31078.230674408427	1647.9243338976917
179784946.441728	154698717987.39453	-22580273383.962955	3787057957.714102	8168.346272044383	31081.049409670646	1647.4437810526435
179788546.441728	154728089225.59988	-22468376554.34345	3792987889.437147	8149.008490655553	31083.85349291894	1646.9626325139243
179792146.441728	154757390850.00565	-22356469656.390293	3798916087.9540296	8129.671941273267	31086.642929208847	1646.4808888317282
179795746.441728	154786622865.07227	-22244552742.82341	3804842551.1232247	8110.336637904029	31089.417723613686	1645.9985505574264
179799346.441728	154815785275.31058	-22132625866.34443	3810767276.8051953	8091.0025945425505	31092.177881224532	1645.5156182435585
179802946.441728	154844878085.28177	-22020689079.636616	3816690262.8623953	8071.66982517172	31094.92340715017	1645.0320924438236
179806546.441728	154873901299.59738	-21908742435.36482	3822611507.1592736	8052.338343762571	31097.654306517063	1644.5479737130709
179810146.441728	154902854922.9192	-21796785986.175392	3828531007.562279	8033.008164274248	31100.370584469292	1644.0632626072916
179813746.441728	154931738959.9592	-21684819784.696144	3834448761.9398646	8013.679300653976	31103.072246168544	1643.5779596836096
179817346.441728	154960553415.47964	-21572843883.536266	3840364768.16249	7994.351766837027	31105.75929679405	1643.0920655002737
179820946.441728	154989298294.29288	-21460858335.286278	3846279024.1026263	7975.02557674669	31108.43174154256	1642.6055806166485
179824546.441728	155017973601.26138	-21348863192.517956	3852191527.634762	7955.700744294237	31111.08958562829	1642.1185055932056
179828146.441728	155046579341.29764	-21236858507.78427	3858102276.6354036	7936.377283378895	31113.7328342829	1641.630840991516
179831746.441728	155075115519.3642	-21124844333.619335	3864011268.9830823	7917.055207887814	31116.36149275543	1641.1425873742407
179835346.441728	155103582140.47357	-21012820722.53833	3869918502.558356	7897.734531696031	31118.975566312285	1640.6537453051237
179838946.441728	155131979209.6882	-20900787727.037445	3875823975.2438145	7878.415268666448	31121.575060237188	1640.1643153489827
179842546.441728	155160306732.1204	-20788745399.59382	3881727684.924083	7859.097432649795	31124.159979831133	1639.674298071701
179846146.441728	155188564712.9323	-20676693792.665478	3887629629.485826	7839.781037484601	31126.730330412356	1639.1836940402202
179849746.441728	155216753157.3359	-20564632958.691265	3893529806.8177495	7820.466096997166	31129.286117316286	1638.6925038225313
179853346.441728	155244872070.5929	-20452562950.09079	3899428214.8106074	7801.152625001526	31131.827345895515	1638.200727987667
179856946.441728	155272921458.01468	-20340483819.264362	3905324851.357204	7781.84063529943	31134.354021519754	1637.7083671056942
179860546.441728	155300901324.96234	-20228395618.59293	3911219714.352397	7762.530141680303	31136.866149575795	1637.2154217477052
179864146.441728	155328811676.8466	-20116298400.438015	3917112801.6931024	7743.2211579212235	31139.363735467476	1636.721892485811
179867746.441728	155356652519.12772	-20004192217.14166	3923004111.2782974	7723.913697786888	31141.84678461563	1636.2277798931323
179871346.441728	155384423857.31552	-19892077121.026352	3928893641.0090246	7704.607775029587	31144.315302458064	1635.733084543793
179874946.441728	155412125696.96927	-19779953164.39498	3934781388.788395	7685.303403389171	31146.769294449507	1635.2378070129118
179878546.441728	155439758043.69772	-19667820399.53077	3940667352.521591	7666.000596593025	31149.208766061573	1634.741947876595
179882146.441728	155467320903.159	-19555678878.69721	3946551530.1158724	7646.69936835604	31151.633722782724	1634.2455077119284
179885746.441728	155494814281.06058	-19443528654.138	3952433919.4805765	7627.399732380584	31154.044170118235	1633.7484870969706
179889346.441728	155522238183.15927	-19331369778.076996	3958314518.527125	7608.101702356472	31156.440113590153	1633.2508866107453
179892946.441728	155549592615.2611	-19219202302.718143	3964193325.1690245	7588.805291960938	31158.821558737254	1632.7527068332333
179896546.441728	155576877583.22134	-19107026280.245415	3970070337.3218718	7569.510514858611	31161.18851111501	1632.2539483453663
179900146.441728	155604093092.94443	-18994841762.822754	3975945552.903357	7550.217384701481	31163.54097629555	1631.7546117290187
179903746.441728	155631239150.3839	-18882648802.594017	3981818969.8332663	7530.925915128877	31165.878959867612	1631.2546975670007
179907346.441728	155658315761.54242	-18770447451.68291	3987690586.0334854	7511.636119767436	31168.202467436524	1630.7542064430513
179910946.441728	155685322932.47162	-18658237762.192932	3993560399.428004	7492.348012231077	31170.511504624148	1630.2531389418314
179914546.441728	155712260669.2722	-18546019786.20731	3999428407.942917	7473.061606120972	31172.80607706885	1629.7514956489156
179918146.441728	155739128978.09372	-18433793575.788944	4005294609.5064297	7453.776915025523	31175.08619042546	1629.2492771507868
179921746.441728	155765927865.1347	-18321559182.980347	4011159002.048861	7434.49395252033	31177.35185036523	1628.746484034828
179925346.441728	155792657336.64246	-18209316659.80359	4017021583.502645	7415.21273216817	31179.603062575807	1628.2431168893156
179928946.441728	155819317398.91315	-18097066058.26023	4022882351.8023357	7395.933267518964	31181.83983276118	1627.7391763034132
179932546.441728	155845908058.2917	-17984807430.331276	4028741304.884609	7376.655572109757	31184.062166641652	1627.234662867164
179936146.441728	155872429321.17166	-17872540827.977097	4034598440.6882677	7357.379659464684	31186.2700699538	1626.7295771714846
179939746.441728	155898881193.99536	-17760266303.13739	4040453757.1542425	7338.105543094954	31188.463548450436	1626.2239198081577
179943346.441728	155925263683.25366	-17647983907.73111	4046307252.2255964	7318.833236498815	31190.64260790057	1625.7176913698258
179946946.441728	155951576795.48605	-17535693693.656418	4052158923.8475275	7299.562753161533	31192.807254089366	1625.2108924499846
179950546.441728	155977820537.28052	-17423395712.79062	4058008769.967372	7280.294106555365	31194.95749281812	1624.7035236429763
179954146.441728	156003994915.2735	-17311090016.9901	4063856788.5346065	7261.027310139534	31197.0933299042	1624.1955855439828
179957746.441728	156030099936.1499	-17198776658.090282	4069702977.500853	7241.762377360203	31199.214771181025	1623.6870787490197
179961346.441728	156056135606.64297	-17086455687.905552	4075547334.8198805	7222.499321650449	31201.321822498023	1623.1780038549293
179964946.441728	156082101933.53436	-16974127158.229212	4081389858.447607	7203.238156430242	31203.41448972059	1622.6683614593746
179968546.441728	156107998923.65396	-16861791120.83342	4087230546.3421044	7183.978895106415	31205.49277873006	1622.158152160833
179972146.441728	156133826583.87988	-16749447627.469135	4093069396.4636006	7164.721551072641	31207.556695423646	1621.647376558589
179975746.441728	156159584921.1385	-16637096729.866055	4098906406.774482	7145.466137709412	31209.60624571444	1621.1360352527295
179979346.441728	156185273942.40424	-16524738479.732561	4104741575.239297	7126.212668384007	31211.64143553134	1620.624128844136
179982946.441728	156210893654.6997	-16412372928.755665	4110574899.8247585	7106.961156450477	31213.662270819026	1620.1116579344796
179986546.441728	156236444065.09555	-16300000128.600948	4116406378.499747	7087.711615249611	31215.66875753793	1619.5986231262139
179990146.441728	156261925180.7104	-16187620130.912504	4122236009.2353125	7068.464058108922	31217.66090166418	1619.0850250225692
179993746.441728	156287337008.7108	-16075232987.312887	4128063790.004679	7049.218498342613	31219.638709189585	1618.570864227547
179997346.441728	156312679556.31125	-15962838749.403051	4133889718.7832465	7029.974949251563	31221.60218612158	1618.0561413459127
180000946.441728	156337952830.77414	-15850437468.762297	4139713793.548592	7010.733424123296	31223.551338483197	1617.5408569831907
180004546.441728	156363156839.4096	-15738029196.948212	4145536012.2804756	6991.49393623196	31225.48617231302	1617.0250117456576
180008146.441728	156388291589.5756	-15625613985.496618	4151356372.9608397	6972.2564988383065	31227.406693665158	1616.5086062403373
180011746.441728	156413357088.67773	-15513191885.921515	4157174873.573814	6953.021125189662	31229.312908609205	1615.9916410749938
180015346.441728	156438353344.16934	-15400762949.715021	4162991512.1057177	6933.787828519909	31231.204823230197	1615.4741168581263
180018946.441728	156463280363.55133	-15288327228.347324	4168806286.5450616	6914.556622049464	31233.082443628573	1614.956034198963
180022546.441728	156488138154.3722	-15175884773.266624	4174619194.882551	6895.327518985249	31234.945775920154	1614.4373937074552
180026146.441728	156512926724.22794	-15063435635.899073	4180430235.111089	6876.100532520675	31236.794826236088	1613.9181959942719
180029746.441728	156537646080.76205	-14950979867.648722	4186239405.2257776	6856.875675835616	31238.629600722816	1613.3984416707935
180033346.441728	156562296231.66547	-14838517519.89747	4192046703.223921	6837.652962096387	31240.450105542048	1612.878131349107
180036946.441728	156586877184.67645	-14726048644.005009	4197852127.1050286	6818.432404455723	31242.25634687071	1612.3572656419992
180040546.441728	156611388947.58063	-14613573291.308762	4203655674.870817	6799.214016052759	31244.048330900914	1611.8358451629522
180044146.441728	156635831528.21088	-14501091513.123833	4209457344.525213	6779.997810013	31245.826063839922	1611.313870526137
180047746.441728	156660204934.4473	-14388603360.742956	4215257134.0743537	6760.78379944831	31247.58955191011	1610.791342346408
180051346.441728	156684509174.2172	-14276108885.436438	4221055041.5265937	6741.57199745688	31249.33880134892	1610.2682612392982
180054946.441728	156708744255.49496	-14163608138.452099	4226851064.8925033	6722.362417123216	31251.07381840884	1609.744627821013
180058546.441728	156732910186.30215	-14051101171.015228	4232645202.184872	6703.155071518108	31252.794609357356	1609.2204427084248
180062146.441728	156757006974.70724	-13938588034.328522	4238437451.418712	6683.949973698618	31254.501180476913	1608.6957065190682
180065746.441728	156781034628.82578	-13826068779.572033	4244227810.6112595	6664.747136708052	31256.193538064887	1608.1704198711334
180069346.441728	156804993156.8202	-13713543457.903118	4250016277.7819767	6645.54657357594	31257.871688433544	1607.6445833834623
180072946.441728	156828882566.89978	-13601012120.456383	4255802850.952556	6626.348297318019	31259.535637910005	1607.1181976755422
180076546.441728	156852702867.32074	-13488474818.343628	4261587528.1469207	6607.152320936208	31261.185392836203	1606.5912633675005
180080146.441728	156876454066.386	-13375931602.653795	4267370307.391227	6587.958657418589	31262.820959568853	1606.0637810801
180083746.441728	156900136172.44516	-13263382524.452919	4273151186.7138677	6568.767319739386	31264.442344479412	1605.5357514347331
180087346.441728	156923749193.89465	-13150827634.784067	4278930164.145474	6549.578320858946	31266.049553954042	1605.007175053417
180090946.441728	156947293139.17743	-13038266984.667294	4284707237.7189164	6530.391673723717	31267.64259439358	1604.4780525587882
180094546.441728	156970768016.78308	-12925700625.099579	4290482405.469309	6511.207391266227	31269.22147221349	1603.9483845740976
180098146.441728	156994173835.24768	-12813128607.054785	4296255665.4340105	6492.025486405068	31270.786193843836	1603.4181717232054
180101746.441728	157017510603.1538	-12700550981.483599	4302027015.652626	6472.84597204487	31272.33676572924	1602.8874146305757
180105346.441728	157040778329.13046	-12587967799.313478	4307796454.16701	6453.6688610762885	31273.873194328848	1602.3561139212713
180108946.441728	157063977021.85306	-12475379111.448606	4313563979.02127	6434.494166375977	31275.395486116293	1601.8242702209498
180112546.441728	157087106690.0433	-12362784968.76983	4319329588.261764	6415.321900806574	31276.90364757966	1601.291884155857
180116146.441728	157110167342.46924	-12250185422.134619	4325093279.937106	6396.1520772166805	31278.397685221444	1600.758956352823
180119746.441728	157133158987.94507	-12137580522.377003	4330855052.098171	6376.984708440839	31279.87760555852	1600.225487439257
180123346.441728	157156081635.33118	-12024970320.307528	4336614902.79809	6357.819807299519	31281.343415122097	1599.6914780431423
180126946.441728	157178935293.53415	-11912354866.7132	4342372830.092257	6338.657386599094	31282.7951204577	1599.1569287930313
180130546.441728	157201719971.5066	-11799734212.357435	4348128832.038329	6319.497459131823	31284.23272812512	1598.6218403180408
180134146.441728	157224435678.24713	-11687108407.980013	4353882906.696232	6300.3400376758345	31285.65624469837	1598.086213247847
180137746.441728	157247082422.80038	-11574477504.297016	4359635052.128156	6281.185134995103	31287.06567676567	1597.5500482126806
180141346.441728	157269660214.25693	-11461841552.000786	4365385266.398562	6262.032763839435	31288.461030929393	1597.013345843323
180144946.441728	157292169061.75314	-11349200601.75987	4371133547.574184	6242.8829369444475	31289.842313806035	1596.4761067710997
180148546.441728	157314608974.4713	-11236554704.218971	4376879893.724029	6223.735667031553	31291.209532026183	1595.9383316278772
180152146.441728	157336979961.6394	-11123903909.998898	4382624302.919378	6204.590966807936	31292.562692234475	1595.4000210460574
180155746.441728	157359282032.5312	-11011248269.696508	4388366773.233793	6185.448848966539	31293.901801089556	1594.861175658573
180159346.441728	157381515196.46603	-10898587833.88467	4394107302.7431135	6166.309326186044	31295.226865264056	1594.3217960988834
180162946.441728	157403679462.809	-10785922653.112202	4399845889.525459	6147.172411130853	31296.537891444543	1593.7818830009694
180166546.441728	157425774840.97064	-10673252777.903824	4405582531.661236	6128.038116451071	31297.834886331497	1593.2414369993287
180170146.441728	157447801340.40707	-10560578258.76011	4411317227.233132	6108.906454782488	31299.117856639263	1592.7004587289716
180173746.441728	157469758970.61984	-10447899146.157442	4417049974.326125	6089.777438746564	31300.38680909602	1592.1589488254165
180177346.441728	157491647741.15594	-10335215490.54795	4422780771.027479	6070.651080950407	31301.64175044375	1591.6169079246845
180180946.441728	157513467661.6077	-10222527342.359472	4428509615.42675	6051.527393986758	31302.882687438185	1591.0743366632958
180184546.441728	157535218741.61273	-10109834751.995497	4434236505.615787	6032.4063904339755	31304.109626848796	1590.5312356782651
180188146.441728	157556900990.85397	-9997137769.835121	4439961439.68873	6013.288082856015	31305.32257545874	1589.9876056070966
180191746.441728	157578514419.0595	-9884436446.232998	4445684415.74202	5994.172483802413	31306.521540064827	1589.44344708778
180195346.441728	157600059036.00262	-9771730831.519287	4451405431.874391	5975.059605808273	31307.706527477483	1588.898760758786
180198946.441728	157621534851.50165	-9659020975.999605	4457124486.186878	5955.949461394244	31308.87754452072	1588.3535472590615
180202546.441728	157642941875.41998	-9546306929.954977	4462841576.782819	5936.842063066509	31310.0345980321	1587.807807228026
180206146.441728	157664280117.66602	-9433588743.641792	4468556701.767851	5917.737423316761	31311.177694862683	1587.2615413055662
180209746.441728	157685549588.1931	-9320866467.291748	4474269859.249918	5898.635554622197	31312.306841877016	1586.7147501320328
180213346.441728	157706750296.9995	-9208140151.111805	4479981047.33927	5879.53646944549	31313.422045953077	1586.167434348235
180216946.441728	157727882254.12827	-9095409845.284142	4485690264.148462	5860.440180234782	31314.523313982252	1585.6195945954375
180220546.441728	157748945469.66727	-8982675599.966103	4491397507.792363	5841.346699423663	31315.610652869294	1585.071231515355
180224146.441728	157769939953.74908	-8869937465.290152	4497102776.38815	5822.256039431157	31316.684069532286	1584.5223457501488
180227746.441728	157790865716.55103	-8757195491.363823	4502806068.055313	5803.168212661704	31317.74357090261	1583.9729379424218
180231346.441728	157811722768.29498	-8644449728.269672	4508507380.915656	5784.0832315051475	31318.789163924906	1583.4230087352153
180234946.441728	157832511119.24744	-8531700226.065233	4514206713.093299	5765.0011083367135	31319.820855557038	1582.872558772004
180238546.441728	157853230779.71942	-8418947034.782966	4519904062.71468	5745.921855517002	31320.83865277006	1582.3215886966918
180242146.441728	157873881760.0664	-8306190204.430211	4525599427.908554	5726.845485391964	31321.84256254818	1581.7700991536085
180245746.441728	157894464070.6883	-8193429784.989144	4531292806.805998	5707.7720102928915	31322.832591888724	1581.2180907875045
180249346.441728	157914977722.02933	-8080665826.416726	4536984197.54041	5688.7014425364005	31323.808747802104	1580.6655642435478
180252946.441728	157935422724.57812	-7967898378.644655	4542673598.247513	5669.633794424415	31324.771037311773	1580.112520167319
180256546.441728	157955799088.8675	-7855127491.579323	4548361007.0653515	5650.5690782441525	31325.719467454197	1579.5589592048077
180260146.441728	157976106825.47452	-7742353215.101767	4554046422.134299	5631.5073062681095	31326.65404527882	1579.0048820024087
180263746.441728	157996345945.0204	-7629575599.067622	4559729841.597057	5612.448490754045	31327.57477784803	1578.4502892069174
180267346.441728	158016516458.1704	-7516794693.307077	4565411263.598655	5593.39264394497	31328.48167223711	1577.8951814655259
180270946.441728	158036618375.6339	-7404010547.624826	4571090686.286451	5574.339778069124	31329.374735534224	1577.3395594258195
180274546.441728	158056651708.16428	-7291223211.800021	4576768107.81014	5555.2899053399715	31330.25397484036	1576.783423735772
180278146.441728	158076616466.55878	-7178432735.586229	4582443526.321746	5536.243037956179	31331.119397269318	1576.2267750437425
180281746.441728	158096512661.6586	-7065639168.711384	4588116939.975631	5517.199188101605	31331.971009947647	1575.6696139984708
180285346.441728	158116340304.34875	-6952842560.877741	4593788346.928491	5498.158367945283	31332.808820014634	1575.111941249074
180288946.441728	158136099405.55804	-6840042961.761831	4599457745.339359	5479.120589641411	31333.632834622258	1574.5537574450427
180292546.441728	158155789976.25897	-6727240421.014416	4605125133.36961	5460.0858653293335	31334.44306093516	1573.9950632362359
180296146.441728	158175412027.46774	-6614434988.26044	4610790509.182955	5441.054207133529	31335.23950613059	1573.4358592728788
180299746.441728	158194965570.2442	-6501626713.0989895	4616453870.94545	5422.025627163598	31336.0221773984	1572.8761462055581
180303346.441728	158214450615.6917	-6388815645.103243	4622115216.825492	5403.000137514245	31336.79108194099	1572.315924685218
180306946.441728	158233867174.95718	-6276001833.820428	4627774544.993822	5383.977750265269	31337.546226973274	1571.7551953631573
180310546.441728	158253215259.231	-6163185328.771776	4633431853.623527	5364.958477481548	31338.28761972265	1571.1939588910243
180314146.441728	158272494879.7469	-6050366179.452477	4639087140.890039	5345.942331213026	31339.015267428967	1570.6322159208144
180317746.441728	158291706047.78198	-5937544435.331637	4644740404.971142	5326.929323494699	31339.72917734448	1570.069967104865
180321346.441728	158310848774.65674	-5824720145.85223	4650391644.046963	5307.919466346603	31340.429356733825	1569.5072130958533
180324946.441728	158329923071.73477	-5711893360.431054	4656040856.299984	5288.912771773799	31341.115812873977	1568.9439545467912
180328546.441728	158348928950.42297	-5599064128.458691	4661688039.915036	5269.909251766361	31341.788553054223	1568.3801921110223
180332146.441728	158367866422.17133	-5486232499.299455	4667333193.079304	5250.908918299363	31342.447584576115	1567.8159264422181
180335746.441728	158386735498.47293	-5373398522.291357	4672976313.982326	5231.9117833328655	31343.092914753448	1567.2511581943745
180339346.441728	158405536190.86386	-5260562246.746054	4678617400.815994	5212.917858811905	31343.72455091222	1566.6858880218076
180342946.441728	158424268510.92322	-5147723721.948807	4684256451.774559	5193.927156666477	31344.342500390587	1566.120116579151
180346546.441728	158442932470.273	-5034882997.158439	4689893465.054626	5174.939688811527	31344.946770538845	1565.5538445213513
180350146.441728	158461528080.5781	-4922040121.607289	4695528438.855161	5155.955467146939	31345.537368719386	1564.9870725036649
180353746.441728	158480055353.54617	-4809195144.501172	4701161371.377487	5136.974503557517	31346.114302306665	1564.4198011816545
180357346.441728	158498514300.92764	-4696348115.01933	4706792260.825291	5117.996809912979	31346.677578687166	1563.8520312111855
180360946.441728	158516904934.5157	-4583499082.314395	4712421105.404617	5099.022398067943	31347.22720525936	1563.2837632484222
180364546.441728	158535227266.1461	-4470648095.512341	4718047903.323876	5080.051279861912	31347.76318943369	1562.714997949825
180368146.441728	158553481307.69724	-4357795203.712443	4723672652.793841	5061.083467119266	31348.285538632503	1562.1457359721453
180371746.441728	158571667071.09006	-4244940455.987237	4729295352.02765	5042.118971649248	31348.794260290048	1561.5759779724244
180375346.441728	158589784568.288	-4132083901.38247	4734915999.240806	5023.157805245953	31349.289361852425	1561.0057246079878
180378946.441728	158607833811.29684	-4019225588.917065	4740534592.651179	5004.199979688314	31349.770850777557	1560.434976536443
180382546.441728	158625814812.16486	-3906365567.5830736	4746151130.47901	4985.245506740093	31350.238734535145	1559.8637344156757
180386146.441728	158643727582.98257	-3793503886.345636	4751765610.946903	4966.294398149869	31350.693020606643	1559.2919989038464
180389746.441728	158661572135.88284	-3680640594.142938	4757378032.279838	4947.346665651026	31351.133716485223	1558.719770659387
180393346.441728	158679348483.04065	-3567775739.886169	4762988392.705162	4928.402320961741	31351.56082967574	1558.1470503409973
180396946.441728	158697056636.6732	-3454909372.4594793	4768596690.452595	4909.461375784972	31351.974367694682	1557.5738386076418
180400546.441728	158714696609.03973	-3342041540.71994	4774202923.75423	4890.523841808451	31352.374338070167	1557.0001361185464
180404146.441728	158732268412.44165	-3229172293.4974995	4779807090.844533	4871.589730704669	31352.760748341883	1556.4259435331946
180407746.441728	158749772059.22226	-3116301679.5949426	4785409189.960345	4852.659054130864	31353.13360606106	1555.8512615113248
180411346.441728	158767207561.7668	-3003429747.7878485	4791009219.340883	4833.731823729016	31353.492918790434	1555.2760907129261
180414946.441728	158784574932.50247	-2890556546.8245506	4796607177.227739	4814.808051125828	31353.838694104223	1554.7004317982364
180418546.441728	158801874183.89822	-2777682125.4260945	4802203061.864883	4795.887747932721	31354.170939588075	1554.1242854277377
180422146.441728	158819105328.4648	-2664806532.2861967	4807796871.498665	4776.970925745824	31354.489662839052	1553.5476522621536
180425746.441728	158836268378.7547	-2551929816.0712037	4813388604.3778105	4758.057596145959	31354.794871465587	1552.9705329624458
180429346.441728	158853363347.36203	-2439052025.420051	4818978258.7534275	4739.147770698633	31355.086573087443	1552.392928189811
180432946.441728	158870390246.92258	-2326173208.9442234	4824565832.879004	4720.241460954029	31355.364775335693	1551.8148386056778
180436546.441728	158887349090.1136	-2213293415.2277126	4830151325.010408	4701.338678446993	31355.62948585267	1551.2362648717026
180440146.441728	158904239889.6539	-2100412692.8269782	4835734733.405894	4682.439434697025	31355.880712291953	1550.6572076497678
180443746.441728	158921062658.30374	-1987531090.270907	4841316056.326096	4663.543741208268	31356.118462318307	1550.0776676019777
180447346.441728	158937817408.86472	-1874648656.0607717	4846895292.034032	4644.651609469502	31356.342743607674	1549.4976453906556
180450946.441728	158954504154.17978	-1761765438.6701925	4852472438.795107	4625.763050954127	31356.553563847123	1548.9171416783404
180454546.441728	158971122907.13318	-1648881486.5450954	4858047494.87711	4606.878077120161	31356.750930734815	1548.336157127784
180458146.441728	158987673680.6504	-1535996848.1036737	4863620458.550216	4587.996699410223	31356.934851979986	1547.7546924019473
180461746.441728	159004156487.698	-1423111571.7363472	4869191328.086988	4569.11892925153	31357.105335302895	1547.1727481639982
180465346.441728	159020571341.28375	-1310225705.805723	4874760101.762378	4550.244778055882	31357.262388434792	1546.5903250773076
180468946.441728	159036918254.45642	-1197339298.6465561	4880326777.853723	4531.374257219655	31357.406019117894	1546.007423805447
180472546.441728	159053197240.30582	-1084452398.5657098	4885891354.640751	4512.5073781237925	31357.536235105345	1545.4240450121845
180476146.441728	159069408311.96265	-971565053.8421165	4891453830.405581	4493.644152133793	31357.65304416118	1544.840189361483
180479746.441728	159085551482.59854	-858677312.7267382	4897014203.432722	4474.784590599705	31357.756454060294	1544.2558575174962
180483346.441728	159101626765.42593	-745789223.4425284	4902572472.009073	4455.928704856114	31357.846472588404	1543.671050144566
180486946.441728	159117634173.69806	-632900834.184392	4908128634.423926	4437.076506222136	31357.923107542025	1543.0857679072187
180490546.441728	159133573720.70883	-520012193.1191473	4913682688.968966	4418.228006001409	31357.986366728423	1542.5000114701638
180494146.441728	159149445419.7929	-407123348.3854872	4919234633.93827	4399.38321548208	31358.036257965592	1541.9137814982894
180497746.441728	159165249284.32547	-294234348.0939405	4924784467.628309	4380.542145936802	31358.072789082213	1541.3270786566593
180501346.441728	159180985327.72232	-181345240.32683355	4930332188.337952	4361.704808622719	31358.09596791762	1540.739903610511
180504946.441728	159196653563.43973	-68456073.13825196	4935877794.368458	4342.871214781463	31358.105802321777	1540.152257025252
180508546.441728	159212254004.9744	44433105.445997596	4941421284.023485	4324.0413756391445	31358.10230015523	1539.5641395664575
180512146.441728	159227786665.86343	157322247.42842537	4946962655.609087	4305.215302406339	31358.085469289086	1538.975551899866
180515746.441728	159243251559.68427	270211304.8398966	4952501907.433714	4286.393006278086	31358.05531760496	1538.386494691379
180519346.441728	159258648700.0546	383100229.7396692	4958039037.808214	4267.574498433875	31358.011852994972	1537.7969686070553
180522946.441728	159273978100.63232	495988974.2154316	4963574045.045834	4248.759790037641	31357.955083361678	1537.20697431311
180526546.441728	159289239775.11557	608877490.3833401	4969106927.462216	4229.948892237753	31357.885016618067	1536.6165124759111
180530146.441728	159304433737.24252	721765730.3880565	4974637683.375407	4211.141816167009	31357.801660687506	1536.0255837619761
180533746.441728	159319560000.7914	834653646.4027854	4980166311.10585	4192.338572942627	31357.70502350372	1535.4341888379702
180537346.441728	159334618579.58047	947541190.6293114	4985692808.976389	4173.539173666237	31357.595113010753	1534.8423283707027
180540946.441728	159349609487.46786	1060428315.2980362	4991217175.312268	4154.743629423872	31357.47193716293	1534.2500030271244
180544546.441728	159364532738.35165	1173314972.6680155	4996739408.4411335	4135.951951285963	31357.335503924827	1533.6572134743249
180548146.441728	159379388346.1697	1286201115.0269957	5002259506.693033	4117.164150307331	31357.185821271247	1533.0639603795294
180551746.441728	159394176324.8997	1399086694.691451	5007777468.400416	4098.380237527174	31357.02289718717	1532.4702444100965
180555346.441728	159408896688.55896	1511971664.0066202	5013293291.898137	4079.6002239690692	31356.846739667733	1531.8760662335153
180558946.441728	159423549451.20453	1624855975.346542	5018806975.523451	4060.8241206409575	31356.657356718188	1531.2814265174025
180562546.441728	159438134626.93304	1737739581.1140926	5024318517.616016	4042.0519385351395	31356.454756353873	1530.6863259294992
180566146.441728	159452652229.88065	1850622433.7410216	5029827916.517899	4023.2836886282685	31356.23894660018	1530.0907651376692
180569746.441728	159467102274.22296	1963504485.6879883	5035335170.573565	4004.5193818813427	31356.009935492515	1529.4947448098956
180573346.441728	159481484774.1751	2076385689.4445968	5040840278.129889	3985.7590292396985	31355.76773107627	1528.898265614278
180576946.441728	159495799743.99155	2189265997.529433	5046343237.536148	3967.0026416330033	31355.51234140679	1528.3013282190302
180580546.441728	159510047197.96603	2302145362.4900994	5051844047.144028	3948.2502299752487	31355.243774549333	1527.7039332924776
180584146.441728	159524227150.4316	2415023736.903252	5057342705.307618	3929.5018051647435	31354.96203857905	1527.1060815030537
180587746.441728	159538339615.7605	2527901073.3746347	5062839210.383416	3910.7573780841076	31354.667141580943	1526.5077735192986
180591346.441728	159552384608.36414	2640777324.5391145	5068333560.730326	3892.0169596002647	31354.35909164983	1525.9090100098554
180594946.441728	159566362142.69296	2753652443.0607185	5073825754.709659	3873.280560564437	31354.03789689031	1525.3097916434679
180598546.441728	159580272233.23654	2866526381.632667	5079315790.685133	3854.548191812137	31353.70356541674	1524.7101190889784
180602146.441728	159594114894.52335	2979399092.9774103	5084803667.022876	3835.8198641631616	31353.356105353203	1524.1099930153243
180605746.441728	159607890141.12082	3092270529.846662	5090289382.091423	3817.0955884215878	31352.995524833455	1523.5094140915362
180609346.441728	159621597987.63522	3205140645.0214353	5095772934.261718	3798.3753753757633	31352.621832000914	1522.9083829867345
180612946.441728	159635238448.71167	3318009391.312076	5101254321.907113	3779.6592357983027	31352.235035008613	1522.3069003701278
180616546.441728	159648811539.03403	3430876721.5582995	5106733543.403372	3760.9471804460804	31351.83514201918	1521.7049669110097
180620146.441728	159662317273.32483	3543742588.6292233	5112210597.128665	3742.2392200602253	31351.422161204788	1521.1025832787564
180623746.441728	159675755666.34528	3656606945.4234014	5117685481.463574	3723.5353653661145	31350.99610074714	1520.4997501428238
180627346.441728	159689126732.89514	3769469744.8688593	5123158194.791092	3704.835627073367	31350.55696883742	1519.896468172746
180630946.441728	159702430487.8127	3882330939.923128	5128628735.49662	3686.140015875839	31350.10477367627	1519.2927380381311
180634546.441728	159715666945.97476	3995190483.573278	5134097101.967973	3667.448542451617	31349.639523473757	1518.6885604086606
180638146.441728	159728836122.29648	4108048328.8359523	5139563292.595373	3648.761217463014	31349.16122644934	1518.0839359540853
180641746.441728	159741938031.73138	4220904428.757401	5145027305.771456	3630.0780515565625	31348.66989083183	1517.4788653442238
180645346.441728	159754972689.27133	4333758736.413515	5150489139.891269	3611.399055363009	31348.16552485936	1516.8733492489594
180648946.441728	159767940109.94638	4446611204.909859	5155948793.35227	3592.72423949731	31347.648136779364	1516.2673883382379
180652546.441728	159780840308.82483	4559461787.381704	5161406264.55433	3574.0536145586248	31347.117734848525	1515.6609832820652
180656146.441728	159793673301.01303	4672310436.994065	5166861551.899731	3555.3871911303117	31346.57432733276	1515.0541347505048
180659746.441728	159806439101.65546	4785157106.941728	5172314653.793167	3536.7249797799236	31346.017922507177	1514.4468434136752
180663346.441728	159819137725.9346	4898001750.4492855	5177765568.6417465	3518.0669910592005	31345.44852865604	1513.8391099417477
180666946.441728	159831769189.0709	5010844320.771172	5183214294.854989	3499.4132355040665	31344.866154072748	1513.2309350049436
180670546.441728	159844333506.32266	5123684771.191692	5188660830.844829	3480.7637236346245	31344.270807059787	1512.6223192735324
180674146.441728	159856830692.98608	5236523055.02506	5194105175.02561	3462.118465955151	31343.66249592872	1512.0132634178287
180677746.441728	159869260764.39514	5349359125.615421	5199547325.814093	3443.4774729540914	31343.041229000122	1511.4037681081902
180681346.441728	159881623735.92154	5462192936.336898	5204987281.629449	3424.840755104056	31342.407014603585	1510.7938340150154
180684946.441728	159893919622.97464	5575024440.593611	5210425040.893265	3406.208322861814	31341.75986107765	1510.1834618087407
180688546.441728	159906148441.0014	5687853591.819717	5215860602.02954	3387.5801866682905	31341.099776769806	1509.572652159839
180692146.441728	159918310205.48642	5800680343.479442	5221293963.464688	3368.9563569485613	31340.42677003643	1508.9614057388162
180695746.441728	159930404931.9517	5913504649.067106	5226725123.627537	3350.3368441118487	31339.74084924277	1508.3497232162094
180699346.441728	159942432635.95676	6026326462.107165	5232154080.949327	3331.7216585515166	31339.04202276292	1507.737605262585
180702946.441728	159954393333.09845	6139145736.154235	5237580833.863715	3313.110810645068	31338.330298979756	1507.1250525485355
180706546.441728	159966287039.01102	6251962424.793125	5243005380.806769	3294.504310754138	31337.605686284947	1506.5120657446776
180710146.441728	159978113769.3659	6364776481.638872	5248427720.216974	3275.902169224493	31336.86819307889	1505.8986455216502
180713746.441728	159989873539.87186	6477587860.33677	5253847850.535228	3257.3043963860237	31336.117827770693	1505.2847925501117
180717346.441728	160001566366.2747	6590396514.5624	5259265770.204842	3238.7110025527436	31335.354598778133	1504.6705075007374
180720946.441728	160013192264.3574	6703202398.021663	5264681477.671544	3220.121998022784	31334.57851452763	1504.055791044218
180724546.441728	160024751249.93997	6816005464.45081	5270094971.383476	3201.5373930783894	31333.78958345422	1503.440643851257
180728146.441728	160036243338.8794	6928805667.616477	5275506249.791194	3182.957197985916	31332.987814001513	1502.8250665925677
180731746.441728	160047668547.06958	7041602961.315708	5280915311.347669	3164.381422995826	31332.17321462166	1502.2090599388725
180735346.441728	160059026890.44135	7154397299.375993	5286322154.508285	3145.810078342685	31331.34579377533	1501.5926245608991
180738946.441728	160070318384.9623	7267188635.655293	5291726777.730843	3127.2431742451577	31330.505559931677	1500.9757611293794
180742546.441728	160081543046.63684	7379976924.042077	5297129179.475556	3108.680720906006	31329.652521568296	1500.3584703150464
180746146.441728	160092700891.50598	7492762118.455344	5302529358.205056	3090.1227285120854	31328.786687171203	1499.740752788632
180749746.441728	160103791935.64746	7605544172.844662	5307927312.384385	3071.569207234339	31327.908065234802	1499.1226092208665
180753346.441728	160114816195.1756	7718323041.19019	5313323040.481002	3053.0201672277985	31327.01666426185	1498.5040402824734
180756946.441728	160125773686.2412	7831098677.502716	5318716540.964779	3034.4756186315776	31326.112492763423	1497.8850466441697
180760546.441728	160136664425.0316	7943871035.823679	5324107812.308004	3015.935571568871	31325.195559258886	1497.2656289766628
180764146.441728	160147488427.77048	8056640070.225205	5329496852.98538	2997.400036146951	31324.265872275864	1496.6457879506484
180767746.441728	160158245710.71793	8169405734.810134	5334883661.474023	2978.869022457164	31323.323440350207	1496.0255242368078
180771346.441728	160168936290.17032	8282167983.712048	5340268236.253464	2960.342540574928	31322.36827202596	1495.4048385058068
180774946.441728	160179560182.4603	8394926771.0953045	5345650575.805649	2941.8206005597294	31321.40037585533	1494.7837314282926
180778546.441728	160190117403.95663	8507682051.155063	5351030678.614937	2923.303212455122	31320.41976039865	1494.1622036748922
180782146.441728	160200607971.0643	8620433778.117313	5356408543.168102	2904.7903862887215	31319.426434224362	1493.54025591621
180785746.441728	160211031900.22427	8733181906.238909	5361784167.954332	2886.282132072206	31318.420405908964	1492.9178888228257
180789346.441728	160221389207.91357	8845926389.80759	5367157551.46523	2867.7784598013113	31317.401684036995	1492.2951030652923
180792946.441728	160231679910.64517	8958667183.142017	5372528692.194811	2849.2793794558297	31316.370277201	1491.6718993141337
180796546.441728	160241904024.96793	9071404240.5918	5377897588.639504	2830.7849009996066	31315.32619400149	1491.0482782398428
180800146.441728	160252061567.46658	9184137516.537521	5383264239.298155	2812.295034380539	31314.26944304692	1490.4242405128798
180803746.441728	160262152554.7616	9296866965.39077	5388628642.672019	2793.8097895305737	31313.200032953653	1489.7997868036691
180807346.441728	160272177003.50922	9409592541.59417	5393990797.264768	2775.3291763657035	31312.11797234593	1489.1749177825984
180810946.441728	160282134930.40134	9522314199.6214	5399350701.582484	2756.853204785967	31311.02326985584	1488.5496341200155
180814546.441728	160292026352.16544	9635031893.97724	5404708354.133666	2738.3818846754457	31309.91593412328	1487.923936486227
180818146.441728	160301851285.5646	9747745579.197575	5410063753.429224	2719.915225902261	31308.79597379594	1487.2978255514959
180821746.441728	160311609747.39737	9860455209.849443	5415416897.98248	2701.4532383185756	31307.663397529246	1486.6713019860397
180825346.441728	160321301754.49774	9973160740.531054	5420767786.309171	2682.9959317605867	31306.51821398636	1486.0443664600282
180828946.441728	160330927323.73508	10085862125.871819	5426116416.9274435	2664.5433160485295	31305.36043183813	1485.4170196435819
180832546.441728	160340486472.01407	10198559320.532375	5431462788.35786	2646.095400986672	31304.190059763052	1484.7892622067689
180836146.441728	160349979216.2747	10311252279.204622	5436806899.123392	2627.6521963633136	31303.007106447258	1484.1610948196044
180839746.441728	160359405573.49213	10423940956.611738	5442148747.749425	2609.2137119507865	31301.811580584468	1483.5325181520473
180843346.441728	160368765560.6767	10536625307.508215	5447488332.763755	2590.7799575054505	31300.60349087597	1482.903532873999
180846946.441728	160378059194.8738	10649305286.67988	5452825652.696589	2572.3509427676936	31299.38284603058	1482.2741396553013
180850546.441728	160387286493.16394	10761980848.94393	5458160706.080548	2553.9266774619305	31298.149654764624	1481.6443391657338
180854146.441728	160396447472.6625	10874651949.148949	5463493491.450662	2535.507171296601	31296.90392580189	1481.0141320750129
180857746.441728	160405542150.51987	10987318542.174944	5468824007.344371	2517.092433964169	31295.645667873603	1480.3835190527889
180861346.441728	160414570543.92126	11099980582.933367	5474152252.301528	2498.6824751411204	31294.374889718405	1479.7525007686447
180864946.441728	160423532670.0867	11212638026.36714	5479478224.864394	2480.2773044879646	31293.09160008231	1479.1210778920934
180868546.441728	160432428546.27097	11325290827.450686	5484801923.577643	2461.87693164923	31291.795807718674	1478.4892510925763
180872146.441728	160441258189.76352	11437938941.189953	5490123346.988357	2443.4813662534652	31290.487521388175	1477.8570210394616
180875746.441728	160450021617.88846	11550582322.62244	5495442493.646027	2425.0906179132385	31289.16674985877	1477.2243884020418
180879346.441728	160458718848.0045	11663220926.817226	5500759362.102553	2406.7046962251356	31287.833501905672	1476.5913538495315
180882946.441728	160467349897.50476	11775854708.87499	5506073950.912248	2388.3236107697594	31286.48778631131	1475.9579180510666
180886546.441728	160475914783.817	11888483623.928045	5511386258.631828	2369.94737111173	31285.12961186531	1475.3240816757013
180890146.441728	160484413524.4032	12001107627.140354	5516696283.820423	2351.5759867996826	31283.75898736446	1474.6898453924068
180893746.441728	160492846136.7598	12113726673.707567	5522004025.039567	2333.209467366269	31282.37592161267	1474.055209870069
180897346.441728	160501212638.4175	12226340718.857037	5527309480.853204	2314.8478223281554	31280.98042342095	1473.4201757774865
180900946.441728	160509513046.94125	12338949717.84785	5532612649.827683	2296.4910611860223	31279.572501607385	1472.7847437833695
180904546.441728	160517747379.9301	12451553625.970854	5537913530.531764	2278.139193424565	31278.15216499709	1472.1489145563373
180908146.441728	160525915655.01733	12564152398.548672	5543212121.536612	2259.7922285124914	31276.719422422186	1471.512688764916
180911746.441728	160534017889.87018	12676745990.935741	5548508421.415796	2241.4501759025247	31275.274282721777	1470.8760670775373
180915346.441728	160542054102.1899	12789334358.518332	5553802428.7452965	2223.113045031401	31273.816754741907	1470.2390501625366
180918946.441728	160550024309.7118	12901917456.714571	5559094142.103496	2204.7808453198686	31272.346847335535	1469.601638688151
180922546.441728	160557928530.2049	13014495240.974468	5564383560.071182	2186.453586172691	31270.864569362508	1468.9638333225173
180926146.441728	160565766781.47217	13127067666.779942	5569670681.23155	2168.1312769786437	31269.369929689517	1468.3256347336699
180929746.441728	160573539081.3503	13239634689.64484	5574955504.170198	2149.813927110516	31267.862937190086	1467.6870435895398
180933346.441728	160581245447.70978	13352196265.114973	5580238027.47513	2131.501545925111	31266.343600744523	1467.048060557952
180936946.441728	160588885898.45462	13464752348.76813	5585518249.7367525	2113.1941427632446	31264.811929239906	1466.408686306624
180940546.441728	160596460451.5225	13577302896.214102	5590796169.547875	2094.8917269497483	31263.26793157004	1465.768921503164
180944146.441728	160603969124.88464	13689847863.094715	5596071785.503714	2076.594307793467	31261.711616635435	1465.1287668150687
180947746.441728	160611411936.54575	13802387205.083847	5601345096.201883	2058.3018945872604	31260.142993343266	1464.488222909722
180951346.441728	160618788904.54395	13914920877.887453	5606616100.242404	2040.0144966080031	31258.562070607353	1463.847290454393
180954946.441728	160626100046.9507	14027448837.243591	5611884796.227695	2021.7321231165859	31256.968857348125	1463.2059701162339
180958546.441728	160633345381.87085	14139971038.922443	5617151182.762582	2003.4547833579154	31255.36336249259	1462.5642625622786
180962146.441728	160640524927.44244	14252487438.726341	5622415258.454286	1985.1824865609158	31253.745594974305	1461.9221684594409
180965746.441728	160647638701.8367	14364997992.48979	5627677021.912432	1966.9152419385282	31252.11556373335	1461.279688474512
180969346.441728	160654686723.25803	14477502656.079489	5632936471.749044	1948.6530586877125	31250.473277716294	1460.6368232741604
180972946.441728	160661669009.9439	14590001385.394358	5638193606.5785475	1930.3959459894472	31248.818745876164	1459.993573524928
180976546.441728	160668585580.16483	14702494136.365559	5643448425.017765	1912.1439130087315	31247.151977172416	1459.34993989323
180980146.441728	160675436452.2242	14814980864.95652	5648700925.68592	1893.896968894585	31245.472980570903	1458.7059230453522
180983746.441728	160682221644.45847	14927461527.162958	5653951107.204632	1875.6551227800494	31243.781765043852	1458.0615236474496
180987346.441728	160688941175.2368	15039936079.0129	5659198968.197921	1857.4183837821895	31242.078339569827	1457.416742365545
180990946.441728	160695595062.96118	15152404476.566706	5664444507.292202	1839.1867610020938	31240.362713133698	1456.771579865526
180994546.441728	160702183326.06638	15264866675.917095	5669687723.116289	1820.9602635248766	31238.63489472662	1456.1260368131452
180998146.441728	160708705983.0198	15377322633.189167	5674928614.301393	1802.7389004196782	31236.89489334599	1455.4801138740168
181001746.441728	160715163052.3215	15489772304.54042	5680167179.481117	1784.5226807396668	31235.142717995433	1454.8338117136157
181005346.441728	160721554552.5041	15602215646.16078	5685403417.291464	1766.3116135220398	31233.378377684756	1454.1871309972753
181008946.441728	160727880502.13266	15714652614.272617	5690637326.370829	1748.1057077880248	31231.60188142993	1453.5400723901864
181012546.441728	160734140919.80475	15827083165.13077	5695868905.3600025	1729.9049725428818	31229.813238253057	1452.8926365573952
181016146.441728	160740335824.15033	15939507255.022566	5701098152.902169	1711.709416775904	31228.012457182333	1452.2448241638012
181019746.441728	160746465233.83167	16051924840.267849	5706325067.642906	1693.5190494604194	31226.19954725203	1451.5966358741562
181023346.441728	160752529167.54333	16164335877.218996	5711549648.230185	1675.3338795537932	31224.37451750246	1450.9480723530621
181026946.441728	160758527644.0121	16276740322.260939	5716771893.314367	1657.1539159974288	31222.537376979944	1450.2991342649696
181030546.441728	160764460681.99686	16389138131.811186	5721991801.548209	1638.9791677167698	31220.68813473679	1449.6498222741761
181034146.441728	160770328300.28867	16501529262.319847	5727209371.586855	1620.8096436213013	31218.826799831248	1449.0001370448247
181037746.441728	160776130517.7106	16613913670.269651	5732424602.087842	1602.645352604553	31216.9533813275	1448.3500792409016
181041346.441728	160781867353.11777	16726291312.17597	5737637491.711097	1584.4863035440994	31215.067888295624	1447.699649526235
181044946.441728	160787538825.39713	16838662144.586836	5742848039.118935	1566.3325053015637	31213.170329811546	1447.0488485644937
181048546.441728	160793144953.46753	16951026124.082968	5748056242.976061	1548.1839667226184	31211.26071495704	1446.397677019185
181052146.441728	160798685756.2797	17063383207.277786	5753262101.949569	1530.0406966369878	31209.33905281968	1445.746135553653
181055746.441728	160804161252.81607	17175733350.81744	5758465614.708939	1511.9027038584506	31207.405352492813	1445.0942248310773
181059346.441728	160809571462.0908	17288076511.380825	5763666779.92604	1493.7699971848415	31205.459623075538	1444.4419455144716
181062946.441728	160814916403.14966	17400412645.6796	5768865596.2751255	1475.6425853980538	31203.501873672667	1443.789298266681
181066546.441728	160820196095.07004	17512741710.458218	5774062062.4328375	1457.5204772640418	31201.532113394696	1443.1362837503816
181070146.441728	160825410556.96085	17625063662.49393	5779256177.078201	1439.403681532823	31199.55035135779	1442.4829026280784
181073746.441728	160830559807.96243	17737378458.59683	5784447938.892628	1421.2922069384804	31197.556596683728	1441.8291555621033
181077346.441728	160835643867.2466	17849686055.60984	5789637346.559911	1403.1860621991655	31195.5508584999	1441.175043214614
181080946.441728	160840662754.01654	17961986410.40877	5794824398.76623	1385.0852560171004	31193.533145939266	1440.5205662475926
181084546.441728	160845616487.50665	18074279479.902313	5800009094.200145	1366.9897970785808	31191.50346814032	1439.8657253228432
181088146.441728	160850505086.9826	18186565221.032066	5805191431.552599	1348.899694053978	31189.461834247075	1439.2105211019912
181091746.441728	160855328571.7413	18298843590.772556	5810371409.516917	1330.8149555977425	31187.408253409027	1438.5549542464807
181095346.441728	160860086961.11075	18411114546.13126	5815549026.788805	1312.735590348406	31185.342734781127	1437.8990254175744
181098946.441728	160864780274.45	18523378044.148624	5820724282.066349	1294.661606928585	31183.265287523747	1437.2427352763505
181102546.441728	160869408531.14917	18635634041.898075	5825897174.050014	1276.5930139449824	31181.17592080266	1436.586084483702
181106146.441728	160873971750.62924	18747882496.48605	5831067701.442643	1258.5298199883923	31179.074643789005	1435.929073700335
181109746.441728	160878469952.3422	18860123365.052013	5836235862.94946	1240.4720336337016	31176.96146565926	1435.2717035867672
181113346.441728	160882903155.77078	18972356604.768475	5841401657.278064	1222.4196634398932	31174.836395595215	1434.6139748033258
181116946.441728	160887271380.4286	19084582172.841003	5846565083.138432	1204.3727179500493	31172.699442783938	1433.955888010147
181120546.441728	160891574645.8599	19196800026.508255	5851726139.242917	1186.3312056913549	31170.55061641775	1433.2974438671731
181124146.441728	160895812971.63965	19309010123.041985	5856884824.306248	1168.2951351751005	31168.3899256942	1432.6386430341524
181127746.441728	160899986377.37344	19421212419.747066	5862041137.0455265	1150.2645148966856	31166.217379816022	1431.9794861706368
181131346.441728	160904094882.6974	19533406873.96152	5867195076.180231	1132.2393533356217	31164.032987991126	1431.3199739359804
181134946.441728	160908138507.27808	19645593443.056522	5872346640.432212	1114.219658955536	31161.836759432557	1430.6601069893381
181138546.441728	160912117270.81262	19757772084.436417	5877495828.525691	1096.2054402041747	31159.62870335847	1429.9998859896639
181142146.441728	160916031193.02844	19869942755.53875	5882642639.187264	1078.1967055134066	31157.4088289921	1429.33931159571
181145746.441728	160919880293.6833	19982105413.834282	5887787071.145898	1060.1934632992266	31155.177145561727	1428.6783844660242
181149346.441728	160923664592.56525	20094260016.827	5892929123.132927	1042.1957219617586	31152.933662300667	1428.0171052589496
181152946.441728	160927384109.49252	20206406522.05414	5898068793.882059	1024.2034898852603	31150.678388447224	1427.3554746326224
181156546.441728	160931038864.31357	20318544887.0862	5903206082.129369	1006.2167754381258	31148.41133324467	1426.6934932449703
181160146.441728	160934628876.90686	20430675069.526978	5908340986.613298	988.2355869728899	31146.13250594121	1426.0311617537118
181163746.441728	160938154167.18097	20542797027.01356	5913473506.074659	970.259932826232	31143.841915789966	1425.368480816354
181167346.441728	160941614755.0744	20654910717.21636	5918603639.256629	952.2898213189795	31141.539572048943	1424.705451090191
181170946.441728	160945010660.5556	20767016097.83912	5923731384.904751	934.325260756112	31139.225483980998	1424.0420732323032
181174546.441728	160948341903.62292	20879113126.61895	5928856741.7669325	916.366259426765	31136.899660853807	1423.3783478995554
181178146.441728	160951608504.30447	20991201761.326324	5933979708.593446	898.4128256042341	31134.56211193985	1422.7142757485951
181181746.441728	160954810482.65817	21103281959.765106	5939100284.136928	880.4649675459787	31132.21284651637	1422.049857435852
181185346.441728	160957947858.7716	21215353679.772568	5944218467.152377	862.5226934936267	31129.85187386536	1421.3850936175347
181188946.441728	160961020652.762	21327416879.219406	5949334256.397155	844.5860116729781	31127.479203273513	1420.7199849496317
181192546.441728	160964028884.77618	21439471516.009758	5954447650.630982	826.6549302940094	31125.094844032217	1420.0545320879078
181196146.441728	160966972574.99048	21551517548.081215	5959558648.615942	808.7294575508779	31122.69880543751	1419.3887356879038
181199746.441728	160969851743.61072	21663554933.404846	5964667249.116476	790.8096016219258	31120.291096790068	1418.7225964049353
181203346.441728	160972666410.87213	21775583629.985207	5969773450.8993845	772.8953706696849	31117.871727395155	1418.0561148940903
181206946.441728	160975416597.0393	21887603595.860363	5974877252.733826	754.9867728408806	31115.440706562615	1417.3892918102285
181210546.441728	160978102322.4061	21999614789.101906	5979978653.391315	737.0838162664365	31112.998043606836	1416.7221278079796
181214146.441728	160980723607.29565	22111617167.814964	5985077651.645726	719.1865090614792	31110.543747846725	1416.0546235417423
181217746.441728	160983280472.0603	22223610690.138226	5990174246.273284	701.2948593253423	31108.077828605674	1415.3867796656823
181221346.441728	160985772937.08145	22335595314.243942	5995268436.052571	683.4088751415715	31105.600295211538	1414.718596833731
181224946.441728	160988201022.76965	22447570998.337963	6000360219.7645235	665.5285645779288	31103.111156996605	1414.050075699585
181228546.441728	160990564749.56442	22559537700.659737	6005449596.19243	647.6539356863979	31100.610423297574	1413.3812169167034
181232146.441728	160992864137.93423	22671495379.482334	6010536564.121929	629.784996503188	31098.09810345552	1412.7120211383071
181235746.441728	160995099208.3765	22783443993.11246	6015621122.341014	611.9217550487397	31095.57420681586	1412.0424890173779
181239346.441728	160997269981.41745	22895383499.890472	6020703269.640026	594.0642193277286	31093.038742728353	1411.372621206656
181242946.441728	160999376477.61212	23007313858.19039	6025783004.811657	576.2123973290712	31090.491720547034	1410.7024183586395
181246546.441728	161001418717.54425	23119235026.419926	6030860326.650947	558.3662970259297	31087.933149630215	1410.0318811255827
181250146.441728	161003396721.8263	23231146963.02048	6035935233.955282	540.5259263757165	31085.363039340453	1409.3610101594945
181253746.441728	161005310511.09927	23343049626.46717	6041007725.524398	522.6912933200996	31082.78139904451	1408.689806112138
181257346.441728	161007160106.0328	23454942975.26884	6046077800.160374	504.8624057850076	31080.18823811334	1408.0182696350282
181260946.441728	161008945527.32504	23566826967.968075	6051145456.667636	487.03927168063495	31077.58356592205	1407.3464013794307
181264546.441728	161010666795.7025	23678701563.14122	6056210693.852953	469.2218989014471	31074.96739184988	1406.674201996361
181268146.441728	161012323931.9202	23790566719.398396	6061273510.525437	451.41029532618563	31072.33972528018	1406.0016721365828
181271746.441728	161013916956.76135	23902422395.383507	6066333905.496545	433.6044688178735	31069.700575600367	1405.3288124506062
181275346.441728	161015445891.03757	24014268549.774258	6071391877.5800705	415.8044272238206	31067.049952201913	1404.6556235886874
181278946.441728	161016910755.58865	24126105141.282173	6076447425.592152	398.0101783756289	31064.38786448031	1403.9821062008266
181282546.441728	161018311571.28256	24237932128.652607	6081500548.351265	380.221730089198	31061.71432183505	1403.3082609367666
181286146.441728	161019648359.01535	24349749470.66476	6086551244.678225	362.43909016473043	31059.029333669587	1402.6340884459923
181289746.441728	161020921139.71112	24461557126.13169	6091599513.396183	344.66226638673743	31056.332909391316	1401.959589377729
181293346.441728	161022129934.32202	24573355053.900333	6096645353.33063	326.8912665240442	31053.625058411548	1401.28476438094
181296946.441728	161023274763.8281	24685143212.85151	6101688763.30939	309.1260983297958	31050.905790145483	1400.6096141043276
181300546.441728	161024355649.23727	24796921561.89994	6106729742.162623	291.36676954146253	31048.175114012178	1399.9341391963296
181304146.441728	161025372611.58533	24908690059.994263	6111768288.722824	273.61328788084575	31045.43303943452	1399.2583403051194
181307746.441728	161026325671.9358	25020448666.117046	6116804401.824819	255.86566105408372	31042.679575839207	1398.5822180786038
181311346.441728	161027214851.37994	25132197339.2848	6121838080.305765	238.12389675165718	31039.914732656714	1397.9057731644225
181314946.441728	161028040171.03665	25243936038.547993	6126869323.005154	220.3880026483954	31037.13851932127	1397.2290062099464
181318546.441728	161028801652.05243	25355664722.99106	6131898128.764805	202.65798640348183	31034.350945270828	1396.5519178622767
181322146.441728	161029499315.60135	25467383351.732414	6136924496.428866	184.93385566046024	31031.55201994704	1395.8745087682428
181325746.441728	161030133182.88495	25579091883.92448	6141948424.843816	167.21561804724055	31028.74175279523	1395.196779574402
181329346.441728	161030703275.1322	25690790278.753685	6146969912.858458	149.50328117610493	31025.92015326437	1394.5187309270377
181332946.441728	161031209613.59943	25802478495.44047	6151988959.323921	131.79685264371383	31023.08723080705	1393.8403634721583
181336546.441728	161031652219.57034	25914156493.23933	6157005563.093662	114.09634003111206	31020.24299487945	1393.161677855496
181340146.441728	161032031114.35583	26025824231.438793	6162019723.02346	96.40175090373504	31017.387454941316	1392.4826747225056
181343746.441728	161032346319.29407	26137481669.361454	6167031437.971418	78.71309281141488	31014.520620455936	1391.8033547183632
181347346.441728	161032597855.75034	26249128766.36398	6172040706.797961	61.030373288386755	31011.642500890106	1391.1237184879644
181350946.441728	161032785745.11703	26360765481.837128	6177047528.365834	43.35359985329508	31008.753105714117	1390.4437666759243
181354546.441728	161032910008.8136	26472391775.205757	6182051901.540103	25.68278000919994	31005.85244440171	1389.7634999265752
181358146.441728	161032970668.2864	26584007605.92883	6187053825.188153	8.01792124358342	31002.940526430066	1389.0829188839657
181361746.441728	161032967745.00882	26695612933.49944	6192053298.179688	-9.640968971643968	31000.017361279773	1388.4020241918602
181365346.441728	161032901260.48102	26807207717.44481	6197050319.386728	-27.293883180136763	30997.0829584348	1387.720816493736
181368946.441728	161032771236.23004	26918791917.326317	6202044887.683608	-44.94081394110812	30994.137327382465	1387.039296432784
181372546.441728	161032577693.8097	27030365492.739502	6207037001.94698	-62.581753829323176	30991.180477613423	1386.3574646519066
181376146.441728	161032320654.8004	27141928403.314068	6212026661.055809	-80.21669543509248	30988.212418621628	1385.675321793716
181379746.441728	161032000140.80936	27253480608.713905	6217013863.891373	-97.8456313642653	30985.233159904306	1384.9928685005336
181383346.441728	161031616173.47025	27365022068.637108	6221998609.337261	-115.46855423822304	30982.242710961942	1384.3101054143892
181386946.441728	161031168774.44333	27476552742.815968	6226980896.279375	-133.08545669387237	30979.241081298238	1383.6270331770193
181390546.441728	161030657965.41534	27588072591.017	6231960723.605925	-150.69633138363855	30976.2282804201	1382.9436524298656
181394146.441728	161030083768.09946	27699581573.040947	6236938090.207428	-168.30117097545855	30973.204317837597	1382.2599638140744
181397746.441728	161029446204.2352	27811079648.7228	6241912994.976712	-185.89996815277422	30970.169203063957	1381.5759679704954
181401346.441728	161028745295.5884	27922566777.931797	6246885436.80891	-203.49271561452537	30967.12294561552	1380.8916655396804
181404946.441728	161027981063.95117	28034042920.571445	6251855414.601461	-221.07940607514283	30964.06555501172	1380.2070571618817
181408546.441728	161027153531.14178	28145508036.57952	6256822927.254107	-238.66003226454143	30960.997040775062	1379.522143477052
181412146.441728	161026262719.0047	28256962085.928097	6261787973.668895	-256.23458692811306	30957.917412431096	1378.8369251248419
181415746.441728	161025308649.41043	28368405028.62353	6266750552.750173	-273.80306282671955	30954.826679508387	1378.1514027445999
181419346.441728	161024291344.25552	28479836824.7065	6271710663.40459	-291.3654527366855	30951.724851538493	1377.4655769753706
181422946.441728	161023210825.46255	28591257434.251995	6276668304.541095	-308.92174944979115	30948.611938055932	1376.779448455894
181426546.441728	161022067114.97995	28702666817.369335	6281623475.070937	-326.47194577326536	30945.48794859817	1376.093017824604
181430146.441728	161020860234.78207	28814064934.202183	6286576173.907663	-344.0160345297781	30942.35289270558	1375.4062857196275
181433746.441728	161019590206.86902	28925451744.928547	6291526399.967115	-361.5540085574333	30939.206779921435	1374.719252778783
181437346.441728	161018257053.2667	29036827209.760803	6296474152.167433	-379.0858607097617	30936.04961979186	1374.0319196395794
181440946.441728	161016860796.0267	29148191288.945694	6301419429.429048	-396.61158385571315	30932.88142186582	1373.3442869392159
181444546.441728	161015401457.2263	29259543942.764343	6306362230.674686	-414.1311708796496	30929.7021956951	1372.6563553145793
181448146.441728	161013879058.96826	29370885131.53227	6311302554.829368	-431.6446146813373	30926.511950834265	1371.9681254022441
181451746.441728	161012293623.38095	29482214815.59939	6316240400.820401	-449.15190817593964	30923.310696840646	1371.279597838471
181455346.441728	161010645172.61823	29593532955.350033	6321175767.577386	-466.6530442940094	30920.09844327431	1370.590773259206
181458946.441728	161008933728.85934	29704839511.20295	6326108654.032211	-484.14801598148136	30916.87519969803	1369.9016523000782
181462546.441728	161007159314.30893	29816134443.611324	6331039059.119053	-501.63681619966457	30913.640975677274	1369.2122355964007
181466146.441728	161005321951.1969	29927417713.062775	6335966981.774374	-519.1194379252347	30910.395780780163	1368.5225237831678
181469746.441728	161003421661.77847	30038689280.079372	6340892420.936922	-536.5958741502267	30907.139624577456	1367.8325174950546
181473346.441728	161001458468.334	30149949105.21765	6345815375.5477295	-554.0661178820264	30903.87251664252	1367.142217366416
