188733801.898368	65684658992.28856	198129430925.508	10917843226.386097	-20817.222698285314	13213.071328373815	-53.5073992555479
188737401.898368	65609710808.29845	198176979324.84564	10917649571.395266	-20820.656465908167	13202.706200676073	-54.07867569324347
188741001.898368	65534750271.71084	198224490411.01236	10917453860.1448	-20824.08525285061	13192.341789227223	-54.649765718910274
188744601.898368	65459777400.45186	198271964186.58948	10917256093.305779	-20827.509061516328	13181.978095616125	-55.220669336235545
188748201.898368	65384792212.43897	198319400654.1641	10917056271.549265	-20830.927894308057	13171.61512142931	-55.79138654898234
188751801.898368	65309794725.58101	198366799816.32898	10916854395.546307	-20834.341753627603	13161.252868250971	-56.36191736098938
188755401.898368	65234784957.778145	198414161675.68262	10916650465.967941	-20837.750641875824	13150.891337662977	-56.932261776170925
188759001.898368	65159762926.92191	198461486234.82916	10916444483.48519	-20841.15456145264	13140.530531244869	-57.502419798516605
188762601.898368	65084728650.89521	198508773496.37848	10916236448.769058	-20844.553514757026	13130.170450573863	-58.0723914320913
188766201.898368	65009682147.57231	198556023462.94608	10916026362.49054	-20847.947504187014	13119.811097224856	-58.64217668103499
188769801.898368	64934623434.81884	198603236137.15317	10915814225.32061	-20851.33653213969	13109.452472770423	-59.211775549562596
188773401.898368	64859552530.491806	198650411521.6266	10915600037.930233	-20854.72060101119	13099.094578780827	-59.78118804196386
188777001.898368	64784469452.43958	198697549618.99884	10915383800.990355	-20858.099713196723	13088.737416824017	-60.35041416260318
188780601.898368	64709374218.50194	198744650431.90805	10915165515.171904	-20861.47387109053	13078.380988465631	-60.91945391591949
188784201.898368	64634266846.51001	198791713962.998	10914945181.145796	-20864.843077085912	13068.025295269	-61.48830730642609
188787801.898368	64559147354.28632	198838740214.91806	10914722799.582928	-20868.207333575225	13057.670338795153	-62.05697433871051
188791401.898368	64484015759.644806	198885729190.32327	10914498371.15418	-20871.566642949874	13047.316120602813	-62.62545501743438
188795001.898368	64408872080.390755	198932680891.8742	10914271896.53042	-20874.921007600315	13036.962642248405	-63.19374934733328
188798601.898368	64333716334.320885	198979595322.23712	10914043376.382492	-20878.27042991605	13026.609905286057	-63.76185733321659
188802201.898368	64258548539.2233	199026472484.0838	10913812811.381227	-20881.614912285633	13016.257911267605	-64.32977897996736
188805801.898368	64183368712.8775	199073312380.09164	10913580202.197437	-20884.954457096665	13005.90666174259	-64.89751429254217
188809401.898368	64108176873.05441	199120115012.9436	10913345549.501917	-20888.289066735797	12995.55615825827	-65.46506327597096
188813001.898368	64032973037.51635	199166880385.32822	10913108853.96544	-20891.618743588722	12985.20640235961	-66.03242593535694
188816601.898368	63957757224.01705	199213608499.93954	10912870116.258766	-20894.943490040183	12974.857395589297	-66.59960227587638
188820201.898368	63882529450.30168	199260299359.47726	10912629337.052631	-20898.26330847397	12964.509139487736	-67.16659230277851
188823801.898368	63807289734.106804	199306952966.6465	10912386517.017756	-20901.578201272907	12954.161635593055	-67.7333960213854
188827401.898368	63732038093.16042	199353569324.15802	10912141656.82484	-20904.888170818875	12943.814885441105	-68.30001343709178
188831001.898368	63656774545.18196	199400148434.72803	10911894757.144566	-20908.19321949279	12933.468890565464	-68.86644455536491
188834601.898368	63581499107.88227	199446690301.07828	10911645818.647593	-20911.493349674616	12923.123652497443	-69.43268938174445
188838201.898368	63506211798.96364	199493194925.93604	10911394842.00456	-20914.78856374335	12912.779172766084	-69.99874792184232
188841801.898368	63430912636.1198	199539662312.03406	10911141827.886091	-20918.07886407704	12902.435452898166	-70.56462018134255
188845401.898368	63355601637.03591	199586092462.1106	10910886776.962784	-20921.36425305277	12892.092494418204	-71.13030616600113
188849001.898368	63280278819.388596	199632485378.90936	10910629689.905218	-20924.644733046658	12881.750298848458	-71.69580588164591
188852601.898368	63204944200.8459	199678841065.1796	10910370567.383951	-20927.920306433873	12871.408867708926	-72.26111933417641
188856201.898368	63129597799.067345	199725159523.676	10910109410.06952	-20931.190975588608	12861.068202517356	-72.82624652956375
188859801.898368	63054239631.703896	199771440757.1587	10909846218.63244	-20934.456742884107	12850.728304789243	-73.39118747385042
188863401.898368	62978869716.397964	199817684768.39325	10909580993.743204	-20937.71761069264	12840.389176037836	-73.95594217315025
188867001.898368	62903488070.78345	199863891560.15073	10909313736.07228	-20940.973581385522	12830.050817774134	-74.52051063364817
188870601.898368	62828094712.48569	199910061135.2076	10909044446.290121	-20944.224657333096	12819.713231506898	-75.08489286160012
188874201.898368	62752689659.1215	199956193496.3458	10908773125.06715	-20947.470840904745	12809.376418742644	-75.64908886333295
188877801.898368	62677272928.29918	200002288646.35257	10908499773.07377	-20950.712134468882	12799.040380985654	-76.21309864524419
188881401.898368	62601844537.61849	200048346588.0207	10908224390.980362	-20953.948540392958	12788.705119737971	-76.776922213802
188885001.898368	62526404504.67068	200094367324.1483	10907946979.45728	-20957.18006104345	12778.370636499409	-77.34055957554497
188888601.898368	62450952847.03847	200140350857.53888	10907667539.174858	-20960.40669878588	12768.036932767549	-77.90401073708206
188892201.898368	62375489582.296074	200186297191.0014	10907386070.803406	-20963.62845598478	12757.704010037747	-78.46727570509238
188895801.898368	62300014728.00919	200232206327.35016	10907102575.013206	-20966.845335003734	12747.371869803133	-79.0303544863251
188899401.898368	62224528301.73502	200278078269.4048	10906817052.47452	-20970.057338205344	12737.040513554617	-79.59324708759928
188903001.898368	62149030321.02226	200323913019.99033	10906529503.857582	-20973.264467951245	12726.709942780888	-80.15595351580377
188906601.898368	62073520803.411095	200369710581.93716	10906239929.832605	-20976.4667266021	12716.380158968417	-80.71847377789709
188910201.898368	61997999766.43321	200415470958.08102	10905948331.069773	-20979.6641165176	12706.051163601462	-81.2808078809072
188913801.898368	61922467227.61182	200461194151.263	10905654708.239244	-20982.856640056467	12695.72295816207	-81.84295583193149
188917401.898368	61846923204.461624	200506880164.32947	10905359062.011156	-20986.044299576442	12685.39554413008	-82.40491763813655
188921001.898368	61771367714.48886	200552529000.13217	10905061393.055614	-20989.2270974343	12675.068922983122	-82.96669330675807
188924601.898368	61695800775.19127	200598140661.52817	10904761702.042704	-20992.405035985837	12664.743096196624	-83.5282828451007
188928201.898368	61620222404.058105	200643715151.3798	10904459989.642477	-20995.57811758588	12654.418065243814	-84.08968626053792
188931801.898368	61544632618.57017	200689252472.5547	10904156256.524965	-20998.746344588268	12644.093831595717	-84.65090356051188
188935401.898368	61469031436.19977	200734752627.9258	10903850503.36017	-21001.909719345877	12633.77039672117	-85.21193475253331
188939001.898368	61393418874.41075	200780215620.37137	10903542730.818068	-21005.068244210597	12623.447762086807	-85.77277984418136
188942601.898368	61317794950.6585	200825641452.77487	10903232939.568604	-21008.221921533346	12613.125929157082	-86.33343884310345
188946201.898368	61242159682.38994	200871030128.0251	10902921130.281698	-21011.37075366406	12602.804899394252	-86.89391175701516
188949801.898368	61166513087.043526	200916381649.01605	10902607303.627245	-21014.5147429517	12592.484674258392	-87.45419859370007
188953401.898368	61090855182.04928	200961696018.64703	10902291460.275106	-21017.65389174424	12582.165255207396	-88.01429936100965
188957001.898368	61015185984.82874	201006973239.82257	10901973600.895119	-21020.788202388685	12571.846643696974	-88.57421406686312
188960601.898368	60939505512.79504	201052213315.45242	10901653726.15709	-21023.917677231053	12561.52884118066	-89.13394271924733
188964201.898368	60863813783.35283	201097416248.4516	10901331836.730795	-21027.04231861638	12551.211849109814	-89.69348532621657
188967801.898368	60788110813.89834	201142582041.7403	10901007933.285986	-21030.162128888718	12540.895668933623	-90.25284189589253
188971401.898368	60712396621.81935	201187710698.24393	10900682016.49238	-21033.277110391147	12530.580302099104	-90.81201243646406
188975001.898368	60636671224.49523	201232802220.89316	10900354087.019669	-21036.387265465753	12520.265750051107	-91.37099695618713
188978601.898368	60560934639.296906	201277856612.62378	10900024145.53751	-21039.492596453645	12509.952014232314	-91.92979546338465
188982201.898368	60485186883.58687	201322873876.37683	10899692192.715536	-21042.593105694945	12499.639096083252	-92.48840796644633
188985801.898368	60409427974.71919	201367854015.0985	10899358229.223347	-21045.68879552879	12489.32699704228	-93.04683447382858
188989401.898368	60333657930.03954	201412797031.7402	10899022255.730509	-21048.779668293333	12479.015718545608	-93.60507499405436
188993001.898368	60257876766.88516	201457702929.25842	10898684272.906563	-21051.86572632574	12468.705262027286	-94.16312953571305
188996601.898368	60182084502.58488	201502571710.6149	10898344281.421015	-21054.946971962192	12458.395628919214	-94.72099810746035
189000201.898368	60106281154.45911	201547403378.77646	10898002281.943342	-21058.02340753788	12448.086820651142	-95.27868071801807
189003801.898368	60030466739.81987	201592197936.71512	10897658275.142988	-21061.095035387007	12437.778838650676	-95.83617737617406
189007401.898368	59954641275.97079	201636955387.408	10897312261.689365	-21064.16185784279	12427.471684343276	-96.39348809078211
189011001.898368	59878804780.20708	201681675733.83734	10896964242.251856	-21067.223877237462	12417.165359152259	-96.95061287076173
189014601.898368	59802957269.81556	201726358978.99054	10896614217.499807	-21070.281095902254	12406.859864498805	-97.5075517250981
189018201.898368	59727098762.07466	201771005125.86008	10896262188.102535	-21073.33351616742	12396.555201801959	-98.06430466284188
189021801.898368	59651229274.25443	201815614177.44354	10895908154.729324	-21076.381140362213	12386.25137247863	-98.62087169310914
189025401.898368	59575348823.61654	201860186136.74365	10895552118.049423	-21079.4239708149	12375.948377943594	-99.1772528250812
189029001.898368	59499457427.41426	201904721006.7682	10895194078.73205	-21082.462009852756	12365.646219609502	-99.73344806800448
189032601.898368	59423555102.8925	201949218790.53	10894834037.446388	-21085.495259802065	12355.344898886877	-100.2894574311904
189036201.898368	59347641867.287796	201993679491.047	10894471994.86159	-21088.523722988117	12345.044417184119	-100.84528092401524
189039801.898368	59271717737.82831	202038103111.34222	10894107951.646769	-21091.547401735206	12334.744775907506	-101.40091855592003
189043401.898368	59195782731.73384	202082489654.44373	10893741908.471008	-21094.566298366633	12324.445976461198	-101.95637033641037
189047001.898368	59119836866.21582	202126839123.3846	10893373866.003357	-21097.580415204706	12314.14802024724	-102.51163627505639
189050601.898368	59043880158.47733	202171151521.20306	10893003824.912827	-21100.589754570738	12303.850908665561	-103.06671638149253
189054201.898368	58967912625.7131	202215426850.94226	10892631785.868397	-21103.594318785046	12293.554643113983	-103.62161066541746
189057801.898368	58891934285.10948	202259665115.65042	10892257749.539011	-21106.59411016695	12283.259224988215	-104.17631913659397
189061401.898368	58815945153.84451	202303866318.38077	10891881716.593576	-21109.589131034772	12272.96465568186	-104.73084180484878
189065001.898368	58739945249.08787	202348030462.1916	10891503687.700968	-21112.57938370584	12262.670936586424	-105.28517868007243
189068601.898368	58663934588.000885	202392157550.14612	10891123663.53002	-21115.564870496484	12252.378069091306	-105.83932977221923
189072201.898368	58587913187.73657	202436247585.31262	10890741644.749535	-21118.545593722036	12242.08605458381	-106.39329509130701
189075801.898368	58511881065.43959	202480300570.76437	10890357632.028278	-21121.521555696825	12231.79489444914	-106.9470746474171
189079401.898368	58435838238.24628	202524316509.5796	10889971626.034977	-21124.492758734184	12221.504590070412	-107.50066845069412
189083001.898368	58359784723.28465	202568295404.84146	10889583627.438324	-21127.459205146446	12211.215142828649	-108.05407651134593
189086601.898368	58283720537.6744	202612237259.63818	10889193636.906975	-21130.42089724494	12200.926554102783	-108.60729883964342
189090201.898368	58207645698.52689	202656142077.06287	10888801655.109547	-21133.377837340002	12190.638825269665	-109.16033544592047
189093801.898368	58131560222.94518	202700009860.21362	10888407682.714619	-21136.330027740958	12180.35195770406	-109.71318634057371
189097401.898368	58055464128.02402	202743840612.19348	10888011720.390736	-21139.27747075614	12170.065952778652	-110.26585153406253
189101001.898368	57979357430.84983	202787634336.11044	10887613768.806402	-21142.22016869287	12159.780811864048	-110.81833103690886
189104601.898368	57903240148.500755	202831391035.07736	10887213828.630085	-21145.158123857476	12149.496536328777	-111.37062485969705
189108201.898368	57827112298.046616	202875110712.2121	10886811900.530214	-21148.091338555274	12139.213127539299	-111.92273301307378
189111801.898368	57750973896.54895	202918793370.6374	10886407985.17518	-21151.019815090578	12128.930586859999	-112.47465550774793
189115401.898368	57674824961.061	202962439013.48087	10886002083.233335	-21153.943555766702	12118.648915653195	-113.0263923544904
189119001.898368	57598665508.6277	203006047643.8751	10885594195.372992	-21156.86256288595	12108.368115279141	-113.57794356413406
189122601.898368	57522495556.28573	203049619264.95752	10885184322.262424	-21159.77683874963	12098.088187096027	-114.12930914757358
189126201.898368	57446315121.06345	203093153879.87045	10884772464.569868	-21162.686385658028	12087.80913245998	-114.68048911576531
189129801.898368	57370124219.98098	203136651491.7611	10884358622.963516	-21165.591205910438	12077.530952725072	-115.23148347972717
189133401.898368	57293922870.05013	203180112103.7816	10883942798.111525	-21168.49130180514	12067.253649243316	-115.78229225053853
189137001.898368	57217711088.27446	203223535719.0888	10883524990.68201	-21171.386675639413	12056.97722336467	-116.33291543934003
189140601.898368	57141488891.64925	203266922340.84457	10883105201.343046	-21174.27732970952	12046.701676437051	-116.88335305733354
189144201.898368	57065256297.161514	203310271972.2155	10882683430.762669	-21177.163266310723	12036.427009806317	-117.43360511578196
189147801.898368	56989013321.790016	203353584616.37314	10882259679.608871	-21180.04448773727	12026.153224816284	-117.98367162600915
189151401.898368	56912759982.50526	203396860276.49377	10881833948.549606	-21182.920996282402	12015.880322808725	-118.5335525993998
189155001.898368	56836496296.269485	203440098955.75854	10881406238.252787	-21185.792794238354	12005.608305123375	-119.08324804739925
189158601.898368	56760222280.0367	203483300657.35345	10880976549.386282	-21188.659883896344	11995.337173097923	-119.63275798151346
189162201.898368	56683937950.75264	203526465384.46927	10880544882.617922	-21191.52226754658	11985.066928068029	-120.18208241330882
189165801.898368	56607643325.35482	203569593140.30154	10880111238.615494	-21194.379947478268	11974.797571367317	-120.73122135441206
189169401.898368	56531338420.77251	203612683928.0507	10879675618.046743	-21197.23292597959	11964.52910432738	-121.28017481651008
189173001.898368	56455023253.926735	203655737750.92188	10879238021.579374	-21200.081205337727	11954.261528277779	-121.82894281134992
189176601.898368	56378697841.7303	203698754612.12506	10878798449.881048	-21202.924787838838	11943.994844546056	-122.37752535073852
189180201.898368	56302362201.087776	203741734514.87497	10878356903.61938	-21205.763675768074	11933.729054457724	-122.9259224465427
189183801.898368	56226016348.895515	203784677462.3911	10877913383.46195	-21208.597871409576	11923.464159336278	-123.474134110689
189187401.898368	56149660302.04163	203827583457.89774	10877467890.076288	-21211.427377046464	11913.200160503191	-124.02216035516354
189191001.898368	56073294077.406044	203870452504.62387	10877020424.129883	-21214.25219496085	11902.937059277921	-124.57000119201193
189194601.898368	55996917691.86044	203913284605.80325	10876570986.29018	-21217.072327433823	11892.674856977916	-125.11765663333914
189198201.898368	55920531162.26831	203956079764.6744	10876119577.224583	-21219.887776745465	11882.413554918605	-125.66512669130937
189201801.898368	55844134505.48493	203998837984.48053	10875666197.600449	-21222.69854517484	11872.153154413414	-126.21241137814592
189205401.898368	55767727738.357376	204041559268.4696	10875210848.08509	-21225.504634999998	11861.89365677376	-126.7595107061311
189209001.898368	55691310877.724525	204084243619.89432	10874753529.34578	-21228.306048497965	11851.635063309057	-127.30642468760608
189212601.898368	55614883940.41705	204126891042.01202	10874294242.04974	-21231.102787944757	11841.377375326716	-127.85315333497083
189216201.898368	55538446943.257454	204169501538.0848	10873832986.864153	-21233.89485561537	11831.12059413215	-128.39969666068387
189219801.898368	55461999903.06003	204212075111.3795	10873369764.456154	-21236.68225378378	11820.864721028773	-128.94605467726234
189223401.898368	55385542836.63089	204254611765.1675	10872904575.492832	-21239.464984722952	11810.609757318009	-129.49222739728168
189227001.898368	55309075760.767975	204297111502.725	10872437420.641233	-21242.243050704827	11800.355704299285	-130.03821483337563
189230601.898368	55232598692.26104	204339574327.33282	10871968300.568357	-21245.016454000324	11790.102563270042	-130.5840169982361
189234201.898368	55156111647.89167	204382000242.2765	10871497215.941156	-21247.78519687935	11779.850335525733	-131.12963390461303
189237801.898368	55079614644.43328	204424389250.84613	10871024167.426538	-21250.549281610787	11769.599022359824	-131.67506556531424
189241401.898368	55003107698.65112	204466741356.33655	10870549155.691364	-21253.308710462497	11759.348625063802	-132.2203119932054
189245001.898368	54926590827.302284	204509056562.04718	10870072181.40245	-21256.063485701325	11749.099144927173	-132.76537320120983
189248601.898368	54850064047.13569	204551334871.28214	10869593245.226564	-21258.81360959309	11738.850583237465	-133.3102492023084
189252201.898368	54773527374.89211	204593576287.35016	10869112347.830427	-21261.559084402594	11728.60294128023	-133.85494000953943
189255801.898368	54696980827.30418	204635780813.56458	10868629489.880713	-21264.299912393613	11718.35622033905	-134.39944563599855
189259401.898368	54620424421.09635	204677948453.24335	10868144672.044048	-21267.036095828902	11708.110421695534	-134.94376609483857
189263001.898368	54543858172.98496	204720079209.70908	10867657894.987015	-21269.767636970195	11697.865546629324	-135.4879013992694
189266601.898368	54467282099.67821	204762173086.2889	10867169159.376143	-21272.4945380782	11687.621596418097	-136.0318515625579
189270201.898368	54390696217.87613	204804230086.31464	10866678465.877916	-21275.216801412607	11677.378572337568	-136.57561659802784
189273801.898368	54314100544.27065	204846250213.12262	10866185815.158773	-21277.93442923208	11667.136475661488	-137.11919651905964
189277401.898368	54237495095.54557	204888233470.0538	10865691207.885101	-21280.64742379425	11656.895307661653	-137.66259133909037
189281001.898368	54160879888.37654	204930179860.4537	10865194644.723238	-21283.355787355733	11646.655069607903	-138.20580107161356
189284601.898368	54084254939.43111	204972089387.67242	10864696126.339474	-21286.05952217212	11636.415762768122	-138.74882573017916
189288201.898368	54007620265.36869	205013962055.0646	10864195653.400053	-21288.758630497974	11626.177388408245	-139.29166532839338
189291801.898368	53930975882.84061	205055797865.98944	10863693226.571167	-21291.45311458683	11615.939947792256	-139.83431987991852
189295401.898368	53854321808.49005	205097596823.8107	10863188846.518957	-21294.142976691204	11605.703442182197	-140.37678939847294
189299001.898368	53777658058.95211	205139358931.89667	10862682513.90952	-21296.828219062576	11595.467872838162	-140.9190738978309
189302601.898368	53700984650.853775	205181084193.62018	10862174229.408897	-21299.508843951404	11585.233241018306	-141.46117339182254
189306201.898368	53624301600.813934	205222772612.35855	10861663993.683086	-21302.18485360712	11574.999547978843	-142.00308789433353
189309801.898368	53547608925.44338	205264424191.49368	10861151807.398031	-21304.856250278124	11564.76679497405	-142.54481741930522
189313401.898368	53470906641.34482	205306038934.41193	10860637671.219624	-21307.523036211795	11554.534983256272	-143.08636198073435
189317001.898368	53394194765.11285	205347616844.50418	10860121585.81371	-21310.185213654477	11544.30411407592	-143.62772159267305
189320601.898368	53317473313.334	205389157925.16583	10859603551.846079	-21312.842784851488	11534.074188681476	-144.1688962692286
189324201.898368	53240742302.586716	205430662179.79675	10859083569.982475	-21315.495752047114	11523.845208319495	-144.70988602456347
189327801.898368	53164001749.44137	205472129611.80127	10858561640.88859	-21318.144117484615	11513.617174234607	-145.25069087289506
189331401.898368	53087251670.46024	205513560224.58826	10858037765.230062	-21320.78788340622	11503.390087669517	-145.79131082849568
189335001.898368	53010492082.19757	205554954021.571	10857511943.67248	-21323.42705205313	11493.163949865015	-146.33174590569237
189338601.898368	52933723001.1995	205596311006.1673	10856984176.881378	-21326.061625665512	11482.938762059968	-146.8719961188669
189342201.898368	52856944444.004135	205637631181.79935	10856454465.522243	-21328.691606482498	11472.71452549133	-147.41206148245544
189345801.898368	52780156427.1415	205678914551.89383	10855922810.260508	-21331.316996742196	11462.491241394142	-147.95194201094873
189349401.898368	52703358967.133575	205720161119.88184	10855389211.761549	-21333.937798681683	11452.268911001534	-148.49163771889172
189353001.898368	52626552080.49429	205761370889.19894	10854853670.690699	-21336.554014537	11442.047535544727	-149.0311486208836
189356601.898368	52549735783.72953	205802543863.28516	10854316187.713228	-21339.16564654315	11431.827116253036	-149.57047473157766
189360201.898368	52472910093.33712	205843680045.58484	10853776763.494362	-21341.77269693412	11421.607654353873	-150.1096160656811
189363801.898368	52396075025.80686	205884779439.54684	10853235398.699268	-21344.375167942846	11411.389151072746	-150.64857263795508
189367401.898368	52319230597.620514	205925842048.6244	10852692093.993065	-21346.97306180124	11401.171607633269	-151.1873444632144
189371001.898368	52242376825.2518	205966867876.2751	10852146850.040812	-21349.56638074018	11390.955025257153	-151.72593155632754
189374601.898368	52165513725.16641	206007856925.96097	10851599667.507519	-21352.155126989506	11380.73940516422	-152.26433393221652
189378201.898368	52088641313.82203	206048809201.14847	10851050547.058142	-21354.739302778027	11370.524748572398	-152.8025516058567
189381801.898368	52011759607.66829	206089724705.30835	10850499489.357582	-21357.318910333517	11360.311056697723	-153.34058459227683
189385401.898368	51934868623.146835	206130603441.9158	10849946495.070684	-21359.893951882714	11350.098330754347	-153.87843290655877
189389001.898368	51857968376.69128	206171445414.45035	10849391564.862244	-21362.46442965132	11339.886571954532	-154.41609656383747
189392601.898368	51781058884.72722	206212250626.3959	10848834699.396996	-21365.030345864005	11329.675781508664	-154.95357557930086
189396201.898368	51704140163.67226	206253019081.2407	10848275899.339624	-21367.591702744397	11319.465960625244	-155.49086996818968
189399801.898368	51627212229.93599	206293750782.47733	10847715165.354757	-21370.148502515094	11309.257110510896	-156.02797974579744
189403401.898368	51550275099.92001	206334445733.60275	10847152498.10697	-21372.700747397652	11299.049232370367	-156.56490492747025
189407001.898368	51473328790.01793	206375103938.11823	10846587898.260777	-21375.24843961259	11288.842327406532	-157.10164552860672
189410601.898368	51396373316.61534	206415725399.52933	10846021366.480642	-21377.7915813794	11278.636396820393	-157.63820156465792
189414201.898368	51319408696.089874	206456310121.346	10845452903.430971	-21380.33017491652	11268.431441811084	-158.17457305112714
189417801.898368	51242434944.81116	206496858107.0825	10844882509.776115	-21382.86422244136	11258.227463575875	-158.71076000356987
189421401.898368	51165452079.14085	206537369360.25732	10844310186.180368	-21385.393726170296	11248.024463310167	-159.2467624375937
189425001.898368	51088460115.432625	206577843884.39334	10843735933.307968	-21387.91868831866	11237.822442207502	-159.78258036885813
189428601.898368	51011459070.03219	206618281683.01767	10843159751.823097	-21390.43911110074	11227.62140145956	-160.31821381307455
189432201.898368	50934448959.27728	206658682759.6617	10842581642.38988	-21392.954996729793	11217.42134225617	-160.85366278600605
189435801.898368	50857429799.497665	206699047117.86118	10842001605.672384	-21395.466347418038	11207.222265785296	-161.38892730346737
189439401.898368	50780401607.015144	206739374761.15607	10841419642.334621	-21397.973165376647	11197.024173233056	-161.92400738132477
189443001.898368	50703364398.14357	206779665693.09058	10840835753.040546	-21400.475452815757	11186.827065783715	-162.4589030354959
189446601.898368	50626318189.18884	206819919917.21323	10840249938.454056	-21402.973211944463	11176.63094461969	-162.9936142819497
189450201.898368	50549262996.4489	206860137437.07678	10839662199.238987	-21405.46644497082	11166.435810921555	-163.52814113670635
189453801.898368	50472198836.21373	206900318256.23822	10839072536.059122	-21407.955154101848	11156.241665868036	-164.06248361583707
189457401.898368	50395125724.76539	206940462378.25882	10838480949.578184	-21410.439341543515	11146.04851063602	-164.59664173546406
189461001.898368	50318043678.37799	206980569806.704	10837887440.459839	-21412.919009500754	11135.856346400553	-165.1306155117604
189464601.898368	50240952713.31772	207020640545.1435	10837292009.367693	-21415.394160177453	11125.665174334848	-165.66440496094992
189468201.898368	50163852845.84281	207060674597.1512	10836694656.965294	-21417.864795776466	11115.47499561028	-166.1980100993071
189471801.898368	50086744092.20358	207100671966.3053	10836095383.916132	-21420.330918499596	11105.285811396394	-166.731430943157
189475401.898368	50009626468.642426	207140632656.18808	10835494190.883636	-21422.792530547606	11095.097622860903	-167.264667508875
189479001.898368	49932499991.393814	207180556670.3861	10834891078.531181	-21425.249634120217	11084.910431169696	-167.79771981288692
189482601.898368	49855364676.684296	207220444012.4901	10834286047.522078	-21427.70223141611	11074.724237486831	-168.3305878716688
189486201.898368	49778220540.73251	207260294686.09503	10833679098.519579	-21430.15032463292	11064.539042974548	-168.86327170174673
189489801.898368	49701067599.7492	207300108694.79993	10833070232.18688	-21432.593915967234	11054.354848793262	-169.39577131969682
189493401.898368	49623905869.93717	207339886042.20813	10832459449.187113	-21435.033007614606	11044.171656101573	-169.92808674214515
189497001.898368	49546735367.49136	207379626731.92703	10831846750.183352	-21437.467601769535	11033.989466056262	-170.46021798576754
189500601.898368	49469556108.59879	207419330767.56827	10831232135.83861	-21439.89770062548	11023.808279812298	-170.99216506728948
189504201.898368	49392368109.43859	207458998152.74762	10830615606.815842	-21442.323306374856	11013.628098522835	-171.52392800348608
189507801.898368	49315171386.18199	207498628891.08496	10829997163.777939	-21444.744421209034	11003.448923339221	-172.05550681118194
189511401.898368	49237965954.992355	207538222986.20438	10829376807.387735	-21447.161047318335	10993.270755410997	-172.58690150725099
189515001.898368	49160751832.02515	207577780441.734	10828754538.308	-21449.57318689204	10983.093595885895	-173.11811210861643
189518601.898368	49083529033.42795	207617301261.3062	10828130357.201447	-21451.980842118384	10972.917445909849	-173.64913863225067
189522201.898368	49006297575.340485	207656785448.5574	10827504264.730722	-21454.38401518455	10962.742306626986	-174.17998109517512
189525801.898368	48929057473.89459	207696233007.12814	10826876261.558414	-21456.782708276685	10952.56817917964	-174.71063951446015
189529401.898368	48851808745.21424	207735643940.6631	10826246348.34705	-21459.17692357988	10942.395064708347	-175.24111390722499
189533001.898368	48774551405.41554	207775018252.81097	10825614525.759094	-21461.566663278183	10932.22296435185	-175.77140429063758
189536601.898368	48697285470.60674	207814355947.2247	10824980794.45695	-21463.951929554598	10922.051879247098	-176.3015106819145
189540201.898368	48620010956.88824	207853657027.56122	10824345155.102955	-21466.332724591077	10911.881810529254	-176.83143309832087
189543801.898368	48542727880.35256	207892921497.48154	10823707608.35939	-21468.709050568526	10901.71275933169	-177.36117155717025
189547401.898368	48465436257.084404	207932149360.6508	10823068154.888472	-21471.08090966681	10891.544726785998	-177.89072607582446
189551001.898368	48388136103.16061	207971340620.73813	10822426795.352352	-21473.448304064732	10881.377714021983	-178.42009667169359
189554601.898368	48310827434.65017	208010495281.41684	10821783530.413122	-21475.811235940062	10871.211722167669	-178.94928336223578
189558201.898368	48233510267.61426	208049613346.3642	10821138360.73281	-21478.169707469515	10861.046752349304	-179.47828616495724
189561801.898368	48156184618.10619	208088694819.26157	10820491286.97338	-21480.523720828758	10850.88280569136	-180.00710509741202
189565401.898368	48078850502.171486	208127739703.79434	10819842309.796732	-21482.873278192408	10840.719883316535	-180.53574017720197
189569001.898368	48001507935.8478	208166748003.65195	10819191429.864706	-21485.218381734034	10830.557986345753	-181.0641914219767
189572601.898368	47924156935.164986	208205719722.52786	10818538647.839075	-21487.55903362616	10820.397115898171	-181.59245884943329
189576201.898368	47846797516.145065	208244654864.1196	10817883964.38155	-21489.89523604025	10810.237273091177	-182.1205424773164
189579801.898368	47769429694.80226	208283553432.12863	10817227380.153776	-21492.226991146734	10800.078459040398	-182.64844232341807
189583401.898368	47692053487.142975	208322415430.26053	10816568895.817337	-21494.55430111498	10789.920674859692	-183.17615840557752
189587001.898368	47614668909.165794	208361240862.2248	10815908512.03375	-21496.877168113308	10779.76392166116	-183.70369074168127
189590601.898368	47537275976.86152	208400029731.735	10815246229.46447	-21499.195594308992	10769.608200555147	-184.2310393496628
189594201.898368	47459874706.213135	208438782042.50864	10814582048.770885	-21501.509581868253	10759.453512650236	-184.75820424750265
189597801.898368	47382465113.19583	208477497798.26724	10813915970.614319	-21503.81913295626	10749.29985905326	-185.28518545322814
189601401.898368	47305047213.777016	208516177002.73633	10813247995.65603	-21506.12424973714	10739.147240869299	-185.81198298491344
189605001.898368	47227621023.9163	208554819659.64532	10812578124.557215	-21508.42493437395	10728.995659201684	-186.33859686067933
189608601.898368	47150186559.565506	208593425772.72772	10811906357.979	-21510.721189028718	10718.845115151998	-186.8650270986932
189612201.898368	47072743836.66868	208631995345.7209	10811232696.582449	-21513.013015862405	10708.695609820079	-187.39127371716881
189615801.898368	46995292871.16209	208670528382.3662	10810557141.028559	-21515.300417034927	10698.547144304022	-187.9173367343664
189619401.898368	46917833678.97423	208709024886.40897	10809879691.978262	-21517.583394705147	10688.399719700183	-188.44321616859236
189623001.898368	46840366276.025826	208747484861.59845	10809200350.092422	-21519.861951030874	10678.253337103175	-188.9689120381993
189626601.898368	46762890678.229836	208785908311.68784	10808519116.031841	-21522.13608816887	10668.107997605879	-189.49442436158589
189630201.898368	46685406901.49145	208824295240.43423	10807835990.457253	-21524.40580827484	10657.96370229944	-190.01975315719673
189633801.898368	46607914961.70811	208862645651.59872	10807150974.029322	-21526.67111350344	10647.820452273269	-190.5448984435223
189637401.898368	46530414874.76949	208900959548.94626	10806464067.40865	-21528.932006008265	10637.678248615051	-191.06986023909886
189641001.898368	46452906656.55753	208939236936.2457	10805775271.255768	-21531.188487941865	10627.537092410741	-191.59463856250827
189644601.898368	46375390322.94641	208977477817.26987	10805084586.231144	-21533.440561455736	10617.39698474457	-192.11923343237797
189648201.898368	46297865889.802574	209015682195.7954	10804392012.995176	-21535.688228700317	10607.257926699041	-192.64364486738089
189651801.898368	46220333372.98472	209053850075.60294	10803697552.208199	-21537.931491825	10597.119919354942	-193.1678728862353
189655401.898368	46142792788.3438	209091981460.4769	10803001204.530474	-21540.17035297811	10586.982963791339	-193.69191750770472
189659001.898368	46065244151.72307	209130076354.20566	10802302970.622198	-21542.404814306938	10576.84706108558	-194.21577875059785
189662601.898368	45987687478.95801	209168134760.58142	10801602851.143501	-21544.634877957702	10566.712212313301	-194.73945663376847
189666201.898368	45910122785.87641	209206156683.4003	10800900846.754444	-21546.860546075575	10556.578418548423	-195.26295117611528
189669801.898368	45832550088.29833	209244142126.46225	10800196958.115019	-21549.081820804677	10546.445680863157	-195.7862623965819
189673401.898368	45754969402.03611	209282091093.57108	10799491185.88515	-21551.298704288063	10536.314000328006	-196.30939031415664
189677001.898368	45677380742.89438	209320003588.53445	10798783530.724697	-21553.511198667748	10526.183378011769	-196.83233494787254
189680601.898368	45599784126.67006	209357879615.1639	10798073993.293444	-21555.71930608468	10516.053814981538	-197.3550963168072
189684201.898368	45522179569.15236	209395719177.27475	10797362574.25111	-21557.923028678757	10505.925312302705	-197.87767444008267
189687801.898368	45444567086.122795	209433522278.6862	10796649274.257347	-21560.12236858882	10495.79787103896	-198.40006933686539
189691401.898368	45366946693.35518	209471288923.22122	10795934093.971733	-21562.31732795266	10485.671492252299	-198.92228102636608
189695001.898368	45289318406.61563	209509019114.70667	10795217034.053782	-21564.507908907002	10475.54617700302	-199.4443095278396
189698601.898368	45211682241.66258	209546712856.97318	10794498095.162935	-21566.694113587524	10465.421926349727	-199.96615486058496
189702201.898368	45134038214.24677	209584370153.8552	10793777277.958565	-21568.875944128846	10455.298741349336	-200.48781704394506
189705801.898368	45056386340.11126	209621991009.19095	10793054583.099974	-21571.05340266453	10445.176623057072	-201.0092960973067
189709401.898368	44978726634.99143	209659575426.8225	10792330011.246397	-21573.22649132708	10435.055572526473	-201.53059204010054
189713001.898368	44901059114.615	209697123410.5957	10791603563.056995	-21575.395212247953	10424.935590809391	-202.05170489180085
189716601.898368	44823383794.70198	209734634964.36017	10790875239.190863	-21577.559567557535	10414.816678956	-202.5726346719255
189720201.898368	44745700690.96476	209772110091.9693	10790145040.30702	-21579.71955938517	10404.698838014789	-203.09338140003587
189723801.898368	44668009819.10803	209809548797.28024	10789412967.06442	-21581.875189859133	10394.582069032569	-203.61394509573674
189727401.898368	44590311194.82884	209846951084.15393	10788679020.121946	-21584.026461106652	10384.466373054476	-204.13432577867616
189731001.898368	44512604833.81658	209884316956.45508	10787943200.138407	-21586.173375253893	10374.351751123972	-204.6545234685454
189734601.898368	44434890751.75298	209921646418.05212	10787205507.772541	-21588.315934425962	10364.238204282847	-205.1745381850788
189738201.898368	44357168964.31213	209958939472.81726	10786465943.683018	-21590.454140746915	10354.12573357122	-205.69436994805378
189741801.898368	44279439487.16048	209996196124.62643	10785724508.528435	-21592.587996339746	10344.014340027543	-206.21401877729062
189745401.898368	44201702335.95682	210033416377.3593	10784981202.967318	-21594.71750332639	10333.904024688603	-206.73348469265244
189749001.898368	44123957526.35231	210070600234.8993	10784236027.658121	-21596.842663827723	10323.794788589523	-207.25276771404506
189752601.898368	44046205073.99049	210107747701.13348	10783488983.259226	-21598.963479963575	10313.686632763764	-207.77186786141692
189756201.898368	43968444994.50727	210144858779.95276	10782740070.428944	-21601.079953852703	10303.579558243127	-208.29078515475902
189759801.898368	43890677303.530914	210181933475.25165	10781989289.825512	-21603.192087612813	10293.473566057759	-208.80951961410477
189763401.898368	43812902016.682076	210218971790.9284	10781236642.107098	-21605.299883360552	10283.368657236148	-209.32807125952996
189767001.898368	43735119149.57379	210255973730.885	10780482127.931795	-21607.403343211507	10273.264832805131	-209.8464401111526
189770601.898368	43657328717.811485	210292939299.0271	10779725747.957626	-21609.50246928021	10263.162093789893	-210.36462618913282
189774201.898368	43579530736.99297	210329868499.264	10778967502.842539	-21611.59726368013	10253.060441213973	-210.8826295136729
189777801.898368	43501725222.70846	210366761335.5088	10778207393.244408	-21613.68772852368	10242.95987609926	-211.40045010501697
189781401.898368	43423912190.540535	210403617811.6781	10777445419.821037	-21615.773865922216	10232.860399465999	-211.91808798345113
189785001.898368	43346091656.06422	210440437931.69232	10776681583.230158	-21617.85567798603	10222.762012332794	-212.4355431693032
189788601.898368	43268263634.84691	210477221699.4755	10775915884.129425	-21619.933166824354	10212.66471571661	-212.9528156829427
189792201.898368	43190428142.448425	210513969118.95532	10775148323.176422	-21622.006334545367	10202.568510632767	-213.46990554478077
189795801.898368	43112585194.421	210550680194.0631	10774378901.02866	-21624.075183256187	10192.473398094957	-213.98681277527
189799401.898368	43034734806.309265	210587354928.73386	10773607618.343573	-21626.13971506287	10182.379379115231	-214.50353739490444
189803001.898368	42956876993.6503	210623993326.90622	10772834475.778524	-21628.19993207041	10172.286454704014	-215.0200794242194
189806601.898368	42879011771.97359	210660595392.52243	10772059473.990803	-21630.255836382745	10162.194625870095	-215.53643888379145
189810201.898368	42801139156.80105	210697161129.52838	10771282613.63762	-21632.307430102755	10152.10389362064	-216.05261579423825
189813801.898368	42723259163.64703	210733690541.8736	10770503895.37612	-21634.354715332258	10142.014258961186	-216.56861017621853
189817401.898368	42645371808.018326	210770183633.5112	10769723319.863363	-21636.397694172007	10131.925722895647	-217.08442205043193
189821001.898368	42567477105.41415	210806640408.39795	10768940887.756342	-21638.4363687217	10121.838286426315	-217.600051437619
189824601.898368	42489575071.326164	210843060870.49417	10768156599.711971	-21640.47074107998	10111.751950553864	-218.11549835856098
189828201.898368	42411665721.23849	210879445023.76382	10767370456.387094	-21642.500813344413	10101.666716277348	-218.63076283407983
189831801.898368	42333749070.627686	210915792872.17447	10766582458.438477	-21644.526587611523	10091.582584594207	-219.14584488503806
189835401.898368	42255825134.96277	210952104419.6972	10765792606.522808	-21646.548065976764	10081.499556500266	-219.66074453233864
189839001.898368	42177893929.70522	210988379670.30676	10765000901.296703	-21648.565250534528	10071.417632989742	-220.17546179692496
189842601.898368	42099955470.30898	211024618627.9814	10764207343.416704	-21650.578143378152	10061.336815055238	-220.68999669978072
189846201.898368	42022009772.22045	211060821296.70303	10763411933.539274	-21652.586746599907	10051.257103687753	-221.20434926192976
189849801.898368	41944056850.8785	211096987680.45703	10762614672.320803	-21654.59106229101	10041.178499876678	-221.71851950443613
189853401.898368	41866096721.714485	211133117783.2324	10761815560.4176	-21656.591092541603	10031.101004609804	-222.23250744840382
189857001.898368	41788129400.15222	211169211609.02167	10761014598.485907	-21658.586839440784	10021.024618873316	-222.74631311497683
189860601.898368	41710154901.608025	211205269161.82092	10760211787.18188	-21660.57830507658	10010.949343651806	-223.25993652533893
189864201.898368	41632173241.490685	211241290445.62976	10759407127.161606	-21662.565491535952	10000.875179928264	-223.77337770071367
189867801.898368	41554184435.20148	211277275464.4514	10758600619.08109	-21664.548400904816	9990.802128684087	-224.28663666236423
189871401.898368	41476188498.13418	211313224222.29245	10757792263.596268	-21666.52703526801	9980.730190899078	-224.7997134315934
189875001.898368	41398185445.67506	211349136723.16318	10756982061.36299	-21668.50139670932	9970.659367551449	-225.31260802974344
189878601.898368	41320175293.20288	211385012971.0773	10756170013.037033	-21670.471487311464	9960.589659617825	-225.82532047819598
189882201.898368	41242158056.08892	211420852970.0521	10755356119.2741	-21672.43730915611	9950.521068073242	-226.33785079837196
189885801.898368	41164133749.69697	211456656724.10828	10754540380.729813	-21674.39886432385	9940.45359389115	-226.85019901173152
189889401.898368	41086102389.38331	211492424237.2701	10753722798.059717	-21676.356154894223	9930.38723804342	-227.3623651397739
189893001.898368	41008063990.49675	211528155513.56534	10752903371.919283	-21678.309182945704	9920.322001500339	-227.87434920403743
189896601.898368	40930018568.378624	211563850557.02524	10752082102.9639	-21680.257950555704	9910.257885230616	-228.3861512260993
189900201.898368	40851966138.362785	211599509371.6845	10751258991.84888	-21682.202459800577	9900.194890201383	-228.89777122757556
189903801.898368	40773906715.77561	211635131961.58136	10750434039.22946	-21684.14271275561	9890.133017378197	-229.4092092301211
189907401.898368	40695840315.936005	211670718330.75745	10749607245.760796	-21686.07871149503	9880.072267725043	-229.92046525542938
189911001.898368	40617766954.15542	211706268483.25793	10748778612.097967	-21688.010458092	9870.012642204336	-230.43153932523248
189914601.898368	40539686645.73783	211741782423.13144	10747948138.895975	-21689.93795461863	9859.95414177692	-230.942431461301
189918201.898368	40461599405.97977	211777260154.43	10747115826.80974	-21691.86120314595	9849.896767402073	-231.45314168544394
189921801.898368	40383505250.170296	211812701681.20914	10746281676.494108	-21693.78020574394	9839.840520037511	-231.96367001950858
189925401.898368	40305404193.59104	211848107007.52783	10745445688.603842	-21695.69496448152	9829.785400639385	-232.47401648538047
189929001.898368	40227296251.51618	211883476137.44846	10744607863.793629	-21697.60548142654	9819.731410162283	-232.9841811049833
189932601.898368	40149181439.21244	211918809075.03683	10743768202.718075	-21699.51175864579	9809.67854955924	-233.4941639002788
189936201.898368	40071059771.93912	211954105824.36224	10742926706.03171	-21701.413798204998	9799.62681978173	-234.0039648932667
189939801.898368	39992931264.948074	211989366389.49738	10742083374.38898	-21703.31160216883	9789.576221779675	-234.51358410598456
189943401.898368	39914795933.48374	212024590774.5183	10741238208.444258	-21705.205172600883	9779.526756501442	-235.0230215605078
189947001.898368	39836653792.78311	212059778983.50458	10740391208.85183	-21707.094511563704	9769.478424893849	-235.5322772789495
189950601.898368	39758504858.07577	212094931020.5391	10739542376.265907	-21708.979621118764	9759.431227902163	-236.0413512834604
189954201.898368	39680349144.58387	212130046889.70816	10738691711.34062	-21710.86050332648	9749.385166470109	-236.5502435962287
189957801.898368	39602186667.52216	212165126595.1015	10737839214.730019	-21712.7371602462	9739.340241539863	-237.0589542394802
189961401.898368	39524017442.09798	212200170140.8122	10736984887.088074	-21714.609593936213	9729.29645405206	-237.5674832354779
189965001.898368	39445841483.51123	212235177530.93674	10736128729.068674	-21716.477806453742	9719.253804945794	-238.0758306065222
189968601.898368	39367658806.954445	212270148769.57498	10735270741.32563	-21718.341799854952	9709.21229515862	-238.58399637495063
189972201.898368	39289469427.61275	212305083860.83017	10734410924.51267	-21720.20157619494	9699.171925626559	-239.09198056313784
189975801.898368	39211273360.66385	212339982808.8089	10733549279.283445	-21722.05713752774	9689.132697284093	-239.59978319349548
189979401.898368	39133070621.27809	212374845617.62115	10732685806.291521	-21723.908485906322	9679.094611064173	-240.10740428847217
189983001.898368	39054861224.61841	212409672291.38022	10731820506.190384	-21725.7556233826	9669.05766789822	-240.61484387055336
189986601.898368	38976645185.840355	212444462834.2028	10730953379.633442	-21727.598552007417	9659.021868716125	-241.12210196226127
189990201.898368	38898422520.09211	212479217250.20886	10730084427.274017	-21729.437273830554	9648.987214446255	-241.62917858615478
189993801.898368	38820193242.51447	212513935543.5218	10729213649.765356	-21731.27179090073	9638.953706015447	-242.1360737648294
189997401.898368	38741957368.24087	212548617718.26828	10728341047.760618	-21733.102105265603	9628.921344349019	-242.64278752091712
190001001.898368	38663714912.39735	212583263778.57834	10727466621.912886	-21734.928218971763	9618.890130370768	-243.14931987708636
190004601.898368	38585465890.1026	212617873728.5853	10726590372.875156	-21736.75013406474	9608.86006500297	-243.6556708560418
190008201.898368	38507210316.46796	212652447572.4258	10725712301.300348	-21738.567852588996	9598.831149166383	-244.16184048052452
190011801.898368	38428948206.59739	212686985314.23984	10724832407.841295	-21740.38137658794	9588.803383780254	-244.66782877331164
190015401.898368	38350679575.5875	212721486958.17065	10723950693.150751	-21742.190708103903	9578.776769762313	-245.1736357572164
190019001.898368	38272404438.527565	212755952508.36487	10723067157.881386	-21743.995849178165	9568.75130802878	-245.67926145508807
190022601.898368	38194122810.4995	212790381968.97232	10722181802.68579	-21745.796801850935	9558.726999494369	-246.1847058898118
190026201.898368	38115834706.57787	212824775344.14618	10721294628.216467	-21747.593568161363	9548.703845072281	-246.68996908430856
190029801.898368	38037540141.829926	212859132638.04288	10720405635.125843	-21749.386150147533	9538.681845674217	-247.19505106153505
190033401.898368	37959239131.31556	212893453854.82214	10719514824.066257	-21751.174549846466	9528.66100221037	-247.69995184448368
190037001.898368	37880931690.08733	212927738998.647	10718622195.689968	-21752.95876929412	9518.641315589435	-248.20467145618238
190040601.898368	37802617833.1905	212961988073.6837	10717727750.64915	-21754.73881052539	9508.622786718604	-248.70920991969462
190044201.898368	37724297575.66297	212996201084.10175	10716831489.595898	-21756.5146755741	9498.605416503577	-249.21356725811924
190047801.898368	37645970932.53535	213030378034.07397	10715933413.182215	-21758.286366473025	9488.589205848552	-249.71774349459042
190051401.898368	37567637918.83091	213064518927.7764	10715033522.06003	-21760.053885253867	9478.574155656237	-250.2217386522776
190055001.898368	37489298549.56563	213098623769.38834	10714131816.881186	-21761.817233947262	9468.56026682785	-250.72555275438532
190058601.898368	37410952839.74816	213132692563.0923	10713228298.297438	-21763.576414582792	9458.547540263115	-251.22918582415326
190062201.898368	37332600804.37987	213166725313.07404	10712322966.960463	-21765.331429188966	9448.53597686027	-251.73263788485605
190065801.898368	37254242458.4548	213200722023.52255	10711415823.52185	-21767.082279793234	9438.525577516068	-252.23590895980325
190069401.898368	37175877816.959724	213234682698.6301	10710506868.633108	-21768.828968421985	9428.516343125777	-252.73899907233928
190073001.898368	37097506894.8741	213268607342.59207	10709596102.945658	-21770.571497100536	9418.508274583182	-253.24190824584326
190076601.898368	37019129707.17011	213302495959.60718	10708683527.110838	-21772.30986785315	9408.50137278059	-253.744636503729
190080201.898368	36940746268.812645	213336348553.87726	10707769141.779902	-21774.044082703018	9398.49563860883	-254.24718386944488
190083801.898368	36862356594.75931	213370165129.6074	10706852947.60402	-21775.774143672275	9388.491072957253	-254.7495503664738
190087401.898368	36783960699.960434	213403945691.00583	10705934945.234276	-21777.50005278199	9378.487676713736	-255.2517360183331
190091001.898368	36705558599.359085	213437690242.28406	10705015135.321672	-21779.221812052165	9368.485450764681	-255.7537408485744
190094601.898368	36627150307.891045	213471398787.65674	10704093518.517124	-21780.93942350174	9358.484395995027	-256.25556488078365
190098201.898368	36548735840.48483	213505071331.3417	10703170095.47146	-21782.65288914859	9348.484513288236	-256.75720813858095
190101801.898368	36470315212.061714	213538707877.55997	10702244866.835426	-21784.362211009535	9338.485803526311	-257.2586706456205
190105401.898368	36391888437.53569	213572308430.5357	10701317833.259684	-21786.067391100318	9328.488267589784	-257.75995242559054
190109001.898368	36313455531.8135	213605872994.49628	10700388995.394806	-21787.76843143563	9318.491906357727	-258.26105350221326
190112601.898368	36235016509.79464	213639401573.67218	10699458353.891283	-21789.465334029093	9308.49672070775	-258.76197389924465
190116201.898368	36156571386.37136	213672894172.29712	10698525909.399519	-21791.158100893266	9298.502711516005	-259.26271364047454
190119801.898368	36078120176.428665	213706350794.6079	10697591662.56983	-21792.846734039646	9288.509879657186	-259.7632727497264
190123401.898368	35999662894.84432	213739771444.8445	10696655614.05245	-21794.531235478662	9278.518226004531	-260.2636512508574
190127001.898368	35921199556.48885	213773156127.25003	10695717764.497524	-21796.211607219688	9268.527751429829	-260.7638491677581
190130601.898368	35842730176.22556	213806504846.07074	10694778114.555115	-21797.887851271025	9258.53845680341	-261.2638665243528
190134201.898368	35764254768.91052	213839817605.556	10693836664.875193	-21799.559969639915	9248.55034299416	-261.7637033445989
190137801.898368	35685773349.39257	213873094409.9583	10692893416.107647	-21801.22796433254	9238.563410869518	-262.2633596524873
190141401.898368	35607285932.513336	213906335263.53333	10691948368.90228	-21802.89183735401	9228.577661295472	-262.7628354720419
190145001.898368	35528792533.10722	213939540170.53973	10691001523.908806	-21804.551590708383	9218.593095136572	-263.26213082731994
190148601.898368	35450293166.001434	213972709135.23944	10690052881.776852	-21806.20722639864	9208.60971325592	-263.76124574241163
190152201.898368	35371787846.01595	214005842161.89737	10689102443.15596	-21807.85874642671	9198.627516515184	-264.26018024144025
190155801.898368	35293276587.96356	214038939254.78156	10688150208.695583	-21809.506152793456	9188.646505774588	-264.7589343485619
190159401.898368	35214759406.64984	214072000418.16318	10687196179.045092	-21811.149447498676	9178.666681892924	-265.25750808796556
190163001.898368	35136236316.87317	214105025656.31644	10686240354.853764	-21812.788632541105	9168.688045727547	-265.7559014838729
190166601.898368	35057707333.42474	214138014973.51868	10685282736.770792	-21814.423709918417	9158.710598134381	-266.25411456053826
190170201.898368	34979172471.08856	214170968374.0503	10684323325.445282	-21816.054681627218	9148.734339967916	-266.7521473422486
190173801.898368	34900631744.64143	214203885862.19476	10683362121.526253	-21817.681549663055	9138.759272081217	-267.24999985332335
190177401.898368	34822085168.853	214236767442.23862	10682399125.662634	-21819.304316020414	9128.78539532592	-267.7476721181145
190181001.898368	34743532758.48571	214269613118.47147	10681434338.50327	-21820.92298269271	9118.812710552234	-268.24516416100624
190184601.898368	34664974528.294846	214302422895.18597	10680467760.696913	-21822.537551672307	9108.84121860895	-268.74247600641513
190188201.898368	34586410493.02851	214335196776.67786	10679499392.892231	-21824.148024950497	9098.87092034343	-269.23960767878987
190191801.898368	34507840667.42765	214367934767.24588	10678529235.737804	-21825.75440451751	9088.901816601623	-269.7365592026113
190195401.898368	34429265066.22605	214400636871.19183	10677557289.882122	-21827.35669236251	9078.933908228058	-270.23333060239236
190199001.898368	34350683704.150326	214433303092.8206	10676583555.973587	-21828.954890473615	9068.967196065849	-270.7299219026778
190202601.898368	34272096595.919937	214465933436.43997	10675608034.660513	-21830.54900083786	9059.001680956693	-271.2263331280444
190206201.898368	34193503756.247204	214498527906.36093	10674630726.591125	-21832.139025441225	9049.037363740877	-271.72256430310074
190209801.898368	34114905199.83729	214531086506.89737	10673651632.41356	-21833.724966268634	9039.07424525728	-272.2186154524871
190213401.898368	34036300941.38822	214563609242.36624	10672670752.775867	-21835.30682530394	9029.112326343367	-272.71448660087543
190217001.898368	33957690995.590874	214596096117.08752	10671688088.326006	-21836.884604529932	9019.151607835202	-273.21017777296925
190220601.898368	33879075377.128998	214628547135.38416	10670703639.711845	-21838.458305928347	9009.19209056744	-273.7056889935036
190224201.898368	33800454100.679207	214660962301.5821	10669717407.581165	-21840.027931479846	8999.233775373337	-274.20102028724494
190227801.898368	33721827180.910984	214693341620.0103	10668729392.58166	-21841.59348316404	8989.276663084745	-274.6961716789911
190231401.898368	33643194632.48669	214725685095.0008	10667739595.36093	-21843.154962959474	8979.320754532118	-275.1911431935712
190235001.898368	33564556470.06157	214757992730.88843	10666748016.566488	-21844.712372843627	8969.366050544513	-275.68593485584546
190238601.898368	33485912708.28374	214790264532.01117	10665754656.84576	-21846.265714792917	8959.41255194959	-276.1805466907054
190242201.898368	33407263361.794212	214822500502.70993	10664759516.846079	-21847.814990782703	8949.460259573616	-276.6749787230735
190245801.898368	33328608445.226887	214854700647.32855	10663762597.214687	-21849.360202787277	8939.509174241466	-277.1692309779032
190249401.898368	33249947973.208557	214886864970.2139	10662763898.598742	-21850.901352779874	8929.559296776628	-277.66330348017897
190253001.898368	33171281960.358917	214918993475.71576	10661763421.645304	-21852.438442732666	8919.610628001197	-278.1571962549159
190256601.898368	33092610421.29056	214951086168.18692	10660761167.001348	-21853.97147461676	8909.663168735886	-278.65090932716004
190260201.898368	33013933370.608994	214983143051.98306	10659757135.31376	-21855.5004504022	8899.71691980002	-279.144442721988
190263801.898368	32935250822.91262	215015164131.46286	10658751327.229334	-21857.025372057975	8889.771882011542	-279.6377964645071
190267401.898368	32856562792.79277	215047149410.9879	10657743743.39477	-21858.54624155201	8879.828056187018	-280.1309705798551
190271001.898368	32777869294.833683	215079098894.92276	10656734384.456682	-21860.06306085116	8869.88544314163	-280.6239650932003
190274601.898368	32699170343.61252	215111012587.63486	10655723251.061592	-21861.575831921233	8859.944043689184	-281.1167800297413
190278201.898368	32620465953.699368	215142890493.4946	10654710343.85593	-21863.084556726964	8850.003858642112	-281.60941541470703
190281801.898368	32541756139.657246	215174732616.87534	10653695663.486038	-21864.58923723203	8840.064888811474	-282.1018712733567
190285401.898368	32463040916.042103	215206538962.1533	10652679210.598164	-21866.089875399048	8830.127135006953	-282.59414763097976
190289001.898368	32384320297.402824	215238309533.7076	10651660985.838467	-21867.586473189567	8820.190598036867	-283.0862445128956
190292601.898368	32305594298.28124	215270044335.92035	10650640989.853012	-21869.079032564085	8810.255278708162	-283.57816194445365
190296201.898368	32226862933.212112	215301743373.17645	10649619223.287777	-21870.567555482034	8800.321177826421	-284.06989995103345
190299801.898368	32148126216.723167	215333406649.8638	10648595686.788645	-21872.052043901782	8790.388296195859	-284.5614585580442
190303401.898368	32069384163.33507	215365034170.37314	10647570381.001408	-21873.53249978064	8780.456634619331	-285.052837790925
190307001.898368	31990636787.56145	215396625939.09808	10646543306.571768	-21875.008925074853	8770.52619389833	-285.5440376751447
190310601.898368	31911884103.90889	215428181960.43518	10645514464.145334	-21876.481321739615	8760.596974832988	-286.03505823620173
190314201.898368	31833126126.876938	215459702238.7838	10644483854.367624	-21877.949691729053	8750.668978222084	-286.52589949962413
190317801.898368	31754362870.958107	215491186778.54626	10643451477.884064	-21879.41403699623	8740.742204863038	-287.0165614909695
190321401.898368	31675594350.637886	215522635584.1277	10642417335.339985	-21880.874359493155	8730.816655551916	-287.50704423582476
190325001.898368	31596820580.394737	215554048659.93607	10641381427.38063	-21882.33066117077	8720.892331083434	-287.9973477598063
190328601.898368	31518041574.7001	215585426010.38226	10640343754.651148	-21883.782943978964	8710.969232250958	-288.48747208855974
190332201.898368	31439257348.018394	215616767639.88	10639304317.796595	-21885.23120986656	8701.047359846501	-288.97741724775994
190335801.898368	31360467914.80703	215648073552.84583	10638263117.461935	-21886.675460781324	8691.126714660735	-289.4671832631108
190339401.898368	31281673289.516403	215679343753.69916	10637220154.292042	-21888.115698669957	8681.207297482984	-289.9567701603455
190343001.898368	31202873486.589905	215710578246.86224	10636175428.931692	-21889.551925478107	8671.289109101232	-290.44617796522607
190346601.898368	31124068520.463924	215741777036.76016	10635128942.025572	-21890.984143150356	8661.372150302115	-290.93540670354344
190350201.898368	31045258405.567852	215772940127.82083	10634080694.218275	-21892.41235363023	8651.456421870938	-291.4244564011175
190353801.898368	30966443156.324085	215804067524.475	10633030686.1543	-21893.836558860192	8641.541924591662	-291.91332708379684
190357401.898368	30887622787.14803	215835159231.15622	10631978918.478058	-21895.256760781653	8631.628659246915	-292.40201877745886
190361001.898368	30808797312.4481	215866215252.30084	10630925391.833858	-21896.672961334953	8621.716626617988	-292.89053150800953
190364601.898368	30729966746.625732	215897235592.34805	10629870106.865925	-21898.08516245938	8611.805827484844	-293.37886530138337
190368201.898368	30651131104.075382	215928220255.73987	10628813064.218382	-21899.493366093164	8601.896262626113	-293.86702018354345
190371801.898368	30572290399.18453	215959169246.92105	10627754264.535265	-21900.897574173472	8591.987932819095	-294.3549961804813
190375401.898368	30493444646.333675	215990082570.33917	10626693708.460514	-21902.29778863641	8582.080838839764	-294.8427933182167
190379001.898368	30414593859.896366	216020960230.4446	10625631396.637974	-21903.69401141703	8572.17498146277	-295.3304116227979
190382601.898368	30335738054.239174	216051802231.69055	10624567329.711397	-21905.08624444932	8562.270361461437	-295.81785112030116
190386201.898368	30256877243.72171	216082608578.53293	10623501508.324444	-21906.47448966622	8552.366979607768	-296.30511183683103
190389801.898368	30178011442.696636	216113379275.43045	10622433933.120678	-21907.858748999595	8542.464836672449	-296.79219379852015
190393401.898368	30099140665.509655	216144114326.8446	10621364604.743568	-21909.239024380262	8532.563933424843	-297.2790970315291
190397001.898368	30020264926.499523	216174813737.23965	10620293523.836493	-21910.615317737975	8522.664270633	-297.7658215620465
190400601.898368	29941384239.998055	216205477511.08264	10619220691.042732	-21911.987631001433	8512.765849063653	-298.25236741628873
190404201.898368	29862498620.330112	216236105652.84332	10618146107.005474	-21913.35596609828	8502.868669482223	-298.7387346205001
190407801.898368	29783608081.813633	216266698166.99423	10617069772.367813	-21914.720324955088	8492.97273265282	-299.22492320095256
190411401.898368	29704712638.759613	216297255058.01065	10615991687.772745	-21916.080709497386	8483.078039338243	-299.71093318394577
190415001.898368	29625812305.47212	216327776330.3706	10614911853.863174	-21917.437121649637	8473.184590299987	-300.196764595807
190418601.898368	29546907096.248295	216358261988.55487	10613830271.28191	-21918.789563335245	8463.292386298235	-300.68241746289107
190422201.898368	29467997025.378357	216388712037.0469	10612746940.671665	-21920.138036476565	8453.401428091871	-301.1678918115802
190425801.898368	29389082107.14561	216419126480.33298	10611661862.675058	-21921.482542994883	8443.511716438476	-301.6531876682841
190429401.898368	29310162355.82644	216449505322.90204	10610575037.934612	-21922.823084810436	8433.623252094325	-302.13830505943974
190433001.898368	29231237785.690315	216479848569.24573	10609486467.092756	-21924.159663842398	8423.736035814401	-302.6232440115114
190436601.898368	29152308410.99981	216510156223.85846	10608396150.791824	-21925.49228200889	8413.850068352385	-303.1080045509906
190440201.898368	29073374246.010586	216540428291.23734	10607304089.674053	-21926.82094122697	8403.965350460665	-303.5925867043958
190443801.898368	28994435304.971413	216570664775.88217	10606210284.381584	-21928.14564341265	8394.081882890332	-304.07699049827266
190447401.898368	28915491602.124157	216600865682.29544	10605114735.556465	-21929.46639048087	8384.199666391189	-304.5612159591938
190451001.898368	28836543151.703796	216631031014.98236	10604017443.840647	-21930.78318434552	8374.318701711745	-305.04526311375884
190454601.898368	28757589967.93842	216661160778.45084	10602918409.875982	-21932.09602691944	8364.438989599223	-305.5291319885941
190458201.898368	28678632065.049232	216691254977.21146	10601817634.304232	-21933.404920114404	8354.560530799554	-306.0128226103528
190461801.898368	28599669457.250557	216721313615.77747	10600715117.76706	-21934.709865841134	8344.683326057391	-306.4963350057149
190465401.898368	28520702158.749844	216751336698.66483	10599610860.90603	-21936.010866009292	8334.8073761161	-306.9796692013869
190469001.898368	28441730183.74767	216781324230.39215	10598504864.362617	-21937.30792252749	8324.93268171776	-307.462825224102
190472601.898368	28362753546.437737	216811276215.48074	10597397128.778193	-21938.601037303277	8315.05924360318	-307.94580310061986
190476201.898368	28283772261.00689	216841192658.45453	10596287654.794035	-21939.890212243154	8305.187062511885	-308.42860285772656
190479801.898368	28204786341.635105	216871073563.84015	10595176443.051327	-21941.175449252558	8295.316139182121	-308.91122452223465
190483401.898368	28125795802.495502	216900918936.16684	10594063494.191153	-21942.456750235873	8285.446474350863	-309.3936681209829
190487001.898368	28046800657.754353	216930728779.96655	10592948808.854502	-21943.734117096432	8275.578068753812	-309.87593368083645
190490601.898368	27967800921.57107	216960503099.77383	10591832387.682264	-21945.007551736504	8265.710923125396	-310.35802122868654
190494201.898368	27888796608.098232	216990241900.1259	10590714231.315237	-21946.27705605731	8255.845038198775	-310.8399307914505
190497801.898368	27809787731.481564	217019945185.56256	10589594340.394115	-21947.54263195902	8245.98041470584	-311.3216623960719
190501401.898368	27730774305.85995	217049612960.62634	10588472715.559502	-21948.804281340734	8236.117053377215	-311.80321606952
190505001.898368	27651756345.365456	217079245229.86234	10587349357.451899	-21950.062006100507	8226.25495494226	-312.28459183879016
190508601.898368	27572733864.1233	217108841997.81827	10586224266.711714	-21951.315808135343	8216.39412012907	-312.7657897309037
190512201.898368	27493706876.251877	217138403269.0445	10585097443.979256	-21952.565689341183	8206.534549664484	-313.2468097729075
190515801.898368	27414675395.862762	217167929048.09396	10583968889.894735	-21953.81165161292	8196.676244274075	-313.7276519918743
190519401.898368	27335639437.06071	217197419339.52225	10582838605.098269	-21955.053696844385	8186.8192046821605	-314.2083164149025
190523001.898368	27256599013.94366	217226874147.8875	10581706590.22987	-21956.291826928365	8176.963431611804	-314.6888030691161
190526601.898368	27177554140.602734	217256293477.75055	10580572845.92946	-21957.52604375659	8167.108925784811	-315.1691119816645
190530201.898368	27098504831.12225	217285677333.6747	10579437372.83686	-21958.756349219726	8157.255687921735	-315.64924317972276
190533801.898368	27019451099.579723	217315025720.22598	10578300171.591793	-21959.9827452074	8147.403718741882	-316.12919669049126
190537401.898368	26940392960.045864	217344338641.97293	10577161242.833881	-21961.205233608172	8137.553018963303	-316.60897254119567
190541001.898368	26861330426.584587	217373616103.48666	10576020587.202656	-21962.42381630956	8127.703589302804	-317.0885707590871
190544601.898368	26782263513.253014	217402858109.3409	10574878205.337543	-21963.63849519803	8117.8554304759455	-317.5679913714416
190548201.898368	26703192234.101475	217432064664.11194	10573734097.877876	-21964.84927215898	8108.008543197042	-318.04723440556074
190551801.898368	26624116603.17352	217461235772.37863	10572588265.462885	-21966.056149076765	8098.162928179167	-318.52629988877084
