188733801.898368	-0.0009545163234785509	-0.0028793014699952497	-0.0001587137902555672
188737401.898368	-0.0009531324672104239	-0.0028791027328616196	-0.0001586620086313811
188741001.898368	-0.0009517492787622922	-0.002878903554052778	-0.00015861022802088248
188744601.898368	-0.0009503667578731939	-0.002878703934217604	-0.00015855844844515218
188748201.898368	-0.0009489849042819507	-0.002878503874004222	-0.00015850666992523097
188751801.898368	-0.0009476037177271673	-0.002878303374059997	-0.00015845489248211923
188755401.898368	-0.0009462231979472353	-0.002878102435031536	-0.00015840311613677676
188759001.898368	-0.0009448433446803339	-0.0028779010575647026	-0.0001583513409101235
188762601.898368	-0.0009434641576644275	-0.0028776992423045935	-0.0001582995668230398
188766201.898368	-0.0009420856366372697	-0.0028774969898955555	-0.00015824779389636597
188769801.898368	-0.0009407077813364046	-0.0028772943009811847	-0.00015819602215090246
188773401.898368	-0.0009393305914991665	-0.002877091176204325	-0.00015814425160740994
188777001.898368	-0.0009379540668626803	-0.0028768876162070635	-0.00015809248228660863
188780601.898368	-0.0009365782071638671	-0.0028766836216307452	-0.000158040714209179
188784201.898368	-0.0009352030121394405	-0.002876479193115963	-0.00015798894739576125
188787801.898368	-0.0009338284815259072	-0.0028762743313025473	-0.0001579371818669558
188791401.898368	-0.0009324546150595706	-0.002876069036829591	-0.000157885417643324
188795001.898368	-0.00093108141247653	-0.0028758633103354325	-0.0001578336547453881
188798601.898368	-0.000929708873512682	-0.0028756571524576648	-0.00015778189319363062
188802201.898368	-0.0009283369979037192	-0.002875450563833127	-0.00015773013300849394
188805801.898368	-0.0009269657853851347	-0.0028752435450979164	-0.0001576783742103809
188809401.898368	-0.000925595235692221	-0.002875036096887381	-0.00015762661681965483
188813001.898368	-0.0009242253485600699	-0.002874828219836122	-0.0001575748608566398
188816601.898368	-0.0009228561237235733	-0.002874619914577991	-0.0001575231063416208
188820201.898368	-0.000921487560917423	-0.002874411181746094	-0.00015747135329484383
188823801.898368	-0.0009201196598761153	-0.0028742020219727975	-0.0001574196017365165
188827401.898368	-0.0009187524203339438	-0.002873992435889712	-0.00015736785168680647
188831001.898368	-0.0009173858420250086	-0.002873782424127715	-0.00015731610316584282
188834601.898368	-0.0009160199246832109	-0.0028735719873169306	-0.00015726435619371515
188838201.898368	-0.0009146546680422578	-0.0028733611260867496	-0.00015721261079047446
188841801.898368	-0.0009132900718356581	-0.00287314984106581	-0.0001571608669761328
188845401.898368	-0.0009119261357967281	-0.002872938132882016	-0.00015710912477066424
188849001.898368	-0.0009105628596585871	-0.002872726002162524	-0.00015705738419400424
188852601.898368	-0.0009092002431541605	-0.0028725134495337507	-0.00015700564526604976
188856201.898368	-0.0009078382860161809	-0.0028723004756213764	-0.00015695390800665949
188859801.898368	-0.0009064769879771875	-0.0028720870810503385	-0.0001569021724356532
188863401.898368	-0.0009051163487695296	-0.0028718732664448415	-0.00015685043857281252
188867001.898368	-0.0009037563681253637	-0.0028716590324283477	-0.0001567987064378803
188870601.898368	-0.0009023970457766557	-0.0028714443796235816	-0.00015674697605056134
188874201.898368	-0.000901038381455184	-0.0028712293086525383	-0.00015669524743052303
188877801.898368	-0.000899680374892536	-0.002871013820136469	-0.0001566435205973945
188881401.898368	-0.0008983230258201118	-0.0028707979146958963	-0.00015659179557076699
188885001.898368	-0.0008969663339691256	-0.002870581592950609	-0.00015654007237019362
188888601.898368	-0.0008956102990706054	-0.0028703648555196645	-0.0001564883510151891
188892201.898368	-0.0008942549208553947	-0.0028701477030213824	-0.0001564366315252298
188895801.898368	-0.0008929001990541545	-0.0028699301360733597	-0.00015638491391975438
188899401.898368	-0.000891546133397363	-0.002869712155292461	-0.00015633319821816398
188903001.898368	-0.0008901927236153165	-0.0028694937612948166	-0.00015628148443982192
188906601.898368	-0.0008888399694381309	-0.0028692749546958335	-0.00015622977260405427
188910201.898368	-0.0008874878705957416	-0.002869055736110184	-0.0001561780627301486
188913801.898368	-0.0008861364268179078	-0.002868836106151822	-0.00015612635483735555
188917401.898368	-0.00088478563783421	-0.0028686160654339686	-0.00015607464894488616
188921001.898368	-0.0008834355033740552	-0.002868395614569124	-0.00015602294507191492
188924601.898368	-0.0008820860231666728	-0.002868174754169058	-0.00015597124323757857
188928201.898368	-0.0008807371969411184	-0.002867953484844816	-0.00015591954346097606
188931801.898368	-0.0008793890244262743	-0.0028677318072067204	-0.0001558678457611693
188935401.898368	-0.0008780415053508506	-0.0028675097218643707	-0.00015581615015718297
188939001.898368	-0.0008766946394433838	-0.002867287229426638	-0.00015576445666800413
188942601.898368	-0.0008753484264322401	-0.0028670643305016754	-0.00015571276531258193
188946201.898368	-0.0008740028660456169	-0.0028668410256969122	-0.000155661076109828
188949801.898368	-0.0008726579580115413	-0.002866617315619056	-0.00015560938907861632
188953401.898368	-0.0008713137020578721	-0.002866393200874093	-0.00015555770423778415
188957001.898368	-0.0008699700979122988	-0.002866168682067286	-0.0001555060216061318
188960601.898368	-0.0008686271453023434	-0.0028659437598031775	-0.000155454341202423
188964201.898368	-0.00086728484395536	-0.00286571843468559	-0.00015540266304538394
188967801.898368	-0.0008659431935985371	-0.002865492707317628	-0.000155350987153704
188971401.898368	-0.0008646021939588977	-0.0028652665783016756	-0.00015529931354603502
188975001.898368	-0.0008632618447632984	-0.0028650400482393987	-0.00015524764224099187
188978601.898368	-0.0008619221457384317	-0.002864813117731743	-0.00015519597325715272
188982201.898368	-0.0008605830966108259	-0.002864585787378942	-0.0001551443066130596
188985801.898368	-0.0008592446971068433	-0.002864358057780503	-0.00015509264232721788
188989401.898368	-0.0008579069469526823	-0.002864129929535221	-0.00015504098041809657
188993001.898368	-0.0008565698458743787	-0.0028639014032411756	-0.00015498932090412848
188996601.898368	-0.0008552333935978056	-0.0028636724794957307	-0.00015493766380370952
189000201.898368	-0.0008538975898486735	-0.002863443158895538	-0.00015488600913519913
189003801.898368	-0.0008525624343525301	-0.0028632134420365266	-0.00015483435691691997
189007401.898368	-0.000851227926834766	-0.002862983329513926	-0.00015478270716715918
189011001.898368	-0.0008498940670206074	-0.00286275282192224	-0.0001547310599041675
189014601.898368	-0.0008485608546351225	-0.002862521919855268	-0.0001546794151461603
189018201.898368	-0.0008472282894032196	-0.0028622906239060965	-0.00015462777291131707
189021801.898368	-0.0008458963710496468	-0.0028620589346671018	-0.0001545761332177812
189025401.898368	-0.0008445650992989927	-0.002861826852729948	-0.0001545244960836599
189029001.898368	-0.000843234473875696	-0.0028615943786856005	-0.00015447286152702367
189032601.898368	-0.0008419044945040344	-0.002861361513124307	-0.00015442122956590767
189036201.898368	-0.0008405751609081322	-0.002861128256635615	-0.00015436960021831156
189039801.898368	-0.0008392464728119581	-0.002860894609808362	-0.00015431797350219946
189043401.898368	-0.0008379184299393272	-0.002860660573230676	-0.00015426634943549998
189047001.898368	-0.0008365910320139043	-0.002860426147489994	-0.00015421472803610616
189050601.898368	-0.000835264278759201	-0.00286019133317304	-0.00015416310932187492
189054201.898368	-0.0008339381698985793	-0.0028599561308658363	-0.00015411149331062752
189057801.898368	-0.0008326127051552536	-0.0028597205411537096	-0.00015405988002014967
189061401.898368	-0.0008312878842522883	-0.002859484564621276	-0.0001540082694681906
189065001.898368	-0.0008299637069126008	-0.0028592482018524566	-0.00015395666167246523
189068601.898368	-0.0008286401728589634	-0.0028590114534304705	-0.0001539050566506529
189072201.898368	-0.0008273172818140017	-0.0028587743199378402	-0.00015385345442039803
189075801.898368	-0.0008259950335001966	-0.0028585368019563855	-0.0001538018549993092
189079401.898368	-0.0008246734276398863	-0.0028582989000672304	-0.00015375025840495918
189083001.898368	-0.0008233524639552674	-0.0028580606148508035	-0.00015369866465488548
189086601.898368	-0.0008220321421683932	-0.002857821946886833	-0.00015364707376658976
189090201.898368	-0.0008207124620011777	-0.002857582896754352	-0.00015359548575753887
189093801.898368	-0.0008193934231753931	-0.0028573434650316968	-0.0001535439006451644
189097401.898368	-0.0008180750254126736	-0.0028571036522965104	-0.00015349231844686374
189101001.898368	-0.0008167572684345113	-0.0028568634591257325	-0.00015344073917999848
189104601.898368	-0.0008154401519622626	-0.002856622886095619	-0.00015338916286189566
189108201.898368	-0.0008141236757171449	-0.0028563819337817232	-0.00015333758950984645
189111801.898368	-0.0008128078394202405	-0.0028561406027589127	-0.00015328601914110722
189115401.898368	-0.0008114926427924929	-0.0028558988936013513	-0.00015323445177289883
189119001.898368	-0.0008101780855547129	-0.0028556568068825224	-0.00015318288742240834
189122601.898368	-0.0008088641674275722	-0.0028554143431752045	-0.00015313132610678788
189126201.898368	-0.0008075508881316075	-0.0028551715030514895	-0.00015307976784315522
189129801.898368	-0.0008062382473872226	-0.0028549282870827795	-0.00015302821264859365
189133401.898368	-0.0008049262449146851	-0.0028546846958397835	-0.0001529766605401517
189137001.898368	-0.0008036148804341295	-0.0028544407298925194	-0.00015292511153484293
189140601.898368	-0.0008023041536655575	-0.0028541963898103193	-0.00015287356564964644
189144201.898368	-0.0008009940643288371	-0.0028539516761618214	-0.00015282202290150697
189147801.898368	-0.0007996846121437045	-0.0028537065895149778	-0.00015277048330733547
189151401.898368	-0.0007983757968297612	-0.0028534611304370495	-0.00015271894688400868
189155001.898368	-0.0007970676181064786	-0.002853215299494612	-0.00015266741364836978
189158601.898368	-0.0007957600756931956	-0.002852969097253555	-0.00015261588361722782
189162201.898368	-0.0007944531693091199	-0.002852722524279079	-0.00015256435680735737
189165801.898368	-0.000793146898673331	-0.0028524755811357057	-0.00015251283323549906
189169401.898368	-0.0007918412635047773	-0.0028522282683872665	-0.00015246131291835914
189173001.898368	-0.0007905362635222796	-0.0028519805865969143	-0.00015240979587261033
189176601.898368	-0.0007892318984445291	-0.002851732536327114	-0.00015235828211489178
189180201.898368	-0.0007879281679900891	-0.002851484118139649	-0.00015230677166180943
189183801.898368	-0.0007866250718773955	-0.0028512353325956226	-0.00015225526452993578
189187401.898368	-0.0007853226098247601	-0.0028509861802554636	-0.0001522037607358098
189191001.898368	-0.0007840207815503675	-0.002850736661678911	-0.00015215226029593548
189194601.898368	-0.00078271958677228	-0.002850486777425035	-0.00015210076322678354
189198201.898368	-0.000781419025208437	-0.0028502365280522247	-0.00015204926954479102
189201801.898368	-0.0007801190965766546	-0.00284998591411819	-0.000151997779266362
189205401.898368	-0.0007788198005946259	-0.002849734936179963	-0.0001519462924078673
189209001.898368	-0.000777521136979926	-0.0028494835947939063	-0.00015189480898564428
189212601.898368	-0.0007762231054500085	-0.0028492318905157027	-0.000151843329015997
189216201.898368	-0.000774925705722208	-0.0028489798239003617	-0.00015179185251519635
189219801.898368	-0.0007736289375137433	-0.0028487273955022222	-0.00015174037949947867
189223401.898368	-0.000772332800541715	-0.002848474605874947	-0.00015168890998504698
189227001.898368	-0.0007710372945231099	-0.0028482214555715308	-0.00015163744398807155
189230601.898368	-0.0007697424191747973	-0.0028479679451442912	-0.00015158598152468925
189234201.898368	-0.0007684481742135325	-0.0028477140751448737	-0.00015153452261100386
189237801.898368	-0.0007671545593559577	-0.0028474598461242597	-0.00015148306726308686
189241401.898368	-0.0007658615743186018	-0.002847205258632757	-0.0001514316154969761
189245001.898368	-0.0007645692188178811	-0.00284695031322	-0.00015138016732867596
189248601.898368	-0.000763277492570102	-0.002846695010434961	-0.0001513287227741572
189252201.898368	-0.0007619863952914586	-0.0028464393508259374	-0.00015127728184935753
189255801.898368	-0.0007606959266980368	-0.002846183334940566	-0.00015122584457018216
189259401.898368	-0.0007594060865058103	-0.0028459269633258036	-0.00015117441095250362
189263001.898368	-0.0007581168744306445	-0.002845670236527948	-0.00015112298101216203
189266601.898368	-0.0007568282901882952	-0.002845413155092626	-0.00015107155476496464
189270201.898368	-0.0007555403334944099	-0.0028451557195648025	-0.00015102013222668576
189273801.898368	-0.0007542530040645286	-0.0028448979304887705	-0.0001509687134130666
189277401.898368	-0.0007529663016140842	-0.002844639788408164	-0.00015091729833981575
189281001.898368	-0.0007516802258584023	-0.002844381293865949	-0.00015086588702260933
189284601.898368	-0.0007503947765127005	-0.00284412244740442	-0.0001508144794770909
189288201.898368	-0.0007491099532920898	-0.0028438632495652134	-0.00015076307571887227
189291801.898368	-0.0007478257559115762	-0.0028436037008893007	-0.0001507116757635332
189295401.898368	-0.0007465421840860585	-0.0028433438019169937	-0.00015066027962662114
189299001.898368	-0.0007452592375303294	-0.002843083553187935	-0.00015060888732365096
189302601.898368	-0.0007439769159590777	-0.0028428229552411124	-0.0001505574988701054
189306201.898368	-0.000742695219086887	-0.0028425620086148474	-0.00015050611428143478
189309801.898368	-0.0007414141466282375	-0.002842300713846803	-0.00015045473357305753
189313401.898368	-0.0007401336982975048	-0.0028420390714739836	-0.0001504033567603606
189317001.898368	-0.0007388538738089595	-0.002841777082032728	-0.000150351983858699
189320601.898368	-0.000737574672876771	-0.002841514746058725	-0.00015030061488339666
189324201.898368	-0.0007362960952150045	-0.0028412520640870016	-0.00015024924984974558
189327801.898368	-0.000735018140537625	-0.002840989036651929	-0.00015019788877300582
189331401.898368	-0.0007337408085584947	-0.0028407256642872213	-0.0001501465316684051
189335001.898368	-0.000732464098991378	-0.002840461947525942	-0.00015009517855113969
189338601.898368	-0.0007311880115499382	-0.0028401978869004962	-0.00015004382943637406
189342201.898368	-0.0007299125459477405	-0.002839933482942637	-0.00014999248433924186
189345801.898368	-0.0007286377018982499	-0.0028396687361834623	-0.00014994114327484563
189349401.898368	-0.0007273634791148351	-0.0028394036471534215	-0.0001498898062582568
189353001.898368	-0.000726089877310769	-0.002839138216382313	-0.00014983847330451481
189356601.898368	-0.0007248168961992281	-0.0028388724443992827	-0.00014978714442862696
189360201.898368	-0.0007235445354932958	-0.0028386063317328318	-0.00014973581964556902
189363801.898368	-0.0007222727949059618	-0.0028383398789108096	-0.00014968449897028588
189367401.898368	-0.0007210016741501221	-0.0028380730864604148	-0.00014963318241769096
189371001.898368	-0.0007197311729385825	-0.0028378059549082047	-0.00014958187000266667
189374601.898368	-0.0007184612909840555	-0.0028375384847800834	-0.0001495305617400646
189378201.898368	-0.0007171920279991638	-0.002837270676601312	-0.00014947925764470556
189381801.898368	-0.0007159233836964409	-0.0028370025308965055	-0.00014942795773137757
189385401.898368	-0.0007146553577883334	-0.0028367340481896377	-0.000149376662014838
189389001.898368	-0.0007133879499871982	-0.002836465229004034	-0.00014932537050981292
189392601.898368	-0.0007121211600053066	-0.0028361960738623754	-0.00014927408323099674
189396201.898368	-0.0007108549875548424	-0.0028359265832866997	-0.00014922280019305325
189399801.898368	-0.0007095894323479032	-0.0028356567577984006	-0.00014917152141061596
189403401.898368	-0.0007083244940965012	-0.002835386597918232	-0.00014912024689828782
189407001.898368	-0.0007070601725125632	-0.0028351161041663027	-0.0001490689766706404
189410601.898368	-0.0007057964673079323	-0.002834845277062081	-0.00014901771074221369
189414201.898368	-0.0007045333781943692	-0.002834574117124398	-0.0001489664491275166
189417801.898368	-0.0007032709048835498	-0.002834302624871436	-0.00014891519184102704
189421401.898368	-0.0007020090470870679	-0.002834030800820743	-0.0001488639388971929
189425001.898368	-0.0007007478045164354	-0.002833758645489223	-0.00014881269031043166
189428601.898368	-0.0006994871768830796	-0.00283348615939314	-0.00014876144609513047
189432201.898368	-0.0006982271638983475	-0.00283321334304812	-0.00014871020626564593
189435801.898368	-0.0006969677652735046	-0.0028329401969691545	-0.00014865897083630393
189439401.898368	-0.0006957089807197334	-0.0028326667216705893	-0.00014860773982139933
189443001.898368	-0.0006944508099481367	-0.0028323929176661375	-0.00014855651323519674
189446601.898368	-0.0006931932526697373	-0.0028321187854688772	-0.00014850529109193067
189450201.898368	-0.0006919363085954759	-0.0028318443255912432	-0.0001484540734058055
189453801.898368	-0.0006906799774362155	-0.002831569538545039	-0.00014840286019099589
189457401.898368	-0.0006894242589027376	-0.0028312944248414258	-0.00014835165146164628
189461001.898368	-0.0006881691527057413	-0.00283101898499094	-0.00014830044723187206
189464601.898368	-0.00068691465855585	-0.0028307432195034767	-0.00014824924751575736
189468201.898368	-0.0006856607761636098	-0.002830467128888305	-0.0001481980523273566
189471801.898368	-0.000684407505239486	-0.0028301907136540545	-0.00014814686168069396
189475401.898368	-0.0006831548454938664	-0.0028299139743087265	-0.00014809567558976414
189479001.898368	-0.0006819027966370617	-0.0028296369113596886	-0.00014804449406853232
189482601.898368	-0.0006806513583793063	-0.002829359525313682	-0.00014799331713093462
189486201.898368	-0.0006794005304307573	-0.0028290818166768115	-0.0001479421447908773
189489801.898368	-0.000678150312501498	-0.002828803785954561	-0.00014789097706223726
189493401.898368	-0.0006769007043015355	-0.0028285254336517826	-0.00014783981395886125
189497001.898368	-0.000675651705540806	-0.002828246760272708	-0.00014778865549456644
189500601.898368	-0.0006744033159291703	-0.0028279677663209353	-0.00014773750168313977
189504201.898368	-0.0006731555351764172	-0.0028276884522994363	-0.00014768635253833902
189507801.898368	-0.000671908362992265	-0.0028274088187105646	-0.0001476352080738935
189511401.898368	-0.0006706617990863594	-0.0028271288660560432	-0.00014758406830350324
189515001.898368	-0.0006694158431682768	-0.0028268485948369777	-0.0001475329332408389
189518601.898368	-0.0006681704949475242	-0.0028265680055538445	-0.00014748180289954124
189522201.898368	-0.000666925754133542	-0.0028262870987065068	-0.00014743067729322152
189525801.898368	-0.0006656816204357029	-0.002826005874794202	-0.00014737955643546124
189529401.898368	-0.0006644380935633129	-0.0028257243343155465	-0.00014732844033981277
189533001.898368	-0.000663195173225613	-0.0028254424777685383	-0.00014727732901979884
189536601.898368	-0.0006619528591317773	-0.002825160305650552	-0.0001472262224889148
189540201.898368	-0.0006607111509909152	-0.0028248778184583423	-0.00014717512076062566
189543801.898368	-0.000659470048512074	-0.002824595016688052	-0.00014712402384836772
189547401.898368	-0.0006582295514042362	-0.002824311900835202	-0.00014707293176554812
189551001.898368	-0.0006569896593763221	-0.002824028471394697	-0.00014702184452554436
189554601.898368	-0.0006557503721371903	-0.0028237447288608215	-0.0001469707621417042
189558201.898368	-0.0006545116893956388	-0.002823460673727246	-0.00014691968462734664
189561801.898368	-0.0006532736108604031	-0.002823176306487022	-0.00014686861199576242
189565401.898368	-0.0006520361362401579	-0.0028228916276325866	-0.00014681754426021392
189569001.898368	-0.0006507992652435166	-0.0028226066376557573	-0.00014676648143393476
189572601.898368	-0.0006495629975790338	-0.0028223213370477448	-0.00014671542353012968
189576201.898368	-0.0006483273329552037	-0.0028220357262991377	-0.0001466643705619738
189579801.898368	-0.0006470922710804625	-0.0028217498058999116	-0.00014661332254261328
189583401.898368	-0.0006458578116631872	-0.0028214635763394343	-0.00014656227948516587
189587001.898368	-0.0006446239544116951	-0.0028211770381064523	-0.00014651124140272083
189590601.898368	-0.0006433906990342452	-0.0028208901916891007	-0.0001464602083083397
189594201.898368	-0.0006421580452390374	-0.0028206030375749038	-0.00014640918021505597
189597801.898368	-0.000640925992734213	-0.0028203155762507705	-0.00014635815713587443
189601401.898368	-0.0006396945412278565	-0.002820027808203005	-0.00014630713908377174
189605001.898368	-0.0006384636904279936	-0.0028197397339172945	-0.00014625612607169542
189608601.898368	-0.000637233440042593	-0.002819451353878719	-0.00014620511811256481
189612201.898368	-0.0006360037897795679	-0.0028191626685717492	-0.0001461541152192714
189615801.898368	-0.0006347747393467717	-0.0028188736784802463	-0.0001461031174046788
189619401.898368	-0.0006335462884520029	-0.0028185843840874605	-0.0001460521246816233
189623001.898368	-0.0006323184368030022	-0.0028182947858760355	-0.00014600113706291336
189626601.898368	-0.0006310911841074549	-0.002818004884328011	-0.00014595015456132971
189630201.898368	-0.000629864530072991	-0.002817714679924817	-0.00014589917718962477
189633801.898368	-0.000628638474407186	-0.002817424173147285	-0.0001458482049605228
189637401.898368	-0.000627413016817562	-0.002817133364475636	-0.0001457972378867201
189641001.898368	-0.0006261881570115866	-0.002816842254389489	-0.00014574627598088526
189644601.898368	-0.0006249638946966749	-0.0028165508433678622	-0.00014569531925566012
189648201.898368	-0.0006237402295801889	-0.0028162591318891678	-0.000145644367723659
189651801.898368	-0.0006225171613694384	-0.002815967120431217	-0.00014559342139746918
189655401.898368	-0.000621294689771683	-0.002815674809471226	-0.00014554248028964984
189659001.898368	-0.0006200728144941318	-0.002815382199485807	-0.000145491544412732
189662601.898368	-0.0006188515352439462	-0.0028150892909509784	-0.00014544061377921904
189666201.898368	-0.000617630851728238	-0.0028147960843421535	-0.00014538968840158677
189669801.898368	-0.0006164107636540718	-0.0028145025801341525	-0.0001453387682922838
189673401.898368	-0.0006151912707284651	-0.0028142087788011988	-0.00014528785346373167
189677001.898368	-0.000613972372658388	-0.002813914680816915	-0.00014523694392832494
189680601.898368	-0.0006127540691507654	-0.0028136202866543315	-0.00014518603969843107
189684201.898368	-0.0006115363599124777	-0.002813325596785884	-0.0001451351407863891
189687801.898368	-0.0006103192446503615	-0.002813030611683417	-0.00014508424720451141
189691401.898368	-0.0006091027230712108	-0.002812735331818175	-0.00014503335896508124
189695001.898368	-0.0006078867948817765	-0.002812439757660813	-0.00014498247608035563
189698601.898368	-0.0006066714597887673	-0.002812143889681391	-0.00014493159856256485
189702201.898368	-0.00060545671749885	-0.002811847728349376	-0.00014488072642391184
189705801.898368	-0.0006042425677186501	-0.0028115512741336435	-0.00014482985967657298
189709401.898368	-0.0006030290101547524	-0.0028112545275024766	-0.00014477899833269744
189713001.898368	-0.000601816044513701	-0.002810957488923569	-0.00014472814240440687
189716601.898368	-0.000600603670502001	-0.0028106601588640217	-0.00014467729190379517
189720201.898368	-0.0005993918878261193	-0.002810362537790346	-0.0001446264468429292
189723801.898368	-0.0005981806961924832	-0.0028100646261684644	-0.0001445756072338491
189727401.898368	-0.0005969700953074815	-0.002809766424463708	-0.00014452477308856865
189731001.898368	-0.0005957600848774625	-0.0028094679331408167	-0.00014447394441907528
189734601.898368	-0.0005945506646087368	-0.002809169152663941	-0.0001444231212373298
189738201.898368	-0.0005933418342075773	-0.0028088700834966473	-0.00014437230355526605
189741801.898368	-0.0005921335933802189	-0.002808570726101913	-0.00014432149138479076
189745401.898368	-0.0005909259418328594	-0.0028082710809421256	-0.00014427068473778348
189749001.898368	-0.00058971887927166	-0.0028079711484790904	-0.00014421988362609762
189752601.898368	-0.0005885124054027436	-0.0028076709291740202	-0.0001441690880615601
189756201.898368	-0.0005873065199321953	-0.002807370423487542	-0.000144118298055972
189759801.898368	-0.0005861012225660639	-0.0028070696318797015	-0.00014406751362110878
189763401.898368	-0.0005848965130103599	-0.002806768554809955	-0.0001440167347687193
189767001.898368	-0.0005836923909710593	-0.002806467192737179	-0.00014396596151052625
189770601.898368	-0.0005824888561541009	-0.0028061655461196658	-0.0001439151938582254
189774201.898368	-0.0005812859082653884	-0.002805863615415122	-0.00014386443182348604
189777801.898368	-0.0005800835470107903	-0.0028055614010806754	-0.0001438136754179517
189781401.898368	-0.0005788817720961401	-0.002805258903572873	-0.00014376292465324023
189785001.898368	-0.0005776805832272353	-0.0028049561233476758	-0.0001437121795409441
189788601.898368	-0.0005764799801098397	-0.002804653060860469	-0.00014366144009263018
189792201.898368	-0.0005752799624496817	-0.0028043497165660554	-0.00014361070631983952
189795801.898368	-0.0005740805299524591	-0.002804046090918665	-0.00014355997823408691
189799401.898368	-0.0005728816823238363	-0.002803742184371948	-0.00014350925584686043
189803001.898368	-0.0005716834192694472	-0.00280343799737898	-0.00014345853916962237
189806601.898368	-0.0005704857404948935	-0.002803133530392256	-0.00014340782821380927
189810201.898368	-0.0005692886457057475	-0.0028028287838637016	-0.00014335712299083317
189813801.898368	-0.0005680921346075496	-0.0028025237582446584	-0.00014330642351208055
189817401.898368	-0.0005668962069058125	-0.0028022184539859044	-0.0001432557297889125
189821001.898368	-0.0005657008623060197	-0.002801912871537639	-0.0001432050418326635
189824601.898368	-0.000564506100513629	-0.002801607011349494	-0.0001431543596546423
189828201.898368	-0.0005633119212340698	-0.002801300873870523	-0.00014310368326613202
189831801.898368	-0.0005621183241727477	-0.0028009944595492153	-0.0001430530126783898
189835401.898368	-0.0005609253090350419	-0.0028006877688334848	-0.00014300234790264705
189839001.898368	-0.0005597328755263064	-0.0028003808021706766	-0.00014295168895011123
189842601.898368	-0.0005585410233518706	-0.002800073560007563	-0.00014290103583196396
189846201.898368	-0.0005573497522170399	-0.0027997660427903502	-0.0001428503885593616
189849801.898368	-0.0005561590618270975	-0.0027994582509646756	-0.00014279974714343473
189853401.898368	-0.0005549689518873038	-0.002799150184975609	-0.0001427491115952877
189857001.898368	-0.0005537794221028984	-0.002798841845267652	-0.00014269848192599945
189860601.898368	-0.0005525904721790991	-0.0027985332322847407	-0.00014264785814662348
189864201.898368	-0.0005514021018211024	-0.0027982243464702403	-0.0001425972402681886
189867801.898368	-0.0005502143107340825	-0.0027979151882669465	-0.0001425466283016989
189871401.898368	-0.0005490270986231944	-0.0027976057581170963	-0.00014249602225813383
189875001.898368	-0.0005478404651935712	-0.002797296056462355	-0.0001424454221484471
189878601.898368	-0.0005466544101503275	-0.002796986083743826	-0.00014239482798356691
189882201.898368	-0.0005454689331985574	-0.0027966758404020424	-0.00014234423977439574
189885801.898368	-0.0005442840340433375	-0.0027963653268769854	-0.00014229365753181146
189889401.898368	-0.0005430997123897226	-0.0027960545436080566	-0.00014224308126666702
189893001.898368	-0.0005419159679427519	-0.0027957434910340986	-0.00014219251098979087
189896601.898368	-0.0005407328004074403	-0.002795432169593395	-0.00014214194671198762
189900201.898368	-0.0005395502094887847	-0.0027951205797236574	-0.00014209138844403663
189903801.898368	-0.0005383681948917645	-0.0027948087218620426	-0.0001420408361966927
189907401.898368	-0.0005371867563213411	-0.0027944965964451464	-0.00014199028998068537
189911001.898368	-0.0005360058934824568	-0.0027941842039089977	-0.00014193974980671934
189914601.898368	-0.0005348256060800363	-0.00279387154468907	-0.00014188921568547485
189918201.898368	-0.000533645893818985	-0.002793558619220271	-0.00014183868762760796
189921801.898368	-0.0005324667564041893	-0.002793245427936951	-0.00014178816564375078
189925401.898368	-0.0005312881935405189	-0.0027929319712729013	-0.00014173764974451176
189929001.898368	-0.0005301102049328247	-0.0027926182496613547	-0.00014168713994047483
189932601.898368	-0.0005289327902859413	-0.0027923042635349905	-0.00014163663624219982
189936201.898368	-0.000527755949304686	-0.002791990013325924	-0.00014158613866022135
189939801.898368	-0.0005265796816938613	-0.0027916754994657214	-0.00014153564720504987
189943401.898368	-0.0005254039871582544	-0.0027913607223853942	-0.00014148516188717178
189947001.898368	-0.0005242288654026349	-0.0027910456825153904	-0.00014143468271704936
189950601.898368	-0.0005230543161317593	-0.002790730380285614	-0.00014138420970512212
189954201.898368	-0.0005218803390503679	-0.0027904148161254096	-0.0001413337428618058
189957801.898368	-0.0005207069338631875	-0.0027900989904635727	-0.00014128328219749212
189961401.898368	-0.0005195341002749329	-0.0027897829037283506	-0.00014123282772254825
189965001.898368	-0.0005183618379903067	-0.0027894665563474325	-0.00014118237944731637
189968601.898368	-0.0005171901467140015	-0.002789149948747971	-0.0001411319373821149
189972201.898368	-0.0005160190261506974	-0.002788833081356554	-0.00014108150153723846
189975801.898368	-0.0005148484760050653	-0.0027885159545992314	-0.0001410310719229594
189979401.898368	-0.0005136784959817645	-0.002788198568901494	-0.00014098064854952577
189983001.898368	-0.0005125090857854474	-0.0027878809246882964	-0.0001409302314271616
189986601.898368	-0.0005113402451207572	-0.002787563022384043	-0.00014087982056606765
189990201.898368	-0.0005101719736923299	-0.0027872448624125913	-0.00014082941597641995
189993801.898368	-0.0005090042712047959	-0.0027869264451972527	-0.00014077901766837043
189997401.898368	-0.0005078371373627794	-0.002786607771160797	-0.00014072862565204643
190001001.898368	-0.0005066705718708977	-0.0027862888407254424	-0.00014067823993755353
190004601.898368	-0.0005055045744337637	-0.0027859696543128675	-0.00014062786053497327
190008201.898368	-0.0005043391447559837	-0.0027856502123442023	-0.0001405774874543636
190011801.898368	-0.000503174282542161	-0.0027853305152400407	-0.00014052712070575997
190015401.898368	-0.0005020099874968926	-0.002785010563420424	-0.00014047676029917312
190019001.898368	-0.0005008462593247745	-0.0027846903573048583	-0.00014042640624458962
190022601.898368	-0.0004996830977304001	-0.002784369897312307	-0.0001403760585519721
190026201.898368	-0.0004985205024183582	-0.0027840491838611887	-0.00014032571723126012
190029801.898368	-0.0004973584730932356	-0.00278372821736938	-0.00014027538229237075
190033401.898368	-0.0004961970094596153	-0.0027834069982542145	-0.00014022505374519813
190037001.898368	-0.0004950361112220769	-0.0027830855269324857	-0.00014017473159961337
190040601.898368	-0.0004938757780851994	-0.0027827638038204474	-0.00014012441586546393
190044201.898368	-0.0004927160097535592	-0.002782441829333818	-0.00014007410655257353
190047801.898368	-0.0004915568059317307	-0.002782119603887769	-0.00014002380367074228
190051401.898368	-0.0004903981663242872	-0.0027817971278969356	-0.0001399735072297473
190055001.898368	-0.0004892400906357997	-0.0027814744017754145	-0.00013992321723934332
190058601.898368	-0.0004880825785708368	-0.0027811514259367606	-0.00013987293370926247
190062201.898368	-0.00048692562983396534	-0.002780828200793992	-0.00013982265664921453
190065801.898368	-0.00048576924412974993	-0.0027805047267595896	-0.00013977238606888628
190069401.898368	-0.0004846134211627547	-0.002780181004245502	-0.00013972212197794175
190073001.898368	-0.00048345816063754177	-0.0027798570336631362	-0.0001396718643860215
190076601.898368	-0.0004823034622586731	-0.002779532815423367	-0.0001396216133027434
190080201.898368	-0.0004811493257307103	-0.0027792083499365355	-0.0001395713687377027
190083801.898368	-0.0004799957507582136	-0.002778883637612444	-0.0001395211307004725
190087401.898368	-0.00047884273704574274	-0.002778558678860362	-0.00013947089920060367
190091001.898368	-0.00047769028429785735	-0.0027782334740890273	-0.00013942067424762533
190094601.898368	-0.000476538392219117	-0.0027779080237066464	-0.00013937045585104405
190098201.898368	-0.0004753870605140827	-0.002777582328120896	-0.00013932024402034382
190101801.898368	-0.0004742362888873169	-0.0027772563877389205	-0.00013927003876498554
190105401.898368	-0.0004730860770433853	-0.0027769302029673365	-0.00013921984009440764
190109001.898368	-0.0004719364246868561	-0.0027766037742122315	-0.00013916964801802614
190112601.898368	-0.00047078733152229986	-0.0027762771018791602	-0.00013911946254523515
190116201.898368	-0.00046963879725429153	-0.002775950186373155	-0.00013906928368540773
190119801.898368	-0.00046849082158740863	-0.0027756230280987174	-0.0001390191114478948
190123401.898368	-0.00046734340422623403	-0.0027752956274598242	-0.00013896894584202498
190127001.898368	-0.0004661965448753565	-0.0027749679848599255	-0.00013891878687710379
190130601.898368	-0.0004650502432393738	-0.0027746401007019547	-0.000138868634562414
190134201.898368	-0.0004639044990228892	-0.0027743119753883124	-0.00013881848890721612
190137801.898368	-0.0004627593119305134	-0.002773983609320878	-0.00013876834992074938
190141401.898368	-0.00046161468166686526	-0.002773655002901005	-0.00013871821761223107
190145001.898368	-0.0004604706079365719	-0.0027733261565295237	-0.0001386680919908571
190148601.898368	-0.0004593270904442694	-0.002772997070606744	-0.00013861797306580066
190152201.898368	-0.0004581841288946032	-0.0027726677455324556	-0.00013856786084621468
190155801.898368	-0.0004570417229922311	-0.0027723381817059286	-0.0001385177553412265
190159401.898368	-0.00045589987244182	-0.002772008379525904	-0.00013846765655994308
190163001.898368	-0.00045475857694804943	-0.0027716783393906116	-0.00013841756451144939
190166601.898368	-0.0004536178362156095	-0.0027713480616977527	-0.00013836747920480802
190170201.898368	-0.00045247764994920243	-0.002771017546844513	-0.00013831740064906072
190173801.898368	-0.00045133801785354023	-0.0027706867952275536	-0.00013826732885322817
190177401.898368	-0.00045019893963334744	-0.002770355807243019	-0.00013821726382630945
190181001.898368	-0.0004490604149933622	-0.002770024583286539	-0.00013816720557728108
190184601.898368	-0.00044792244363833474	-0.002769693123753219	-0.00013811715411509673
190188201.898368	-0.0004467850252730294	-0.0027693614290376523	-0.00013806710944868857
190191801.898368	-0.00044564815960222275	-0.0027690294995339074	-0.00013801707158696736
190195401.898368	-0.00044451184633070406	-0.00276869733563554	-0.00013796704053882348
190199001.898368	-0.00044337608516327416	-0.0027683649377355833	-0.00013791701631312637
190202601.898368	-0.000442240875804747	-0.002768032306226556	-0.0001378669989187241
190206201.898368	-0.0004411062179599501	-0.0027676994415004644	-0.00013781698836444302
190209801.898368	-0.000439972111333724	-0.0027673663439487933	-0.00013776698465908758
190213401.898368	-0.00043883855563092315	-0.0027670330139625203	-0.00013771698781144055
190217001.898368	-0.0004377055505564152	-0.0027666994519321003	-0.00013766699783026359
190220601.898368	-0.00043657309581508107	-0.0027663656582474785	-0.00013761701472429782
190224201.898368	-0.0004354411911118141	-0.0027660316332980806	-0.0001375670385022639
190227801.898368	-0.0004343098361515212	-0.0027656973774728257	-0.00013751706917286205
190231401.898368	-0.00043317903063912227	-0.002765362891160115	-0.00013746710674477142
190235001.898368	-0.00043204877427955153	-0.002765028174747842	-0.00013741715122665
190238601.898368	-0.0004309190667777573	-0.0027646932286233897	-0.00013736720262713423
190242201.898368	-0.00042978990783870295	-0.002764358053173629	-0.00013731726095483958
190245801.898368	-0.00042866129716736704	-0.0027640226487849234	-0.00013726732621836075
190249401.898368	-0.0004275332344687426	-0.0027636870158431223	-0.00013721739842627217
190253001.898368	-0.0004264057194478383	-0.0027633511547335726	-0.00013716747758712842
190256601.898368	-0.0004252787518096777	-0.002763015065841108	-0.00013711756370946373
190260201.898368	-0.0004241523312593013	-0.0027626787495500576	-0.00013706765680179158
190263801.898368	-0.00042302645750176733	-0.002762342206244251	-0.0001370177568726045
190267401.898368	-0.00042190113024215194	-0.002762005436307007	-0.00013696786393037347
190271001.898368	-0.0004207763491855507	-0.002761668440121144	-0.00013691797798354893
190274601.898368	-0.00041965211403707765	-0.00276133121806897	-0.00013686809904056053
190278201.898368	-0.00041852842450186653	-0.0027609937705322953	-0.00013681822710981864
190281801.898368	-0.0004174052802850706	-0.0027606560978924244	-0.00013676836219971364
190285401.898368	-0.00041628268109186213	-0.002760318200530157	-0.0001367185043186153
190289001.898368	-0.0004151606266274365	-0.0027599800788258005	-0.00013666865347487306
190292601.898368	-0.0004140391165970104	-0.0027596417331591525	-0.00013661880967681518
190296201.898368	-0.00041291815070582425	-0.002759303163909517	-0.0001365689729327485
190299801.898368	-0.0004117977286591417	-0.0027589643714556944	-0.00013651914325095942
190303401.898368	-0.00041067785016225003	-0.002758625356175988	-0.00013646932063971534
190307001.898368	-0.00040955851492046144	-0.002758286118448199	-0.00013641950510726223
190310601.898368	-0.00040843972263910917	-0.0027579466586496277	-0.0001363696966618282
190314201.898368	-0.0004073214730235529	-0.00275760697715708	-0.0001363198953116198
190317801.898368	-0.0004062037657791744	-0.002757267074346863	-0.00013627010106482317
190321401.898368	-0.0004050866006113861	-0.0027569269505947863	-0.00013622031392960374
190325001.898368	-0.00040396997722562405	-0.002756586606276168	-0.0001361705339141065
190328601.898368	-0.00040285389532735067	-0.0027562460417658165	-0.0001361207610264556
190332201.898368	-0.00040173835462205466	-0.0027559052574380534	-0.00013607099527475605
190335801.898368	-0.0004006233548152505	-0.0027555642536667003	-0.0001360212366670938
190339401.898368	-0.00039950889561247727	-0.0027552230308250806	-0.0001359714852115351
190343001.898368	-0.00039839497671930114	-0.0027548815892860247	-0.00013592174091612614
190346601.898368	-0.00039728159784131544	-0.00275453992942187	-0.0001358720037888925
190350201.898368	-0.0003961687586841408	-0.0027541980516044575	-0.00013582227383783908
190353801.898368	-0.0003950564589534249	-0.0027538559562051324	-0.00013577255107095066
190357401.898368	-0.0003939446983548419	-0.002753513643594746	-0.000135722835496193
190361001.898368	-0.00039283347659409187	-0.002753171114143657	-0.00013567312712151275
190364601.898368	-0.000391722793376901	-0.002752828368221727	-0.0001356234259548378
190368201.898368	-0.00039061264840902144	-0.002752485406198326	-0.0001355737320040763
190371801.898368	-0.0003895030413962331	-0.0027521422284423358	-0.00013552404527711697
190375401.898368	-0.0003883939720443426	-0.002751798835322146	-0.00013547436578182823
190379001.898368	-0.00038728544005918437	-0.002751455227205653	-0.00013542469352605842
190382601.898368	-0.0003861774451466193	-0.0027511114044602614	-0.0001353750285176365
190386201.898368	-0.0003850699870125363	-0.002750767367452892	-0.00013532537076437298
190389801.898368	-0.0003839630653628503	-0.002750423116549969	-0.00013527572027405952
190393401.898368	-0.0003828566799035033	-0.0027500786521174278	-0.0001352260770544692
190397001.898368	-0.0003817508303404652	-0.002749733974520722	-0.00013517644111335633
190400601.898368	-0.00038064551637973377	-0.0027493890841248114	-0.0001351268124584552
190404201.898368	-0.0003795407377273369	-0.0027490439812941784	-0.00013507719109748066
190407801.898368	-0.0003784364940893317	-0.0027486986663928163	-0.00013502757703812767
190411401.898368	-0.0003773327851718048	-0.0027483531397842305	-0.0001349779702880722
190415001.898368	-0.0003762296106808733	-0.0027480074018314446	-0.0001349283708549722
190418601.898368	-0.00037512697032268303	-0.002747661452896997	-0.0001348787787464672
190422201.898368	-0.0003740248638034112	-0.002747315293342941	-0.00013482919397017862
190425801.898368	-0.0003729232908292664	-0.0027469689235308527	-0.0001347796165337085
190429401.898368	-0.00037182225110648983	-0.0027466223438218237	-0.00013473004644463883
190433001.898368	-0.0003707217443413564	-0.0027462755545764675	-0.00013468048371053208
190436601.898368	-0.0003696217702401755	-0.0027459285561549206	-0.00013463092833893188
190440201.898368	-0.00036852232850928887	-0.0027455813489168264	-0.00013458138033736337
190443801.898368	-0.0003674234188550734	-0.00274523393322136	-0.0001345318397133338
190447401.898368	-0.0003663250409839405	-0.002744886309427213	-0.0001344823064743311
190451001.898368	-0.00036522719460233574	-0.0027445384778925987	-0.00013443278062782595
190454601.898368	-0.00036412987941674085	-0.0027441904389752534	-0.00013438326218126925
190458201.898368	-0.00036303309513367515	-0.002743842193032435	-0.00013433375114209215
190461801.898368	-0.0003619368414596947	-0.0027434937404209286	-0.00013428424751770696
190465401.898368	-0.00036084111810139394	-0.002743145081497039	-0.00013423475131550672
190469001.898368	-0.0003597459247654033	-0.0027427962166165915	-0.00013418526254286661
190472601.898368	-0.0003586512611583909	-0.002742447146134939	-0.00013413578120714413
190476201.898368	-0.00035755712698706197	-0.0027420978704069533	-0.00013408630731567842
190479801.898368	-0.0003564635219581598	-0.0027417483897870343	-0.00013403684087579012
190483401.898368	-0.00035537044577846615	-0.002741398704629109	-0.00013398738189478111
190487001.898368	-0.00035427789815480125	-0.0027410488152866254	-0.00013393793037993356
190490601.898368	-0.00035318587879402545	-0.002740698722112562	-0.00013388848633851094
190494201.898368	-0.0003520943874030373	-0.002740348425459419	-0.00013383904977775857
190497801.898368	-0.0003510034236887737	-0.002739997925679221	-0.00013378962070490413
190501401.898368	-0.00034991298735820845	-0.002739647223123517	-0.00013374019912715785
190505001.898368	-0.0003488230781183548	-0.002739296318143389	-0.00013369078505171233
190508601.898368	-0.00034773369567626304	-0.00273894521108944	-0.0001336413784857414
190512201.898368	-0.0003466448397390235	-0.0027385939023118074	-0.00013359197943640027
190515801.898368	-0.00034555651001376517	-0.0027382423921601517	-0.00013354258791082555
190519401.898368	-0.0003444687062076564	-0.0027378906809836638	-0.00013349320391613551
190523001.898368	-0.00034338142802790313	-0.0027375387691310612	-0.00013344382745943104
190526601.898368	-0.00034229467518175007	-0.0027371866569505924	-0.0001333944585477959
190530201.898368	-0.0003412084473764791	-0.002736834344790033	-0.00013334509718829652
190533801.898368	-0.0003401227443194108	-0.0027364818329966936	-0.00013329574338798197
190537401.898368	-0.00033903756571790355	-0.002736129121917409	-0.00013324639715388308
190541001.898368	-0.00033795291127935615	-0.002735776211898555	-0.00013319705849301264
190544601.898368	-0.00033686878071120644	-0.0027354231032860332	-0.00013314772741236493
190548201.898368	-0.00033578517372093245	-0.0027350697964252844	-0.00013309840391891685
190551801.898368	-0.00033470209001605096	-0.002734716291661275	-0.00013304908801962768
