190549492.989696	-0.000335396681705078	-0.0027349430310065793	-0.00013308071418035848
190553092.989696	-0.0003343137799026333	-0.002734589487677663	-0.0001330314105899149
190556692.989696	-0.0003332314009534148	-0.0027342357468800385	-0.00013298211459600545
190560292.989696	-0.00033214954456509095	-0.002733881808957575	-0.00013293282620555405
190563892.989696	-0.0003310682104453719	-0.0027335276742536875	-0.00013288354542546766
190567492.989696	-0.0003299873983020089	-0.002733173343111324	-0.00013283427226263485
190571092.989696	-0.00032890710784279586	-0.0027328188158729705	-0.00013278500672392582
190574692.989696	-0.00032782733877557	-0.0027324640928806537	-0.0001327357488161928
190578292.989696	-0.00032674809080821096	-0.002732109174475935	-0.00013268649854627116
190581892.989696	-0.0003256693636486414	-0.002731754060999918	-0.00013263725592098025
190585492.989696	-0.0003245911570048261	-0.002731398752793242	-0.00013258802094712297
190589092.989696	-0.0003235134705847743	-0.0027310432501960894	-0.00013253879363148515
190592692.989696	-0.00032243630409654113	-0.0027306875535481846	-0.00013248957398083393
190596292.989696	-0.0003213596572482283	-0.0027303316631887976	-0.00013244036200191835
190599892.989696	-0.00032028352974798293	-0.0027299755794567364	-0.00013239115770147044
190603492.989696	-0.0003192079213039989	-0.00272961930269035	-0.00013234196108620526
190607092.989696	-0.00031813283162451914	-0.0027292628332275374	-0.00013229277216281917
190610692.989696	-0.00031705826041783	-0.0027289061714057317	-0.0001322435909379953
190614292.989696	-0.00031598420739226667	-0.0027285493175619093	-0.00013219441741839767
190617892.989696	-0.0003149106722562122	-0.0027281922720325995	-0.00013214525161067404
190621492.989696	-0.0003138376547180978	-0.002727835035153872	-0.00013209609352145428
190625092.989696	-0.00031276515448640414	-0.00272747760726134	-0.00013204694315735062
190628692.989696	-0.00031169317126966185	-0.002727119988690167	-0.00013199780052495778
190632292.989696	-0.00031062170477644973	-0.002726762179775053	-0.00013194866563085271
190635892.989696	-0.0003095507547153964	-0.0027264041808502536	-0.00013189953848159738
190639492.989696	-0.00030848032079517783	-0.002726045992249559	-0.00013185041908373755
190643092.989696	-0.0003074104027245189	-0.0027256876143063108	-0.00013180130744380245
190646692.989696	-0.0003063410002121942	-0.002725329047353399	-0.0001317522035683041
190650292.989696	-0.0003052721129670284	-0.0027249702917232594	-0.00013170310746373645
190653892.989696	-0.0003042037406978957	-0.002724611347747875	-0.00013165401913657618
190657492.989696	-0.0003031358831137211	-0.00272425221575878	-0.00013160493859328348
190661092.989696	-0.00030206853992347795	-0.002723892896087051	-0.00013155586584030253
190664692.989696	-0.00030100171083618826	-0.002723533389063311	-0.00013150680088406185
190668292.989696	-0.0002999353955609225	-0.0027231736950177306	-0.00013145774373097378
190671892.989696	-0.0002988695938068008	-0.002722813814280039	-0.00013140869438743453
190675492.989696	-0.00029780430528299207	-0.0027224537471795076	-0.00013135965285982314
190679092.989696	-0.0002967395296987147	-0.00272209349404496	-0.0001313106191545017
190682692.989696	-0.00029567526676323755	-0.002721733055204773	-0.0001312615932778159
190686292.989696	-0.000294611516185878	-0.0027213724309868704	-0.00013121257523609494
190689892.989696	-0.0002935482776760029	-0.0027210116217187275	-0.00013116356503565274
190693492.989696	-0.0002924855509430276	-0.002720650627727375	-0.00013111456268278762
190697092.989696	-0.00029142333569641605	-0.0027202894493393893	-0.00013106556818378218
190700692.989696	-0.00029036163164568204	-0.0027199280868809086	-0.00013101658154490337
190704292.989696	-0.00028930043850038887	-0.0027195665406776217	-0.00013096760277240136
190707892.989696	-0.0002882397559701514	-0.002719204811054775	-0.00013091863187250988
190711492.989696	-0.00028717958376463536	-0.002718842898337168	-0.000130869668851446
190715092.989696	-0.00028611992159355835	-0.0027184808028491614	-0.00013082071371541118
190718692.989696	-0.00028506076916668896	-0.002718118524914666	-0.0001307717664705915
190722292.989696	-0.0002840021261938467	-0.0027177560648571518	-0.00013072282712315805
190725892.989696	-0.00028294399238490257	-0.002717393422999644	-0.00013067389567926677
190729492.989696	-0.0002818863674497806	-0.0027170305996647363	-0.00013062497214505781
190733092.989696	-0.00028082925109845785	-0.0027166675951745736	-0.00013057605652665443
190736692.989696	-0.0002797726430409662	-0.002716304409850865	-0.00013052714883016303
190740292.989696	-0.0002787165429873931	-0.0027159410440148837	-0.00013047824906167374
190743892.989696	-0.00027766095064788045	-0.0027155774979874567	-0.00013042935722726193
190747492.989696	-0.0002766058657326264	-0.002715213772088972	-0.00013038047333298816
190751092.989696	-0.00027555128795188284	-0.0027148498666393853	-0.0001303315973848986
190754692.989696	-0.00027449721701595345	-0.0027144857819582048	-0.00013028272938902285
190758292.989696	-0.00027344365263520624	-0.0027141215183645183	-0.00013023386935137423
190761892.989696	-0.0002723905945200619	-0.00271375707617696	-0.00013018501727795075
190765492.989696	-0.00027133804238100223	-0.0027133924557137413	-0.0001301361731747323
190769092.989696	-0.0002702859959285645	-0.0027130276572926316	-0.00013008733704768433
190772692.989696	-0.00026923445487334383	-0.0027126626812309616	-0.0001300385089027581
190776292.989696	-0.00026818341892599287	-0.002712297527845626	-0.00012998968874588956
190779892.989696	-0.00026713288779722327	-0.0027119321974530867	-0.00012994087658299886
190783492.989696	-0.0002660828611978042	-0.002711566690369372	-0.0001298920724199918
190787092.989696	-0.0002650333388385634	-0.0027112010069100727	-0.00012984327626275812
190790692.989696	-0.000263984320430389	-0.0027108351473903486	-0.0001297944881171708
190794292.989696	-0.0002629358056842283	-0.0027104691121249275	-0.00012974570798908656
190797892.989696	-0.00026188779431108753	-0.0027101029014280995	-0.00012969693588434737
190801492.989696	-0.00026084028602203	-0.002709736515613714	-0.00012964817180878134
190805092.989696	-0.0002597932805281773	-0.0027093699549951967	-0.00012959941576820284
190808692.989696	-0.0002587467775407089	-0.002709003219885535	-0.00012955066776841105
190812292.989696	-0.00025770077677086337	-0.0027086363105972852	-0.00012950192781518928
190815892.989696	-0.00025665527792993856	-0.0027082692274425727	-0.0001294531959143046
190819492.989696	-0.00025561028072929135	-0.002707901970733095	-0.00012940447207150893
190823092.989696	-0.00025456578488033764	-0.002707534540780112	-0.0001293557562925391
190826692.989696	-0.0002535217900945504	-0.002707166937894454	-0.00012930704858311808
190830292.989696	-0.0002524782960834601	-0.0027067991623865154	-0.00012925834894895482
190833892.989696	-0.00025143530255865537	-0.002706431214566269	-0.00012920965739574442
190837492.989696	-0.0002503928092317817	-0.00270606309474325	-0.00012916097392916693
190841092.989696	-0.00024935081581454354	-0.0027056948032265714	-0.0001291122985548872
190844692.989696	-0.000248309322018704	-0.002705326340324917	-0.0001290636312785549
190848292.989696	-0.0002472683275560845	-0.0027049577063465394	-0.0001290149721058044
190851892.989696	-0.00024622783213856575	-0.0027045889015992696	-0.00012896632104225634
190855492.989696	-0.00024518783547808614	-0.0027042199263905054	-0.00012891767809351717
190859092.989696	-0.0002441483372866425	-0.002703850781027221	-0.00012886904326518
190862692.989696	-0.0002431093372762902	-0.0027034814658159633	-0.0001288204165628239
190866292.989696	-0.00024207083515914376	-0.0027031119810628575	-0.00012877179799201358
190869892.989696	-0.00024103283064737813	-0.002702742327073606	-0.00012872318755829886
190873492.989696	-0.000239995323453229	-0.002702372504153488	-0.00012867458526721412
190877092.989696	-0.00023895831328899397	-0.0027020025126073617	-0.00012862599112427938
190880692.989696	-0.0002379217998670316	-0.0027016323527396576	-0.00012857740513500033
190884292.989696	-0.00023688578289976207	-0.002701262024854388	-0.00012852882730486945
190887892.989696	-0.00023585026209966707	-0.002700891529255145	-0.00012848025763936616
190891492.989696	-0.00023481523717928883	-0.0027005208662450927	-0.00012843169614395572
190895092.989696	-0.00023378070785123395	-0.0027001500361269874	-0.0001283831428240894
190898692.989696	-0.000232746673828173	-0.0026997790392031622	-0.0001283345976852027
190902292.989696	-0.00023171313482284173	-0.00269940787577553	-0.00012828606073271608
190905892.989696	-0.00023068009054804135	-0.0026990365461455877	-0.000128237531972036
190909492.989696	-0.00022964754071663665	-0.002698665050614412	-0.0001281890114085555
190913092.989696	-0.0002286154850415569	-0.0026982933894826584	-0.00012814049904765441
190916692.989696	-0.0002275839232357975	-0.0026979215630505687	-0.00012809199489469952
190920292.989696	-0.00022655285501241767	-0.0026975495716179652	-0.00012804349895504305
190923892.989696	-0.0002255222800845436	-0.0026971774154842584	-0.00012799501123402407
190927492.989696	-0.00022449219816536998	-0.0026968050949484406	-0.00012794653173696426
190931092.989696	-0.00022346260896815838	-0.00269643261030909	-0.00012789806046917197
190934692.989696	-0.00022243351220623634	-0.0026960599618643683	-0.00012784959743594295
190938292.989696	-0.00022140490759299866	-0.0026956871499120147	-0.0001278011426425582
190941892.989696	-0.00022037679484190707	-0.0026953141747493576	-0.00012775269609428605
190945492.989696	-0.00021934917366648872	-0.0026949410366733117	-0.00012770425779638238
190949092.989696	-0.00021832204378033682	-0.00269456773598037	-0.00012765582775408919
190952692.989696	-0.0002172954048971131	-0.0026941942729666224	-0.00012760740597263386
190956292.989696	-0.00021626925673054738	-0.0026938206479277397	-0.00012755899245722862
190959892.989696	-0.00021524359899443736	-0.0026934468611589783	-0.00012751058721307166
190963492.989696	-0.00021421843140264707	-0.0026930729129551797	-0.0001274621902453482
190967092.989696	-0.00021319375366910624	-0.0026926988036107716	-0.00012741380155923166
190970692.989696	-0.0002121695655078101	-0.002692324533419767	-0.0001273654211598829
190974292.989696	-0.00021114586663281983	-0.002691950102675767	-0.00012731704905244955
190977892.989696	-0.00021012265675826345	-0.0026915755116719625	-0.00012726868524206536
190981492.989696	-0.00020909993559833643	-0.0026912007607011357	-0.00012722032973384967
190985092.989696	-0.00020807770286730094	-0.002690825850055652	-0.00012717198253290771
190988692.989696	-0.00020705595827948565	-0.0026904507800274706	-0.000127123643644332
190992292.989696	-0.00020603470154928512	-0.0026900755509081374	-0.00012707531307320252
190995892.989696	-0.00020501393239115897	-0.0026897001629887854	-0.00012702699082458747
190999492.989696	-0.00020399365051963214	-0.002689324616560138	-0.0001269786769035427
191003092.989696	-0.0002029738556492962	-0.0026889489119125143	-0.0001269303713151111
191006692.989696	-0.00020195454749480948	-0.0026885730493358267	-0.00012688207406432215
191010292.989696	-0.00020093572577089752	-0.002688197029119577	-0.00012683378515619098
191013892.989696	-0.0001999173901923541	-0.002687820851552864	-0.00012678550459571973
191017492.989696	-0.00019889954047403987	-0.002687444516924376	-0.00012673723238789767
191021092.989696	-0.00019788217633088308	-0.0026870680255223992	-0.0001266889685377023
191024692.989696	-0.0001968652974778787	-0.0026866913776348094	-0.00012664071305009964
191028292.989696	-0.00019584890363008933	-0.0026863145735490806	-0.00012659246593004349
191031892.989696	-0.00019483299450264615	-0.0026859376135522834	-0.00012654422718247485
191035492.989696	-0.00019381756981075017	-0.002685560497931087	-0.00012649599681232082
191039092.989696	-0.0001928026292696733	-0.0026851832269717624	-0.0001264477748244949
191042692.989696	-0.00019178817259475799	-0.002684805800960173	-0.00012639956122389724
191046292.989696	-0.00019077419950141742	-0.002684428220181781	-0.00012635135601541628
191049892.989696	-0.00018976070970513488	-0.002684050484921649	-0.00012630315920392926
191053492.989696	-0.0001887477029214639	-0.002683672595464431	-0.00012625497079430157
191057092.989696	-0.00018773517886602945	-0.0026832945520943907	-0.00012620679079138598
191060692.989696	-0.000186723137254529	-0.0026829163550953867	-0.00012615861920002193
191064292.989696	-0.00018571157780273323	-0.0026825380047508832	-0.00012611045602503625
191067892.989696	-0.00018470050022648685	-0.0026821595013439433	-0.00012606230127124225
191071492.989696	-0.00018368990424170867	-0.0026817808451572336	-0.0001260141549434389
191075092.989696	-0.00018267978956438966	-0.002681402036473017	-0.00012596601704641631
191078692.989696	-0.00018167015591059453	-0.002681023075573155	-0.00012591788758495082
191082292.989696	-0.00018066100299645962	-0.0026806439627391184	-0.0001258697665638092
191085892.989696	-0.0001796523305381954	-0.0026802646982519744	-0.00012582165398774487
191089492.989696	-0.0001786441382520876	-0.002679885282392395	-0.0001257735498614977
191093092.989696	-0.0001776364258544964	-0.002679505715440663	-0.00012572545418979518
191096692.989696	-0.0001766291930618561	-0.002679125997676653	-0.00012567736697735148
191100292.989696	-0.00017562243959067653	-0.002678746129379851	-0.00012562928822886893
191103892.989696	-0.00017461616515754077	-0.0026783661108293385	-0.00012558121794903853
191107492.989696	-0.00017361036947910466	-0.0026779859423038017	-0.00012553315614254054
191111092.989696	-0.00017260505227209653	-0.0026776056240815273	-0.00012548510281404392
191114692.989696	-0.00017160021325331916	-0.002677225156440419	-0.00012543705796820562
191118292.989696	-0.00017059585213964905	-0.002676844539657974	-0.00012538902160966908
191121892.989696	-0.00016959196864803797	-0.002676463774011301	-0.000125340993743065
191125492.989696	-0.00016858856249551166	-0.002676082859777112	-0.00012529297437301217
191129092.989696	-0.00016758563339916855	-0.0026757017972317194	-0.00012524496350411812
191132692.989696	-0.00016658318107617943	-0.0026753205866510456	-0.0001251969611409801
191136292.989696	-0.00016558120524378682	-0.002674939228310616	-0.00012514896728818456
191139892.989696	-0.0001645797056193053	-0.0026745577224855624	-0.0001251009819503068
191143492.989696	-0.00016357868192012296	-0.0026741760694506287	-0.00012505300513190998
191147092.989696	-0.0001625781338637012	-0.002673794269480165	-0.00012500503683754484
191150692.989696	-0.0001615780611675752	-0.0026734123228481298	-0.00012495707707174976
191154292.989696	-0.00016057846354935356	-0.0026730302298280926	-0.00012490912583905202
191157892.989696	-0.0001595793407267171	-0.002672647990693228	-0.00012486118314396796
191161492.989696	-0.00015858069241741894	-0.002672265605716319	-0.000124813248991004
191165092.989696	-0.0001575825183392848	-0.002671883075169765	-0.0001247653233846564
191168692.989696	-0.00015658481821021343	-0.0026715003993255703	-0.00012471740632941021
191172292.989696	-0.0001555875917481776	-0.0026711175784553537	-0.00012466949782973856
191175892.989696	-0.00015459083867122575	-0.002670734612830352	-0.00012462159789010244
191179492.989696	-0.0001535945586974808	-0.0026703515027214153	-0.0001245737065149506
191183092.989696	-0.00015259875154514184	-0.0026699682483990014	-0.0001245258237087209
191186692.989696	-0.00015160341693248544	-0.002669584850133187	-0.00012447794947584117
191190292.989696	-0.000150608554577857	-0.0026692013081936576	-0.0001244300838207299
191193892.989696	-0.00014961416419967922	-0.002668817622849715	-0.0001243822267477956
191197492.989696	-0.00014862024551645287	-0.0026684337943702788	-0.00012433437826143504
191201092.989696	-0.00014762679824675687	-0.0026680498230238895	-0.00012428653836603245
191204692.989696	-0.000146633822109249	-0.002667665709078704	-0.00012423870706595956
191208292.989696	-0.00014564131682266482	-0.0026672814528024935	-0.00012419088436557701
191211892.989696	-0.00014464928210581755	-0.00266689705446265	-0.00012414307026923654
191215492.989696	-0.00014365771767759741	-0.002666512514326174	-0.0001240952647812798
191219092.989696	-0.00014266662325697433	-0.0026661278326596915	-0.0001240474679060374
191222692.989696	-0.00014167599856299655	-0.0026657430097294437	-0.0001239996796478292
191226292.989696	-0.00014068584331479033	-0.002665358045801293	-0.00012395190001096644
191229892.989696	-0.00013969615723156533	-0.0026649729411407246	-0.0001239041289997451
191233492.989696	-0.00013870694003261083	-0.002664587696012841	-0.00012385636661845046
191237092.989696	-0.00013771819143729722	-0.002664202310682363	-0.00012380861287135782
191240692.989696	-0.00013672991116507412	-0.0026638167854136315	-0.00012376086776273238
191244292.989696	-0.00013574209893547033	-0.002663431120470604	-0.0001237131312968295
191247892.989696	-0.0001347547544680939	-0.002663045316116858	-0.0001236654034778953
191251492.989696	-0.0001337678774826327	-0.002662659372615594	-0.00012361768431016555
191255092.989696	-0.00013278146769885526	-0.002662273290229633	-0.00012356997379786412
191258692.989696	-0.00013179552483661176	-0.0026618870692214215	-0.0001235222719452031
191262292.989696	-0.00013081004861583334	-0.002661500709853028	-0.0001234745787563836
191265892.989696	-0.0001298250387565308	-0.002661114212386133	-0.00012342689423559686
191269492.989696	-0.00012884049497879414	-0.002660727577082041	-0.00012337921838702535
191273092.989696	-0.0001278564170027917	-0.0026603408042016772	-0.00012333155121484277
191276692.989696	-0.00012687280454877058	-0.002659953894005592	-0.00012328389272321262
191280292.989696	-0.00012588965733705736	-0.002659566846753958	-0.00012323624291628776
191283892.989696	-0.0001249069750880584	-0.00265917966270657	-0.0001231886017982098
191287492.989696	-0.00012392475752226042	-0.0026587923421228514	-0.0001231409693731099
191291092.989696	-0.0001229430043602293	-0.002658404885261845	-0.00012309334564510895
191294692.989696	-0.00012196171532260948	-0.0026580172923822143	-0.00012304573061831873
191298292.989696	-0.00012098089013012324	-0.0026576295637422494	-0.00012299812429684225
191301892.989696	-0.0001200005285035705	-0.002657241699599864	-0.0001229505266847737
191305492.989696	-0.00011902063016382937	-0.0026568537002126013	-0.00012290293778619785
191309092.989696	-0.00011804119483185676	-0.0026564655658376274	-0.00012285535760518912
191312692.989696	-0.00011706222222868933	-0.0026560772967317396	-0.00012280778614581143
191316292.989696	-0.00011608371207544381	-0.0026556888931513617	-0.0001227602234121183
191319892.989696	-0.00011510566409331668	-0.002655300355352544	-0.00012271266940815364
191323492.989696	-0.00011412807800358368	-0.002654911683590963	-0.0001226651241379524
191327092.989696	-0.0001131509535275994	-0.0026545228781219275	-0.00012261758760554145
191330692.989696	-0.00011217429038679728	-0.0026541339392003715	-0.000122570059814939
191334292.989696	-0.00011119808830269061	-0.002653744867080861	-0.00012252254077015434
191337892.989696	-0.00011022234699687399	-0.002653355662017599	-0.00012247503047518654
191341492.989696	-0.00010924706619102443	-0.002652966324264415	-0.00012242752893402374
191345092.989696	-0.0001082722456069021	-0.002652576854074774	-0.00012238003615064382
191348692.989696	-0.00010729788496634958	-0.00265218725170177	-0.00012233255212901526
191352292.989696	-0.00010632398399129086	-0.0026517975173981287	-0.0001222850768730985
191355892.989696	-0.00010535054240373091	-0.0026514076514162067	-0.000122237610386847
191359492.989696	-0.00010437755992575658	-0.0026510176540079987	-0.00012219015267420604
191363092.989696	-0.00010340503627953857	-0.002650627525425129	-0.00012214270373911033
191366692.989696	-0.00010243297118733361	-0.0026502372659188652	-0.00012209526358548324
191370292.989696	-0.00010146136437148373	-0.0026498468757401054	-0.00012204783221723784
191373892.989696	-0.00010049021555441412	-0.0026494563551393794	-0.00012200040963827938
191377492.989696	-9.95195244586351e-05	-0.002649065704366856	-0.00012195299585250452
191381092.989696	-9.854929080674272e-05	-0.0026486749236723345	-0.00012190559086380015
191384692.989696	-9.757951432141465e-05	-0.0026482840133052496	-0.00012185819467604705
191388292.989696	-9.661019472541275e-05	-0.002647892973514671	-0.00012181080729311833
191391892.989696	-9.564133174158653e-05	-0.002647501804549311	-0.00012176342871887395
191395492.989696	-9.467292509287061e-05	-0.0026471105066575166	-0.00012171605895716582
191399092.989696	-9.370497450228558e-05	-0.0026467190800872685	-0.00012166869801183659
191402692.989696	-9.273747969293878e-05	-0.0026463275250861898	-0.00012162134588671881
191406292.989696	-9.177044038802196e-05	-0.0026459358419015306	-0.00012157400258563675
191409892.989696	-9.080385631081021e-05	-0.00264554403078018	-0.00012152666811240873
191413492.989696	-8.9837727184662e-05	-0.0026451520919686653	-0.0001214793424708459
191417092.989696	-8.887205273302045e-05	-0.0026447600257131477	-0.00012143202566474995
191420692.989696	-8.790683267941465e-05	-0.002644367832259435	-0.00012138471769791229
191424292.989696	-8.694206674745948e-05	-0.0026439755118529687	-0.00012133741857411427
191427892.989696	-8.597775466085473e-05	-0.0026435830647388277	-0.00012129012829712843
191431492.989696	-8.501389614338382e-05	-0.002643190491161732	-0.00012124284687072034
191435092.989696	-8.40504909189129e-05	-0.002642797791366035	-0.0001211955742986488
191438692.989696	-8.308753871139037e-05	-0.0026424049655957246	-0.00012114831058466522
191442292.989696	-8.21250392448477e-05	-0.0026420120140944335	-0.00012110105573251312
191445892.989696	-8.116299224340008e-05	-0.0026416189371054376	-0.00012105380974592711
191449492.989696	-8.020139743124667e-05	-0.002641225734871653	-0.00012100657262863251
191453092.989696	-7.924025453267074e-05	-0.002640832407635636	-0.00012095934438434593
191456692.989696	-7.827956327203892e-05	-0.002640438955639581	-0.00012091212501677597
191460292.989696	-7.731932337380086e-05	-0.002640045379125329	-0.00012086491452962453
191463892.989696	-7.635953456248826e-05	-0.0026396516783343525	-0.0001208177129265864
191467492.989696	-7.540019656271534e-05	-0.0026392578535077765	-0.00012077052021134999
191471092.989696	-7.444130909917906e-05	-0.0026388639048863646	-0.00012072333638759554
191474692.989696	-7.34828718966604e-05	-0.0026384698327105278	-0.00012067616145899526
191478292.989696	-7.252488468002497e-05	-0.002638075637220324	-0.00012062899542921234
191481892.989696	-7.156734717422372e-05	-0.002637681318655456	-0.00012058183830190179
191485492.989696	-7.06102591042925e-05	-0.002637286877255268	-0.00012053469008071078
191489092.989696	-6.965362019535185e-05	-0.002636892313258754	-0.00012048755076927987
191492692.989696	-6.869743017260637e-05	-0.0026364976269045506	-0.0001204404203712434
191496292.989696	-6.774168876134497e-05	-0.00263610281843094	-0.00012039329889022921
191499892.989696	-6.67863956869419e-05	-0.0026357078880758587	-0.00012034618632985785
191503492.989696	-6.583155067485837e-05	-0.0026353128360768916	-0.00012029908269374125
191507092.989696	-6.487715345064373e-05	-0.0026349176626712695	-0.00012025198798548213
191510692.989696	-6.392320373993636e-05	-0.0026345223680958796	-0.00012020490220867507
191514292.989696	-6.296970126846207e-05	-0.0026341269525872483	-0.00012015782536690726
191517892.989696	-6.201664576203316e-05	-0.0026337314163815536	-0.00012011075746376073
191521492.989696	-6.106403694654775e-05	-0.0026333357597146264	-0.00012006369850281202
191525092.989696	-6.0111874547991555e-05	-0.002632939982821942	-0.00012001664848763058
191528692.989696	-5.9160158292440525e-05	-0.0026325440859386296	-0.00011996960742177687
191532292.989696	-5.820888790605991e-05	-0.0026321480692994767	-0.00011992257530880366
191535892.989696	-5.725806311510323e-05	-0.0026317519331389145	-0.00011987555215225575
191539492.989696	-5.630768364591709e-05	-0.0026313556776910315	-0.00011982853795566875
191543092.989696	-5.5357749224935516e-05	-0.0026309593031895603	-0.00011978153272257276
191546692.989696	-5.4408259578678496e-05	-0.0026305628098678836	-0.00011973453645649479
191550292.989696	-5.345921443375617e-05	-0.002630166197959037	-0.00011968754916095354
191553892.989696	-5.2510613516868016e-05	-0.0026297694676957104	-0.00011964057083946001
191557492.989696	-5.156245655480131e-05	-0.0026293726193102464	-0.00011959360149551955
191561092.989696	-5.061474327443363e-05	-0.0026289756530346402	-0.00011954664113262897
191564692.989696	-4.9667473402733956e-05	-0.0026285785691005418	-0.00011949968975427625
191568292.989696	-4.872064666676092e-05	-0.002628181367739251	-0.00011945274736394228
191571892.989696	-4.7774262793660246e-05	-0.002627784049181717	-0.00011940581396510312
191575492.989696	-4.682832151066398e-05	-0.0026273866136585426	-0.00011935888956123089
191579092.989696	-4.5882822545090774e-05	-0.0026269890613999803	-0.00011931197415579188
191582692.989696	-4.493776562434761e-05	-0.002626591392635941	-0.00011926506775224518
191586292.989696	-4.399315047593061e-05	-0.002626193607595992	-0.0001192181703540417
191589892.989696	-4.3048976827425024e-05	-0.002625795706509353	-0.00011917128196462423
191593492.989696	-4.210524440650429e-05	-0.0026253976896048995	-0.0001191244025874291
191597092.989696	-4.116195294092874e-05	-0.002624999557111158	-0.00011907753222588759
191600692.989696	-4.021910215854473e-05	-0.0026246013092563088	-0.00011903067088342653
191604292.989696	-3.92766917872843e-05	-0.00262420294626819	-0.000118983818563468
191607892.989696	-3.833472155516491e-05	-0.0026238044683742916	-0.00011893697526942815
191611492.989696	-3.739319119028966e-05	-0.002623405875801765	-0.00011889014100471644
191615092.989696	-3.645210042085451e-05	-0.0026230071687774192	-0.00011884331577273447
191618692.989696	-3.551144897513909e-05	-0.002622608347527727	-0.00011879649957687746
191622292.989696	-3.457123658151299e-05	-0.002622209412278809	-0.00011874969242053447
191625892.989696	-3.363146296843168e-05	-0.002621810363256449	-0.00011870289430709
191629492.989696	-3.2692127864436735e-05	-0.002621411200686084	-0.00011865610523992437
191633092.989696	-3.175323099815641e-05	-0.0026210119247928156	-0.00011860932522241339
191636692.989696	-3.081477209830647e-05	-0.0026206125358014037	-0.00011856255425792706
191640292.989696	-2.9876750893691542e-05	-0.0026202130339362706	-0.00011851579234982876
191643892.989696	-2.8939167113206064e-05	-0.002619813419421505	-0.00011846903950147489
191647492.989696	-2.8002020485834634e-05	-0.0026194136924808553	-0.00011842229571621505
191651092.989696	-2.7065310740651573e-05	-0.00261901385333773	-0.00011837556099739363
191654692.989696	-2.612903760682014e-05	-0.0026186139022151968	-0.00011832883534835082
191658292.989696	-2.5193200813592176e-05	-0.002618213839335989	-0.00011828211877242347
191661892.989696	-2.4257800090308427e-05	-0.0026178136649224995	-0.00011823541127294365
191665492.989696	-2.332283516640001e-05	-0.0026174133791967893	-0.00011818871285323762
191669092.989696	-2.2388305771390053e-05	-0.0026170129823805846	-0.00011814202351662437
191672692.989696	-2.145421163489472e-05	-0.0026166124746952826	-0.00011809534326641638
191676292.989696	-2.0520552486622776e-05	-0.002616211856361936	-0.00011804867210592031
191679892.989696	-1.9587328056374384e-05	-0.0026158111276012638	-0.00011800201003843856
191683492.989696	-1.8654538074040244e-05	-0.002615410288633645	-0.00011795535706726911
191687092.989696	-1.772218226960172e-05	-0.0026150093396791313	-0.0001179087131957068
191690692.989696	-1.679026037313132e-05	-0.0026146082809574284	-0.00011786207842704244
191694292.989696	-1.5858772114794304e-05	-0.00261420711268792	-0.0001178154527645596
191697892.989696	-1.4927717224847661e-05	-0.0026138058350896514	-0.00011776883621153708
191701492.989696	-1.399709543364599e-05	-0.00261340444838134	-0.00011772222877124428
191705092.989696	-1.3066906471633715e-05	-0.0026130029527813626	-0.00011767563044694796
191708692.989696	-1.2137150069346272e-05	-0.0026126013485077617	-0.00011762904124191161
191712292.989696	-1.1207825957411582e-05	-0.0026121996357782425	-0.00011758246115939408
191715892.989696	-1.0278933866547922e-05	-0.0026117978148101754	-0.00011753589020265083
191719492.989696	-9.350473527563632e-06	-0.0026113958858206047	-0.00011748932837493362
191723092.989696	-8.422444671358864e-06	-0.0026109938490262393	-0.00011744277567948839
191726692.989696	-7.4948470289270764e-06	-0.002610591704643457	-0.00011739623211955438
191730292.989696	-6.56768033135464e-06	-0.0026101894528883004	-0.00011734969769836489
191733892.989696	-5.640944309818954e-06	-0.0026097870939764817	-0.00011730317241914949
191737492.989696	-4.714638695586472e-06	-0.0026093846281233742	-0.00011725665628513525
191741092.989696	-3.788763220011836e-06	-0.0026089820555440196	-0.00011721014929954698
191744692.989696	-2.863317614538437e-06	-0.002608579376453126	-0.00011716365146560603
191748292.989696	-1.9383016106996973e-06	-0.0026081765910650778	-0.00011711716278652929
191751892.989696	-1.013714940120056e-06	-0.002607773699593922	-0.00011707068326552747
191755492.989696	-8.955733451507612e-08	-0.0026073707022533843	-0.00011702421290580605
191759092.989696	8.341714743094915e-07	-0.0026069675992568516	-0.00011697775171056607
191762692.989696	1.7574717544590268e-06	-0.002606564390817384	-0.00011693129968300577
191766292.989696	2.6803437739510535e-06	-0.002606161077147708	-0.00011688485682632135
191769892.989696	3.6027878007153492e-06	-0.0026057576584602184	-0.00011683842314370674
191773492.989696	4.5248041025931206e-06	-0.00260535413496699	-0.00011679199863835289
191777092.989696	5.4463929473356664e-06	-0.0026049505068797617	-0.00011674558331344593
191780692.989696	6.367554602603293e-06	-0.0026045467744099547	-0.00011669917717216717
191784292.989696	7.288289335964958e-06	-0.002604142937768663	-0.00011665278021769277
191787892.989696	8.208597414898825e-06	-0.002603738997166649	-0.00011660639245319512
191791492.989696	9.128479106793263e-06	-0.0026033349528143536	-0.00011656001388184456
191795092.989696	1.0047934678947518e-05	-0.0026029308049218824	-0.0001165136445068097
191798692.989696	1.0966964398571494e-05	-0.0026025265536990224	-0.00011646728433125783
191802292.989696	1.188556853278445e-05	-0.0026021221993552364	-0.00011642093335835305
191805892.989696	1.2803747348613134e-05	-0.0026017177420996616	-0.0001163745915912544
191809492.989696	1.3721501112990473e-05	-0.002601313182141119	-0.00011632825903311576
191813092.989696	1.4638830092755374e-05	-0.0026009085196881036	-0.00011628193568708616
191816692.989696	1.5555734554653898e-05	-0.002600503754948787	-0.00011623562155631221
191820292.989696	1.6472214765340648e-05	-0.0026000988881310144	-0.00011618931664393988
191823892.989696	1.7388270991379076e-05	-0.002599693919442305	-0.0001161430209531143
191827492.989696	1.8303903499240075e-05	-0.0025992888490898565	-0.00011609673448697784
191831092.989696	1.921911255530007e-05	-0.0025988836772805534	-0.00011605045724866812
191834692.989696	2.01338984258405e-05	-0.0025984784042209566	-0.00011600418924131826
191838292.989696	2.1048261377048656e-05	-0.0025980730301173043	-0.0001159579304680593
191841892.989696	2.1962201675015427e-05	-0.002597667555175518	-0.00011591168093201732
191845492.989696	2.287571958573616e-05	-0.002597261979601188	-0.00011586544063631407
191849092.989696	2.378881537511669e-05	-0.0025968563035995876	-0.00011581920958407497
191852692.989696	2.4701489308967103e-05	-0.002596450527375664	-0.00011577298777842152
191856292.989696	2.561374165300691e-05	-0.0025960446511340486	-0.00011572677522247399
191859892.989696	2.6525572672859255e-05	-0.002595638675079053	-0.00011568057191934873
191863492.989696	2.7436982634051638e-05	-0.002595232599414666	-0.00011563437787215765
191867092.989696	2.834797180201691e-05	-0.0025948264243445644	-0.00011558819308400887
191870692.989696	2.9258540442093398e-05	-0.0025944201500720976	-0.00011554201755800809
191874292.989696	3.0168688819526208e-05	-0.0025940137768002895	-0.00011549585129726015
191877892.989696	3.1078417199469005e-05	-0.0025936073047318473	-0.0001154496943048703
191881492.989696	3.1987725846984104e-05	-0.0025932007340691518	-0.00011540354658394256
191885092.989696	3.28966150270417e-05	-0.002592794065014271	-0.00011535740813757877
191888692.989696	3.3805085004518357e-05	-0.002592387297768957	-0.00011531127896887711
191892292.989696	3.4713136044196495e-05	-0.002591980432534641	-0.00011526515908093198
191895892.989696	3.562076841076505e-05	-0.0025915734695124352	-0.00011521904847683524
191899492.989696	3.6527982368821195e-05	-0.002591166408903127	-0.00011517294715967789
191903092.989696	3.7434778182871726e-05	-0.0025907592509071863	-0.00011512685513255089
191906692.989696	3.8341156117333915e-05	-0.0025903519957247633	-0.00011508077239854558
191910292.989696	3.924711643653494e-05	-0.002589944643555694	-0.00011503469896075222
191913892.989696	4.015265940471078e-05	-0.0025895371945994948	-0.00011498863482225912
191917492.989696	4.105778528600519e-05	-0.0025891296490553693	-0.00011494257998615181
191921092.989696	4.196249434446931e-05	-0.0025887220071222046	-0.00011489653445551296
191924692.989696	4.286678684406219e-05	-0.00258831426899857	-0.0001148504982334237
191928292.989696	4.3770663048651956e-05	-0.002587906434882719	-0.00011480447132296478
191931892.989696	4.467412322201683e-05	-0.002587498504972586	-0.00011475845372721737
191935492.989696	4.557716762784537e-05	-0.0025870904794657915	-0.00011471244544926335
191939092.989696	4.647979652973576e-05	-0.0025866823585596467	-0.0001146664464921845
191942692.989696	4.7382010191194014e-05	-0.002586274142451143	-0.0001146204568590606
191946292.989696	4.828380887563272e-05	-0.0025858658313369673	-0.0001145744765529691
191949892.989696	4.918519284637009e-05	-0.002585457425413491	-0.00011452850557698475
191953492.989696	5.0086162366630484e-05	-0.002585048924876773	-0.00011448254393418084
191957092.989696	5.0986717699545826e-05	-0.0025846403299225602	-0.0001144365916276314
191960692.989696	5.1886859108156594e-05	-0.002584231640746279	-0.0001143906486604118
191964292.989696	5.278658685541209e-05	-0.002583822857543053	-0.00011434471503559932
191967892.989696	5.368590120416852e-05	-0.0025834139805076877	-0.00011429879075627071
191971492.989696	5.458480241718673e-05	-0.002583005009834687	-0.00011425287582550025
191975092.989696	5.548329075713023e-05	-0.002582595945718244	-0.00011420697024635849
191978692.989696	5.638136648656596e-05	-0.0025821867883522457	-0.00011416107402191401
191982292.989696	5.72790298679668e-05	-0.0025817775379302593	-0.00011411518715523665
191985892.989696	5.8176281163713514e-05	-0.0025813681946455403	-0.00011406930964939951
191989492.989696	5.907312063609328e-05	-0.0025809587586910344	-0.00011402344150747688
191993092.989696	5.996954854729674e-05	-0.0025805492302593824	-0.00011397758273254056
191996692.989696	6.086556515942137e-05	-0.0025801396095429118	-0.00011393173332766386
192000292.989696	6.176117073446976e-05	-0.0025797298967336468	-0.00011388589329591984
192003892.989696	6.265636553434405e-05	-0.0025793200920233004	-0.00011384006264037677
192007492.989696	6.355114982085066e-05	-0.0025789101956032816	-0.00011379424136410159
192011092.989696	6.444552385570306e-05	-0.0025785002076646763	-0.00011374842947016699
192014692.989696	6.533948790052004e-05	-0.0025780901283982676	-0.00011370262696164473
192018292.989696	6.623304221682716e-05	-0.0025776799579945277	-0.00011365683384160833
192021892.989696	6.71261870660574e-05	-0.002577269696643615	-0.00011361105011313393
192025492.989696	6.801892270954931e-05	-0.002576859344535387	-0.00011356527577929697
192029092.989696	6.891124940854525e-05	-0.002576448901859395	-0.00011351951084316987
192032692.989696	6.980316742419195e-05	-0.0025760383688048795	-0.00011347375530782376
192036292.989696	7.069467701754223e-05	-0.002575627745560774	-0.00011342800917633131
192039892.989696	7.158577844955525e-05	-0.0025752170323156917	-0.00011338227245176827
192043492.989696	7.247647198109891e-05	-0.002574806229257946	-0.00011333654513721418
192047092.989696	7.336675787295566e-05	-0.0025743953365755298	-0.0001132908272357503
192050692.989696	7.425663638581117e-05	-0.0025739843544561446	-0.00011324511875045809
192054292.989696	7.514610778025701e-05	-0.0025735732830871796	-0.00011319941968441772
192057892.989696	7.603517231679301e-05	-0.0025731621226557214	-0.00011315373004070944
192061492.989696	7.69238302558266e-05	-0.0025727508733485466	-0.0001131080498224144
192065092.989696	7.781208185767387e-05	-0.0025723395353521215	-0.00011306237903261627
192068692.989696	7.869992738256073e-05	-0.0025719281088526025	-0.00011301671767440214
192072292.989696	7.958736709062317e-05	-0.0025715165940358438	-0.00011297106575086218
192075892.989696	8.047440124190694e-05	-0.002571104991087394	-0.00011292542326508869
192079492.989696	8.136103009636652e-05	-0.0025706933001924982	-0.00011287979022017491
192083092.989696	8.224725391386403e-05	-0.0025702815215361027	-0.00011283416661921454
192086692.989696	8.313307295416867e-05	-0.002569869655302846	-0.00011278855246530159
192090292.989696	8.401848747695733e-05	-0.0025694577016770687	-0.00011274294776153204
192093892.989696	8.490349774181494e-05	-0.0025690456608427957	-0.00011269735251100439
192097492.989696	8.578810400823605e-05	-0.0025686335329837555	-0.00011265176671682129
192101092.989696	8.667230653562452e-05	-0.00256822131828337	-0.00011260619038208905
192104692.989696	8.755610558329315e-05	-0.0025678090169247623	-0.00011256062350991706
192108292.989696	8.843950141046177e-05	-0.002567396629090758	-0.00011251506610341605
192111892.989696	8.932249427625546e-05	-0.0025669841549638794	-0.00011246951816569707
192115492.989696	9.020508443970376e-05	-0.002566571594726355	-0.00011242397969987174
192119092.989696	9.108727215974108e-05	-0.0025661589485601053	-0.00011237845070905371
192122692.989696	9.196905769520874e-05	-0.0025657462166467533	-0.00011233293119636059
192126292.989696	9.285044130485624e-05	-0.002565333399167612	-0.00011228742116491537
192129892.989696	9.373142324734193e-05	-0.0025649204963037004	-0.00011224192061784618
192133492.989696	9.461200378123033e-05	-0.0025645075082357414	-0.00011219642955828393
192137092.989696	9.54921831649889e-05	-0.0025640944351441545	-0.00011215094798935893
192140692.989696	9.637196165698695e-05	-0.0025636812772090707	-0.00011210547591420148
192144292.989696	9.725133951549792e-05	-0.002563268034610317	-0.0001120600133359441
192147892.989696	9.813031699870281e-05	-0.0025628547075274124	-0.0001120145602577253
192151492.989696	9.90088943646873e-05	-0.002562441296139582	-0.00011196911668268745
192155092.989696	9.988707187144348e-05	-0.002562027800625748	-0.00011192368261397796
192158692.989696	0.00010076484977687037	-0.0025616142211645353	-0.00011187825805474733
192162292.989696	0.0001016422283387755	-0.002561200557934266	-0.00011183284300815387
192165892.989696	0.00010251920781486346	-0.0025607868111129782	-0.00011178743747734839
192169492.989696	0.00010339578846274702	-0.002560372980878404	-0.00011174204146548949
192173092.989696	0.00010427197053994356	-0.0025599590674079743	-0.00011169665497573895
192176692.989696	0.00010514775430387438	-0.002559545070878821	-0.00011165127801126054
192180292.989696	0.00010602314001186913	-0.002559130991467773	-0.00011160591057522464
192183892.989696	0.00010689812792116808	-0.002558716829351363	-0.00011156055267080961
192187492.989696	0.00010777271828891946	-0.00255830258470582	-0.00011151520430119855
192191092.989696	0.00010864691137217697	-0.002557888257707082	-0.0001114698654695758
192194692.989696	0.00010952070742789877	-0.0025574738485307923	-0.00011142453617912638
192198292.989696	0.00011039410671294863	-0.002557059357352296	-0.00011137921643303811
192201892.989696	0.00011126710948409871	-0.0025566447843466357	-0.00011133390623450442
192205492.989696	0.0001121397159980315	-0.0025562301296885486	-0.00011128860558672617
192209092.989696	0.00011301192651134083	-0.0025558153935524817	-0.00011124331449291183
192212692.989696	0.00011388374128053047	-0.0025554005761125767	-0.0001111980329562751
192216292.989696	0.00011475516056201284	-0.002554985677542685	-0.00011115276098003331
192219892.989696	0.00011562618461210812	-0.002554570698016363	-0.00011110749856740648
192223492.989696	0.00011649681368704395	-0.002554155637706877	-0.00011106224572161785
192227092.989696	0.00011736704804295651	-0.0025537404967871926	-0.00011101700244589545
192230692.989696	0.00011823688793589172	-0.002553325275429975	-0.0001109717687434739
192234292.989696	0.0001191063336218067	-0.002552909973807593	-0.00011092654461759548
192237892.989696	0.00011997538535656972	-0.002552494592092121	-0.00011088133007150981
192241492.989696	0.0001208440433959592	-0.0025520791304553397	-0.00011083612510847234
192245092.989696	0.00012171230799566242	-0.0025516635890687396	-0.00011079092973174298
192248692.989696	0.00012258017941127418	-0.002551247968103517	-0.00011074574394458534
192252292.989696	0.0001234476578982963	-0.002550832267730582	-0.00011070056775026707
192255892.989696	0.00012431474371213822	-0.002550416488120545	-0.00011065540115206139
192259492.989696	0.00012518143710811802	-0.0025500006294437256	-0.0001106102441532489
192263092.989696	0.00012604773834146342	-0.002549584691870143	-0.00011056509675711847
192266692.989696	0.00012691364766731207	-0.0025491686755695253	-0.00011051995896696702
192270292.989696	0.00012777916534071064	-0.002548752580711314	-0.00011047483078609816
192273892.989696	0.00012864429161661242	-0.002548336407464661	-0.00011042971221781994
192277492.989696	0.0001295090267498759	-0.0025479201559984303	-0.00011038460326544412
192281092.989696	0.000130373370995264	-0.0025475038264811956	-0.00011033950393228697
192284692.989696	0.00013123732460744545	-0.002547087419081235	-0.00011029441422167158
192288292.989696	0.00013210088784099667	-0.0025466709339665265	-0.00011024933413692982
192291892.989696	0.00013296406095040418	-0.002546254371304767	-0.00011020426368140355
192295492.989696	0.0001338268441900633	-0.0025458377312633576	-0.0001101592028584425
192299092.989696	0.00013468923781427542	-0.0025454210140094117	-0.00011011415167140235
192302692.989696	0.00013555124207724565	-0.0025450042197097495	-0.00011006911012364357
192306292.989696	0.00013641285723308484	-0.0025445873485309143	-0.00011002407821853118
192309892.989696	0.0001372740835358076	-0.0025441704006391487	-0.00010997905595943504
192313492.989696	0.00013813492123933825	-0.002543753376200402	-0.00010993404334973752
192317092.989696	0.00013899537059750377	-0.0025433362753803355	-0.00010988904039282394
192320692.989696	0.00013985543186404933	-0.002542919098344307	-0.00010984404709209825
192324292.989696	0.00014071510529262238	-0.0025425018452573957	-0.0001097990634509662
192327892.989696	0.0001415743911367784	-0.00254208451628439	-0.00010975408947284074
192331492.989696	0.00014243328964998178	-0.0025416671115897896	-0.00010970912516114282
192335092.989696	0.0001432918010856019	-0.002541249631337803	-0.00010966417051929829
192338692.989696	0.00014414992569691408	-0.002540832075692348	-0.00010961922555073928
192342292.989696	0.0001450076637371032	-0.002540414444817049	-0.00010957429025890796
192345892.989696	0.00014586501545926696	-0.0025399967388752345	-0.00010952936464725852
192349492.989696	0.0001467219811164159	-0.0025395789580299395	-0.00010948444871925652
192353092.989696	0.00014757856096147176	-0.002539161102443917	-0.00010943954247837616
192356692.989696	0.0001484347552472646	-0.002538743172279631	-0.00010939464592809747
192360292.989696	0.0001492905642265319	-0.002538325167699258	-0.00010934975907190589
192363892.989696	0.00015014598815192023	-0.0025379070888646832	-0.00010930488191329438
192367492.989696	0.00015100102727598762	-0.0025374889359375007	-0.00010926001445576618
