186918110.80704	101500889006.20337	169355038884.16977	10739235839.56202	-18396.517955162777	18490.94287306878	258.1214034828424
186921710.80704	101434650255.0369	169421587440.4861	10740163881.914337	-18402.787200577957	18480.47722786162	257.4577102889902
186925310.80704	101368388945.90213	169488098319.67358	10741089535.286018	-18409.050160221268	18470.011135322577	256.7941920270573
186928910.80704	101302105101.423	169554571520.12744	10742012800.306921	-18415.306836785527	18459.544598612993	256.1308487548168
186932510.80704	101235798744.21375	169621007040.25436	10742933677.607111	-18421.557232963554	18449.07762089023	255.46768052986357
186936110.80704	101169469896.8789	169687404878.4724	10743852167.816862	-18427.801351448175	18438.61020530768	254.80468740961481
186939710.80704	101103118582.01332	169753765033.21094	10744768271.566654	-18434.039194932215	18428.14235501475	254.14186945131016
186943310.80704	101036744822.20216	169820087502.91064	10745681989.487173	-18440.270766108486	18417.674073156886	253.47922671201198
186946910.80704	100970348640.02089	169886372286.02356	10746593322.20931	-18446.496067669803	18407.205362875568	252.81675924860565
186950510.80704	100903930058.03525	169952619381.013	10747502270.364162	-18452.71510230897	18396.736227308313	252.15446711779984
186954110.80704	100837489098.80133	170018828786.35358	10748408834.583027	-18458.927872718763	18386.26666958868	251.4923503761267
186957710.80704	100771025784.86551	170085000500.5312	10749313015.497406	-18465.134381591954	18375.796692846274	250.8304090799422
186961310.80704	100704540138.76448	170151134522.043	10750214813.739004	-18471.334631621292	18365.32630020675	250.16864328542638
186964910.80704	100638032183.02522	170217230849.39737	10751114229.93973	-18477.528625499497	18354.855494791816	249.50705304858363
186968510.80704	100571501940.16504	170283289481.11392	10752011264.73169	-18483.716365919263	18344.384279719237	248.8456384252429
186972110.80704	100504949432.69153	170349310415.7235	10752905918.747194	-18489.897855573257	18333.912658102836	248.18439947105801
186975710.80704	100438374683.1026	170415293651.76816	10753798192.618752	-18496.07309715411	18323.4406330525	247.5233362415079
186979310.80704	100371777713.88647	170481239187.8011	10754688086.979069	-18502.24209335441	18312.968207674192	246.86244879189692
186982910.80704	100305158547.52167	170547147022.38672	10755575602.461054	-18508.40484686671	18302.49538506993	246.20173717735503
186986510.80704	100238517206.47702	170613017154.10062	10756460739.697813	-18514.561360383523	18292.022168337822	245.5412014528381
186990110.80704	100171853713.21167	170678849581.5295	10757343499.322649	-18520.71163659731	18281.54856057205	244.88084167312817
186993710.80704	100105168090.17505	170744644303.2712	10758223881.969059	-18526.85567820048	18271.074564862873	244.22065789283377
186997310.80704	100038460359.80692	170810401317.9347	10759101888.27074	-18532.993487885396	18260.600184296643	243.56065016639005
187000910.80704	99971730544.53734	170876120624.14	10759977518.861586	-18539.125068344358	18250.1254219558	242.9008185480592
187004510.80704	99904978666.78668	170941802220.51834	10760850774.37568	-18545.250422269604	18239.650280918875	242.24116309193053
187008110.80704	99838204748.9656	171007446105.71188	10761721655.447308	-18551.36955235332	18229.174764260497	241.58168385192093
187011710.80704	99771408813.47511	171073052278.37396	10762590162.71094	-18557.482461287615	18218.6988750514	240.92238088177496
187015310.80704	99704590882.70648	171138620737.16888	10763456296.801245	-18563.589151764532	18208.222616358413	240.26325423506518
187018910.80704	99637750979.04132	171204151480.77203	10764320058.353085	-18569.689626476047	18197.74599124448	239.60430396519246
187022510.80704	99570889124.85155	171269644507.8698	10765181448.00151	-18575.783888114052	18187.269002768655	238.94553012538617
187026110.80704	99504005342.49936	171335099817.1596	10766040466.381767	-18581.871939370365	18176.791653986107	238.28693276870442
187029710.80704	99437099654.3373	171400517407.34982	10766897114.12929	-18587.953782936722	18166.313947948125	237.6285119480344
187033310.80704	99370172082.7082	171465897277.1598	10767751391.8797	-18594.02942150477	18155.835887702116	236.9702677160926
187036910.80704	99303222649.94524	171531239425.3199	10768603300.268814	-18600.098857766072	18145.35747629162	236.31220012542502
187040510.80704	99236251378.37184	171596543850.57135	10769452839.932634	-18606.1620944121	18134.878716756306	235.65430922840753
187044110.80704	99169258290.30179	171661810551.6664	10770300011.507353	-18612.219134134226	18124.399612131972	234.996595077246
187047710.80704	99102243408.03915	171727039527.36823	10771144815.629349	-18618.269979623732	18113.920165450556	234.33905772397674
187051310.80704	99035206753.87834	171792230776.45084	10771987252.935186	-18624.314633571794	18103.440379740132	233.68169722046648
187054910.80704	98968148350.10405	171857384297.69916	10772827324.061619	-18630.353098669486	18092.960258024927	233.02451361841293
187058510.80704	98901068218.9913	171922500089.90903	10773665029.645584	-18636.38537760777	18082.47980332531	232.36750696934484
187062110.80704	98833966382.80544	171987578151.88715	10774500370.324203	-18642.411473077507	18071.999018657807	231.71067732462234
187065710.80704	98766842863.80208	172052618482.45102	10775333346.734787	-18648.43138776944	18061.517907035093	231.05402473543714
187069310.80704	98699697684.2272	172117621080.42905	10776163959.514826	-18654.445124374197	18051.036471466003	230.39754925281284
187072910.80704	98632530866.31706	172182585944.66043	10776992209.301996	-18660.452685582288	18040.55471495554	229.74125092760517
187076510.80704	98565342432.29825	172247513073.99518	10777818096.734156	-18666.454074084093	18030.072640504866	229.0851298105022
187080110.80704	98498132404.38766	172312402467.29413	10778641622.449343	-18672.44929256988	18019.590251111324	228.4291859520247
187083710.80704	98430900804.79253	172377254123.42883	10779462787.085781	-18678.438343729773	18009.107549768414	227.77341940252632
187087310.80704	98363647655.71037	172442068041.2817	10780281591.281872	-18684.421230253778	17998.62453946583	227.11783021219378
187090910.80704	98296372979.32904	172506844219.74582	10781098035.676199	-18690.397954831762	17988.141223189436	226.4624184310473
187094510.80704	98229076797.82669	172571582657.72507	10781912120.907526	-18696.368520153454	17977.657603921285	225.8071841089407
187098110.80704	98161759133.37181	172636283354.13403	10782723847.614794	-18702.33292890844	17967.173684639616	225.15212729556174
187101710.80704	98094420008.1232	172700946307.898	10783533216.437124	-18708.291183786165	17956.68946831886	224.49724804043234
187105310.80704	98027059444.22998	172765571517.95303	10784340228.013815	-18714.243287475932	17946.204957929644	223.84254639290884
187108910.80704	97959677463.83157	172830158983.2458	10785144882.984343	-18720.18924266689	17935.720156438794	223.18802240218224
187112510.80704	97892274089.05775	172894708702.73364	10785947181.98836	-18726.12905204803	17925.23506680934	222.5336761172785
187116110.80704	97824849342.02858	172959220675.3846	10786747125.665693	-18732.062718308196	17914.74969200051	221.87950758705875
187119710.80704	97757403244.85445	173023694900.17737	10787544714.65635	-18737.990244136075	17904.264034967757	221.22551686021953
187123310.80704	97689935819.63608	173088131376.10126	10788339949.600508	-18743.911632220188	17893.778098662733	220.57170398529308
187126910.80704	97622447088.46452	173152530102.15616	10789132831.138523	-18749.826885248895	17883.291886033316	219.91806901064763
187130510.80704	97554937073.42113	173216891077.35263	10789923359.910923	-18755.73600591038	17872.805400023597	219.26461198448752
187134110.80704	97487405796.57758	173281214300.7118	10790711536.558407	-18761.63899689267	17862.3186435739	218.6113329548536
187137710.80704	97419853279.99588	173345499771.26535	10791497361.721851	-18767.53586088361	17851.83161962077	217.9582319696234
187141310.80704	97352279545.72838	173409747488.05557	10792280836.0423	-18773.426600570874	17841.34433109699	217.30530907651138
187144910.80704	97284684615.81772	173473957450.13528	10793061960.160969	-18779.311218641953	17830.85678093157	216.6525643230692
187148510.80704	97217068512.29688	173538129656.56784	10793840734.71925	-18785.18971778416	17820.368972049764	215.99999775668604
187152110.80704	97149431257.18916	173602264106.4271	10794617160.358698	-18791.06210068462	17809.88090737307	215.34760942458868
187155710.80704	97081772872.50821	173666360798.79745	10795391237.721045	-18796.92837003027	17799.39258981923	214.6953993738419
187159310.80704	97014093380.25798	173730419732.77383	10796162967.448185	-18802.78852850786	17788.904022302228	214.04336765134866
187162910.80704	96946392802.43277	173794440907.46158	10796932350.182184	-18808.642578803945	17778.415207732316	213.3915143038504
187166510.80704	96878671161.01718	173858424321.97653	10797699386.565277	-18814.490523604887	17767.92614901599	212.73983937792727
187170110.80704	96810928477.98618	173922369975.445	10798464077.239866	-18820.33236559684	17757.43684905602	212.0883429199983
187173710.80704	96743164775.30502	173986277867.00372	10799226422.848518	-18826.168107465764	17746.947310751424	211.43702497632174
187177310.80704	96675380074.92934	174050147995.79987	10799986424.033968	-18831.997751897412	17736.4575369975	210.7858855929953
187180910.80704	96607574398.80505	174113980360.99103	10800744081.439116	-18837.82130157733	17725.967530685808	210.13492481595637
187184510.80704	96539747768.86845	174177774961.7452	10801499395.707026	-18843.63875919085	17715.477294704193	209.4841426909823
187188110.80704	96471900207.04614	174241531797.24075	10802252367.480928	-18849.450127423093	17704.98683193677	208.8335392636906
187191710.80704	96404031735.25505	174305250866.66644	10803002997.404217	-18855.255408958965	17694.496145263944	208.1831145795392
187195310.80704	96336142375.40245	174368932169.2214	10803751286.120447	-18861.054606483147	17684.005237562396	207.53286868382673
187198910.80704	96268232149.38596	174432575704.1151	10804497234.27334	-18866.847722680108	17673.514111705103	206.88280162169275
187202510.80704	96200301079.09352	174496181470.56735	10805240842.506777	-18872.634760234083	17663.022770561332	206.23291343811798
187206110.80704	96132349186.40343	174559749467.80826	10805982111.464802	-18878.415721829086	17652.531216996653	205.58320417792456
187209710.80704	96064376493.18428	174623279695.07825	10806721041.79162	-18884.190610148897	17642.039453872927	204.93367388577627
187213310.80704	95996383021.29506	174686772151.62808	10807457634.131596	-18889.95942787706	17631.547484048322	204.28432260617882
187216910.80704	95928368792.58505	174750226836.71878	10808191889.129253	-18895.72217769689	17621.055310377316	203.63515038348007
187220510.80704	95860333828.8939	174813643749.6216	10808923807.429277	-18901.47886229146	17610.562935710695	202.9861572618703
187224110.80704	95792278152.0516	174877022889.61813	10809653389.676512	-18907.2294843436	17600.07036289556	202.3373432853824
187227710.80704	95724201783.87846	174940364256.0001	10810380636.515959	-18912.974046535895	17589.577594775328	201.68870849789212
187231310.80704	95656104746.18515	175003667848.06955	10811105548.592775	-18918.71255155069	17579.08463418974	201.04025294311845
187234910.80704	95587987060.77269	175066933665.1387	10811828126.55228	-18924.445002070068	17568.59148397487	200.39197666462366
187238510.80704	95519848749.43242	175130161706.53	10812548371.039946	-18930.17140077587	17558.098146963104	199.74387970581364
187242110.80704	95451689833.94606	175193351971.57608	10813266282.701399	-18935.89175034968	17547.60462598317	199.09596210993823
187245710.80704	95383510336.08565	175256504459.61972	10813981862.182425	-18941.606053472824	17537.110923860135	198.4482239200913
187249310.80704	95315310277.61359	175319619170.0139	10814695110.128962	-18947.31431282636	17526.617043415397	197.80066517921108
187252910.80704	95247089680.28261	175382696102.1217	10815406027.187105	-18953.01653109109	17516.122987466704	197.15328593008047
187256510.80704	95178848565.83582	175445735255.3164	10816114614.0031	-18958.712710947548	17505.62875882815	196.50608621532712
187260110.80704	95110586956.00665	175508736628.98138	10816820871.223347	-18964.402855075998	17495.13436031017	195.8590660774238
187263710.80704	95042304872.51892	175571700222.51013	10817524799.4944	-18970.086966156436	17484.63979471957	195.2122255586886
187267310.80704	94974002337.08676	175634626035.30624	10818226399.462963	-18975.76504686858	17474.1450648595	194.5655647012852
187270910.80704	94905679371.41469	175697514066.78336	10818925671.775892	-18981.43709989187	17463.65017352947	193.9190835472231
187274510.80704	94837335997.19756	175760364316.36523	10819622617.080196	-18987.103127905473	17453.15512352536	193.27278213835777
187278110.80704	94768972236.12057	175823176783.4857	10820317236.023033	-18992.763133588265	17442.659917639423	192.62666051639104
187281710.80704	94700588109.85931	175885951467.58853	10821009529.251709	-18998.417119618844	17432.16455866027	191.98071872287127
187285310.80704	94632183640.0797	175948688368.12766	10821699497.413681	-19004.065088675517	17421.669049372904	191.3349567991936
187288910.80704	94563758848.438	176011387484.567	10822387141.156555	-19009.7070434363	17411.17339255869	190.68937478660018
187292510.80704	94495313756.58089	176074048816.3804	10823072461.128086	-19015.342986578922	17400.67759099538	190.04397272618039
187296110.80704	94426848386.14536	176136672363.0518	10823755457.976175	-19020.97292078081	17390.18164745712	189.39875065887114
187299710.80704	94358362758.75877	176199258124.07504	10824436132.348871	-19026.59684871909	17379.68556471444	188.75370862545705
187303310.80704	94289856896.03888	176261806098.954	10825114484.89437	-19032.214773070602	17369.18934553426	188.10884666657074
187306910.80704	94221330819.59377	176324316287.20248	10825790516.26101	-19037.826696511864	17358.692992679906	187.46416482269302
187310510.80704	94152784551.02188	176386788688.3442	10826464227.097279	-19043.4326217191	17348.196508911093	186.8196631341532
187314110.80704	94084218111.91206	176449223301.91284	10827135618.05181	-19049.032551368226	17337.699896983944	186.1753416411292
187317710.80704	94015631523.84349	176511620127.452	10827804689.773376	-19054.626488134836	17327.20315965099	185.53120038364796
187321310.80704	93947024808.38574	176573979164.51514	10828471442.910902	-19060.214434694222	17316.706299661175	184.88723940158553
187324910.80704	93878397987.09874	176636300412.66565	10829135878.113447	-19065.796393721354	17306.20931975985	184.24345873466737
187328510.80704	93809751081.53278	176698583871.4768	10829797996.030218	-19071.37236789088	17295.71222268879	183.5998584224686
187332110.80704	93741084113.22855	176760829540.5317	10830457797.310562	-19076.942359877132	17285.215011186192	182.9564385044142
187335710.80704	93672397103.71707	176823037419.4233	10831115282.60397	-19082.506372354113	17274.717687986675	182.31319901977926
187339310.80704	93603690074.51979	176885207507.75446	10831770452.560072	-19088.064407995505	17264.22025582129	181.67014000768924
187342910.80704	93534963047.1485	176947339805.13776	10832423307.82864	-19093.61646947466	17253.722717417513	181.0272615071202
187346510.80704	93466216043.10536	177009434311.19565	10833073849.059584	-19099.16255946459	17243.225075499264	180.38456355689897
187350110.80704	93397449083.88293	177071491025.5604	10833722076.902956	-19104.70268063798	17232.727332786897	179.74204619570347
187353710.80704	93328662190.96414	177133509947.87402	10834367992.008945	-19110.236835667176	17222.22949199721	179.09970946206292
187357310.80704	93259855385.8223	177195491077.78833	10835011595.027882	-19115.765027224184	17211.731555843446	178.45755339435806
187360910.80704	93191028689.92108	177257434414.9649	10835652886.61023	-19121.28725798067	17201.2335270353	177.81557803082137
187364510.80704	93122182124.71458	177319339959.07504	10836291867.406593	-19126.803530607955	17190.73540827892	177.17378340953735
187368110.80704	93053315711.64725	177381207709.7998	10836928538.067715	-19132.313847777008	17180.237202276912	176.53216956844273
187371710.80704	92984429472.15393	177443037666.83	10837562899.244469	-19137.818212158454	17169.73891172834	175.8907365453267
187375310.80704	92915523427.65985	177504829829.86603	10838194951.587868	-19143.316626422562	17159.240539328726	175.24948437783112
187378910.80704	92846597599.58063	177566584198.61816	10838824695.74906	-19148.80909323925	17148.74208777007	174.60841310345086
187382510.80704	92777652009.32227	177628300772.8062	10839452132.379328	-19154.29561527808	17138.24355974084	173.9675227595339
187386110.80704	92708686678.28116	177689979552.15976	10840077262.130089	-19159.776195208244	17127.744957925977	173.3268133832816
187389710.80704	92639701627.8441	177751620536.41797	10840700085.652893	-19165.250835698585	17117.2462850069	172.68628501174902
187393310.80704	92570696879.38826	177813223725.3297	10841320603.599424	-19170.719539417572	17106.747543661502	172.04593768184503
187396910.80704	92501672454.28122	177874789118.65344	10841938816.621498	-19176.182309033313	17096.24873656418	171.40577143033263
187400510.80704	92432628373.88095	177936316716.1573	10842554725.371061	-19181.639147213544	17085.7498663858	170.76578629382914
187404110.80704	92363564659.53581	177997806517.61893	10843168330.500195	-19187.090056625628	17075.250935793727	170.1259823088064
187407710.80704	92294481332.58456	178059258522.82568	10843779632.66111	-19192.535039936556	17064.751947451827	169.48635951159116
187411310.80704	92225378414.35638	178120672731.57446	10844388632.506147	-19197.974099812942	17054.252904020457	168.8469179383651
187414910.80704	92156255926.17084	178182049143.67172	10844995330.687778	-19203.407238921016	17043.75380815648	168.20765762516518
187418510.80704	92087113889.33788	178243387758.93347	10845599727.858604	-19208.834459926635	17033.25466251327	167.5685786078839
187422110.80704	92017952325.15788	178304688577.18527	10846201824.671354	-19214.25576549526	17022.7554697407	166.9296809222694
187425710.80704	91948771254.92163	178365951598.26224	10846801621.778887	-19219.67115829198	17012.25623248516	166.29096460392586
187429310.80704	91879570699.91031	178427176822.00897	10847399119.834187	-19225.080640981487	17001.756953389562	165.6524296883136
187432910.80704	91810350681.3955	178488364248.2796	10847994319.490368	-19230.484216228077	16991.257635093334	165.01407621074932
187436510.80704	91741111220.63919	178549513876.93777	10848587221.400671	-19235.88188669566	16980.758280232425	164.37590420640643
187440110.80704	91671852338.89381	178610625707.85657	10849177826.218464	-19241.27365504775	16970.258891439313	163.73791371031518
187443710.80704	91602574057.40219	178671699740.91858	10849766134.597237	-19246.659523947455	16959.759471343008	163.10010475736297
187447310.80704	91533276397.39754	178732735976.01584	10850352147.190609	-19252.039496057492	16949.26002256905	162.46247738229445
187450910.80704	91463959380.10352	178793734413.0498	10850935864.652323	-19257.41357404017	16938.760547739526	161.8250316197119
187454510.80704	91394623026.7342	178854695051.93143	10851517287.636246	-19262.781760557387	16928.261049473054	161.18776750407537
187458110.80704	91325267358.49408	178915617892.58102	10852096416.79637	-19268.144058270645	16917.7615303848	160.55068506970292
187461710.80704	91255892396.57803	178976502934.92834	10852673252.786806	-19273.500469841023	16907.261993086475	159.91378435077087
187465310.80704	91186498162.1714	179037350178.91254	10853247796.261793	-19278.850997929196	16896.762440186347	159.27706538131397
187468910.80704	91117084676.44994	179098159624.4821	10853820047.87569	-19284.19564519542	16886.262874289238	158.64052819522576
187472510.80704	91047651960.57979	179158931271.59494	10854390008.282978	-19289.53441429954	16875.763297996524	158.0041728262586
187476110.80704	90978200035.71758	179219665120.21832	10854957678.13826	-19294.867307900968	16865.263713906148	157.3679993080241
187479710.80704	90908728923.01031	179280361170.32883	10855523058.096258	-19300.19432865871	16854.764124612615	156.7320076739932
187483310.80704	90839238643.59546	179341019421.91238	10856086148.811815	-19305.515479231333	16844.264532707002	156.0961979574964
187486910.80704	90769729218.60089	179401639874.96426	10856646950.939894	-19310.83076227699	16833.764940776957	155.46057019172412
187490510.80704	90700200669.14491	179462222529.48904	10857205465.135576	-19316.140180453396	16823.265351406702	154.82512440972678
187494110.80704	90630653016.33627	179522767385.50058	10857761692.054064	-19321.443736417837	16812.76576717704	154.18986064441512
187497710.80704	90561086281.27417	179583274443.022	10858315632.350676	-19326.74143282717	16802.266190665356	153.55477892856032
187501310.80704	90491500485.0482	179643743702.08572	10858867286.680847	-19332.033272337805	16791.766624445623	152.91987929479438
187504910.80704	90421895648.73843	179704175162.73343	10859416655.700134	-19337.319257605726	16781.267071088405	152.2851617756102
187508510.80704	90352271793.41534	179764568825.01605	10859963740.064207	-19342.599391286472	16770.767533160855	151.65062640336183
187512110.80704	90282628940.13988	179824924688.99377	10860508540.428854	-19347.873676035135	16760.268013226723	151.01627321026476
187515710.80704	90212967109.96342	179885242754.73596	10861051057.449976	-19353.14211450637	16749.768513846364	150.38210222839612
187519310.80704	90143286323.92778	179945523022.3212	10861591291.78359	-19358.404709354374	16739.26903757673	149.74811348969487
187522910.80704	90073586603.06523	180005765491.8373	10862129244.08583	-19363.661463232904	16728.76958697139	149.11430702596203
187526510.80704	90003867968.39848	180065970163.38126	10862664915.012945	-19368.91237879526	16718.27016458051	148.48068286886095
187530110.80704	89934130440.9407	180126137037.0592	10863198305.221292	-19374.15745869429	16707.77077295088	147.84724104991747
187533710.80704	89864374041.6955	180186266112.98648	10863729415.367348	-19379.39670558239	16697.271414625906	147.21398160052019
187537310.80704	89794598791.65694	180246357391.28754	10864258246.107697	-19384.630122111485	16686.772092145613	146.58090455192064
187540910.80704	89724804711.80954	180306410872.09598	10864784798.09904	-19389.857710933047	16676.27280804665	145.94800993523359
187544510.80704	89654991823.12828	180366426555.55457	10865309071.998186	-19395.07947469809	16665.773564862295	145.31529778143715
187548110.80704	89585160146.5786	180426404441.81512	10865831068.462059	-19400.295416057153	16655.274365122455	144.68276812137313
187551710.80704	89515309703.11638	180486344531.0386	10866350788.14769	-19405.505537660316	16644.775211353677	144.05042098574714
187555310.80704	89445440513.68797	180546246823.39505	10866868231.712223	-19410.709842157183	16634.276106079138	143.4182564051289
187558910.80704	89375552599.2302	180606111319.0636	10867383399.81291	-19415.908332196886	16623.777051818663	142.78627440995237
187562510.80704	89305645980.67032	180665938018.2324	10867896293.107113	-19421.10101042809	16613.27805108872	142.15447503051612
187566110.80704	89235720678.9261	180725726921.0987	10868406912.252304	-19426.287879498977	16602.779106402428	141.52285829698337
187569710.80704	89165776714.90575	180785478027.86877	10868915257.906063	-19431.468942057254	16592.28022026955	140.89142423938236
187573310.80704	89095814109.50793	180845191338.75793	10869421330.726076	-19436.644200750143	16581.78139519651	140.26017288760647
187576910.80704	89025832883.62181	180904866853.99048	10869925131.370138	-19441.81365822439	16571.282633686395	139.6291042714145
187580510.80704	88955833058.127	180964504573.79974	10870426660.49615	-19446.97731712625	16560.783938238947	138.99821842043082
187584110.80704	88885814653.8936	181024104498.42807	10870925918.76212	-19452.135180101493	16550.285311350573	138.3675153641457
187587710.80704	88815777691.7822	181083666628.12674	10871422906.82616	-19457.287249795405	16539.786755514357	137.73699513191545
187591310.80704	88745722192.64383	181143190963.15604	10871917625.346493	-19462.43352885277	16529.288273220045	137.10665775296266
187594910.80704	88675648177.32004	181202677503.78516	10872410074.98144	-19467.574019917887	16518.789866954066	136.4765032563764
187598510.80704	88605555666.64284	181262126250.2923	10872900256.389431	-19472.70872563456	16508.291539199527	135.84653167111244
187602110.80704	88535444681.43472	181321537202.96457	10873388170.229	-19477.837648646087	16497.793292436214	135.21674302599354
187605710.80704	88465315242.50867	181380910362.098	10873873817.158781	-19482.960791595277	16487.295129140606	134.58713734970954
187609310.80704	88395167370.66814	181440245727.9975	10874357197.837515	-19488.078157124426	16476.797051785867	133.9577146708177
187612910.80704	88325001086.70709	181499543300.97693	10874838312.924042	-19493.18974787533	16466.299062841852	133.32847501774282
187616510.80704	88254816411.40999	181558803081.359	10875317163.077307	-19498.295566489287	16455.801164775115	132.69941841877755
187620110.80704	88184613365.55176	181618025069.4753	10875793748.956356	-19503.395615607074	16445.303360048914	132.07054490208253
187623710.80704	88114391969.89784	181677209265.66632	10876268071.220335	-19508.489897868963	16434.805651123203	131.4418544956866
187627310.80704	88044152245.20416	181736355670.2813	10876740130.528492	-19513.578415914715	16424.30804045464	130.81334722748713
187630910.80704	87973894212.21715	181795464283.67844	10877209927.540173	-19518.661172383574	16413.81053049661	130.18502312525007
187634510.80704	87903617891.67372	181854535106.22467	10877677462.914825	-19523.73816991427	16403.31312369919	129.5568822166103
187638110.80704	87833323304.30132	181913568138.2958	10878142737.311996	-19528.809411145012	16392.815822509187	128.92892452907176
187641710.80704	87763010470.81787	181972563380.2764	10878605751.391333	-19533.874898713486	16382.318629370126	128.30115009000775
187645310.80704	87692679411.93181	182031520832.55984	10879066505.812576	-19538.93463525686	16371.821546722253	127.67355892666106
187648910.80704	87622330148.34209	182090440495.5483	10879525001.235569	-19543.988623411777	16361.324577002542	127.04615106614422
187652510.80704	87551962700.73814	182149322369.6527	10879981238.32025	-19549.036865814345	16350.8277226447	126.4189265354397
187656110.80704	87481577089.79996	182208166455.29272	10880435217.726652	-19554.07936510015	16340.330986079165	125.79188536140015
187659710.80704	87411173336.198	182266972752.89676	10880886940.11491	-19559.11612390425	16329.834369733111	125.1650275707486
187663310.80704	87340751460.59326	182325741262.90198	10881336406.145252	-19564.147144861156	16319.337876030457	124.53835319007868
187666910.80704	87270311483.63725	182384471985.75424	10881783616.478003	-19569.172430604856	16308.841507391862	123.91186224585479
187670510.80704	87199853425.972	182443164921.90817	10882228571.773579	-19574.1919837688	16298.345266234735	123.28555476441237
187674110.80704	87129377308.23006	182501820071.82703	10882671272.692493	-19579.205806985894	16287.849154973235	122.65943077195809
187677710.80704	87058883151.03448	182560437435.98276	10883111719.895355	-19584.213902888503	16277.353176018272	122.03349029457006
187681310.80704	86988370974.99889	182619017014.85602	10883549914.042864	-19589.21627410845	16266.857331777519	121.40773335819804
187684910.80704	86917840800.72737	182677558808.9361	10883985855.795815	-19594.212923277017	16256.361624655405	120.78215998866368
187688510.80704	86847292648.81459	182736062818.72095	10884419545.815094	-19599.20385302493	16245.866057053126	120.15677021166069
187692110.80704	86776726539.84573	182794529044.71716	10884850984.76168	-19604.189065982373	16235.370631368647	119.53156405275504
187695710.80704	86706142494.39651	182852957487.43997	10885280173.296646	-19609.16856477897	16224.875349996699	118.90654153738527
187699310.80704	86635540533.03317	182911348147.41318	10885707112.081152	-19614.142352043804	16214.38021532879	118.28170269086257
187702910.80704	86564920676.31248	182969701025.16925	10886131801.776453	-19619.11043040539	16203.885229753208	117.6570475383711
187706510.80704	86494282944.78178	183028016121.24918	10886554243.043892	-19624.072802491697	16193.390395655018	117.03257610496813
187710110.80704	86423627358.97893	183086293436.20258	10886974436.544903	-19629.029470930127	16182.895715416073	116.40828841558428
187713710.80704	86352953939.43231	183144532970.58765	10887392382.941008	-19633.980438347524	16172.40119141501	115.78418449502374
187717310.80704	86282262706.66089	183202734724.9711	10887808082.89382	-19638.925707370166	16161.906826027262	115.16026436796444
187720910.80704	86211553681.17416	183260898699.92822	10888221537.065039	-19643.86528062377	16151.41262162505	114.53652805895834
187724510.80704	86140826883.47217	183319024896.04282	10888632746.116455	-19648.799160733484	16140.918580577398	113.91297559243152
187728110.80704	86070082334.0455	183377113313.90723	10889041710.709944	-19653.727350323887	16130.42470525013	113.28960699268451
187731710.80704	85999320053.3753	183435163954.1223	10889448431.507471	-19658.649852018985	16119.930998005875	112.66642228389242
187735310.80704	85928540061.93329	183493176817.2974	10889852909.171085	-19663.566668442214	16109.437461204068	112.04342149010517
187738910.80704	85857742380.1817	183551151904.05032	10890255144.362926	-19668.477802216432	16098.944097200958	111.42060463524774
187742510.80704	85786927028.57336	183609089215.00742	10890655137.745214	-19673.383255963927	16088.450908349605	110.79797174312031
187746110.80704	85716094027.55165	183666988750.80344	10891052889.98026	-19678.2830323064	16077.957896999891	110.1755228373985
187749710.80704	85645243397.5505	183724850512.08163	10891448401.730457	-19683.177133864978	16067.465065498516	109.5532579416336
187753310.80704	85574375158.99443	183782674499.49365	10891841673.658281	-19688.065563260203	16056.972416189006	108.93117707925275
187756910.80704	85503489332.2985	183840460713.69962	10892232706.426296	-19692.948323112032	16046.479951411715	108.30928027355914
187760510.80704	85432585937.86833	183898209155.36804	10892621500.697147	-19697.825416039836	16035.987673503827	107.68756754773223
187764110.80704	85361664996.10017	183955919825.17587	10893008057.133564	-19702.696844662398	16025.495584799362	107.06603892482796
187767710.80704	85290726527.3808	184013592723.80844	10893392376.398357	-19707.562611597914	16015.003687629178	106.44469442777898
187771310.80704	85219770552.08755	184071227851.95944	10893774459.154423	-19712.422719463983	16004.511984320974	105.82353407939479
187774910.80704	85148797090.5884	184128825210.33096	10894154306.064735	-19717.277170877613	15994.020477199294	105.202557902362
187778510.80704	85077806163.24184	184186384799.63348	10894531917.792353	-19722.125968455217	15983.52916858553	104.58176591924453
187782110.80704	85006797790.39699	184243906620.5858	10894907295.000414	-19726.96911481261	15973.038060797924	103.96115815248379
187785710.80704	84935771992.39352	184301390673.915	10895280438.352137	-19731.806612565008	15962.547156151575	103.3407346243989
187789310.80704	84864728789.5617	184358836960.35663	10895651348.510822	-19736.63846432702	15952.056456958437	102.7204953571869
187792910.80704	84793668202.22241	184416245480.65442	10896020026.139849	-19741.464672712664	15941.565965527327	102.10044037292293
187796510.80704	84722590250.68709	184473616235.5605	10896386471.902674	-19746.28524033534	15931.075684163927	101.48056969356048
187800110.80704	84651494955.25778	184530949225.83524	10896750686.462835	-19751.10016980785	15920.585615170787	100.86088334093154
187803710.80704	84580382336.22713	184588244452.2473	10897112670.483948	-19755.909463742384	15910.095760847327	100.24138133674684
187807310.80704	84509252413.87836	184645501915.5737	10897472424.629704	-19760.713124750524	15899.606123489843	99.62206370259604
187810910.80704	84438105208.4853	184702721616.59958	10897829949.563875	-19765.511155443233	15889.116705391507	99.00293045994792
187814510.80704	84366940740.31241	184759903556.11838	10898185245.95031	-19770.303558430867	15878.627508842374	98.38398163015063
187818110.80704	84295759029.61472	184817047734.93182	10898538314.452932	-19775.090336323166	15868.138536129381	97.76521723443182
187821710.80704	84224560096.63786	184874154153.84985	10898889155.735744	-19779.87149172925	15857.649789536357	97.1466372938989
187825310.80704	84153343961.61812	184931222813.69058	10899237770.46282	-19784.647027257615	15847.161271344019	96.52824182953924
187828910.80704	84082110644.78233	184988253715.28036	10899584159.298313	-19789.416945516143	15836.672983829978	95.91003086222032
187832510.80704	84010860166.34799	185045246859.4537	10899928322.90645	-19794.181249112087	15826.184929268744	95.29200441269
187836110.80704	83939592546.5232	185102202247.05334	10900270261.95153	-19798.93994065208	15815.697109931727	94.67416250157667
187839710.80704	83868307805.50664	185159119878.9302	10900609977.09793	-19803.69302274212	15805.209528087242	94.05650514938947
187843310.80704	83797005963.48766	185215999755.9433	10900947469.010101	-19808.440497987594	15794.72218600051	93.43903237651848
187846910.80704	83725687040.64621	185272841878.95984	10901282738.352562	-19813.18236899324	15784.235085933666	92.82174420323499
187850510.80704	83654351057.15286	185329646248.85516	10901615785.789907	-19817.91863836317	15773.748230145755	92.20464064969157
187854110.80704	83582998033.16882	185386412866.51273	10901946611.986807	-19822.649308700868	15763.261620892743	91.5877217359224
187857710.80704	83511627988.84593	185443141732.82413	10902275217.607998	-19827.374382609174	15752.775260427514	90.97098748184338
187861310.80704	83440240944.32663	185499832848.68906	10902601603.31829	-19832.093862690293	15742.289150999877	90.35443790725239
187864910.80704	83368836919.74403	185556486215.0153	10902925769.782568	-19836.807751545795	15731.80329485657	89.73807303182944
187868510.80704	83297415935.22186	185613101832.71866	10903247717.665781	-19841.516051776605	15721.31769424126	89.12189287513694
187872110.80704	83225978010.87448	185669679702.72314	10903567447.632954	-19846.21876598301	15710.832351394543	88.50589745661979
187875710.80704	83154523166.8069	185726219825.96072	10903884960.349178	-19850.915896764644	15700.34726855396	87.8900867956057
187879310.80704	83083051423.11476	185782722203.37143	10904200256.479614	-19855.607446720504	15689.862447953989	87.27446091130531
187882910.80704	83011562799.88438	185839186835.90335	10904513336.689493	-19860.293418448935	15679.377891826049	86.65901982281243
187886510.80704	82940057317.19269	185895613724.5126	10904824201.644115	-19864.973814547637	15668.893602398508	86.0437635491042
187890110.80704	82868534995.10728	185952002870.16333	10905132852.008846	-19869.64863761365	15658.409581896685	85.42869210904132
187893710.80704	82796995853.6864	186008354273.82764	10905439288.449123	-19874.31789024337	15647.925832542853	84.81380552136825
187897310.80704	82725439912.97894	186064667936.4857	10905743511.630445	-19878.981575032532	15637.442356556237	84.19910380471339
187900910.80704	82653867193.02446	186120943859.12555	10906045522.218384	-19883.63969457622	15626.959156153027	83.58458697758927
187904510.80704	82582277713.85318	186177182042.74335	10906345320.878574	-19888.292251468858	15616.476233546371	82.97025505839278
187908110.80704	82510671495.48596	186233382488.3431	10906642908.276716	-19892.939248304207	15605.99359094639	82.35610806540534
187911710.80704	82439048557.93434	186289545196.93683	10906938285.078579	-19897.58068767537	15595.511230560167	81.7421460167931
187915310.80704	82367408921.20053	186345670169.54443	10907231451.949993	-19902.216572174788	15585.029154591764	81.12836893060715
187918910.80704	82295752605.2774	186401757407.19382	10907522409.556856	-19906.846904394235	15574.547365242217	80.51477682478371
187922510.80704	82224079630.14851	186457806910.92075	10907811158.56513	-19911.471686924822	15564.06586470954	79.9013697171443
187926110.80704	82152390015.78807	186513818681.76892	10908097699.640839	-19916.090922356987	15553.584655188733	79.28814762539601
187929710.80704	82080683782.16096	186569792720.78995	10908382033.450073	-19920.704613280504	15543.103738871778	78.67511056713157
187933310.80704	82008960949.22276	186625729029.04327	10908664160.658983	-19925.31276228447	15532.623117947647	78.06225855982967
187936910.80704	81937221536.91972	186681627607.59625	10908944081.933784	-19929.91537195731	15522.142794602307	77.4495916208551
187940510.80704	81865465565.18877	186737488457.5241	10909221797.940756	-19934.51244488678	15511.662771018717	76.83710976745894
187944110.80704	81793693053.95752	186793311579.9099	10909497309.346233	-19939.103983659952	15501.183049376838	76.22481301677874
187947710.80704	81721904023.1443	186849096975.84457	10909770616.81662	-19943.689990863226	15490.70363185363	75.61270138583876
187951310.80704	81650098492.6581	186904844646.42682	10910041721.018375	-19948.270469082316	15480.224520623062	75.00077489155014
187954910.80704	81578276482.39859	186960554592.7632	10910310622.618023	-19952.84542090226	15469.745717856107	74.38903355071106
187958510.80704	81506438012.25618	187016226815.96814	10910577322.282145	-19957.414848907414	15459.267225720754	73.777477380007
187962110.80704	81434583102.11194	187071861317.16376	10910841820.677383	-19961.978755681444	15448.789046382004	73.16610639601086
187965710.80704	81362711771.83765	187127458097.48004	10911104118.47044	-19966.537143807338	15438.311182001878	72.55492061518322
187969310.80704	81290824041.2958	187183017158.05472	10911364216.328075	-19971.090015867387	15427.833634739418	71.94392005387249
187972910.80704	81218919930.33958	187238538500.0333	10911622114.91711	-19975.6373744432	15417.356406750689	71.33310472831512
187976510.80704	81146999458.8129	187294022124.56903	10911877814.90442	-19980.179222115687	15406.879500188785	70.72247465463577
187980110.80704	81075062646.55034	187349468032.82294	10912131316.956944	-19984.715561465073	15396.402917203832	70.11202984884753
187983710.80704	81003109513.37724	187404876225.96378	10912382621.741673	-19989.246395070888	15385.92665994299	69.50177032685208
187987310.80704	80931140079.10963	187460246705.16797	10912631729.925657	-19993.77172551196	15375.450730550456	68.89169610443993
187990910.80704	80859154363.55426	187515579471.61975	10912878642.176004	-19998.29155536643	15364.975131167464	68.28180719729056
187994510.80704	80787152386.5086	187570874526.51096	10913123359.159876	-20002.805887211733	15354.499863932298	67.67210362097265
187998110.80704	80715134167.76086	187626131871.0412	10913365881.54449	-20007.3147236246	15344.024930980288	67.06258539094422
188001710.80704	80643099727.08995	187681351506.41772	10913606209.997124	-20011.81806718107	15333.550334443808	66.4532525225529
188005310.80704	80571049084.2655	187736533433.85547	10913844345.185104	-20016.31592045647	15323.076076452293	65.84410503103604
188008910.80704	80498982259.04791	187791677654.577	10914080287.775818	-20020.808286025425	15312.602159132231	65.23514293152094
188012510.80704	80426899271.18828	187846784169.81256	10914314038.4367	-20025.295166461856	15302.12858460717	64.62636623902506
188016110.80704	80354800140.42845	187901852980.80005	10914545597.835245	-20029.77656433897	15291.655354997722	64.01777496845615
188019710.80704	80282684886.50102	187956884088.78497	10914774966.638998	-20034.252482229265	15281.182472421562	63.40936913461252
188023310.80704	80210553529.1293	188011877495.02045	10915002145.515556	-20038.722922704535	15270.70993899344	62.80114875218314
188026910.80704	80138406088.02736	188066833200.7672	10915227135.132572	-20043.187888335855	15260.237756825172	62.1931138357479
188030510.80704	80066242582.90001	188121751207.2936	10915449936.15775	-20047.647381693587	15249.765928025658	61.58526439977778
188034110.80704	79994063033.44281	188176631515.87555	10915670549.258844	-20052.101405347374	15239.294454700866	60.97760045863501
188037710.80704	79921867459.34207	188231474127.79654	10915888975.103662	-20056.549961866145	15228.823338953856	60.3701220265733
188041310.80704	79849655880.27486	188286279044.34763	10916105214.360064	-20060.99305381811	15218.352582884769	59.762829117738
188044910.80704	79777428315.90898	188341046266.82742	10916319267.695955	-20065.430683770755	15207.882188590833	59.15572174616631
188048510.80704	79705184785.90303	188395775796.5421	10916531135.779297	-20069.862854290852	15197.412158166371	58.548799925787435
188052110.80704	79632925309.90633	188450467634.8054	10916740819.2781	-20074.28956794444	15186.942493702798	57.942063670422826
188055710.80704	79560649907.55899	188505121782.93845	10916948318.860418	-20078.71082729684	15176.473197288627	57.3355129937863
188059310.80704	79488358598.49188	188559738242.27002	10917153635.194365	-20083.12663491264	15166.004271009475	56.72914790948429
188062910.80704	79416051402.32663	188614317014.13635	10917356768.948093	-20087.53699335571	15155.53571694806	56.122968431015984
188066510.80704	79343728338.67564	188668858099.8812	10917557720.78981	-20091.94190518918	15145.067537184208	55.51697457177354
188070110.80704	79271389427.14212	188723361500.85574	10917756491.387768	-20096.34137297545	15134.599733794857	54.911166345042254
188073710.80704	79199034687.32	188777827218.41867	10917953081.410269	-20100.7353992762	15124.132308854058	54.30554376400077
188077310.80704	79126664138.79404	188832255253.93613	10918147491.52566	-20105.12398665236	15113.665264432979	53.70010684172123
188080910.80704	79054277801.13974	188886645608.7817	10918339722.402336	-20109.50713766414	15103.198602599907	53.0948555911695
188084510.80704	78981875693.92342	188940998284.33643	10918529774.708738	-20113.884854870994	15092.732325420253	52.489790025205316
188088110.80704	78909457836.70216	188995313281.98877	10918717649.113354	-20118.257140831658	15082.266434956557	51.88491015658249
188091710.80704	78837024249.02385	189049590603.13464	10918903346.284718	-20122.623998104114	15071.800933268483	51.2802159979491
188095310.80704	78764574950.42717	189103830249.1773	10919086866.891407	-20126.98542924561	15061.335822412833	50.675707561847645
188098910.80704	78692109960.44157	189158032221.52747	10919268211.602045	-20131.34143681265	15050.871104443542	50.07138486071526
188102510.80704	78619629298.58734	189212196521.6032	10919447381.0853	-20135.69202336099	15040.406781411684	49.4672479068839
188106110.80704	78547132984.37553	189266323150.83002	10919624376.009886	-20140.037191445645	15029.942855365476	48.86329671258048
188109710.80704	78474621037.30803	189320412110.6407	10919799197.044558	-20144.37694362088	15019.479328350279	48.25953128992711
188113310.80704	78402093476.8775	189374463402.47543	10919971844.858114	-20148.711282440214	15009.016202408602	47.655951650941255
188116910.80704	78329550322.56743	189428477027.78177	10920142320.119398	-20153.040210456416	14998.553479580109	47.052557807535905
188120510.80704	78256991593.85211	189482452988.0146	10920310623.497297	-20157.3637302215	14988.091161901613	46.449349771519785
188124110.80704	78184417310.19667	189536391284.63608	10920476755.660736	-20161.68184428673	14977.629251407092	45.846327554597515
188127710.80704	78111827491.05702	189590291919.11578	10920640717.278687	-20165.99455520262	14967.167750127677	45.2434911683698
188131310.80704	78039222155.87993	189644154892.9305	10920802509.020159	-20170.30186551892	14956.70666009167	44.64084062433361
188134910.80704	77966601324.10295	189697980207.56436	10920962131.554205	-20174.60377778463	14946.245983324534	44.03837593388238
188138510.80704	77893965015.15448	189751767864.5088	10921119585.54992	-20178.900294547984	14935.785721848906	43.43609710830614
188142110.80704	77821313248.45375	189805517865.26245	10921274871.676435	-20183.191418356466	14925.325877684596	42.83400415879177
188145710.80704	77748646043.41081	189859230211.3313	10921427990.602926	-20187.47715175679	14914.866452848588	42.23209709642311
188149310.80704	77675963419.42654	189912904904.22855	10921578942.998606	-20191.757497294915	14904.407449355047	41.6303759321812
188152910.80704	77603265395.89267	189966541945.47467	10921727729.532728	-20196.03245751603	14893.948869215323	41.02884067694442
188156510.80704	77530551992.19176	190020141336.59735	10921874350.874584	-20200.302034964563	14883.490714437949	40.42749134148868
188160110.80704	77457823227.6972	190073703079.13147	10922018807.693504	-20204.56623218417	14873.032987028644	39.82632793648763
188163710.80704	77385079121.77325	190127227174.6192	10922161100.658857	-20208.825051717744	14862.575688990326	39.225350472512794
188167310.80704	77312319693.77501	190180713624.60986	10922301230.440048	-20213.078496107406	14852.118822323104	38.624558960033774
188170910.80704	77239544963.0484	190234162430.65997	10922439197.706524	-20217.326567894506	14841.662389024283	38.02395340941844
188174510.80704	77166754948.93024	190287573594.33328	10922575003.127764	-20221.569269619627	14831.206391088372	37.42353383093309
188178110.80704	77093949670.74817	190340947117.20065	10922708647.373285	-20225.806603822573	14820.750830507084	36.82330023474263
188181710.80704	77021129147.8207	190394283000.84015	10922840131.112644	-20230.038573042373	14810.295709269341	36.22325263091079
188185310.80704	76948293399.4572	190447581246.83698	10922969455.01543	-20234.26517981728	14799.841029361272	35.62339102940025
188188910.80704	76875442444.9579	190500841856.7835	10923096619.75127	-20238.486426684773	14789.386792766221	35.02371544007285
188192510.80704	76802576303.6139	190554064832.27924	10923221625.989824	-20242.70231618155	14778.93300146475	34.42422587268976
188196110.80704	76729694994.7072	190607250174.9308	10923344474.400791	-20246.912850843528	14768.479657434636	33.82492233691166
188199710.80704	76656798537.5106	190660397886.35187	10923465165.6539	-20251.118033205847	14758.026762650885	33.22580484229893
188203310.80704	76583886951.28784	190713507968.16333	10923583700.418917	-20255.317865802856	14747.574319085725	32.626873398311794
188206910.80704	76510960255.2935	190766580421.9931	10923700079.36564	-20259.512351168127	14737.122328708614	32.028128014310546
188210510.80704	76438018468.77307	190819615249.47623	10923814303.163904	-20263.701491834443	14726.670793486242	31.429568699555688
188214110.80704	76365061610.96289	190872612452.25476	10923926372.483572	-20267.8852903338	14716.219715382535	30.83119546320812
188217710.80704	76292089701.09023	190925572031.97787	10924036287.994543	-20272.063749197412	14705.769096358654	30.23300831432933
188221310.80704	76219102758.3732	190978493990.3018	10924144050.36675	-20276.236870955698	14695.318938373004	29.635007261881533
188224910.80704	76146100802.02084	191031378328.88974	10924249660.270155	-20280.404658138283	14684.869243381234	29.037192314727893
188228510.80704	76073083851.23306	191084225049.41205	10924353118.374752	-20284.567113274006	14674.420013336241	28.43956348163266
188232110.80704	76000051925.20068	191137034153.54602	10924454425.350569	-20288.724238890914	14663.97125018817	27.84212077126138
188235710.80704	75927005043.10544	191189805642.976	10924553581.867662	-20292.876037516256	14653.52295588442	27.24486419218104
188239310.80704	75853943224.11993	191242539519.39334	10924650588.59612	-20297.022511676485	14643.07513236965	26.647793752860263
188242910.80704	75780866487.4077	191295235784.49634	10924745446.20606	-20301.163663897256	14632.627781585774	26.050909461669477
188246510.80704	75707774852.12317	191347894439.99036	10924838155.367632	-20305.29949670343	14622.18090547197	25.454211326881076
188250110.80704	75634668337.4117	191400515487.58768	10924928716.75101	-20309.43001261906	14611.734505964685	24.857699356669617
188253710.80704	75561546962.40955	191453098929.00757	10925017131.026407	-20313.555214167412	14601.28858499763	24.261373559111977
188257310.80704	75488410746.2439	191505644765.97623	10925103398.864054	-20317.675103870937	14590.84314450179	23.66523394218753
188260910.80704	75415259708.03285	191558153000.22684	10925187520.934217	-20321.789684251286	14580.398186405426	23.069280513778327
188264510.80704	75342093866.88544	191610623633.4995	10925269497.907188	-20325.898957829308	14569.953712634073	22.473513281669263
188268110.80704	75268913241.90161	191663056667.5413	10925349330.453289	-20330.002927125042	14559.50972511055	21.87793225354825
188271710.80704	75195717852.17226	191715452104.1061	10925427019.242867	-20334.101594657724	14549.066225754961	21.282537437006393
188275310.80704	75122507716.77917	191767809944.95483	10925502564.946297	-20338.194962945778	14538.623216484693	20.687328839538164
188278910.80704	75049282854.79512	191820130191.8552	10925575968.233982	-20342.28303450682	14528.180699214428	20.09230646854156
188282510.80704	74976043285.28378	191872412846.58185	10925647229.77635	-20346.365811857657	14517.738675856137	19.497470331318297
188286110.80704	74902789027.29979	191924657910.91632	10925716350.243856	-20350.443297514277	14507.297148319087	18.902820435073963
188289710.80704	74829520099.8887	191976865386.647	10925783330.30698	-20354.51549399186	14496.856118509846	18.308356786918203
188293310.80704	74756236522.08705	192029035275.56915	10925848170.636229	-20358.582403804776	14486.415588332284	17.71407939386489
188296910.80704	74682938312.92229	192081167579.48483	10925910871.90213	-20362.644029466566	14475.975559687575	17.119988262832287
188300510.80704	74609625491.41286	192133262300.203	10925971434.775242	-20366.700373489966	14465.536034474202	16.526083400643227
188304110.80704	74536298076.56812	192185319439.53943	10926029859.926144	-20370.751438386887	14455.097014587958	15.932364814025282
188307710.80704	74462956087.38841	192237338999.3167	10926086148.02544	-20374.797226668423	14444.658501921951	15.338832509610931
188311310.80704	74389599542.86504	192289320981.36423	10926140299.74376	-20378.837740844847	14434.220498366607	14.745486493937735
188314910.80704	74316228461.98024	192341265387.51816	10926192315.75175	-20382.87298342561	14423.78300580967	14.152326773448507
188318510.80704	74242842863.70728	192393172219.62152	10926242196.720089	-20386.902956919334	14413.346026136207	13.559353354491485
188322110.80704	74169442767.01031	192445041479.52408	10926289943.319471	-20390.92766383383	14402.909561228615	12.966566243320498
188325710.80704	74096028190.84456	192496873169.08237	10926335556.220617	-20394.947106676074	14392.473612966614	12.373965446095143
188329310.80704	74022599154.15613	192548667290.15967	10926379036.094267	-20398.961287952217	14382.038183227263	11.781550968880945
188332910.80704	73949155675.88217	192600423844.62607	10926420383.611183	-20402.97021016758	14371.60327388495	11.189322817649531
188336510.80704	73875697774.95079	192652142834.35837	10926459599.442152	-20406.973875826658	14361.168886811405	10.597280998278805
188340110.80704	73802225470.28108	192703824261.24008	10926496684.257977	-20410.972287433116	14350.735023875697	10.00542551655311
188343710.80704	73728738780.78313	192755468127.16147	10926531638.729483	-20414.96544748979	14340.30168694424	9.413756378163404
188347310.80704	73655237725.358	192807074434.0195	10926564463.527517	-20418.95335849868	14329.868877880795	8.822273588707425
188350910.80704	73581722322.89778	192858643183.71786	10926595159.322947	-20422.936022960945	14319.436598546474	8.230977153689862
188354510.80704	73508192592.28554	192910174378.16693	10926623726.786655	-20426.913443376925	14309.004850799738	7.639867078522521
188358110.80704	73434648552.39532	192961668019.28375	10926650166.58955	-20430.88562224611	14298.573636496409	7.04894336852449
188361710.80704	73361090222.09222	193013124108.99207	10926674479.402554	-20434.852562067164	14288.142957489665	6.458206028922314
188365310.80704	73287517620.2323	193064542649.22226	10926696665.896608	-20438.814265337907	14277.712815630048	5.867655064850156
188368910.80704	73213930765.66264	193115923641.9114	10926716726.742676	-20442.770734555317	14267.283212765464	5.2772904813499695
188372510.80704	73140329677.22136	193167267089.0032	10926734662.611736	-20446.72197221554	14256.854150741185	4.687112283371663
188376110.80704	73066714373.73756	193218572992.44797	10926750474.174786	-20450.66798081387	14246.425631399858	4.097120475773269
188379710.80704	72993084874.03139	193269841354.2027	10926764162.102837	-20454.608762844764	14235.9976565815	3.5073150633211077
188383310.80704	72919441196.91397	193321072176.231	10926775727.066921	-20458.544320801837	14225.570228123506	2.917696050689952
188386910.80704	72845783361.1875	193372265460.50302	10926785169.738087	-20462.474657177852	14215.143347860652	2.328263442463195
188390510.80704	72772111385.64519	193423421208.9956	10926792490.787397	-20466.399774464735	14204.717017625097	1.7390172431330138
188394110.80704	72698425289.07127	193474539423.69214	10926797690.885933	-20470.319675153558	14194.29123924638	1.1499574571005358
188397710.80704	72624725090.24101	193525620106.58258	10926800770.70479	-20474.234361734543	14183.866014551439	0.5610840886760058
188401310.80704	72551010807.92073	193576663259.6635	10926801730.91508	-20478.14383669707	14173.441345364594	-0.027602857921050772
188404910.80704	72477282460.86775	193627668884.93802	10926800572.187925	-20482.04810252966	14163.017233507566	-0.6161033785616625
188408510.80704	72403540067.83049	193678636984.41574	10926797295.19447	-20485.947161719992	14152.59368079947	-1.2044174692072507
188412110.80704	72329783647.54836	193729567560.1129	10926791900.605867	-20489.841016754883	14142.170689056822	-1.792545125909465
188415710.80704	72256013218.75185	193780460614.05228	10926784389.093288	-20493.7296701203	14131.748260093544	-2.3804863448100195
188419310.80704	72182228800.1625	193831316148.2631	10926774761.327915	-20497.613124301355	14121.32639572096	-2.9682411221405296
188422910.80704	72108430410.49292	193882134164.78116	10926763017.980944	-20501.491381782304	14110.905097747807	-3.5558094542223455
188426510.80704	72034618068.44673	193932914665.64874	10926749159.723583	-20505.364445046544	14100.484367980232	-4.14319133746639
188430110.80704	71960791792.71866	193983657652.91464	10926733187.227057	-20509.232316576614	14090.0642082218	-4.7303867683729965
188433710.80704	71886951601.99448	194034363128.63412	10926715101.162598	-20513.094998854194	14079.64462027349	-5.317395743531746
188437310.80704	71813097514.95103	194085031094.86896	10926694902.201454	-20516.952494360106	14069.225605933705	-5.904218259621304
188440910.80704	71739229550.25624	194135661553.68735	10926672591.014883	-20520.80480557431	14058.807166998273	-6.490854313409261
188444510.80704	71665347726.56908	194186254507.16397	10926648168.274157	-20524.651934975896	14048.389305260444	-7.077303901751967
188448110.80704	71591452062.53961	194236809957.38	10926621634.650553	-20528.493885043103	14037.972022510903	-7.66356702159437
188451710.80704	71517542576.80899	194287327906.423	10926592990.815367	-20532.330658253293	14027.555320537766	-8.249643669969853
188455310.80704	71443619288.00945	194337808356.38696	10926562237.4399	-20536.162257082968	14017.139201126582	-8.835533844000071
188458910.80704	71369682214.76428	194388251309.3723	10926529375.195463	-20539.988684007763	14006.723666060343	-9.42123754089479
188462510.80704	71295731375.68791	194438656767.48593	10926494404.753382	-20543.809941502448	13996.308717119478	-10.006754757951725
188466110.80704	71221766789.38582	194489024732.84106	10926457326.784986	-20547.626032040916	13985.894356081866	-10.592085492556382
188469710.80704	71147788474.4546	194539355207.55734	10926418141.961618	-20551.436958096197	13975.480584722827	-11.177229742181893
188473310.80704	71073796449.48195	194589648193.7608	10926376850.954628	-20555.242722140447	13965.067404815136	-11.762187504388855
188476910.80704	70999790733.04665	194639903693.58386	10926333454.435375	-20559.04332664495	13954.654818129016	-12.346958776825172
188480510.80704	70925771343.7186	194690121709.1653	10926287953.075226	-20562.838774080123	13944.242826432152	-12.931543557225888
188484110.80704	70851738300.05879	194740302242.65027	10926240347.545557	-20566.6290669155	13933.831431489683	-13.51594184341303
188487710.80704	70777691620.61935	194790445296.19025	10926190638.51775	-20570.414207619742	13923.420635064214	-14.100153633295447
188491310.80704	70703631323.94353	194840550871.94305	10926138826.663195	-20574.19419866064	13913.01043891581	-14.684178924868649
188494910.80704	70629557428.56564	194890618972.07288	10926084912.65329	-20577.9690425051	13902.600844802006	-15.268017716214649
188498510.80704	70555469953.01117	194940649598.75018	10926028897.15944	-20581.738741619156	13892.19185447781	-15.851670005501806
188502110.80704	70481368915.7967	194990642754.15176	10925970780.853054	-20585.50329846796	13881.783469695696	-16.435135790984656
188505710.80704	70407254335.42996	195040598440.46072	10925910564.40555	-20589.262715515782	13871.375692205622	-17.018415071003766
188509310.80704	70333126230.40979	195090516659.8665	10925848248.48835	-20593.01699522602	13860.96852375502	-17.60150784398556
188512910.80704	70258984619.22618	195140397414.5647	10925783833.772882	-20596.766140061172	13850.561966088808	-18.184414108442166
188516510.80704	70184829520.36024	195190240706.75735	10925717320.93058	-20600.51015248287	13840.156020949385	-18.767133862971264
188520110.80704	70110660952.28424	195240046538.65265	10925648710.632881	-20604.24903495186	13829.750690076642	-19.34966710625592
188523710.80704	70036478933.46158	195289814912.4651	10925578003.55123	-20607.98278992799	13819.345975207954	-19.932013837064435
188527310.80704	69962283482.3468	195339545830.41544	10925505200.35707	-20611.71141987024	13808.941878078196	-20.51417405425018
188530910.80704	69888074617.3856	195389239294.73062	10925430301.721857	-20615.43492723669	13798.538400419737	-21.096147756751446
188534510.80704	69813852357.01485	195438895307.6439	10925353308.317041	-20619.153314484534	13788.135543962444	-21.677934943591282
188538110.80704	69739616719.66252	195488513871.39465	10925274220.814083	-20622.866584070085	13777.733310433689	-22.259535613877336
188541710.80704	69665367723.74779	195538094988.22858	10925193039.884443	-20626.574738448755	13767.331701558345	-22.840949766801703
188545310.80704	69591105387.68098	195587638660.39752	10925109766.199585	-20630.277780075074	13756.930719058797	-23.422177401640766
188548910.80704	69516829729.8636	195637144890.15952	10925024400.430975	-20633.975711402672	13746.530364654936	-24.003218517755045
188552510.80704	69442540768.6883	195686613679.7788	10924936943.25008	-20637.66853488429	13736.130640064172	-24.58407311458904
188556110.80704	69368238522.5389	195736045031.52582	10924847395.328373	-20641.356252971782	13725.731547001427	-25.16474119167107
188559710.80704	69293923009.79042	195785438947.67712	10924755757.337324	-20645.038868116095	13715.333087179146	-25.745222748613124
188563310.80704	69219594248.80905	195834795430.51547	10924662029.948408	-20648.71638276729	13704.935262307292	-26.325517785110705
188566910.80704	69145252257.95215	195884114482.32974	10924566213.833097	-20652.388799374523	13694.538074093356	-26.90562630094267
188570510.80704	69070897055.56827	195933396105.41498	10924468309.662867	-20656.056120386063	13684.141524242355	-27.485548295971082
188574110.80704	68996528659.99715	195982640302.07236	10924368318.109192	-20659.71834824927	13673.74561445684	-28.065283770141047
188577710.80704	68922147089.56972	196031847074.6092	10924266239.843548	-20663.375485410612	13663.350346436891	-28.644832723480572
188581310.80704	68847752362.6081	196081016425.33887	10924162075.537409	-20667.02753431565	13652.955721880127	-29.224195156100407
188584910.80704	68773344497.42561	196130148356.5809	10924055825.86225	-20670.67449740905	13642.561742481705	-29.803371068193883
188588510.80704	68698923512.32679	196179242870.66095	10923947491.489542	-20674.31637713457	13632.168409934324	-30.382360460036768
188592110.80704	68624489425.60735	196228299969.91068	10923837073.090761	-20677.953175935072	13621.77572592823	-30.96116333198711
188595710.80704	68550042255.55424	196277319656.6679	10923724571.337376	-20681.58489625251	13611.383692151214	-31.539779684485076
188599310.80704	68475582020.44559	196326301933.27646	10923609986.900856	-20685.211540527926	13600.992310288619	-32.118209518052815
188602910.80704	68401108738.55076	196375246802.0863	10923493320.45267	-20688.833111201468	13590.60158202334	-32.69645283329428
188606510.80704	68326622428.13033	196424154265.45337	10923374572.664278	-20692.44961071237	13580.21150903583	-33.27450963089511
188610110.80704	68252123107.436104	196473024325.73972	10923253744.207146	-20696.06104149896	13569.822093004097	-33.85237991162245
188613710.80704	68177610794.71109	196521856985.31335	10923130835.752733	-20699.667405998658	13559.433335603717	-34.43006367632479
188617310.80704	68103085508.18954	196570652246.5484	10923005847.972494	-20703.26870664797	13549.045238507826	-35.00756092593186
188620910.80704	68028547266.096924	196619410111.82498	10922878781.537882	-20706.864945882502	13538.657803387128	-35.58487166145442
188624510.80704	67953996086.64996	196668130583.52917	10922749637.120346	-20710.456126136938	13528.271031909899	-36.16199588398413
188628110.80704	67879431988.056595	196716813664.0531	10922618415.39133	-20714.042249845053	13517.884925741984	-36.738933594693414
188631710.80704	67804854988.516014	196765459355.7949	10922485117.022276	-20717.62331943971	13507.499486546809	-37.315684794835285
188635310.80704	67730265106.21865	196814067661.1586	10922349742.684618	-20721.19933735286	13497.114715985374	-37.892249485743214
188638910.80704	67655662359.346176	196862638582.55432	10922212293.049788	-20724.770306015536	13486.730615716262	-38.46862766883096
188642510.80704	67581046766.071526	196911172122.3981	10922072768.78921	-20728.336227857853	13476.34718739564	-39.04481934559244
188646110.80704	67506418344.55887	196959668283.1119	10921931170.574305	-20731.897105309017	13465.964432677265	-39.620824517601534
188649710.80704	67431777112.96365	197008127067.1237	10921787499.076487	-20735.45294079731	13455.58235321248	-40.196643186511984
188653310.80704	67357123089.43257	197056548476.8673	10921641754.967163	-20739.0037367501	13445.20095065022	-40.77227535405722
188656910.80704	67282456292.103584	197104932514.78262	10921493938.917736	-20742.54949559383	13434.820226637019	-41.34772102205021
188660510.80704	67207776739.10592	197153279183.31534	10921344051.599602	-20746.09021975403	13424.440182817005	-41.922980192383314
188664110.80704	67133084448.56007	197201588484.9171	10921192093.684147	-20749.62591165531	13414.06082083191	-42.498052867028136
188667710.80704	67058379438.577805	197249860422.0455	10921038065.842752	-20753.156573721342	13403.68214232107	-43.072939048035366
188671310.80704	66983661727.26217	197298094997.16397	10920881968.746792	-20756.6822083749	13393.304148921425	-43.647638737534635
188674910.80704	66908931332.70749	197346292212.74185	10920723803.06763	-20760.202818037815	13382.926842267525	-44.22215193773437
188678510.80704	66834188272.999374	197394452071.25436	10920563569.476625	-20763.718405131007	13372.550223991533	-44.79647865092163
188682110.80704	66759432566.21472	197442574575.18262	10920401268.645126	-20767.22897207446	13362.174295723225	-45.37061887946198
188685710.80704	66684664230.421715	197490659727.01355	10920236901.244473	-20770.73452128724	13351.799059089999	-45.94457262579933
188689310.80704	66609883283.67983	197538707529.24	10920070467.945995	-20774.23505518748	13341.424515716866	-46.51833989245579
188692910.80704	66535089744.03984	197586717984.36057	10919901969.421019	-20777.730576192393	13331.050667226467	-47.09192068203152
188696510.80704	66460283629.54382	197634691094.87982	10919731406.340855	-20781.22108671826	13320.677515239066	-47.66531499720458
188700110.80704	66385464958.22515	197682626863.30804	10919558779.376804	-20784.706589180427	13310.305061372555	-48.238522840730795
188703710.80704	66310633748.108505	197730525292.16138	10919384089.200163	-20788.18708599332	13299.93330724246	-48.81154421544359
188707310.80704	66235790017.209885	197778386383.9618	10919207336.482212	-20791.662579570428	13289.562254461936	-49.384379124253854
188710910.80704	66160933783.53659	197826210141.23706	10919028521.894224	-20795.133072324308	13279.191904641782	-49.95702757014979
188714510.80704	66086065065.08724	197873996566.52072	10918847646.10746	-20798.598566666587	13268.822259390432	-50.52948955619678
188718110.80704	66011183879.85179	197921745662.35208	10918664709.793169	-20802.059065007958	13258.453320313964	-51.101765085537224
188721710.80704	65936290245.81149	197969457431.2763	10918479713.62259	-20805.51456975818	13248.0850890161	-51.6738541613904
188725310.80704	65861384180.93895	198017131875.84427	10918292658.266947	-20808.965083326075	13237.717567098212	-52.24575678705233
188728910.80704	65786465703.198074	198064768998.6126	10918103544.397457	-20812.410608119535	13227.350756159321	-52.817472965895604
188732510.80704	65711534830.54413	198112368802.1437	10917912372.685324	-20815.851146545505	13216.984657796102	-53.389002701369265
188736110.80704	65636591580.9237	198159931289.00574	10917719143.801735	-20819.286701010005	13206.619273602884	-53.960345996998655
