185102419.715712	-0.0027152587437539646	-0.0027056143902672563	-0.00020555585793254115
185106019.715712	-0.0027131618169927716	-0.0027063450009678016	-0.00020552346390028355
185109619.715712	-0.0027110654655850505	-0.00270707404845498	-0.00020549101793583563
185113219.715712	-0.002708969690333705	-0.002707801534307424	-0.000205458520134239
185116819.715712	-0.002706874492039272	-0.002708527460103113	-0.0002054259705904339
185120419.715712	-0.0027047798714999217	-0.0027092518274193676	-0.0002053933693992587
185124019.715712	-0.0027026858295114632	-0.0027099746378328516	-0.00020536071665545042
185127619.715712	-0.0027005923668673446	-0.0027106958929195655	-0.00020532801245364444
185131219.715712	-0.0026984994843586617	-0.0027114155942548463	-0.00020529525688837462
185134819.715712	-0.0026964071827741526	-0.0027121337434133606	-0.00020526245005407295
185138419.715712	-0.002694315462900216	-0.0027128503419691164	-0.00020522959204507054
185142019.715712	-0.0026922243255208954	-0.0027135653914954396	-0.00020519668295559653
185145619.715712	-0.002690133771417894	-0.0027142788935649903	-0.00020516372287977878
185149219.715712	-0.002688043801370584	-0.0027149908497497493	-0.00020513071191164336
185152819.715712	-0.002685954416155996	-0.0027157012616210235	-0.0002050976501451153
185156419.715712	-0.002683865616548828	-0.002716410130749434	-0.00020506453767401818
185160019.715712	-0.0026817774033214502	-0.0027171174587049245	-0.00020503137459207423
185163619.715712	-0.0026796897772439067	-0.002717823247056751	-0.00020499816099290444
185167219.715712	-0.002677602739083922	-0.002718527497373488	-0.00020496489697002836
185170819.715712	-0.0026755162896069007	-0.002719230211223018	-0.00020493158261686441
185174419.715712	-0.002673430429575928	-0.002719931390172531	-0.00020489821802672958
185178019.715712	-0.002671345159751783	-0.002720631035788529	-0.0002048648032928401
185181619.715712	-0.0026692604808929267	-0.0027213291496368157	-0.0002048313385083106
185185219.715712	-0.0026671763937555224	-0.0027220257332824984	-0.00020479782376615503
185188819.715712	-0.002665092899093426	-0.002722720788289989	-0.00020476425915928615
185192419.715712	-0.002663009997658195	-0.002723414316222993	-0.00020473064478051547
185196019.715712	-0.002660927690199092	-0.0027241063186445183	-0.0002046969807225535
185199619.715712	-0.002658845977463087	-0.002724796797116868	-0.00020466326707800978
185203219.715712	-0.0026567648601948626	-0.0027254857532016397	-0.0002046295039393929
185206819.715712	-0.002654684339136814	-0.00272617318845972	-0.0002045956913991102
185210419.715712	-0.002652604415029055	-0.0027268591044512904	-0.0002045618295494683
185214019.715712	-0.0026505250886094244	-0.002727543502735817	-0.00020452791848267287
185217619.715712	-0.002648446360613478	-0.0027282263848720533	-0.0002044939582908283
185221219.715712	-0.0026463682317745124	-0.002728907752418042	-0.00020445994906593862
185224819.715712	-0.002644290702823548	-0.0027295876069311042	-0.00020442589089990612
185228419.715712	-0.0026422137744893455	-0.002730265949967844	-0.00020439178388453235
185232019.715712	-0.0026401374474984084	-0.0027309427830841497	-0.0002043576281115182
185235619.715712	-0.0026380617225749805	-0.0027316181078351808	-0.00020432342367246315
185239219.715712	-0.0026359866004410553	-0.0027322919257753773	-0.00020428917065886586
185242819.715712	-0.0026339120818163757	-0.0027329642384584514	-0.00020425486916212396
185246419.715712	-0.002631838167418446	-0.002733635047437392	-0.0002042205192735344
185250019.715712	-0.002629764857962525	-0.002734304354264454	-0.00020418612108429277
185253619.715712	-0.002627692154161633	-0.0027349721604911625	-0.00020415167468549353
185257219.715712	-0.002625620056726563	-0.0027356384676683115	-0.00020411718016813063
185260819.715712	-0.002623548566365871	-0.002736303277345957	-0.0002040826376230965
185264419.715712	-0.0026214776837858926	-0.00273696659107342	-0.00020404804714118315
185268019.715712	-0.0026194074096907347	-0.0027376284103992816	-0.00020401340881308125
185271619.715712	-0.0026173377447822914	-0.0027382887368713827	-0.0002039787227293809
185275219.715712	-0.002615268689760234	-0.002738947572036817	-0.0002039439889805709
185278819.715712	-0.0026132002453220296	-0.002739604917441942	-0.00020390920765703976
185282419.715712	-0.002611132412162927	-0.002740260774632358	-0.00020387437884907426
185286019.715712	-0.0026090651909759783	-0.0027409151451529257	-0.0002038395026468613
185289619.715712	-0.0026069985824520242	-0.0027415680305477464	-0.00020380457914048598
185293219.715712	-0.0026049325872797165	-0.0027422194323601778	-0.00020376960841993379
185296819.715712	-0.002602867206145502	-0.0027428693521328127	-0.00020373459057508874
185300419.715712	-0.0026008024397336394	-0.002743517791407493	-0.00020369952569573434
185304019.715712	-0.0025987382887262002	-0.0027441647517253034	-0.00020366441387155383
185307619.715712	-0.002596674753803064	-0.0027448102346265624	-0.00020362925519212935
185311219.715712	-0.00259461183564193	-0.002745454241650829	-0.00020359404974694262
185314819.715712	-0.0025925495349183206	-0.0027460967743369005	-0.00020355879762537518
185318419.715712	-0.0025904878523055753	-0.0027467378342228015	-0.00020352349891670772
185322019.715712	-0.0025884267884748683	-0.0027473774228457966	-0.00020348815371012098
185325619.715712	-0.002586366344095195	-0.0027480155417423722	-0.00020345276209469496
185329219.715712	-0.002584306519833387	-0.0027486521924482477	-0.0002034173241594097
185332819.715712	-0.002582247316354113	-0.002749287376498368	-0.0002033818399931447
185336419.715712	-0.0025801887343198807	-0.0027499210954269066	-0.00020334630968467965
185340019.715712	-0.0025781307743910397	-0.002750553350767257	-0.00020331073332269348
185343619.715712	-0.002576073437225782	-0.0027511841440520327	-0.00020327511099576517
185347219.715712	-0.0025740167234801566	-0.002751813476813073	-0.0002032394427923739
185350819.715712	-0.0025719606338080563	-0.002752441350581431	-0.0002032037288008985
185354419.715712	-0.0025699051688612353	-0.0027530677668873814	-0.000203167969109618
185358019.715712	-0.002567850329289306	-0.002753692727260411	-0.0002031321638067113
185361619.715712	-0.0025657961157397402	-0.002754316233229222	-0.00020309631298025705
185365219.715712	-0.002563742528857879	-0.0027549382863217304	-0.0002030604167182341
185368819.715712	-0.0025616895692869364	-0.002755558888065066	-0.00020302447510852145
185372419.715712	-0.0025596372376679942	-0.0027561780399855645	-0.00020298848823889788
185376019.715712	-0.002557585534640013	-0.002756795743608771	-0.00020295245619704239
185379619.715712	-0.0025555344608398345	-0.002757412000459439	-0.00020291637907053403
185383219.715712	-0.002553484016902186	-0.002758026812061528	-0.00020288025694685207
185386819.715712	-0.0025514342034596836	-0.002758640179938203	-0.0002028440899133758
185390419.715712	-0.0025493850211428274	-0.002759252105611825	-0.00020280787805738412
185394019.715712	-0.0025473364705800245	-0.0027598625906039664	-0.00020277162146605665
185397619.715712	-0.002545288552397574	-0.002760471636435394	-0.00020273532022647278
185401219.715712	-0.002543241267219675	-0.002761079244626068	-0.0002026989744256117
185404819.715712	-0.0025411946156684447	-0.002761685416695156	-0.0002026625841503537
185408419.715712	-0.002539148598363895	-0.0027622901541610127	-0.00020262614948747822
185412019.715712	-0.0025371032159239616	-0.002762893458541187	-0.00020258967052366552
185415619.715712	-0.0025350584689644933	-0.002763495331352422	-0.00020255314734549562
185419219.715712	-0.0025330143580992613	-0.0027640957741106504	-0.00020251658003944903
185422819.715712	-0.0025309708839399607	-0.0027646947883309928	-0.00020247996869190613
185426419.715712	-0.00252892804709621	-0.002765292375527756	-0.00020244331338914787
185430019.715712	-0.0025268858481755623	-0.0027658885372144303	-0.0002024066142173552
185433619.715712	-0.002524844287783504	-0.0027664832749036954	-0.00020236987126260992
185437219.715712	-0.002522803366523457	-0.002767076590107405	-0.00020233308461089375
185440819.715712	-0.002520763084996788	-0.002767668484336599	-0.00020229625434808906
185444419.715712	-0.002518723443802802	-0.0027682589591014922	-0.0002022593805599786
185448019.715712	-0.00251668444353875	-0.0027688480159114735	-0.00020222246333224524
185451619.715712	-0.0025146460847998405	-0.0027694356562751148	-0.00020218550275047316
185455219.715712	-0.00251260836817923	-0.002770021881700155	-0.00020214849890014649
185458819.715712	-0.0025105712942680315	-0.0027706066936935047	-0.00020211145186665034
185462419.715712	-0.002508534863655317	-0.0027711900937612472	-0.00020207436173527054
185466019.715712	-0.0025064990769281233	-0.002771772083408633	-0.00020203722859119382
185469619.715712	-0.002504463934671449	-0.0027723526641400794	-0.00020200005251950752
185473219.715712	-0.0025024294374682656	-0.00277293183745917	-0.00020196283360519993
185476819.715712	-0.002500395585899511	-0.0027735096048686503	-0.0002019255719331601
185480419.715712	-0.002498362380544103	-0.0027740859678704313	-0.00020188826758817834
185484019.715712	-0.0024963298219789353	-0.0027746609279655846	-0.00020185092065494597
185487619.715712	-0.002494297910778881	-0.002775234486654337	-0.00020181353121805532
185491219.715712	-0.0024922666475167975	-0.0027758066454360787	-0.000201776099362
185494819.715712	-0.0024902360327635304	-0.0027763774058093536	-0.00020173862517117486
185498419.715712	-0.0024882060670879166	-0.002776946769271864	-0.0002017011087298759
185502019.715712	-0.002486176751056784	-0.0027775147373204643	-0.00020166355012230048
185505619.715712	-0.0024841480852349617	-0.0027780813114511647	-0.00020162594943254716
185509219.715712	-0.0024821200701852725	-0.0027786464931591243	-0.00020158830674461584
185512819.715712	-0.0024800927064685483	-0.002779210283938653	-0.00020155062214240795
185516419.715712	-0.0024780659946436255	-0.0027797726852832137	-0.00020151289570972651
185520019.715712	-0.002476039935267352	-0.0027803336986854154	-0.00020147512753027587
185523619.715712	-0.0024740145288945875	-0.0027808933256370126	-0.00020143731768766174
185527219.715712	-0.0024719897760782103	-0.002781451567628909	-0.0002013994662653914
185530819.715712	-0.002469965677369122	-0.002782008426151154	-0.00020136157334687394
185534419.715712	-0.0024679422333162434	-0.002782563902692937	-0.00020132363901541935
185538019.715712	-0.0024659194444665304	-0.002783117998742595	-0.0002012856633542398
185541619.715712	-0.002463897311364963	-0.0027836707157875996	-0.0002012476464464485
185545219.715712	-0.002461875834554563	-0.0027842220553145705	-0.0002012095883750609
185548819.715712	-0.002459855014576386	-0.002784772018809259	-0.00020117148922299373
185552419.715712	-0.002457834851969531	-0.0027853206077565573	-0.00020113334907306525
185556019.715712	-0.0024558153472711433	-0.002785867823640494	-0.0002010951680079955
185559619.715712	-0.00245379650101642	-0.0027864136679442357	-0.00020105694611040624
185563219.715712	-0.002451778313738605	-0.002786958142150075	-0.00020101868346282062
185566819.715712	-0.0024497607859690035	-0.0027875012477394452	-0.00020098038014766388
185570419.715712	-0.002447743918236978	-0.0027880429861929065	-0.0002009420362472631
185574019.715712	-0.002445727711069952	-0.002788583358990145	-0.0002009036518438469
185577619.715712	-0.0024437121649934206	-0.002789122367609982	-0.00020086522701954595
185581219.715712	-0.0024416972805309392	-0.002789660013530361	-0.0002008267618563928
185584819.715712	-0.0024396830582041435	-0.0027901962982283513	-0.00020078825643632175
185588419.715712	-0.002437669498532745	-0.0027907312231801483	-0.00020074971084116906
185592019.715712	-0.0024356566020345303	-0.0027912647898610684	-0.0002007111251526732
185595619.715712	-0.002433644369225368	-0.0027917969997455477	-0.00020067249945247473
185599219.715712	-0.0024316328006192133	-0.0027923278543071427	-0.00020063383382211644
185602819.715712	-0.0024296218967281087	-0.002792857355018531	-0.00020059512834304322
185606419.715712	-0.0024276116580621864	-0.0027933855033515	-0.00020055638309660214
185610019.715712	-0.0024256020851296783	-0.0027939123007769623	-0.0002005175981640429
185613619.715712	-0.002423593178436907	-0.0027944377487649366	-0.0002004787736265172
185617219.715712	-0.002421584938488298	-0.0027949618487845586	-0.00020043990956507932
185620819.715712	-0.00241957736578638	-0.0027954846023040734	-0.00020040100606068609
185624419.715712	-0.0024175704608317876	-0.002796006010790838	-0.00020036206319419715
185628019.715712	-0.002415564224123262	-0.0027965260757113163	-0.00020032308104637455
185631619.715712	-0.0024135586561576587	-0.0027970447985310814	-0.00020028405969788323
185635219.715712	-0.002411553757429948	-0.002797562180714815	-0.00020024499922929108
185638819.715712	-0.0024095495284332143	-0.0027980782237263	-0.00020020589972106822
185642419.715712	-0.0024075459696586677	-0.0027985929290284257	-0.0002001667612535882
185646019.715712	-0.002405543081595641	-0.002799106298083188	-0.00020012758390712732
185649619.715712	-0.0024035408647315897	-0.002799618332351678	-0.00020008836776186492
185653219.715712	-0.0024015393195521047	-0.0028001290332940938	-0.0002000491128978835
185656819.715712	-0.002399538446540909	-0.002800638402369733	-0.0002000098193951688
185660419.715712	-0.00239753824617986	-0.0028011464410369925	-0.00019997048733360974
185664019.715712	-0.002395538718948956	-0.0028016531507533637	-0.0001999311167929981
185667619.715712	-0.002393539865326335	-0.0028021585329754406	-0.00019989170785302907
185671219.715712	-0.0023915416857882873	-0.002802662589158913	-0.0001998522605933014
185674819.715712	-0.0023895441808092473	-0.0028031653207585645	-0.00019981277509331665
185678419.715712	-0.0023875473508618047	-0.002803666729228275	-0.00019977325143248016
185682019.715712	-0.002385551196416707	-0.0028041668160210175	-0.00019973368969010056
185685619.715712	-0.002383555717942857	-0.0028046655825888583	-0.00019969408994538978
185689219.715712	-0.002381560915907324	-0.002805163030382957	-0.00019965445227746346
185692819.715712	-0.0023795667907753415	-0.0028056591608535612	-0.00019961477676534023
185696419.715712	-0.0023775733430103194	-0.0028061539754500146	-0.00019957506348794273
185700019.715712	-0.0023755805730738344	-0.0028066474756207457	-0.00019953531252409653
185703619.715712	-0.002373588481425641	-0.002807139662813271	-0.00019949552395253088
185707219.715712	-0.0023715970685236776	-0.0028076305384741942	-0.00019945569785187887
185710819.715712	-0.002369606334824064	-0.0028081201040492084	-0.0001994158343006771
185714419.715712	-0.002367616280781109	-0.002808608360983091	-0.00019937593337736594
185718019.715712	-0.0023656269068473104	-0.0028090953107196993	-0.000199335995160289
185721619.715712	-0.002363638213473358	-0.0028095809547019767	-0.00019929601972769377
185725219.715712	-0.0023616502011081435	-0.002810065294371949	-0.00019925600715773163
185728819.715712	-0.0023596628701987544	-0.0028105483311707223	-0.0001992159575284574
185732419.715712	-0.0023576762211904834	-0.0028110300665384795	-0.00019917587091782994
185736019.715712	-0.0023556902545268307	-0.002811510501914486	-0.00019913574740371213
185739619.715712	-0.0023537049706495055	-0.0028119896387370806	-0.00019909558706387076
185743219.715712	-0.0023517203699984267	-0.0028124674784436783	-0.00019905538997597638
185746819.715712	-0.0023497364530117334	-0.002812944022470771	-0.00019901515621760383
185750419.715712	-0.0023477532201257806	-0.0028134192722539236	-0.00019897488586623202
185754019.715712	-0.002345770671775145	-0.0028138932292277713	-0.0001989345789992437
185757619.715712	-0.002343788808392632	-0.0028143658948260254	-0.0001988942356939264
185761219.715712	-0.00234180763040927	-0.002814837270481463	-0.0001988538560274716
185764819.715712	-0.002339827138254315	-0.0028153073576259275	-0.0001988134400769751
185768419.715712	-0.002337847332355264	-0.002815776157690338	-0.00019877298791943774
185772019.715712	-0.002335868213137845	-0.0028162436721046753	-0.0001987324996317644
185775619.715712	-0.0023338897810260247	-0.0028167099022979865	-0.0001986919752907647
185779219.715712	-0.0023319120364420146	-0.002817174849698386	-0.0001986514149731528
185782819.715712	-0.0023299349798062688	-0.002817638515733051	-0.00019861081875554776
185786419.715712	-0.0023279586115374845	-0.002818100901828215	-0.00019857018671447298
185790019.715712	-0.002325982932052618	-0.0028185620094091854	-0.00019852951892635753
185793619.715712	-0.002324007941766872	-0.002819021839900321	-0.00019848881546753521
185797219.715712	-0.0023220336410937075	-0.002819480394725044	-0.00019844807641424466
185800819.715712	-0.0023200600304448425	-0.0028199376753058384	-0.00019840730184262977
185804419.715712	-0.0023180871102302623	-0.0028203936830642445	-0.00019836649182873955
185808019.715712	-0.002316114880858211	-0.0028208484194208595	-0.000198325646448528
185811619.715712	-0.0023141433427352007	-0.002821301885795338	-0.00019828476577785428
185815219.715712	-0.0023121724962660195	-0.002821754083606393	-0.0001982438498924835
185818819.715712	-0.0023102023418537254	-0.0028222050142717916	-0.00019820289886808554
185822419.715712	-0.0023082328798996565	-0.0028226546792083558	-0.00019816191278023614
185826019.715712	-0.0023062641108034278	-0.002823103079831962	-0.0001981208917044162
185829619.715712	-0.0023042960349629426	-0.002823550217557543	-0.00019807983571601238
185833219.715712	-0.0023023286527743877	-0.00282399609379908	-0.00019803874489031647
185836819.715712	-0.0023003619646322403	-0.0028244407099696084	-0.00019799761930252584
185840419.715712	-0.0022983959709292753	-0.0028248840674812196	-0.00019795645902774374
185844019.715712	-0.0022964306720565588	-0.002825326167745046	-0.0001979152641409787
185847619.715712	-0.002294466068403462	-0.002825767012171282	-0.0001978740347171454
185851219.715712	-0.002292502160357655	-0.0028262066021691617	-0.00019783277083106396
185854819.715712	-0.0022905389483051193	-0.0028266449391469717	-0.00019779147255746013
185858419.715712	-0.002288576432630144	-0.002827082024512048	-0.00019775013997096557
185862019.715712	-0.0022866146137153344	-0.002827517859670774	-0.00019770877314611766
185865619.715712	-0.0022846534919416066	-0.0028279524460285746	-0.0001976673721573593
185869219.715712	-0.002282693067688205	-0.002828385784989924	-0.00019762593707903968
185872819.715712	-0.0022807333413326887	-0.002828817877958341	-0.00019758446798541382
185876419.715712	-0.002278774313250949	-0.0028292487263363855	-0.00019754296495064281
185880019.715712	-0.0022768159838172032	-0.0028296783315256606	-0.00019750142804879356
185883619.715712	-0.002274858353404002	-0.0028301066949268146	-0.00019745985735383924
185887219.715712	-0.002272901422382231	-0.0028305338179395313	-0.00019741825293965895
185890819.715712	-0.0022709451911211145	-0.0028309597019625377	-0.000197376614880038
185894419.715712	-0.002268989659988218	-0.002831384348393598	-0.00019733494324866797
185898019.715712	-0.002267034829349452	-0.0028318077586295177	-0.00019729323811914696
185901619.715712	-0.002265080699569069	-0.002832229934066131	-0.00019725149956497892
185905219.715712	-0.0022631272710096797	-0.002832650876098319	-0.00019720972765957523
185908819.715712	-0.0022611745440322384	-0.002833070586119988	-0.00019716792247625287
185912419.715712	-0.00225922251899606	-0.002833489065524084	-0.00019712608408823596
185916019.715712	-0.0022572711962588177	-0.0028339063157025867	-0.00019708421256865507
185919619.715712	-0.0022553205761765447	-0.002834322338046506	-0.00019704230799054756
185923219.715712	-0.002253370659103634	-0.002834737133945882	-0.0001970003704268574
185926819.715712	-0.0022514214453928515	-0.002835150704789791	-0.000196958399950436
185930419.715712	-0.002249472935395325	-0.0028355630519663316	-0.00019691639663404115
185934019.715712	-0.0022475251294605592	-0.0028359741768626367	-0.00019687436055033846
185937619.715712	-0.0022455780279364308	-0.0028363840808648664	-0.00019683229177190018
185941219.715712	-0.002243631631169194	-0.0028367927653582094	-0.00019679019037120604
185944819.715712	-0.002241685939503482	-0.0028372002317268797	-0.00019674805642064277
185948419.715712	-0.002239740953282311	-0.0028376064813541166	-0.0001967058899925044
185952019.715712	-0.0022377966728470843	-0.0028380115156221896	-0.00019666369115899288
185955619.715712	-0.0022358530985375886	-0.002838415335912388	-0.00019662145999221734
185959219.715712	-0.002233910230692006	-0.002838817943605029	-0.0001965791965641949
185962819.715712	-0.0022319680696469093	-0.0028392193400794516	-0.00019653690094684984
185966419.715712	-0.00223002661573727	-0.002839619526714021	-0.00019649457321201466
185970019.715712	-0.00222808586929646	-0.0028400185048861244	-0.000196452213431429
185973619.715712	-0.0022261458306562522	-0.002840416275972171	-0.0001964098216767408
185977219.715712	-0.0022242065001468266	-0.002840812841347593	-0.0001963673980195053
185980819.715712	-0.002222267878096771	-0.0028412082023868443	-0.0001963249425311862
185984419.715712	-0.0022203299648330876	-0.002841602360463399	-0.00019628245528315494
185988019.715712	-0.0022183927606811912	-0.0028419953169497546	-0.000196239936346691
185991619.715712	-0.002216456265964917	-0.0028423870732174265	-0.00019619738579298196
185995219.715712	-0.00221452048100652	-0.0028427776306369505	-0.00019615480369312348
185998819.715712	-0.002212585406126681	-0.0028431669905778826	-0.000196112190118119
186002419.715712	-0.0022106510416445087	-0.0028435551544087963	-0.00019606954513888019
186006019.715712	-0.0022087173878775476	-0.0028439421234972883	-0.0001960268688262267
186009619.715712	-0.002206784445141767	-0.002844327899209965	-0.00019598416125088709
186013219.715712	-0.002204852213751581	-0.0028447124829124523	-0.0001959414224834974
186016819.715712	-0.0022029206940198448	-0.0028450958759693996	-0.00019589865259460272
186020419.715712	-0.0022009898862578514	-0.002845478079744462	-0.00019585585165465578
186024019.715712	-0.002199059790775349	-0.002845859095600322	-0.00019581301973401816
186027619.715712	-0.002197130407880528	-0.002846238924898662	-0.00019577015690295943
186031219.715712	-0.0021952017378800356	-0.0028466175690001873	-0.00019572726323165786
186034819.715712	-0.0021932737810789766	-0.0028469950292646182	-0.0001956843387902004
186038419.715712	-0.002191346537780909	-0.002847371307050679	-0.00019564138364858236
186042019.715712	-0.0021894200082878575	-0.002847746403716113	-0.00019559839787670807
186045619.715712	-0.002187494192900311	-0.002848120320617673	-0.00019555538154439052
186049219.715712	-0.00218556909191722	-0.002848493059111118	-0.00019551233472135104
186052819.715712	-0.0021836447056360103	-0.0028488646205512185	-0.00019546925747722022
186056419.715712	-0.002181721034352581	-0.002849235006291758	-0.00019542614988153758
186060019.715712	-0.0021797980783613037	-0.0028496042176855215	-0.0001953830120037515
186063619.715712	-0.0021778758379550293	-0.0028499722560843036	-0.0001953398439132195
186067219.715712	-0.0021759543134250887	-0.002850339122838905	-0.00019529664567920836
186070819.715712	-0.0021740335050612954	-0.0028507048192991332	-0.00019525341737089416
186074419.715712	-0.0021721134131519517	-0.0028510693468137985	-0.00019521015905736236
186078019.715712	-0.0021701940379838455	-0.0028514327067307196	-0.00019516687080760778
186081619.715712	-0.0021682753798422574	-0.0028517949003967155	-0.00019512355269053457
186085219.715712	-0.002166357439010959	-0.002852155929157609	-0.00019508020477495647
186088819.715712	-0.0021644402157722236	-0.0028525157943582297	-0.00019503682712959715
186092419.715712	-0.002162523710406815	-0.0028528744973423995	-0.00019499341982308964
186096019.715712	-0.0021606079231940066	-0.0028532320394529533	-0.00019494998292397746
186099619.715712	-0.002158692854411571	-0.0028535884220317197	-0.00019490651650071363
186103219.715712	-0.0021567785043357865	-0.002853943646419529	-0.00019486302062166115
186106819.715712	-0.0021548648732414456	-0.0028542977139562153	-0.00019481949535509336
186110419.715712	-0.002152951961401848	-0.0028546506259806096	-0.00019477594076919318
186114019.715712	-0.0021510397690888104	-0.0028550023838305426	-0.00019473235693205415
186117619.715712	-0.0021491282965726667	-0.002855352988842846	-0.00019468874391167997
186121219.715712	-0.00214721754412227	-0.0028557024423533466	-0.00019464510177598468
186124819.715712	-0.0021453075120049982	-0.002856050745696874	-0.00019460143059279284
186128419.715712	-0.002143398200486755	-0.002856397900207255	-0.00019455773042983954
186132019.715712	-0.0021414896098319713	-0.002856743907217314	-0.00019451400135477013
186135619.715712	-0.002139581740303613	-0.0028570887680588733	-0.00019447024343514043
186139219.715712	-0.002137674592163179	-0.002857432484062754	-0.00019442645673841698
186142819.715712	-0.0021357681656707077	-0.0028577750565587715	-0.0001943826413319767
186146419.715712	-0.0021338624610847765	-0.002858116486875741	-0.00019433879728310754
186150019.715712	-0.0021319574786625092	-0.0028584567763414747	-0.0001942949246590081
186153619.715712	-0.002130053218659577	-0.002858795926282779	-0.00019425102352678774
186157219.715712	-0.002128149681330199	-0.002859133938025456	-0.00019420709395346665
186160819.715712	-0.002126246866927148	-0.002859470812894307	-0.00019416313600597557
186164419.715712	-0.0021243447757017574	-0.002859806552213125	-0.00019411914975115646
186168019.715712	-0.0021224434079039154	-0.0028601411573046997	-0.00019407513525576185
186171619.715712	-0.0021205427637820736	-0.0028604746294908136	-0.00019403109258645548
186175219.715712	-0.002118642843583251	-0.002860806970092244	-0.0001939870218098122
186178819.715712	-0.002116743647553031	-0.0028611381804287623	-0.0001939429229923179
186182419.715712	-0.0021148451759355723	-0.0028614682618191304	-0.00019389879620036976
186186019.715712	-0.002112947428973601	-0.0028617972155811017	-0.00019385464150027578
186189619.715712	-0.002111050406908427	-0.0028621250430314253	-0.0001938104589582555
186193219.715712	-0.0021091541099799377	-0.0028624517454858413	-0.00019376624864043978
186196819.715712	-0.002107258538426597	-0.0028627773242590735	-0.00019372201061287038
186200419.715712	-0.0021053636924854642	-0.002863101780664847	-0.00019367774494150134
186204019.715712	-0.0021034695723921764	-0.0028634251160158664	-0.00019363345169219793
186207619.715712	-0.0021015761783809623	-0.0028637473316238276	-0.00019358913093073677
186211219.715712	-0.0020996835106846484	-0.0028640684287994183	-0.00019354478272280685
186214819.715712	-0.002097791569534648	-0.0028643884088523095	-0.00019350040713400816
186218419.715712	-0.0020959003551609796	-0.002864707273091164	-0.000193456004229853
186222019.715712	-0.0020940098677922564	-0.0028650250228236273	-0.00019341157407576552
186225619.715712	-0.0020921201076556976	-0.0028653416593563325	-0.00019336711673708176
186229219.715712	-0.0020902310749771253	-0.0028656571839949007	-0.0001933226322790501
186232819.715712	-0.002088342769980968	-0.0028659715980439322	-0.0001932781207668311
186236419.715712	-0.0020864551928902655	-0.002866284902807019	-0.00019323358226549785
186240019.715712	-0.002084568343926669	-0.0028665970995867306	-0.00019318901684003557
186243619.715712	-0.002082682223310445	-0.0028669081896846287	-0.00019314442455534205
186247219.715712	-0.002080796831260475	-0.00286721817440125	-0.0001930998054762273
186250819.715712	-0.0020789121679942644	-0.002867527055036123	-0.00019305515966741444
186254419.715712	-0.0020770282337279353	-0.0028678348328877537	-0.00019301048719353893
186258019.715712	-0.002075145028676239	-0.0028681415092536343	-0.00019296578811914944
186261619.715712	-0.0020732625530525475	-0.0028684470854302333	-0.00019292106250870725
186265219.715712	-0.0020713808070688686	-0.0028687515627130087	-0.0001928763104265868
186268819.715712	-0.002069499790935841	-0.0028690549423964007	-0.0001928315319370756
186272419.715712	-0.002067619504862737	-0.002869357225773827	-0.00019278672710437383
186276019.715712	-0.0020657399490574663	-0.002869658414137691	-0.00019274189599259513
186279619.715712	-0.002063861123726582	-0.0028699585087793786	-0.00019269703866576623
186283219.715712	-0.002061983029075277	-0.0028702575109892546	-0.00019265215518782702
186286819.715712	-0.0020601056653073934	-0.0028705554220566686	-0.0001926072456226311
186290419.715712	-0.0020582290326254175	-0.002870852243269947	-0.00019256231003394518
186294019.715712	-0.002056353131230494	-0.0028711479759164064	-0.00019251734848544966
186297619.715712	-0.0020544779613224165	-0.0028714426212823377	-0.0001924723610407381
186301219.715712	-0.002052603523099641	-0.002871736180653017	-0.00019242734776331755
186304819.715712	-0.0020507298167592807	-0.0028720286553126986	-0.0001923823087166086
186308419.715712	-0.0020488568424971132	-0.0028723200465446213	-0.00019233724396394553
186312019.715712	-0.0020469846005075846	-0.002872610355631002	-0.00019229215356857612
186315619.715712	-0.002045113090983806	-0.0028728995838530366	-0.000192247037593662
186319219.715712	-0.002043242314117566	-0.0028731877324909083	-0.00019220189610227878
186322819.715712	-0.0020413722700993267	-0.0028734748028237753	-0.00019215672915741562
186326419.715712	-0.0020395029591182244	-0.0028737607961297727	-0.0001921115368219752
186330019.715712	-0.002037634381362084	-0.002874045713686026	-0.0001920663191587746
186333619.715712	-0.0020357665370174054	-0.0028743295567686287	-0.00019202107623054424
186337219.715712	-0.0020338994262693827	-0.0028746123266526575	-0.0001919758080999289
186340819.715712	-0.002032033049301891	-0.002874894024612166	-0.00019193051482948743
186344419.715712	-0.0020301674062975046	-0.0028751746519201904	-0.00019188519648169307
186348019.715712	-0.0020283024974374845	-0.002875454209848737	-0.00019183985311893296
186351619.715712	-0.002026438322901795	-0.002875732699668797	-0.00019179448480350866
186355219.715712	-0.0020245748828690946	-0.002876010122650331	-0.00019174909159763576
186358819.715712	-0.0020227121775167477	-0.0028762864800622834	-0.00019170367356344476
186362419.715712	-0.0020208502070208187	-0.002876561773172569	-0.0001916582307629801
186366019.715712	-0.002018988971556082	-0.0028768360032480813	-0.0001916127632582012
186369619.715712	-0.002017128471296018	-0.0028771091715546855	-0.00019156727111098218
186373219.715712	-0.00201526870641282	-0.0028773812793572258	-0.0001915217543831121
186376819.715712	-0.0020134096770773944	-0.002877652327919516	-0.00019147621313629455
186380419.715712	-0.002011551383459365	-0.00287792231850435	-0.00019143064743214823
186384019.715712	-0.0020096938257270695	-0.0028781912523734897	-0.00019138505733220674
186387619.715712	-0.0020078370040475723	-0.0028784591307876757	-0.00019133944289791868
186391219.715712	-0.0020059809185866578	-0.0028787259550066193	-0.00019129380419064806
186394819.715712	-0.002004125569508834	-0.002878991726289003	-0.0001912481412716741
186398419.715712	-0.0020022709569773372	-0.002879256445892483	-0.0001912024542021915
186402019.715712	-0.0020004170811541346	-0.002879520115073691	-0.00019115674304331082
186405619.715712	-0.001998563942199924	-0.002879782735088228	-0.00019111100785605776
186409219.715712	-0.001996711540274138	-0.002880044307190669	-0.00019106524870137362
186412819.715712	-0.001994859875534945	-0.002880304832634561	-0.00019101946564011545
186416419.715712	-0.0019930089481392556	-0.0028805643126724218	-0.00019097365873305618
186420019.715712	-0.0019911587582427184	-0.0028808227485557438	-0.00019092782804088464
186423619.715712	-0.00198930930599973	-0.0028810801415349906	-0.00019088197362420554
186427219.715712	-0.0019874605915634327	-0.002881336492859597	-0.00019083609554353963
186430819.715712	-0.0019856126150857175	-0.002881591803777971	-0.00019079019385932403
186434419.715712	-0.0019837653767172275	-0.002881846075537494	-0.00019074426863191173
186438019.715712	-0.0019819188766073558	-0.0028820993093845158	-0.00019069831992157192
186441619.715712	-0.0019800731149042642	-0.0028823515065643664	-0.00019065234778849001
186445219.715712	-0.0019782280917548674	-0.002882602668321341	-0.00019060635229276742
186448819.715712	-0.0019763838073048427	-0.002882852795898711	-0.00019056033349442253
186452419.715712	-0.0019745402616986344	-0.0028831018905387177	-0.00019051429145338993
186456019.715712	-0.0019726974550794553	-0.0028833499534825766	-0.0001904682262295206
186459619.715712	-0.0019708553875892906	-0.0028835969859704754	-0.00019042213788258205
186463219.715712	-0.001969014059368899	-0.0028838429892415764	-0.00019037602647225822
186466819.715712	-0.001967173470557814	-0.002884087964534009	-0.00019032989205814953
186470419.715712	-0.001965333621294353	-0.002884331913084881	-0.0001902837346997732
186474019.715712	-0.0019634945117156127	-0.0028845748361302705	-0.00019023755445656335
186477619.715712	-0.0019616561419574735	-0.0028848167349052236	-0.0001901913513878705
186481219.715712	-0.001959818512154606	-0.0028850576106437603	-0.00019014512555296214
186484819.715712	-0.001957981622440471	-0.002885297464578876	-0.0001900988770110229
186488419.715712	-0.0019561454729473196	-0.002885536297942531	-0.00019005260582115392
186492019.715712	-0.0019543100638062024	-0.002885774111965665	-0.00019000631204237368
186495619.715712	-0.0019524753951469655	-0.0028860109078781794	-0.00018995999573361718
186499219.715712	-0.001950641467098255	-0.0028862466869089528	-0.00018991365695373696
186502819.715712	-0.0019488082797875215	-0.0028864814502858336	-0.00018986729576150267
186506419.715712	-0.0019469758333410191	-0.002886715199235637	-0.00018982091221560134
186510019.715712	-0.001945144127883808	-0.0028869479349841478	-0.00018977450637463716
186513619.715712	-0.001943313163539762	-0.0028871796587561244	-0.00018972807829713232
186517219.715712	-0.0019414829404315649	-0.0028874103717752946	-0.00018968162804152628
186520819.715712	-0.0019396534586807127	-0.002887640075264347	-0.00018963515566617554
186524419.715712	-0.0019378247184075228	-0.0028878687704449514	-0.0001895886612293552
186528019.715712	-0.001935996719731125	-0.0028880964585377357	-0.0001895421447892571
186531619.715712	-0.0019341694627694772	-0.0028883231407623032	-0.00018949560640399204
186535219.715712	-0.0019323429476393536	-0.0028885488183372178	-0.00018944904613158814
186538819.715712	-0.0019305171744563585	-0.00288877349248002	-0.0001894024640299921
186542419.715712	-0.0019286921433349221	-0.0028889971644072148	-0.00018935586015706866
186546019.715712	-0.0019268678543883024	-0.0028892198353342724	-0.0001893092345706006
186549619.715712	-0.0019250443077285914	-0.0028894415064756357	-0.00018926258732828916
186553219.715712	-0.001923221503466712	-0.002889662179044708	-0.00018921591848775364
186556819.715712	-0.0019213994417124273	-0.002889881854253868	-0.00018916922810653243
186560419.715712	-0.001919578122574336	-0.002890100533314459	-0.00018912251624208232
186564019.715712	-0.0019177575461598755	-0.0028903182174367893	-0.00018907578295177885
186567619.715712	-0.0019159377125753294	-0.0028905349078301393	-0.0001890290282929167
186571219.715712	-0.0019141186219258242	-0.0028907506057027537	-0.000188982252322709
186574819.715712	-0.0019123002743153359	-0.0028909653122618497	-0.00018893545509828788
186578419.715712	-0.0019104826698466864	-0.002891179028713609	-0.00018888863667670413
186582019.715712	-0.0019086658086215561	-0.0028913917562631854	-0.00018884179711492843
186585619.715712	-0.0019068496907404745	-0.002891603496114696	-0.00018879493646984958
186589219.715712	-0.00190503431630283	-0.0028918142494712296	-0.00018874805479827633
186592819.715712	-0.0019032196854068734	-0.002892024017534847	-0.00018870115215693662
186596419.715712	-0.0019014057981497142	-0.0028922328015065714	-0.00018865422860247765
186600019.715712	-0.0018995926546273314	-0.0028924406025864027	-0.00018860728419146594
186603619.715712	-0.0018977802549345678	-0.002892647421973307	-0.00018856031898038727
186607219.715712	-0.0018959685991651368	-0.0028928532608652165	-0.00018851333302564663
186610819.715712	-0.0018941576874116314	-0.002893058120459043	-0.00018846632638356908
186614419.715712	-0.0018923475197655118	-0.0028932620019506577	-0.00018841929911039878
186618019.715712	-0.001890538096317121	-0.002893464906534907	-0.00018837225126229972
186621619.715712	-0.0018887294171556824	-0.0028936668354056067	-0.00018832518289535593
186625219.715712	-0.0018869214823693016	-0.0028938677897555405	-0.00018827809406557052
186628819.715712	-0.0018851142920449729	-0.0028940677707764663	-0.00018823098482886666
186632419.715712	-0.0018833078462685785	-0.0028942667796591098	-0.00018818385524108715
186636019.715712	-0.0018815021451248912	-0.002894464817593167	-0.00018813670535799466
186639619.715712	-0.0018796971886975782	-0.0028946618857673017	-0.0001880895352352718
186643219.715712	-0.0018778929770692024	-0.0028948579853691507	-0.0001880423449285214
186646819.715712	-0.0018760895103212257	-0.0028950531175853176	-0.00018799513449326637
186650419.715712	-0.0018742867885340104	-0.0028952472836013777	-0.00018794790398494964
186654019.715712	-0.0018724848117868224	-0.0028954404846018742	-0.0001879006534589343
186657619.715712	-0.0018706835801578332	-0.0028956327217703197	-0.0001878533829705038
186661219.715712	-0.0018688830937241226	-0.002895823996289199	-0.0001878060925748619
186664819.715712	-0.0018670833525616794	-0.002896014309339962	-0.0001877587823271327
186668419.715712	-0.0018652843567454052	-0.0028962036621030278	-0.0001877114522823608
186672019.715712	-0.0018634861063491152	-0.0028963920557577858	-0.00018766410249551176
186675619.715712	-0.0018616886014455412	-0.002896579491482593	-0.0001876167330214717
186679219.715712	-0.0018598918421063356	-0.0028967659704547772	-0.0001875693439150478
186682819.715712	-0.0018580958284020658	-0.002896951493850629	-0.00018752193523096755
186686419.715712	-0.0018563005604022276	-0.0028971360628454123	-0.00018747450702387986
186690019.715712	-0.0018545060381752387	-0.0028973196786133606	-0.00018742705934835457
186693619.715712	-0.001852712261788443	-0.002897502342327669	-0.00018737959225888237
186697219.715712	-0.0018509192313081132	-0.002897684055160506	-0.00018733210580987566
186700819.715712	-0.0018491269467994552	-0.0028978648182830086	-0.00018728460005566829
186704419.715712	-0.0018473354083266033	-0.0028980446328652786	-0.0001872370750505154
186708019.715712	-0.0018455446159526278	-0.002898223500076387	-0.0001871895308485936
186711619.715712	-0.0018437545697395385	-0.002898401421084378	-0.00018714196750400146
186715219.715712	-0.0018419652697482798	-0.002898578397056257	-0.00018709438507075863
186718819.715712	-0.0018401767160387411	-0.002898754429158005	-0.00018704678360280684
186722419.715712	-0.001838388908669753	-0.002898929518554569	-0.00018699916315400965
186726019.715712	-0.001836601847699092	-0.002899103666409864	-0.00018695152377815285
186729619.715712	-0.0018348155331834807	-0.002899276873886777	-0.00018690386552894418
186733219.715712	-0.001833029965178594	-0.0028994491421471635	-0.00018685618846001352
186736819.715712	-0.001831245143739057	-0.00289962047235185	-0.00018680849262491263
186740419.715712	-0.0018294610689184507	-0.002899790865660632	-0.0001867607780771159
186744019.715712	-0.001827677740769315	-0.0028999603232322813	-0.0001867130448700196
186747619.715712	-0.001825895159343144	-0.002900128846224531	-0.00018666529305694216
186751219.715712	-0.0018241133246903994	-0.002900296435794094	-0.00018661752269112487
186754819.715712	-0.0018223322368605052	-0.0029004630930966517	-0.00018656973382573158
186758419.715712	-0.0018205518959018502	-0.002900628819286856	-0.0001865219265138483
186762019.715712	-0.0018187723018617962	-0.0029007936155183317	-0.00018647410080848382
186765619.715712	-0.0018169934547866747	-0.0029009574829436786	-0.00018642625676256957
186769219.715712	-0.0018152153547217936	-0.002901120422714467	-0.00018637839442895947
186772819.715712	-0.0018134380017114354	-0.0029012824359812388	-0.00018633051386042973
186776419.715712	-0.0018116613957988637	-0.002901443523893509	-0.0001862826151096797
186780019.715712	-0.0018098855370263264	-0.002901603687599771	-0.00018623469822933182
186783619.715712	-0.00180811042543505	-0.002901762928247481	-0.000186186763271931
186787219.715712	-0.0018063360610652516	-0.002901921246983075	-0.0001861388102899455
186790819.715712	-0.0018045624439561377	-0.0029020786449519636	-0.00018609083933576645
186794419.715712	-0.0018027895741459044	-0.0029022351232985246	-0.00018604285046170774
186798019.715712	-0.0018010174516717437	-0.002902390683166116	-0.0001859948437200065
186801619.715712	-0.00179924607656984	-0.002902545325697062	-0.00018594681916282276
186805219.715712	-0.0017974754488753791	-0.0029026990520326632	-0.00018589877684224018
186808819.715712	-0.001795705568622546	-0.0029028518633131945	-0.00018585071681026603
186812419.715712	-0.0017939364358445261	-0.0029030037606778995	-0.00018580263911883053
186816019.715712	-0.0017921680505735133	-0.002903154745265002	-0.00018575454381978805
186819619.715712	-0.0017904004128407025	-0.0029033048182116913	-0.0001857064309649159
186823219.715712	-0.0017886335226762998	-0.0029034539806541324	-0.0001856583006059152
186826819.715712	-0.0017868673801095228	-0.0029036022337274644	-0.0001856101527944109
186830419.715712	-0.0017851019851686004	-0.0029037495785658005	-0.0001855619875819517
186834019.715712	-0.0017833373378807746	-0.0029038960163022217	-0.00018551380502001037
186837619.715712	-0.0017815734382723052	-0.0029040415480687865	-0.00018546560515998384
186841219.715712	-0.0017798102863684703	-0.0029041861749965255	-0.00018541738805319332
186844819.715712	-0.0017780478821935656	-0.0029043298982154393	-0.00018536915375088397
186848419.715712	-0.0017762862257709095	-0.0029044727188545045	-0.00018532090230422523
186852019.715712	-0.0017745253171228454	-0.002904614638041671	-0.00018527263376431126
186855619.715712	-0.0017727651562707413	-0.0029047556569038635	-0.00018522434818216035
186859219.715712	-0.0017710057432349928	-0.002904895776566979	-0.00018517604560871562
186862819.715712	-0.0017692470780350247	-0.0029050349981558856	-0.00018512772609484486
186866419.715712	-0.0017674891606892934	-0.002905173322794429	-0.0001850793896913408
186870019.715712	-0.001765731991215288	-0.0029053107516054245	-0.00018503103644892078
186873619.715712	-0.0017639755696295337	-0.00290544728571067	-0.00018498266641822796
186877219.715712	-0.0017622198959475913	-0.002905582926230933	-0.00018493427964982949
186880819.715712	-0.0017604649701840661	-0.002905717674285959	-0.00018488587619421782
186884419.715712	-0.0017587107923525997	-0.0029058515309944646	-0.00018483745610181051
186888019.715712	-0.00175695736246588	-0.0029059844974741495	-0.00018478901942295083
186891619.715712	-0.00175520468053564	-0.0029061165748416845	-0.00018474056620790714
186895219.715712	-0.0017534527465726609	-0.00290624776421272	-0.0001846920965068734
186898819.715712	-0.0017517015605867765	-0.002906378066701882	-0.0001846436103699689
186902419.715712	-0.0017499511225868708	-0.002906507483422776	-0.00018459510784723832
186906019.715712	-0.0017482014325808865	-0.0029066360154879887	-0.00018454658898865183
186909619.715712	-0.0017464524905758227	-0.0029067636640090783	-0.0001844980538441051
186913219.715712	-0.0017447042965777367	-0.0029068904300965865	-0.00018444950246341934
186916819.715712	-0.0017429568505917523	-0.0029070163148600366	-0.00018440093489634213
186920419.715712	-0.0017412101526220554	-0.0029071413194079253	-0.00018435235119254614
