194180875.17235202	-53162190713.314125	229700726562.91217	8646084674.262928	-21481.867231129087	-1104.04859209721	-713.5720423412113
194184475.17235202	-53239521947.45491	229696736954.53467	8643515244.350107	-21479.929098529286	-1112.400241751103	-713.8889972541996
194188075.17235202	-53316846199.8345	229692717283.07797	8640944673.648848	-21477.98847506591	-1120.7503027283663	-714.2058137081982
194191675.17235202	-53394163461.48747	229688667554.26157	8638372962.657469	-21476.045361676133	-1129.0987748994946	-714.522491777465
194195275.17235202	-53471473723.45178	229684587773.8054	8635800111.874022	-21474.099759296074	-1137.4456581347158	-714.8390315365775
194198875.17235202	-53548776976.76874	229680477947.42987	8633226121.796288	-21472.15166886081	-1145.7909523039853	-715.1554330604359
194202475.17235202	-53626073212.48303	229676338080.85583	8630650992.921778	-21470.201091304363	-1154.134657276981	-715.4716964242659
194206075.17235202	-53703362421.64271	229672168179.80466	8628074725.747734	-21468.248027559697	-1162.4767729230987	-715.7878217036216
194209675.17235202	-53780644595.29916	229667968249.99814	8625497320.771122	-21466.29247855872	-1170.8172991114466	-716.1038089743884
194213275.17235202	-53857919724.50714	229663738297.15857	8622918778.488636	-21464.334445232278	-1179.15623571084	-716.4196583127859
194216875.17235202	-53935187800.32476	229659478327.0087	8620339099.396696	-21462.373928510155	-1187.493582589796	-716.7353697953716
194220475.17235202	-54012448813.81346	229655188345.27176	8617758283.991444	-21460.41092932106	-1195.8293396165277	-717.0509434990437
194224075.17235202	-54089702756.038025	229650868357.67145	8615176332.768745	-21458.44544859264	-1204.1635066589392	-717.366379501044
194227675.17235202	-54166949618.06659	229646518369.93195	8612593246.224186	-21456.47748725146	-1212.4960835846202	-717.6816778789616
194231275.17235202	-54244189390.97061	229642138387.77792	8610009024.853073	-21454.507046223018	-1220.8270702608404	-717.9968387107361
194234875.17235202	-54321422065.82488	229637728416.9345	8607423669.15043	-21452.534126431725	-1229.156466554544	-718.3118620746603
194238475.17235202	-54398647633.70751	229633288463.12735	8604837179.611002	-21450.55872880091	-1237.4842723323443	-718.6267480493839
194242075.17235202	-54475866085.69994	229628818532.08252	8602249556.729246	-21448.580854252814	-1245.8104874605174	-718.9414967139163
194245675.17235202	-54553077412.88693	229624318629.52658	8599660800.999338	-21446.600503708596	-1254.1351118049972	-719.2561081476309
194249275.17235202	-54630281606.35655	229619788761.1866	8597070912.915165	-21444.617678088314	-1262.458145231369	-719.5705824302677
194252875.17235202	-54707478657.20018	229615228932.79016	8594479892.970325	-21442.632378310933	-1270.7795876048633	-719.8849196419371
194256475.17235202	-54784668556.512505	229610639150.06528	8591887741.65813	-21440.64460529432	-1279.0994387903513	-720.1991198631237
194260075.17235202	-54861851295.39151	229606019418.74045	8589294459.4716015	-21438.65435995524	-1287.4176986523375	-720.5131831746891
194263675.17235202	-54939026864.93849	229601369744.5447	8586700046.903466	-21436.66164320934	-1295.734367054955	-720.8271096578758
194267275.17235202	-55016195256.258026	229596690133.20755	8584104504.44616	-21434.66645597117	-1304.0494438619587	-721.1408993943108
194270875.17235202	-55093356460.457985	229591980590.45898	8581507832.591825	-21432.66879915417	-1312.3629289367186	-721.4545524660093
194274475.17235202	-55170510468.649536	229587241122.02945	8578910031.832304	-21430.668673670643	-1320.674822142215	-721.7680689553779
194278075.17235202	-55247657271.94711	229582471733.64996	8576311102.659145	-21428.66608043179	-1328.9851233410304	-722.0814489452189
194281675.17235202	-55324796861.46843	229577672431.05197	8573711045.563598	-21426.66102034768	-1337.2938323953451	-722.394692518734
194285275.17235202	-55401929228.33449	229572843219.96747	8571109861.03661	-21424.65349432726	-1345.6009491669292	-722.707799759528
194288875.17235202	-55479054363.66955	229567984106.12888	8568507549.568828	-21422.643503278334	-1353.9064735171373	-723.0207707516126
194292475.17235202	-55556172258.60114	229563095095.2692	8565904111.650596	-21420.631048107578	-1362.2104053069013	-723.3336055794102
194296075.17235202	-55633282904.26006	229558176193.1219	8563299547.771952	-21418.616129720525	-1370.5127443967244	-723.6463043277577
194299675.17235202	-55710386291.78036	229553227405.42093	8560693858.422628	-21416.59874902157	-1378.8134906466742	-723.9588670819106
194303275.17235202	-55787482412.29933	229548248737.9008	8558087044.0920515	-21414.578906913957	-1387.112643916375	-724.2712939275474
194306875.17235202	-55864571256.957535	229543240196.29648	8555479105.269337	-21412.556604299774	-1395.4102040650025	-724.583584950773
194310475.17235202	-55941652816.898766	229538201786.34344	8552870042.443289	-21410.531842079963	-1403.706170951276	-724.8957402381236
194314075.17235202	-56018727083.270065	229533133513.7777	8550259856.102401	-21408.504621154298	-1412.0005444334513	-725.2077598765703
194317675.17235202	-56095794047.22171	229528035384.3358	8547648546.734851	-21406.474942421395	-1420.2933243693146	-725.5196439535234
194321275.17235202	-56172853699.90721	229522907403.75467	8545036114.828504	-21404.442806778698	-1428.584510616175	-725.8313925568367
194324875.17235202	-56249906032.48331	229517749577.77194	8542422560.870904	-21402.40821512248	-1436.8741030308574	-726.1430057748114
194328475.17235202	-56326951036.109955	229512561912.12564	8539807885.34928	-21400.37116834784	-1445.1621014696948	-726.4544836962009
194332075.17235202	-56403988701.95034	229507344412.55432	8537192088.75054	-21398.33166734869	-1453.448505788521	-726.7658264102153
194335675.17235202	-56481019021.17087	229502097084.7971	8534575171.561268	-21396.289713017766	-1461.7333158426638	-727.0770340065254
194339275.17235202	-56558041984.94114	229496819934.59354	8531957134.267726	-21394.245306246605	-1470.0165314869369	-727.3881065752679
194342875.17235202	-56635057584.43398	229491512967.68384	8529337977.35585	-21392.198447925555	-1478.2981525756325	-727.6990442070494
194346475.17235202	-56712065810.82541	229486176189.80862	8526717701.31125	-21390.14913894376	-1486.5781789625144	-728.0098469929509
194350075.17235202	-56789066655.29465	229480809606.7091	8524096306.619205	-21388.097380189167	-1494.8566105008094	-728.3205150245327
194353675.17235202	-56866060109.02411	229475413224.127	8521473793.7646675	-21386.04317254851	-1503.1334470432002	-728.631048393839
194357275.17235202	-56943046163.199394	229469987047.80457	8518850163.232253	-21383.98651690731	-1511.4086884418166	-728.9414471934026
194360875.17235202	-57020024809.0093	229464531083.48456	8516225415.506247	-21381.92741414987	-1519.682334548228	-729.25171151625
194364475.17235202	-57096996037.6458	229459045336.91034	8513599551.070596	-21379.865865159278	-1527.9543852134357	-729.5618414559062
194368075.17235202	-57173959840.30403	229453529813.82574	8510972570.408911	-21377.80187081738	-1536.2248402878638	-729.8718371063999
194371675.17235202	-57250916208.18232	229447984519.97516	8508344474.004463	-21375.7354320048	-1544.493699621352	-730.1816985622677
194375275.17235202	-57327865132.482155	229442409461.10355	8505715262.340182	-21373.66654960092	-1552.7609630631473	-730.4914259185598
194378875.17235202	-57404806604.40819	229436804642.95636	8503084935.898655	-21371.595224483877	-1561.0266304618947	-730.8010192708448
194382475.17235202	-57481740615.168236	229431170071.27966	8500453495.162122	-21369.52145753056	-1569.2907016656297	-731.1104787152148
194386075.17235202	-57558667155.97326	229425505751.82	8497820940.612478	-21367.445249616616	-1577.553176521769	-731.4198043482908
194389675.17235202	-57635586218.03738	229419811690.32452	8495187272.731271	-21365.366601616413	-1585.8140548771016	-731.7289962672282
194393275.17235202	-57712497792.57784	229414087892.5409	8492552491.999694	-21363.28551440307	-1594.0733365777805	-732.0380545697222
194396875.17235202	-57789401870.81506	229408334364.21735	8489916598.89859	-21361.20198884843	-1602.331021469314	-732.346979354013
194400475.17235202	-57866298443.97258	229402551111.10266	8487279593.908448	-21359.11602582306	-1610.5871093965561	-732.6557707188908
194404075.17235202	-57943187503.27706	229396738138.94623	8484641477.509398	-21357.027626196254	-1618.8416002036986	-732.9644287637022
194407675.17235202	-58020069039.95831	229390895453.49792	8482002250.181213	-21354.936790836007	-1627.0944937342606	-733.2729535883551
194411275.17235202	-58096943045.249245	229385023060.50824	8479361912.403306	-21352.84352060903	-1635.3457898310799	-733.5813452933245
194414875.17235202	-58173809510.385895	229379120965.72824	8476720464.654724	-21350.747816380732	-1643.5954883363036	-733.8896039796588
194418475.17235202	-58250668426.60742	229373189174.90952	8474077907.414153	-21348.64967901522	-1651.8435890913777	-734.1977297489851
194422075.17235202	-58327519785.156075	229367227693.80426	8471434241.159909	-21346.54910937529	-1660.0900919370388	-734.5057227035157
194425675.17235202	-58404363577.27722	229361236528.16525	8468789466.369942	-21344.446108322423	-1668.3349967133036	-734.8135829460534
194429275.17235202	-58481199794.21933	229355215683.74582	8466143583.521828	-21342.340676716773	-1676.5783032594595	-735.1213105799976
194432875.17235202	-58558028427.23395	229349165166.29987	8463496593.092772	-21340.23281541717	-1684.820011414055	-735.4289057093506
194436475.17235202	-58634849467.57573	229343084981.5819	8460848495.559601	-21338.12252528111	-1693.0601210148889	-735.7363684387234
194440075.17235202	-58711662906.502396	229336975135.34702	8458199291.3987665	-21336.00980716474	-1701.2986318990002	-736.0436988733424
194443675.17235202	-58788468735.274765	229330835633.3509	8455548981.086339	-21333.894661922874	-1709.5355439026578	-736.3508971190556
194447275.17235202	-58865266945.156715	229324666481.3498	8452897565.098008	-21331.777090408956	-1717.7708568613505	-736.6579632823393
194450875.17235202	-58942057527.41521	229318467685.10056	8450245043.909077	-21329.657093475074	-1726.004570609776	-736.9648974703043
194454475.17235202	-59018840473.32025	229312239250.36066	8447591417.994463	-21327.534671971956	-1734.236684981831	-737.2716997907023
194458075.17235202	-59095615774.144936	229305981182.88815	8444936687.828694	-21325.409826748946	-1742.4671998106003	-737.5783703519327
194461675.17235202	-59172383421.1654	229299693488.44168	8442280853.885909	-21323.282558654013	-1750.696114928345	-737.8849092630489
194465275.17235202	-59249143405.66082	229293376172.78052	8439623916.63985	-21321.152868533736	-1758.9234301664924	-738.191316633766
194468875.17235202	-59325895718.91343	229287029241.66455	8436965876.563863	-21319.020757233295	-1767.1491453556243	-738.4975925744666
194472475.17235202	-59402640352.208496	229280652700.85425	8434306734.130897	-21316.886225596474	-1775.3732603254664	-738.8037371962089
194476075.17235202	-59479377296.83433	229274246556.1107	8431646489.8134985	-21314.74927446564	-1783.5957749048753	-739.1097506107333
194479675.17235202	-59556106544.08226	229267810813.19562	8428985144.083813	-21312.609904681754	-1791.8166889218287	-739.4156329304694
194483275.17235202	-59632828085.24666	229261345477.87134	8426322697.413577	-21310.46811708434	-1800.0360022034133	-739.7213842685435
194486875.17235202	-59709541911.6249	229254850555.90085	8423659150.27412	-21308.323912511496	-1808.2537145758129	-740.0270047387854
194490475.17235202	-59786248014.51738	229248326053.0477	8420994503.136361	-21306.17729179988	-1816.4698258642961	-740.3324944557362
194494075.17235202	-59862946385.2275	229241771975.07614	8418328756.470804	-21304.028255784702	-1824.6843358932047	-740.6378535346557
194497675.17235202	-59939637015.06167	229235188327.751	8415661910.747538	-21301.876805299722	-1832.8972444859405	-740.9430820915302
194501275.17235202	-60016319895.32929	229228575116.8378	8412993966.436232	-21299.722941177228	-1841.1085514649535	-741.2481802430801
194504875.17235202	-60092995017.34277	229221932348.10263	8410324924.006133	-21297.566664248043	-1849.3182566517294	-741.553148106768
194508475.17235202	-60169662372.4175	229215260027.3123	8407654783.926066	-21295.407975341506	-1857.5263598667766	-741.8579858008063
194512075.17235202	-60246321951.87185	229208558160.2342	8404983546.664428	-21293.246875285473	-1865.7328609296146	-742.1626934441649
194515675.17235202	-60322973747.02717	229201826752.6364	8402311212.689185	-21291.0833649063	-1873.9377596587594	-742.4672711565797
194519275.17235202	-60399617749.20778	229195065810.2877	8399637782.467873	-21288.91744502884	-1882.1410558717112	-742.7717190585605
194522875.17235202	-60476253949.74097	229188275338.9574	8396963256.46759	-21286.749116476436	-1890.3427493849406	-743.0760372713994
194526475.17235202	-60552882339.956985	229181455344.4156	8394287635.154999	-21284.578380070903	-1898.542840013875	-743.3802259171796
194530075.17235202	-60629502911.18904	229174605832.43298	8391610918.99632	-21282.40523663253	-1906.7413275728854	-743.6842851187837
194533675.17235202	-60706115654.773285	229167726808.78098	8388933108.457329	-21280.229686980067	-1914.938211875272	-743.9882149999024
194537275.17235202	-60782720562.04882	229160818279.23163	8386254204.003356	-21278.051731930707	-1923.1334927332512	-744.2920156850431
194540875.17235202	-60859317624.35769	229153880249.55768	8383574206.099281	-21275.8713723001	-1931.3271699579407	-744.5956872995386
194544475.17235202	-60935906833.04486	229146912725.53253	8380893115.209533	-21273.68860890231	-1939.5192433593456	-744.8992299695559
194548075.17235202	-61012488179.45824	229139915712.9303	8378210931.798081	-21271.50344254984	-1947.7097127463437	-745.202643822106
194551675.17235202	-61089061654.94865	229132889217.5258	8375527656.328441	-21269.315874053602	-1955.8985779266702	-745.5059289850523
194555275.17235202	-61165627250.86982	229125833245.0945	8372843289.263662	-21267.125904222907	-1964.0858387069031	-745.8090855871206
194558875.17235202	-61242184958.578415	229118747801.41263	8370157831.066332	-21264.933533865467	-1972.2714948924486	-746.1121137579087
194562475.17235202	-61318734769.43398	229111632892.25705	8367471282.198566	-21262.738763787376	-1980.4555462875255	-746.4150136278951
194566075.17235202	-61395276674.79898	229104488523.40536	8364783643.122014	-21260.5415947931	-1988.63799269515	-746.7177853284493
194569675.17235202	-61471810666.03876	229097314700.63586	8362094914.297846	-21258.34202768547	-1996.8188339171197	-747.0204289918414
194573275.17235202	-61548336734.521545	229090111429.7276	8359405096.186757	-21256.140063265677	-2004.9980697539986	-747.3229447512518
194576875.17235202	-61624854871.618454	229082878716.46033	8356714189.2489605	-21253.935702333245	-2013.1757000051002	-747.6253327407817
194580475.17235202	-61701365068.70348	229075616566.6145	8354022193.944185	-21251.728945686034	-2021.3517244684708	-747.9275930954627
194584075.17235202	-61777867317.15349	229068324985.97134	8351329110.731672	-21249.51979412023	-2029.5261429408743	-748.2297259512684
194587675.17235202	-61854361608.3482	229061003980.31277	8348634940.07017	-21247.308248430327	-2037.6989552177738	-748.5317314451237
194591275.17235202	-61930847933.67019	229053653555.42148	8345939682.417936	-21245.094309409116	-2045.870161093317	-748.8336097149162
194594875.17235202	-62007326284.5049	229046273717.08084	8343243338.232726	-21242.877977847682	-2054.0397603603174	-749.1353608995062
194598475.17235202	-62083796652.24059	229038864471.07504	8340545907.971795	-21240.659254535378	-2062.207752810238	-749.4369851387378
194602075.17235202	-62160259028.268394	229031425823.18903	8337847392.091893	-21238.438140259834	-2070.3741382331737	-749.7384825734499
194605675.17235202	-62236713403.98225	229023957779.20847	8335147791.049262	-21236.214635806926	-2078.5389164178323	-750.0398533454878
194609275.17235202	-62313159770.77893	229016460344.91977	8332447105.29963	-21233.988741960773	-2086.702087151517	-750.3410975977142
194612875.17235202	-62389598120.05803	229008933526.11017	8329745335.29821	-21231.760459503726	-2094.863650220109	-750.6422154740212
194616475.17235202	-62466028443.221954	229001377328.56763	8327042481.499695	-21229.529789216354	-2103.0236054080474	-750.9432071193417
194620075.17235202	-62542450731.67592	228993791758.08093	8324338544.3582535	-21227.29673187743	-2111.181952498313	-751.2440726796606
194623675.17235202	-62618864976.82794	228986176820.4396	8321633524.327527	-21225.06128826392	-2119.3386912724072	-751.5448123020275
194627275.17235202	-62695271170.08882	228978532521.434	8318927421.860626	-21222.82345915097	-2127.493821510334	-751.8454261345682
194630875.17235202	-62771669302.872154	228970858866.85522	8316220237.410127	-21220.583245311893	-2135.647342990579	-752.1459143264975
194634475.17235202	-62848059366.59432	228963155862.49524	8313511971.428064	-21218.340647518155	-2143.799255490092	-752.4462770281314
194638075.17235202	-62924441352.67447	228955423514.14676	8310802624.3659315	-21216.095666539364	-2151.949558784264	-752.7465143908998
194641675.17235202	-63000815252.53451	228947661827.60333	8308092196.674674	-21213.84830314326	-2160.098252646909	-753.0466265673601
194645275.17235202	-63077181057.59912	228939870808.6593	8305380688.804686	-21211.598558095688	-2168.245336850243	-753.346613711209
194648875.17235202	-63153538759.29573	228932050463.10986	8302668101.205807	-21209.346432160597	-2176.3908111648634	-753.6464759772962
194652475.17235202	-63229888349.05452	228924200796.75104	8299954434.327315	-21207.091926100024	-2184.5346753597287	-753.9462135216372
194656075.17235202	-63306229818.30841	228916321815.3797	8297239688.6179285	-21204.835040674076	-2192.6769292021354	-754.2458265014275
194659675.17235202	-63382563158.49305	228908413524.7935	8294523864.525793	-21202.575776640915	-2200.8175724576968	-754.5453150750556
194663275.17235202	-63458888361.04681	228900475930.791	8291806962.498485	-21200.31413475675	-2208.956604890322	-754.8446794021177
194666875.17235202	-63535205417.41078	228892509039.17157	8289088982.983001	-21198.050115775815	-2217.094026262192	-755.1439196434317
194670475.17235202	-63611514319.02878	228884512855.73547	8286369926.42576	-21195.78372045036	-2225.229836333738	-755.4430359610511
194674075.17235202	-63687815057.34731	228876487386.2838	8283649793.272594	-21193.514949530625	-2233.3640348636195	-755.74202851828
194677675.17235202	-63764107623.81559	228868432636.6186	8280928583.968744	-21191.243803764835	-2241.4966216087005	-756.0408974796869
194681275.17235202	-63840392009.885506	228860348612.54266	8278206298.958857	-21188.970283899187	-2249.627596324026	-756.3396430111201
194684875.17235202	-63916668207.01164	228852235319.8598	8275482938.686979	-21186.69439067782	-2257.7569587627972	-756.6382652797226
194688475.17235202	-63992936206.65125	228844092764.3746	8272758503.596556	-21184.416124842817	-2265.884708676349	-756.9367644539478
194692075.17235202	-64069196000.26426	228835920951.89264	8270032994.130421	-21182.13548713417	-2274.010845814124	-757.235140703575
194695675.17235202	-64145447579.313255	228827719888.22037	8267306410.730795	-21179.85247828977	-2282.135369923648	-757.533394199725
194699275.17235202	-64221690935.263466	228819489579.16513	8264578753.83928	-21177.567099045402	-2290.258280750506	-757.8315251148763
194702875.17235202	-64297926059.58278	228811230030.53522	8261850023.896856	-21175.27935013471	-2298.3795780383157	-758.129533622881
194706475.17235202	-64374152943.741714	228802941248.13983	8259120221.343874	-21172.989232289194	-2306.4992615287024	-758.4274198989813
194710075.17235202	-64450371579.21342	228794623237.7891	8256389346.62005	-21170.69674623818	-2314.6173309612723	-758.7251841198259
194713675.17235202	-64526581957.473656	228786276005.2941	8253657400.164464	-21168.40189270881	-2322.7337860735856	-759.0228264634873
194717275.17235202	-64602784070.00082	228777899556.46686	8250924382.41555	-21166.104672426027	-2330.84862660113	-759.3203471094786
194720875.17235202	-64678977908.27589	228769493897.1204	8248190293.811095	-21163.80508611254	-2338.9618522772926	-759.6177462387715
194724475.17235202	-64755163463.782455	228761059033.0686	8245455134.788232	-21161.503134488834	-2347.0734628333325	-759.9150240338138
194728075.17235202	-64831340728.0067	228752594970.12643	8242718905.783432	-21159.19881827312	-2355.183457998354	-760.2121806785472
194731675.17235202	-64907509692.43737	228744101714.1098	8239981607.232504	-21156.89213818133	-2363.291837499276	-760.5092163584251
194735275.17235202	-64983670348.56581	228735579270.83557	8237243239.570585	-21154.58309492711	-2371.398601060805	-760.8061312604314
194738875.17235202	-65059822687.88591	228727027646.1216	8234503803.232137	-21152.271689221776	-2379.503748405405	-761.1029255730987
194742475.17235202	-65135966701.89412	228718446845.78683	8231763298.650938	-21149.957921774305	-2387.6072792532673	-761.3995994865276
194746075.17235202	-65212102382.08944	228709836875.65112	8229021726.260082	-21147.64179329132	-2395.70919332228	-761.696153192406
194749675.17235202	-65288229719.97342	228701197741.5354	8226279086.491969	-21145.323304477068	-2403.8094903279984	-761.992586884029
194753275.17235202	-65364348707.050125	228692529449.2616	8223535379.7783	-21143.002456033384	-2411.908169983613	-762.2889007563188
194756875.17235202	-65440459334.82615	228683832004.65268	8220790606.550071	-21140.67924865969	-2420.0052319999177	-762.5850950058439
194760475.17235202	-65516561594.8106	228675105413.5327	8218044767.237567	-21138.35368305296	-2428.1006760852806	-762.88116983084
194764075.17235202	-65592655478.51508	228666349681.72675	8215297862.270358	-21136.0257599077	-2436.194501945609	-763.1771254312304
194767675.17235202	-65668740977.45371	228657564815.06094	8212549892.07729	-21133.69547991594	-2444.286709284316	-763.4729620086468
194771275.17235202	-65744818083.14309	228648750819.3625	8209800857.086479	-21131.362843767183	-2452.37729780229	-763.7686797664518
194774875.17235202	-65820886787.10227	228639907700.45972	8207050757.725308	-21129.02785214841	-2460.466267197856	-764.0642789097594
194778475.17235202	-65896947080.85281	228631035464.18198	8204299594.420418	-21126.69050574404	-2468.553617166745	-764.359759645458
194782075.17235202	-65972998955.91871	228622134116.35977	8201547367.5977	-21124.350805235918	-2476.639347402059	-764.6551221822319
194785675.17235202	-66049042403.82641	228613203662.8247	8198794077.682292	-21122.00875130327	-2484.7234575942334	-764.9503667305845
194789275.17235202	-66125077416.1048	228604244109.40952	8196039725.098571	-21119.66434462271	-2492.8059474310044	-765.2454935028603
194792875.17235202	-66201103984.2852	228595255461.94803	8193284310.270145	-21117.317585868186	-2500.8868165973695	-765.5405027132687
194796475.17235202	-66277122099.90137	228586237726.2752	8190527833.61985	-21114.96847571097	-2508.9660647755513	-765.8353945779078
194800075.17235202	-66353131754.48944	228577190908.2272	8187770295.569737	-21112.617014819636	-2517.04369164496	-766.1301693147884
194803675.17235202	-66429132939.58798	228568115013.64133	8185011696.541073	-21110.263203860017	-2525.1196968821546	-766.4248271438588
194807275.17235202	-66505125646.737946	228559010048.35602	8182252036.954325	-21107.907043495194	-2533.1940801608052	-766.7193682870293
194810875.17235202	-66581109867.48266	228549876018.2109	8179491317.22916	-21105.548534385463	-2541.2668411516534	-767.0137929681973
194814475.17235202	-66657085593.36782	228540712929.04684	8176729537.784437	-21103.187677188314	-2549.3379795224723	-767.3081014132729
194818075.17235202	-66733052815.9415	228531520786.70587	8173966699.038195	-21100.824472558394	-2557.407494938027	-767.6022938502041
194821675.17235202	-66809011526.754105	228522299597.03125	8171202801.407649	-21098.458921147478	-2565.4753870600316	-767.8963705090036
194825275.17235202	-66884961717.3584	228513049365.8674	8168437845.309185	-21096.09102360446	-2573.541655547109	-768.1903316217757
194828875.17235202	-66960903379.30947	228503770099.06006	8165671831.158347	-21093.72078057529	-2581.606300054746	-768.4841774227438
194832475.17235202	-67036836504.16473	228494461802.45618	8162904759.369832	-21091.34819270299	-2589.6693202352535	-768.7779081482774
194836075.17235202	-67112761083.48389	228485124481.90396	8160136630.357484	-21088.973260627576	-2597.7307157377204	-769.0715240369212
194839675.17235202	-67188677108.828964	228475758143.2529	8157367444.534282	-21086.59598498606	-2605.7904862079704	-769.3650253294219
194843275.17235202	-67264584571.76427	228466362792.35373	8154597202.312336	-21084.21636641241	-2613.8486312885175	-769.6584122687578
194846875.17235202	-67340483463.85638	228456938435.0585	8151825904.102877	-21081.834405537516	-2621.905150618519	-769.951685100168
194850475.17235202	-67416373776.67413	228447485077.2206	8149053550.316248	-21079.45010298916	-2629.96004383373	-770.2448440711821
194854075.17235202	-67492255501.78864	228438002724.6947	8146280141.361897	-21077.063459391993	-2638.0133105664545	-770.537889431651
194857675.17235202	-67568128630.77325	228428491383.33676	8143505677.64837	-21074.67447536748	-2646.0649504454987	-770.8308214337775
194861275.17235202	-67643993155.20352	228418951059.00415	8140730159.583299	-21072.283151533884	-2654.1149630961218	-771.1236403321474
194864875.17235202	-67719849066.65726	228409381757.55557	8137953587.573395	-21069.889488506233	-2662.163348139987	-771.4163463837616
194868475.17235202	-67795696356.71446	228399783484.8511	8135175962.024441	-21067.493486896274	-2670.2101051951126	-771.7089398480678
194872075.17235202	-67871535016.95734	228390156246.7522	8132397283.34128	-21065.09514731245	-2678.255233875818	-772.0014209869931
194875675.17235202	-67947365038.97027	228380500049.1217	8129617551.927808	-21062.694470359864	-2686.298733792674	-772.2937900649777
194879275.17235202	-68023186414.339806	228370814897.82388	8126836768.186965	-21060.29145664022	-2694.34060455245	-772.5860473490081
194882875.17235202	-68098999134.65467	228361100798.7244	8124054932.520724	-21057.886106751826	-2702.3808457580585	-772.8781931086525
194886475.17235202	-68174803191.50573	228351357757.69037	8121272045.330085	-21055.47842128952	-2710.419457008503	-773.170227616095
194890075.17235202	-68250598576.48598	228341585780.59036	8118488107.015061	-21053.068400844655	-2718.4564378988207	-773.4621511461717
194893675.17235202	-68326385281.19054	228331784873.2944	8115703117.974672	-21050.65604600505	-2726.4917880200287	-773.7539639764065
194897275.17235202	-68402163297.21664	228321955041.674	8112917078.606935	-21048.24135735495	-2734.5255069590653	-774.0456663870474
194900875.17235202	-68477932616.16361	228312096291.6022	8110129989.308849	-21045.824335474994	-2742.5575942987334	-774.3372586611035
194904475.17235202	-68553693229.63287	228302208628.9535	8107341850.476396	-21043.404980942167	-2750.588049617641	-774.6287410843833
194908075.17235202	-68629445129.2279	228292292059.6039	8104552662.504517	-21040.98329432977	-2758.6168724901395	-774.9201139455324
194911675.17235202	-68705188306.55423	228282346589.43103	8101762425.787112	-21038.559276207357	-2766.6440624862653	-775.2113775360743
194915275.17235202	-68780922753.21945	228272372224.314	8098971140.717028	-21036.13292714072	-2774.669619171676	-775.5025321504492
194918875.17235202	-68856648460.83318	228262368970.1335	8096178807.686043	-21033.70424769182	-2782.6935421075887	-775.7935780860545
194922475.17235202	-68932365421.00703	228252336832.77185	8093385427.084862	-21031.273238418762	-2790.715830850716	-776.0845156432861
194926075.17235202	-69008073625.35466	228242275818.11295	8090590999.303102	-21028.839899875733	-2798.7364849532014	-776.3753451255793
194929675.17235202	-69083773065.49167	228232185932.0423	8087795524.72928	-21026.40423261298	-2806.755503962553	-776.6660668394516
194933275.17235202	-69159463733.03566	228222067180.44708	8084999003.750809	-21023.966237176734	-2814.7728874215763	-776.9566810945458
194936875.17235202	-69235145619.60619	228211919569.2161	8082201436.753975	-21021.525914109196	-2822.7886348683055	-777.2471882036746
194940475.17235202	-69310818716.82474	228201743104.2398	8079402824.123938	-21019.08326394846	-2830.8027458359334	-777.5375884828647
194944075.17235202	-69386483016.31474	228191537791.4104	8076603166.244711	-21016.63828722849	-2838.815219852742	-777.8278822514029
194947675.17235202	-69462138509.70155	228181303636.62177	8073802463.499153	-21014.190984479035	-2846.8260564420298	-778.1180698318819
194951275.17235202	-69537785188.6124	228171040645.7695	8071000716.268956	-21011.741356225622	-2854.835255122041	-778.4081515502468
194954875.17235202	-69613423044.6764	228160748824.75095	8068197924.934631	-21009.289402989474	-2862.8428154058897	-778.6981277358426
194958475.17235202	-69689052069.52457	228150428179.46524	8065394089.875499	-21006.835125287467	-2870.848736801485	-778.9879987214634
194962075.17235202	-69764672254.78973	228140078715.81323	8062589211.469674	-21004.378523632084	-2878.853018811453	-779.2777648434013
194965675.17235202	-69840283592.10658	228129700439.69766	8059783290.094055	-21001.91959853135	-2886.8556609330594	-779.567426441497
194969275.17235202	-69915886073.11163	228119293357.023	8056976326.124311	-20999.458350488785	-2894.8566626581305	-779.8569838591914
194972875.17235202	-69991479689.44318	228108857473.69562	8054168319.934869	-20996.99478000334	-2902.856023472971	-780.1464374435774
194976475.17235202	-70067064432.74132	228098392795.62372	8051359271.898897	-20994.528887569355	-2910.853742858284	-780.4357875454527
194980075.17235202	-70142640294.64792	228087899328.71738	8048549182.388296	-20992.060673676482	-2918.849820289086	-780.7250345193733
194983675.17235202	-70218207266.80661	228077377078.8886	8045738051.773682	-20989.59013880964	-2926.8442552346237	-781.0141787237075
194987275.17235202	-70293765340.86275	228066826052.05133	8042925880.424375	-20987.11728344895	-2934.837047158286	-781.3032205206924
194990875.17235202	-70369314508.46341	228056246254.12137	8040112668.708383	-20984.642108069685	-2942.8281955175157	-781.5921602764909
194994475.17235202	-70444854761.25739	228045637691.01654	8037298416.99239	-20982.164613142188	-2950.8176997637197	-781.880998361249
194998075.17235202	-70520386090.89514	228035000368.65668	8034483125.641739	-20979.68479913182	-2958.805559342178	-782.1697351491556
195001675.17235202	-70595908489.0288	228024334292.96356	8031666795.020419	-20977.202666498906	-2966.7917736919526	-782.4583710185011
195005275.17235202	-70671421947.31213	228013639469.86105	8028849425.49105	-20974.718215698646	-2974.7763422457915	-782.7469063517384
195008875.17235202	-70746926457.40056	228002915905.27502	8026031017.414866	-20972.23144718107	-2982.759264430034	-783.0353415355445
195012475.17235202	-70822422010.95111	227992163605.13348	8023211571.151705	-20969.742361390963	-2990.7405396645127	-783.3236769608832
195016075.17235202	-70897908599.62238	227981382575.3665	8020391087.059984	-20967.250958767792	-2998.720167362454	-783.6119130230695
195019675.17235202	-70973386215.07455	227970572821.90622	8017569565.496695	-20964.757239745646	-3006.6981469303755	-783.9000501218356
195023275.17235202	-71048854848.96938	227959734350.68704	8014747006.817378	-20962.261204753147	-3014.6744777679833	-784.1880886613969
195026875.17235202	-71124314492.97012	227948867167.64548	8011923411.376113	-20959.7628542134	-3022.6491592680677	-784.4760290505201
195030475.17235202	-71199765138.74156	227937971278.72025	8009098779.525498	-20957.262188543904	-3030.622190816396	-784.7638717025915
195034075.17235202	-71275206777.94998	227927046689.8523	8006273111.616637	-20954.759208156476	-3038.593571791606	-785.0516170356871
195037675.17235202	-71350639402.26312	227916093406.9848	8003446407.999117	-20952.25391345718	-3046.5633015650924	-785.3392654726437
195041275.17235202	-71426063003.35019	227905111436.06323	8000618669.020996	-20949.74630484626	-3054.531379500897	-785.6268174411315
195044875.17235202	-71501477572.8818	227894100783.03537	7997789895.028784	-20947.236382718027	-3062.4978049555903	-785.9142733737284
195048475.17235202	-71576883102.53001	227883061453.85132	7994960086.367423	-20944.72414746082	-3070.462577278157	-786.2016337079958
195052075.17235202	-71652279583.96823	227871993454.46353	7992129243.380273	-20942.209599456888	-3078.425695809875	-786.4888988865556
195055675.17235202	-71727667008.87126	227860896790.82684	7989297366.409089	-20939.69273908233	-3086.3871598841956	-786.7760693571682
195059275.17235202	-71803045368.91522	227849771468.89853	7986464455.794007	-20937.17356670699	-3094.3469688266205	-787.0631455728121
195062875.17235202	-71878414655.77759	227838617494.63828	7983630511.873522	-20934.652082694392	-3102.3051219545755	-787.3501279917643
195066475.17235202	-71953774861.13708	227827434874.00827	7980795534.984467	-20932.128287401632	-3110.261618577284	-787.6370170776833
195070075.17235202	-72029125976.67375	227816223612.97318	7977959525.461999	-20929.602181179296	-3118.2164579956348	-787.9238132996926
195073675.17235202	-72104467994.06886	227804983717.5002	7975122483.639576	-20927.07376437137	-3126.1696395020476	-788.210517132468
195077275.17235202	-72179800905.00493	227793715193.55914	7972284409.848936	-20924.543037315136	-3134.1211623803397	-788.4971290563242
195080875.17235202	-72255124701.16563	227782418047.1223	7969445304.420078	-20922.010000341088	-3142.0710259055863	-788.7836495573047
195084475.17235202	-72330439374.23587	227771092284.16473	7966605167.681241	-20919.474653772828	-3150.0192293439823	-789.070079127272
195088075.17235202	-72405744915.90167	227759737910.66403	7963763999.958882	-20916.93699792697	-3157.9657719526977	-789.3564182640001
195091675.17235202	-72481041317.85019	227748354932.60056	7960921801.577656	-20914.39703311303	-3165.910652979732	-789.642667471268
195095275.17235202	-72556328571.76968	227736943355.95737	7958078572.860393	-20911.854759633334	-3173.8538716637663	-789.9288272589556
195098875.17235202	-72631606669.3495	227725503186.7203	7955234314.128076	-20909.31017778291	-3181.7954272340107	-790.2148981431422
195102475.17235202	-72706875602.28003	227714034430.87796	7952389025.69982	-20906.76328784938	-3189.7353189100486	-790.5008806462064
195106075.17235202	-72782135362.25266	227702537094.42178	7949542707.892846	-20904.21409011284	-3197.673545901679	-790.7867752969282
195109675.17235202	-72857385940.9598	227691011183.34607	7946695361.022463	-20901.66258484577	-3205.610107408758	-791.0725826305929
195113275.17235202	-72932627330.09482	227679456703.648	7943846985.402037	-20899.1087723129	-3213.545002621033	-791.3583031890961
195116875.17235202	-73007859521.35204	227667873661.32773	7940997581.342974	-20896.5526527711	-3221.478230717979	-791.6439375210512
195120475.17235202	-73083082506.42667	227656262062.38837	7938147149.154691	-20893.994226469273	-3229.409790868627	-791.9294861818992
195124075.17235202	-73158296277.0148	227644621912.83603	7935295689.144594	-20891.43349364822	-3237.3396822313903	-792.2149497340205
195127675.17235202	-73233500824.8134	227632953218.67987	7932443201.618053	-20888.870454540523	-3245.2679039538866	-792.5003287468496
195131275.17235202	-73308696141.52023	227621255985.93216	7929589686.878373	-20886.305109370427	-3253.194455172758	-792.7856237969919
195134875.17235202	-73383882218.83386	227609530220.60828	7926735145.22677	-20883.737458353695	-3261.1193350134863	-793.0708354683428
195138475.17235202	-73459059048.45361	227597775928.72678	7923879576.962347	-20881.167501697488	-3269.0425425902076	-793.3559643522091
195142075.17235202	-73534226622.07956	227585993116.30942	7921022982.382062	-20878.595239600236	-3276.9640770055203	-793.6410110474317
195145675.17235202	-73609384931.41245	227574181789.38123	7918165361.7807045	-20876.02067225149	-3284.883937350289	-793.9259761605117
195149275.17235202	-73684533968.15369	227562341953.9705	7915306715.450868	-20873.4437998318	-3292.8021227034487	-794.2108603057386
195152875.17235202	-73759673724.00536	227550473616.10886	7912447043.682919	-20870.864622512556	-3300.7186321317968	-794.4956641053213
195156475.17235202	-73834804190.67009	227538576781.83136	7909586346.764969	-20868.283140455864	-3308.633464689789	-794.7803881895233
195160075.17235202	-73909925359.85114	227526651457.17648	7906724624.982847	-20865.699353814376	-3316.546619419326	-795.0650331967986
195163675.17235202	-73985037223.25223	227514697648.18613	7903861878.620069	-20863.11326273116	-3324.4580953495383	-795.3495997739325
195167275.17235202	-74060139772.57762	227502715360.90573	7900998107.957805	-20860.524867339536	-3332.367891496567	-795.6340885761824
195170875.17235202	-74135232999.53204	227490704601.3843	7898133313.274854	-20857.934167762916	-3340.2760068633397	-795.9185002674233
195174475.17235202	-74210316895.82063	227478665375.67447	7895267494.847606	-20855.34116411466	-3348.18244043934	-796.2028355202949
195178075.17235202	-74285391453.14891	227466597689.83252	7892400652.950016	-20852.7458564979	-3356.087191200376	-796.4870950163536
195181675.17235202	-74360456663.22276	227454501549.91846	7889532787.853568	-20850.148245005377	-3363.9902581083384	-796.771279446226
195185275.17235202	-74435512517.7484	227442376961.99603	7886663899.827243	-20847.548329719277	-3371.8916401109573	-797.0553895097677
195188875.17235202	-74510559008.43228	227430223932.1328	7883793989.137486	-20844.946110711047	-3379.7913361415535	-797.3394259162244
195192475.17235202	-74585596126.98112	227418042466.40027	7880923056.048173	-20842.341588041232	-3387.689345118785	-797.623389384396
195196075.17235202	-74660623865.10184	227405832570.87375	7878051100.820571	-20839.734761759275	-3395.5856659463857	-797.9072806428042
195199675.17235202	-74735642214.5015	227393594251.63257	7875178123.71331	-20837.125631903353	-3403.480297512905	-798.1911004298629
195203275.17235202	-74810651166.88728	227381327514.7601	7872304124.982344	-20834.514198500176	-3411.373238691435	-798.4748494940529
195206875.17235202	-74885650713.96646	227369032366.3438	7869429104.880911	-20831.900461564805	-3419.2644883393336	-798.7585285941003
195210475.17235202	-74960640847.44632	227356708812.47528	7866553063.659501	-20829.28442110044	-3427.1540452979443	-799.0421384991589
195214075.17235202	-75035621559.03413	227344356859.2503	7863676001.565816	-20826.66607709824	-3435.0419083923043	-799.3256799889979
195217675.17235202	-75110592840.43715	227331976512.76892	7860797918.84473	-20824.0454295371	-3442.928076430852	-799.609153854192
195221275.17235202	-75185554683.36249	227319567779.13553	7857918815.738254	-20821.422478383443	-3450.812548205126	-799.8925608963159
195224875.17235202	-75260507079.51714	227307130664.45883	7855038692.48549	-20818.797223591024	-3458.69532248946	-800.1759019281421
195228475.17235202	-75335450020.6079	227294665174.85208	7852157549.322596	-20816.169665100686	-3466.57639804067	-800.4591777738433
195232075.17235202	-75410383498.34134	227282171316.43295	7849275386.482739	-20813.53980284016	-3474.4557735977314	-800.742389269199
195235675.17235202	-75485307504.42372	227269649095.3237	7846392204.196061	-20810.907636723823	-3482.333447881452	-801.0255372618086
195239275.17235202	-75560222030.561	227257098517.65128	7843508002.689627	-20808.273166652467	-3490.2094195941345	-801.3086226113084
195242875.17235202	-75635127068.45874	227244519589.54727	7840622782.187386	-20805.636392513064	-3498.0836874192373	-801.5916461895919
195246475.17235202	-75710022609.82207	227231912317.1481	7837736542.910127	-20802.99731417852	-3505.9562500210236	-801.8746088810378
195250075.17235202	-75784908646.35562	227219276706.595	7834849285.075431	-20800.35593150742	-3513.8271060442034	-802.1575115827407
195253675.17235202	-75859785169.76352	227206612764.03412	7831961008.897627	-20797.712244343784	-3521.69625411357	-802.4403552047456
195257275.17235202	-75934652171.7493	227193920495.6166	7829071714.587745	-20795.0662525168	-3529.563692833627	-802.7231406702907
195260875.17235202	-76009509644.01582	227181199907.49866	7826181402.353465	-20792.417955840563	-3537.4294207882053	-803.0058689160531
195264475.17235202	-76084357578.26529	227168451005.84158	7823290072.399073	-20789.7673541138	-3545.293436540071	-803.2885408924025
195268075.17235202	-76159195966.19913	227155673796.81195	7820397724.925406	-20787.114447119588	-3553.1557386305267	-803.5711575636597
195271675.17235202	-76234024799.51796	227142868286.5816	7817504360.129807	-20784.459234625072	-3561.0163255790017	-803.853719908362
195275275.17235202	-76308844069.92154	227130034481.32776	7814609978.206068	-20781.80171638118	-3568.8751958826347	-804.136228919533
195278875.17235202	-76383653769.10869	227117172387.23306	7811714579.344378	-20779.141892122305	-3576.7323480158484	-804.4186856049587
195282475.17235202	-76458453888.77727	227104282010.48572	7808818163.7312765	-20776.479761566028	-3584.587780429913	-804.7010909874693
195286075.17235202	-76533244420.62405	227091363357.2795	7805920731.549587	-20773.815324412786	-3592.4414915524985	-804.9834461052286
195289675.17235202	-76608025356.34474	227078416433.814	7803022282.978373	-20771.14858034556	-3600.2934797872163	-805.2657520120295
195293275.17235202	-76682796687.63385	227065441246.29446	7800122818.192871	-20768.479529029555	-3608.143743513149	-805.5480097775978
195296875.17235202	-76757558406.18465	227052437800.9321	7797222337.364441	-20765.808170111846	-3615.9922810843727	-805.8302204879033
195300475.17235202	-76832310503.6891	227039406103.94406	7794320840.660502	-20763.134503221063	-3623.8390908294664	-806.1123852454763
195304075.17235202	-76907052971.83781	227026346161.55356	7791418328.244474	-20760.458527967014	-3631.6841710510107	-806.3945051697331
195307675.17235202	-76981785802.31995	227013257979.99	7788514800.275717	-20757.780243940346	-3639.527520025076	-806.6765813973069
195311275.17235202	-77056508986.82315	227000141565.48898	7785610256.909466	-20755.09965071217	-3647.3691360006947	-806.958615082388
195314875.17235202	-77131222517.0335	226986996924.2925	7782704698.296769	-20752.416747833693	-3655.209017199325	-807.2406073970714
195318475.17235202	-77205926384.6354	226973824062.64905	7779798124.584424	-20749.73153483582	-3663.0471618142974	-807.5225595317139
195322075.17235202	-77280620581.31158	226960622986.81357	7776890535.914907	-20747.04401122878	-3670.8835680102507	-807.8044726953002
195325675.17235202	-77355305098.74292	226947393703.04773	7773981932.426311	-20744.354176501696	-3678.7182339225524	-808.0863481158168
195329275.17235202	-77429979928.60841	226934136217.61993	7771072314.25227	-20741.6620301222	-3686.5511576567087	-808.3681870406357
195332875.17235202	-77504645062.58514	226920850536.8055	7768161681.5218935	-20738.967571535988	-3694.382337287758	-808.6499907369065
195336475.17235202	-77579300492.34813	226907536666.88672	7765250034.3596945	-20736.2708001664	-3702.211770859652	-808.9317604919574
195340075.17235202	-77653946209.57028	226894194614.15295	7762337372.885512	-20733.57171541397	-3710.039456384617	-809.2134976137066
195343675.17235202	-77728582205.9223	226880824384.90082	7759423697.214442	-20730.87031665598	-3717.865391842505	-809.4952034310835
195347275.17235202	-77803208473.07262	226867425985.43423	7756509007.456755	-20728.166603245976	-3725.689575180121	-809.7768792944614
195350875.17235202	-77877825002.68729	226853999422.06458	7753593303.717821	-20725.460574513312	-3733.512004310543	-810.0585265761014
195354475.17235202	-77952431786.4299	226840544701.11078	7750676586.098032	-20722.75222976265	-3741.3326771124152	-810.3401466706067
195358075.17235202	-78027028815.9615	226827061828.89954	7747758854.692718	-20720.04156827345	-3749.1515914292318	-810.621740995389
195361675.17235202	-78101616082.94049	226813550811.7653	7744840109.592062	-20717.328589299468	-3756.9687450686015	-810.9033109911443
195365275.17235202	-78176193579.02255	226800011656.0505	7741920350.881021	-20714.613292068225	-3764.7841358014916	-811.184858122341
195368875.17235202	-78250761295.86052	226786444368.1057	7738999578.639234	-20711.895675780463	-3772.5977613614546	-811.4663838777208
195372475.17235202	-78325319225.10431	226772848954.28967	7736077792.940937	-20709.1757396096	-3780.4096194438325	-811.7478897708121
195376075.17235202	-78399867358.40082	226759225420.9695	7733154993.854873	-20706.453482701152	-3788.219707704941	-812.0293773404588
195379675.17235202	-78474405687.39381	226745573774.52084	7730231181.444197	-20703.728904172152	-3796.028023761232	-812.3108481513623
195383275.17235202	-78548934203.72382	226731894021.32797	7727306355.766385	-20701.002003110556	-3803.834565188438	-812.5923037946367
195386875.17235202	-78623452899.02803	226718186167.784	7724380516.8731365	-20698.272778574617	-3811.6393295206944	-812.8737458883774
195390475.17235202	-78697961764.94022	226704450220.29095	7721453664.810275	-20695.541229592272	-3819.4423142496385	-813.155176078243
195394075.17235202	-78772460793.09056	226690686185.25998	7718525799.617651	-20692.807355160487	-3827.243516823485	-813.4365960380543
195397675.17235202	-78846949975.10559	226676894069.1115	7715596921.329036	-20690.07115424459	-3835.042934646075	-813.7180074704094
195401275.17235202	-78921429302.60806	226663073878.2754	7712667029.97202	-20687.332625777606	-3842.8405650759	-813.9994121073137
195404875.17235202	-78995898767.21681	226649225619.19107	7709736125.567904	-20684.591768659546	-3850.6364054251017	-814.2808117108286
195408475.17235202	-79070358360.54668	226635349298.3077	7706804208.131592	-20681.848581756687	-3858.430452958444	-814.5622080737381
195412075.17235202	-79144808074.20833	226621444922.08447	7703871277.671474	-20679.103063900846	-3866.222704892258	-814.843603020231
195415675.17235202	-79219247899.80818	226607512496.9906	7700937334.18932	-20676.355213888615	-3874.0131583933644	-815.1249984066002
195419275.17235202	-79293677828.94826	226593552029.5056	7698002377.680154	-20673.605030480594	-3881.8018105779593	-815.4063961219628
195422875.17235202	-79368097853.22604	226579563526.11954	7695066408.132141	-20670.852512400586	-3889.5886585104745	-815.6877980889974
195426475.17235202	-79442507964.23436	226565546993.33304	7692129425.526464	-20668.097658334787	-3897.3736992024046	-815.969206264703
195430075.17235202	-79516908153.56125	226551502437.65762	7689191429.837196	-20665.34046693094	-3905.1569296111015	-816.2506226411791
195433675.17235202	-79591298412.7898	226537429865.61588	7686252421.031176	-20662.58093679746	-3912.9383466385343	-816.5320492464288
195437275.17235202	-79665678733.498	226523329283.74164	7683312399.067872	-20659.819066502572	-3920.7179471300174	-816.8134881451829
195440875.17235202	-79740049107.25865	226509200698.58023	7680371363.899257	-20657.054854573373	-3928.4957278729053	-817.0949414397458
195444475.17235202	-79814409525.63914	226495044116.6886	7677429315.469664	-20654.2882994949	-3936.2716855952535	-817.376411270863
195448075.17235202	-79888759980.20135	226480859544.6356	7674486253.715649	-20651.519399709177	-3944.0458169644376	-817.6578998186139
195451675.17235202	-79963100462.50148	226466646989.00217	7671542178.565847	-20648.74815361422	-3951.8181185857343	-817.9394093033303
195455275.17235202	-80037430964.08984	226452406456.38162	7668597089.940828	-20645.974559563005	-3959.58858700086	-818.2209419865409
195458875.17235202	-80111751476.51076	226438137953.37982	7665650987.752944	-20643.198615862446	-3967.35721868647	-818.5025001719443
195462475.17235202	-80186061991.30238	226423841486.61545	7662703871.906174	-20640.42032077229	-3975.124010052614	-818.7840862064091
195466075.17235202	-80260362499.9965	226409517062.7202	7659755742.295972	-20637.639672504025	-3982.8889574411505	-819.065702481001
195469675.17235202	-80334652994.1184	226395164688.3391	7656806598.809101	-20634.85666921973	-3990.652057124117	-819.3473514320395
195473275.17235202	-80408933465.1866	226380784370.1307	7653856441.323472	-20632.07130903091	-3998.413305302051	-819.6290355421846
195476875.17235202	-80483203904.7128	226366376114.76736	7650905269.707973	-20629.28358999729	-4006.1726981022607	-819.9107573415547
195480475.17235202	-80557464304.20157	226351939928.93555	7647953083.822294	-20626.493510125558	-4013.9302315770483	-820.1925194088775
195484075.17235202	-80631714655.15024	226337475819.33603	7644999883.516756	-20623.70106736811	-4021.685901701877	-820.4743243726765
195487675.17235202	-80705954949.04865	226322983792.68423	7642045668.632123	-20620.90625962172	-4029.4397043734843	-820.7561749124916
195491275.17235202	-80780185177.37895	226308463855.7105	7639090438.99942	-20618.109084726177	-4037.191635407943	-821.0380737601361
195494875.17235202	-80854405331.61545	226293916015.1604	7636134194.439741	-20615.309540462902	-4044.9416905386647	-821.3200237009908
195498475.17235202	-80928615403.22432	226279340277.79495	7633176934.764055	-20612.50762455351	-4052.6898654143433	-821.6020275753353
195502075.17235202	-81002815383.66345	226264736650.39105	7630218659.7730055	-20609.70333465832	-4060.436155596838	-821.8840882797195
195505675.17235202	-81077005264.3822	226250105139.74173	7627259369.256703	-20606.89666837484	-4068.1805565589907	-822.1662087683752
195509275.17235202	-81151185036.82114	226235445752.65643	7624299062.994519	-20604.087623236195	-4075.923063682377	-822.4483920546722
195512875.17235202	-81225354692.41183	226220758495.96146	7621337740.754867	-20601.276196709507	-4083.663672254985	-822.7306412126195
195516475.17235202	-81299514222.57666	226206043376.5002	7618375402.294982	-20598.462386194224	-4091.402377468829	-823.0129593784131
195520075.17235202	-81373663618.72845	226191300401.1336	7615412047.360696	-20595.646189020405	-4099.139174417483	-823.2953497520318
195523675.17235202	-81447802872.27034	226176529576.74036	7612447675.686203	-20592.827602446938	-4106.87405809355	-823.5778155988806
195527275.17235202	-81521931974.59543	226161730910.2174	7609482286.993821	-20590.006623659716	-4114.607023386041	-823.8603602514844
195530875.17235202	-81596050917.08658	226146904408.4803	7606515880.993748	-20587.183249769754	-4122.3380650776835	-824.1429871112333
195534475.17235202	-81670159691.1161	226132050078.46353	7603548457.383809	-20584.35747781125	-4130.0671778421365	-824.4256996501833
195538075.17235202	-81744258288.0455	226117167927.12103	7600580015.849202	-20581.529304739564	-4137.794356241117	-824.7085014129158
195541675.17235202	-81818346699.22516	226102257961.42648	7597610556.062229	-20578.69872742917	-4145.519594721436	-824.9913960184577
195545275.17235202	-81892424915.99406	226087320188.37375	7594640077.682028	-20575.8657426715	-4153.242887611938	-825.2743871622641
195548875.17235202	-81966492929.6795	226072354614.97733	7591668580.354291	-20573.030347172742	-4160.964229120354	-825.5574786182609
195552475.17235202	-82040550731.59676	226057361248.27283	7588696063.71098	-20570.19253755157	-4168.683613330038	-825.8406742409519
195556075.17235202	-82114598313.04877	226042340095.31735	7585722527.370035	-20567.3523103368	-4176.401034196613	-826.1239779675964
195559675.17235202	-82188635665.3258	226027291163.19003	7582747970.935066	-20564.509661964945	-4184.116485544502	-826.4073938204549
195563275.17235202	-82262662779.70514	226012214458.99243	7579772393.995049	-20561.664588777734	-4191.829961063335	-826.6909259091113
195566875.17235202	-82336679647.45071	225997109989.8491	7576795796.124003	-20558.817087019517	-4199.541454304249	-826.9745784328696
195570475.17235202	-82410686259.81277	225981977762.90805	7573818176.880666	-20555.96715283458	-4207.250958676053	-827.2583556832392
195574075.17235202	-82484682608.02747	225966817785.34134	7570839535.808154	-20553.114782264387	-4214.958467441281	-827.5422620464925
195577675.17235202	-82558668683.31654	225951630064.34546	7567859872.43362	-20550.25997124473	-4222.6639737120995	-827.8263020063132
195581275.17235202	-82632644476.88689	225936414607.14203	7564879186.267898	-20547.402715602766	-4230.367470446091	-828.1104801465328
195584875.17235202	-82706609979.93019	225921171420.9783	7561897476.80513	-20544.54301105397	-4238.068950441884	-828.394801153957
195588475.17235202	-82780565183.62251	225905900513.12775	7558914743.522402	-20541.680853198985	-4245.768406334642	-828.6792698212871
195592075.17235202	-82854510079.12384	225890601890.89066	7555930985.879348	-20538.81623752035	-4253.465830591388	-828.9638910501452
195595675.17235202	-82928444657.57771	225875275561.5947	7552946203.317756	-20535.949159379135	-4261.161215506169	-829.2486698542065
195599275.17235202	-83002368910.11072	225859921532.59567	7549960395.261158	-20533.079614011433	-4268.854553195053	-829.5336113624409
195602875.17235202	-83076282827.83206	225844539811.27805	7546973561.11441	-20530.20759652474	-4276.545835590953	-829.8187208224659
195606475.17235202	-83150186401.83313	225829130405.05566	7543985700.263257	-20527.333101894223	-4284.235054438278	-830.1040036040152
195610075.17235202	-83224079623.18695	225813693321.37247	7540996812.073888	-20524.456124958837	-4291.922201287388	-830.3894652025267
195613675.17235202	-83297962482.94772	225798228567.70316	7538006895.892476	-20521.57666041732	-4299.607267488854	-830.6751112428593
195617275.17235202	-83371834972.1503	225782736151.55392	7535015951.044706	-20518.69470282403	-4307.290244187511	-830.9609474831448
195620875.17235202	-83445697081.80968	225767216080.46326	7532023976.83529	-20515.810246584642	-4314.971122316295	-831.2469798187786
195624475.17235202	-83519548802.92044	225751668362.00266	7529030972.54746	-20512.923285951696	-4322.64989258985	-831.5332142865578
195628075.17235202	-83593390126.45618	225736093003.77744	7526036937.442456	-20510.033815019953	-4330.326545497918	-831.8196570689679
195631675.17235202	-83667221043.36894	225720490013.42758	7523041870.758994	-20507.14182772161	-4338.001071298477	-832.1063144986254
195635275.17235202	-83741041544.58865	225704859398.62857	7520045771.712712	-20504.24731782133	-4345.673460010635	-832.3931930628823
195638875.17235202	-83814851621.02246	225689201167.09225	7517048639.495611	-20501.350278911083	-4353.343701407261	-832.6802994086004
195642475.17235202	-83888651263.55411	225673515326.56778	7514050473.275467	-20498.45070440481	-4361.011785007334	-832.9676403471029
195646075.17235202	-83962440463.04333	225657801884.84244	7511051272.195232	-20495.54858753288	-4368.677700068007	-833.2552228593155
195649675.17235202	-84036219210.32516	225642060849.74274	7508051035.372414	-20492.643921336323	-4376.341435576366	-833.5430541011012
195653275.17235202	-84109987496.2092	225626292229.13528	7505049761.898435	-20489.73669866085	-4384.002980240881	-833.8311414088006
195656875.17235202	-84183745311.47893	225610496030.9279	7502047450.837974	-20486.826912150667	-4391.662322482524	-834.1194923049823
195660475.17235202	-84257492646.891	225594672263.07056	7499044101.228285	-20483.91455424201	-4399.319450425561	-834.4081145044142
195664075.17235202	-84331229493.17447	225578820933.55658	7496039712.078493	-20480.999617156456	-4406.974351887973	-834.697015920264
195667675.17235202	-84404955841.02994	225562942050.4237	7493034282.368869	-20478.082092893994	-4414.627014371521	-834.9862046705388
195671275.17235202	-84478671681.12883	225547035621.75525	7490027811.050079	-20475.16197322577	-4422.277425051402	-835.2756890847796
195674875.17235202	-84552377004.11253	225531101655.68127	7487020297.042415	-20472.239249686598	-4429.925570765503	-835.5654777110217
195678475.17235202	-84626071800.59149	225515140160.37988	7484011739.234988	-20469.313913567137	-4437.5714380032205	-835.8555793230339
195682075.17235202	-84699756061.14438	225499151144.07846	7481002136.484909	-20466.385955905775	-4445.2150128938365	-836.1460029278502
195685675.17235202	-84773429776.31711	225483134615.05496	7477991487.61643	-20463.45536748017	-4452.856281194428	-836.4367577736031
195689275.17235202	-84847092936.62193	225467090581.6393	7474979791.420066	-20460.522138798446	-4460.495228277296	-836.7278533576721
195692875.17235202	-84920745532.53644	225451019052.21484	7471967046.651676	-20457.586260090062	-4468.131839116869	-837.019299435163
195696475.17235202	-84994387554.5025	225434920035.21967	7468953252.031528	-20454.64772129627	-4475.76609827608	-837.3111060277338
195700075.17235202	-85068018992.92526	225418793539.1483	7465938406.243317	-20451.706512060202	-4483.3979898921625	-837.603283432789
195703675.17235202	-85141639838.17203	225402639572.55304	7462922507.933153	-20448.762621716523	-4491.027497661857	-837.8958422330613
195707275.17235202	-85215250080.57114	225386458144.0458	7459905555.708526	-20445.81603928066	-4498.654604825999	-838.1887933065975
195710875.17235202	-85288849710.41078	225370249262.29965	7456887548.137213	-20442.866753437578	-4506.279294153452	-838.4821478371674
195714475.17235202	-85362438717.93782	225354012936.05054	7453868483.746165	-20439.914752530054	-4513.901547924358	-838.7759173251146
195718075.17235202	-85436017093.35652	225337749174.09912	7450848361.020346	-20436.960024546483	-4521.521347912683	-839.0701135986652
195721675.17235202	-85509584826.82722	225321457985.3126	7447827178.401528	-20434.002557108128	-4529.138675367997	-839.3647488257346
195725275.17235202	-85583141908.46506	225305139378.62665	7444804934.287051	-20431.042337455852	-4536.753510996465	-839.6598355262287
195728875.17235202	-85656688328.33849	225288793363.04742	7441781627.028529	-20428.079352436227	-4544.365834940994	-839.9553865849086
195732475.17235202	-85730224076.4679	225272419947.6536	7438757254.930514	-20425.113588487053	-4551.975626760504	-840.2514152648176
195736075.17235202	-85803749142.82411	225256019141.5985	7435731816.249111	-20422.14503162222	-4559.582865408276	-840.5479352213029
195739675.17235202	-85877263517.3268	225239590954.11243	7432705309.190536	-20419.173667415904	-4567.187529209329	-840.8449605166727
195743275.17235202	-85950767189.84286	225223135394.50476	7429677731.909625	-20416.199480986015	-4574.78959583679	-841.142505635514
195746875.17235202	-86024260150.18483	225206652472.16656	7426649082.508287	-20413.222456976935	-4582.389042287177	-841.4405855007
195750475.17235202	-86097742388.10902	225190142196.5729	7423619359.033895	-20410.242579541446	-4589.985844854562	-841.7392154901288
195754075.17235202	-86171213893.31381	225173604577.28555	7420588559.477613	-20407.25983232183	-4597.5799791035215	-842.0384114542376
195757675.17235202	-86244674655.43776	225157039623.95554	7417556681.772671	-20404.27419843009	-4605.171419840827	-842.3381897343384
195761275.17235202	-86318124664.0576	225140447346.32605	7414523723.792552	-20401.28566042721	-4612.760141085804	-842.638567181821
195764875.17235202	-86391563908.68631	225123827754.23523	7411489683.349131	-20398.294200301476	-4620.34611603929	-842.9395611782656
195768475.17235202	-86464992378.77092	225107180857.61926	7408454558.19072	-20395.299799445715	-4627.929317051115	-843.2411896565116
195772075.17235202	-86538410063.6904	225090506666.5154	7405418346.000049	-20392.302438633476	-4635.509715586028	-843.5434711227338
195775675.17235202	-86611816952.75333	225073805191.06534	7402381044.3921585	-20389.302097994063	-4643.08728218797	-843.8464246795861
195779275.17235202	-86685213035.19556	225057076441.51843	7399342650.912211	-20386.298756986318	-4650.6619864425975	-844.1500700504754
195782875.17235202	-86758598300.17773	225040320428.2354	7396303163.033209	-20383.29239437114	-4658.23379693795	-844.4544276050364
195786475.17235202	-86831972736.78278	225023537161.6919	7393262578.153619	-20380.282988182622	-4665.802681223162	-844.7595183858774
195790075.17235202	-86905336334.01314	225006726652.48224	7390220893.594903	-20377.27051569774	-4673.368605765105	-845.0653641366705
195793675.17235202	-86978689080.78807	224989888911.3236	7387178106.59894	-20374.2549534045	-4680.931535902837	-845.3719873316604
195797275.17235202	-87052030965.94072	224973023949.05997	7384134214.325339	-20371.236276968473	-4688.491435799744	-845.6794112066747
195800875.17235202	-87125361978.21509	224956131776.66653	7381089213.848641	-20368.21446119762	-4696.048268393222	-845.9876597917215
195804475.17235202	-87198682106.26288	224939212405.25424	7378043102.155399	-20365.189480005272	-4703.601995341749	-846.2967579452755
195808075.17235202	-87271991338.64024	224922265846.0744	7374995876.14113	-20362.161306371214	-4711.152576969189	-846.6067313903566
195811675.17235202	-87345289663.80429	224905292110.52365	7371947532.607136	-20359.129912300672	-4718.6999722061455	-846.9176067525171
195815275.17235202	-87418577070.10953	224888291210.14914	7368898068.257179	-20356.095268781133	-4726.244138528189	-847.2294115998594
195818875.17235202	-87491853545.80414	224871263156.65375	7365847479.694022	-20353.057345736837	-4733.785031890761	-847.5421744852059
195822475.17235202	-87565119079.02603	224854207961.90176	7362795763.415795	-20350.016111980804	-4741.322606660558	-847.8559249905556
195826075.17235202	-87638373657.79878	224837125637.92477	7359742915.812213	-20346.971535164223	-4748.856815543171	-848.170693773967
195829675.17235202	-87711617270.02733	224820016196.92767	7356688933.160608	-20343.923581723084	-4756.387609506737	-848.4865126190205
195833275.17235202	-87784849903.4935	224802879651.29517	7353633811.621791	-20340.87221682181	-4763.91493770134	-848.8034144870345
195836875.17235202	-87858071545.85136	224785716013.59836	7350577547.235706	-20337.817404293724	-4771.438747373861	-849.1214335722204
195840475.17235202	-87931282184.62227	224768525296.6019	7347520135.916896	-20334.759106578163	-4778.958983777979	-849.4406053599803
195844075.17235202	-88004481807.18976	224751307513.27118	7344461573.449737	-20331.697284653917	-4786.475590079007	-849.7609666885562
195847675.17235202	-88077670400.79414	224734062676.78015	7341401855.483456	-20328.63189796887	-4793.988507253224	-850.0825558142509
195851275.17235202	-88150847952.52692	224716790800.51935	7338340977.526903	-20325.562904365488	-4801.4976739813455	-850.4054124804517
195854875.17235202	-88224014449.32475	224699491898.10437	7335278934.943066	-20322.490260001938	-4809.0030265357145	-850.7295779907201
195858475.17235202	-88297169877.96338	224682165983.38467	7332215722.943314	-20319.4139192685	-4816.504498660749	-851.055095286242
195862075.17235202	-88370314225.05098	224664813070.45306	7329151336.58136	-20316.333834698944	-4824.002021446178	-851.3820090279445
195865675.17235202	-88443447477.02141	224647433173.65536	7326085770.746911	-20313.249956876534	-4831.495523192596	-851.7103656835908
195869275.17235202	-88516569620.12694	224630026307.60074	7323019020.159	-20310.162234334217	-4838.984929268697	-852.040213620262
195872875.17235202	-88589680640.43073	224612592487.17255	7319951079.358975	-20307.070613448614	-4846.470161959655	-852.3716032025914
195876475.17235202	-88662780523.79881	224595131727.53967	7316881942.703118	-20303.97503832737	-4853.951140306	-852.7045868971447
195880075.17235202	-88735869255.89178	224577644044.1686	7313811604.354883	-20300.87545068934	-4861.427779932289	-853.0392193834438
195883675.17235202	-88808946822.15593	224560129452.836	7310740058.276718	-20297.771789737097	-4868.899992864792	-853.3755576720688
195887275.17235202	-88882013207.81392	224542587969.64194	7307667298.221451	-20294.663992021226	-4876.367687337365	-853.7136612304255
195890875.17235202	-88955068397.85503	224525019611.02402	7304593317.723203	-20291.551991295673	-4883.830767584604	-854.0535921167544
195894475.17235202	-89028112377.02477	224507424393.77216	7301518110.0878105	-20288.435718363547	-4891.289133621261	-854.3954151230232
195898075.17235202	-89101145129.814	224489802335.0441	7298441668.382711	-20285.31510091255	-4898.742681006875	-854.7391979274046
195901675.17235202	-89174166640.44737	224472153452.38202	7295363985.426264	-20282.190063339276	-4906.191300594451	-855.0850112570981
195905275.17235202	-89247176892.87119	224454477763.72986	7292285053.776461	-20279.060526561436	-4913.6348782619425	-855.4329290623108
195908875.17235202	-89320175870.74045	224436775287.4518	7289204865.718994	-20275.92640781708	-4921.073294625134	-855.7830287022869
195912475.17235202	-89393163557.40532	224419046042.35178	7286123413.254633	-20272.78762044975	-4928.506424730383	-856.1353911443741
195916075.17235202	-89466139935.89662	224401290047.69397	7283040688.085849	-20269.64407367839	-4935.934137725538	-856.4901011772157
195919675.17235202	-89539104988.91057	224383507323.22485	7279956681.602657	-20266.49567235073	-4943.3562965071915	-856.8472476392673
195923275.17235202	-89612058698.79257	224365697889.1963	7276871384.8675995	-20263.342316678707	-4950.772757342269	-857.2069236639485
195926875.17235202	-89685001047.52005	224347861766.39008	7273784788.599814	-20260.1839019544	-4958.1833694617535	-857.5692269428584
195930475.17235202	-89757932016.68414	224329998976.1441	7270696883.158125	-20257.02031824478	-4965.587974624138	-857.9342600086162
195934075.17235202	-89830851587.47034	224312109540.38013	7267607658.523069	-20253.85145006343	-4972.986406645943	-858.3021305390442
195937675.17235202	-89903759740.63786	224294193481.63315	7264517104.277798	-20250.67717601715	-4980.378490896348	-858.6729516845946
195941275.17235202	-89976656456.49774	224276250823.0829	7261425209.587742	-20247.49736842524	-4987.764043752687	-859.0468424211205
195944875.17235202	-90049541714.88937	224258281588.58716	7258331963.178969	-20244.31189290888	-4995.142872013202	-859.4239279303287
195948475.17235202	-90122415495.15573	224240285802.71747	7255237353.315112	-20241.120607947898	-5002.514772263077	-859.8043400104967
195952075.17235202	-90195277776.11671	224222263490.79706	7252141367.772757	-20237.923364401744	-5009.879530189367	-860.1882175203116
195955675.17235202	-90268128536.04083	224204214678.9414	7249043993.815175	-20234.72000499134	-5017.236919839938	-860.5757068589897
195959275.17235202	-90340967752.61491	224186139394.10156	7245945218.164257	-20231.510363737998	-5024.58670282104	-860.9669624861768
195962875.17235202	-90413795402.9117	224168037664.11044	7242845026.97049	-20228.29426535518	-5031.928627427479	-861.3621474855131
195966475.17235202	-90486611463.35515	224149909517.7325	7239743405.7808275	-20225.071524588475	-5039.262427698703	-861.7614341762005
195970075.17235202	-90559415909.68332	224131754984.7169	7236640339.504261	-20221.841945498527	-5046.587822393276	-862.16500477742
195973675.17235202	-90632208716.90848	224113574095.85428	7233535812.374899	-20218.605320681057	-5053.904513873393	-862.5730521310312
195977275.17235202	-90704989859.27435	224095366883.0382	7230429807.912327	-20215.361430417448	-5061.2121868900185	-862.9857804886407
195980875.17235202	-90777759310.21011	224077133379.3308	7227322308.879013	-20212.110041748492	-5068.510507258195	-863.40340636985
195984475.17235202	-90850517042.28098	224058873619.0335	7224213297.234478	-20208.85090746311	-5075.79912041074	-863.8261594993131
195988075.17235202	-90923263027.13486	224040587637.76318	7221102754.085943	-20205.583764992778	-5083.077649817145	-864.2542838311537
195991675.17235202	-90995997235.44502	224022275472.53433	7217990659.635115	-20202.308335201244	-5090.345695252775	-864.6880386703739
195995275.17235202	-91068719636.84805	224003937161.84772	7214876993.120743	-20199.024321057845	-5097.602830901543	-865.1276999021379
195998875.17235202	-91141430199.87682	223985572745.78625	7211761732.756542	-20195.731406181047	-5104.848603272972	-865.5735613412852
