181471037.533056	161002721346.04453	30078590130.671127	6342656223.151071	-540.6508144404501	30907.368238815707	1368.844545820773
181474637.533056	161000743558.81448	30189850771.754017	6347582820.874454	-558.1188355001037	30904.097205535472	1368.1541404464106
181478237.533056	160998702897.8737	30301099617.42451	6352506932.610258	-575.5806525977578	30900.815233526493	1367.4634417161942
181481837.533056	160996599385.5689	30412336628.320435	6357428557.303544	-593.0362587775379	30897.52233237229	1366.7724502641697
181485437.533056	160994433044.27194	30523561765.11412	6362347693.901654	-610.4856470989029	30894.218511658906	1366.081166724059
181489037.533056	160992203896.37955	30634774988.512413	6367264341.354212	-627.9288106366364	30890.903780974884	1365.3895917292584
181492637.533056	160989911964.3134	30745976259.256683	6372178498.613119	-645.3657424808393	30887.578149911238	1364.6977259128387
181496237.533056	160987557270.52	30857165538.12283	6377090164.632558	-662.7964357369217	30884.24162806143	1364.0055699075428
181499837.533056	160985139837.47064	30968342785.921295	6381999338.368986	-680.2208835255946	30880.894225021348	1363.3131243457858
181503437.533056	160982659687.6614	31079507963.49707	6386906018.781138	-697.639078982862	30877.535950389276	1362.6203898596532
181507037.533056	160980116843.61298	31190661031.729706	6391810204.830025	-715.0510152600131	30874.166813765874	1361.9273670808998
181510637.533056	160977511327.87073	31301801951.533318	6396711895.478928	-732.4566855236136	30870.78682475415	1361.2340566409493
181514237.533056	160974843163.0046	31412930683.856594	6401611089.693403	-749.856082955498	30867.39599295943	1360.5404591708932
181517837.533056	160972112371.609	31524047189.68281	6406507786.441278	-767.249200752761	30863.994327989356	1359.8465753014887
181521437.533056	160969318976.3029	31635151430.02984	6411401984.692651	-784.6360321277496	30860.58183945383	1359.152405663159
181525037.533056	160966462999.72952	31746243365.950138	6416293683.419887	-802.0165703080544	30857.15853696501	1358.4579508859917
181528637.533056	160963544464.5566	31857322958.53078	6421182881.597619	-819.3908085365016	30853.72443013728	1357.7632115997378
181532237.533056	160960563393.4761	31968390168.89346	6426069578.202749	-836.7587400711446	30850.27952858723	1357.0681884338103
181535837.533056	160957519809.20422	32079444958.194485	6430953772.214442	-854.1203581852554	30846.82384193362	1356.372882017284
181539437.533056	160954413734.48135	32190487287.6248	6435835462.614128	-871.4756561673162	30843.357379797362	1355.6772929788938
181543037.533056	160951245192.07202	32301517118.409992	6440714648.385499	-888.8246273210109	30839.880151801503	1354.9814219470343
181546637.533056	160948014204.76486	32412534411.810287	6445591328.514508	-906.1672649652169	30836.392167571186	1354.285269549758
181550237.533056	160944720795.3725	32523539129.120575	6450465501.989371	-923.503562433996	30832.893436733644	1353.588836414775
181553837.533056	160941364986.73154	32634531231.6704	6455337167.800562	-940.8335130765861	30829.38396891816	1352.8921231694517
181557437.533056	160937946801.7025	32745510680.82397	6460206324.940811	-958.1571102573927	30825.863773756042	1352.1951304408099
181561037.533056	160934466263.1698	32856477437.980186	6465072972.4051075	-975.47434735598	30822.33286088062	1351.4978588555257
181564637.533056	160930923394.0416	32967431464.572617	6469937109.190695	-992.7852177670621	30818.791239927188	1350.8003090399286
181568237.533056	160927318217.24982	33078372722.06953	6474798734.2970705	-1010.0897149004948	30815.238920533015	1350.1024816200006
181571837.533056	160923650755.75012	33189301171.973892	6479657846.725985	-1027.387832181266	30811.675912337298	1349.4043772213752
181575437.533056	160919921032.5218	33300216775.823368	6484514445.481441	-1044.6795630494876	30808.102224981147	1348.7059964693362
181579037.533056	160916129070.56772	33411119495.190334	6489368529.56969	-1061.9649009603863	30804.517868107552	1348.007339988817
181582637.533056	160912274892.91428	33522009291.681892	6494220097.999235	-1079.2438393842951	30800.922851361374	1347.3084084043994
181586237.533056	160908358522.61136	33632886126.939865	6499069149.780826	-1096.5163718066437	30797.31718438931	1346.609202340313
181589837.533056	160904379982.73227	33743749962.640804	6503915683.927458	-1113.7824917279502	30793.700876839874	1345.909722420434
181593437.533056	160900339296.3737	33854600760.496002	6508759699.454373	-1131.0421926638114	30790.073938363366	1345.209969268284
181597037.533056	160896236486.65564	33965438482.25149	6513601195.379058	-1148.295468144895	30786.436378611856	1344.50994350703
181600637.533056	160892071576.72134	34076263089.68806	6518440170.72124	-1165.5423117169294	30782.78820723916	1343.8096457594818
181604237.533056	160887844589.7373	34187074544.621254	6523276624.50289	-1182.7827169406946	30779.12943390081	1343.109076648093
181607837.533056	160883555548.8931	34297872808.901375	6528110555.748217	-1200.0166773920141	30775.46006825404	1342.4082367949584
181611437.533056	160879204477.4015	34408657844.413506	6532941963.483669	-1217.2441866617448	30771.78011995775	1341.7071268218142
181615037.533056	160874791398.49823	34519429613.077484	6537770846.737935	-1234.4652383557682	30768.089598672497	1341.0057473500365
181618637.533056	160870316335.44208	34630188076.84795	6542597204.541937	-1251.679826094981	30764.388514060454	1340.3040990006405
181622237.533056	160865779311.51474	34740933197.714325	6547421035.928832	-1268.8879435152862	30760.676875785404	1339.6021823942797
181625837.533056	160861180350.02078	34851664937.70081	6552242339.934012	-1286.0895842675832	30756.954693512704	1338.8999981512447
181629437.533056	160856519474.28763	34962383258.866425	6557061115.595101	-1303.2847420177586	30753.22197690927	1338.197546891463
181633037.533056	160851796707.66544	35073088123.30497	6561877361.951954	-1320.4734104466777	30749.478735643548	1337.4948292344968
181636637.533056	160847012073.52716	35183779493.145065	6566691078.046656	-1337.6555832501738	30745.72497938549	1336.7918457995434
181640237.533056	160842165595.26834	35294457330.550156	6571502262.923519	-1354.8312541390396	30741.960717806538	1336.0885972054336
181643837.533056	160837257296.3072	35405121597.71849	6576310915.629086	-1372.0004168390178	30738.185960579594	1335.3850840706311
181647437.533056	160832287200.08444	35515772256.883156	6581117035.212121	-1389.1630650907907	30734.400717378998	1334.6813070132312
181651037.533056	160827255330.06335	35626409270.31206	6585920620.723616	-1406.319192649972	30730.604997880506	1333.9772666509602
181654637.533056	160822161709.72964	35737032600.307945	6590721671.216784	-1423.4687932870957	30726.798811761266	1333.272963601175
181658237.533056	160817006362.59143	35847642209.208405	6595520185.74706	-1440.6118607876076	30722.982168699793	1332.568398480861
181661837.533056	160811789312.17917	35958238059.385864	6600316163.372101	-1457.7483889518555	30719.155078375956	1331.8635719066326
181665437.533056	160806510582.0456	36068820113.24761	6605109603.151782	-1474.8783715950794	30715.31755047094	1331.1584844947308
181669037.533056	160801170195.76572	36179388333.23578	6609900504.148196	-1492.0018025474014	30711.469594667236	1330.453136861024
181672637.533056	160795768176.93668	36289942681.82736	6614688865.425653	-1509.1186756538168	30707.611220648607	1329.747529621006
181676237.533056	160790304549.1778	36400483121.53422	6619474686.050678	-1526.2289847741833	30703.74243810007	1329.041663389795
181679837.533056	160784779336.13043	36511009614.90307	6624257965.092009	-1543.332723783212	30699.863256707882	1328.3355387821343
181683437.533056	160779192561.458	36621522124.515526	6629038701.620595	-1560.4298865704573	30695.9736861595	1327.6291564123892
181687037.533056	160773544248.8459	36732020612.98806	6633816894.7095995	-1577.5204670403068	30692.073736143575	1326.9225168945477
181690637.533056	160767834422.00137	36842505042.97203	6638592543.434394	-1594.604459111972	30688.163416349915	1326.2156208422193
181694237.533056	160762063104.65363	36952975377.15368	6643365646.872558	-1611.6818567194773	30684.242736469467	1325.5084688686338
181697837.533056	160756230320.55362	37063431578.254135	6648136204.103878	-1628.7526538116515	30680.3117061943	1324.801061586641
181701437.533056	160750336093.47406	37173873609.029434	6652904214.210346	-1645.8168443521165	30676.370335217583	1324.0933996087097
181705037.533056	160744380447.20938	37284301432.27049	6657669676.276159	-1662.874422319278	30672.418633233552	1323.3854835469263
181708637.533056	160738363405.57565	37394715010.80314	6662432589.387717	-1679.925381706315	30668.456609937493	1322.6773140129947
181712237.533056	160732284992.41058	37505114307.488106	6667192952.63362	-1696.9697165211699	30664.48427502572	1321.968891618235
181715837.533056	160726145231.57336	37615499285.22102	6671950765.104669	-1714.0074207865384	30660.501638195554	1321.260216973583
181719437.533056	160719944146.94473	37725869906.93245	6676706025.893863	-1731.0384885398598	30656.5087091453	1320.5512906895897
181723037.533056	160713681762.42682	37836226135.587845	6681458734.096398	-1748.0629138333059	30652.50549757422	1319.842113376419
181726637.533056	160707358101.9432	37946567934.1876	6686208888.8096695	-1765.080690733771	30648.49201318252	1319.1326856438488
181730237.533056	160700973189.43872	38056895265.76701	6690956489.133263	-1782.0918133228624	30644.468265671316	1318.423008101269
181733837.533056	160694527048.87955	38167208093.39633	6695701534.168958	-1799.0962756968895	30640.43426474262	1317.7130813576807
181737437.533056	160688019704.25305	38277506380.1807	6700444023.020727	-1816.0940719668533	30636.390020099316	1317.0029060216962
181741037.533056	160681451179.56778	38387790089.26023	6705183954.794733	-1833.085196258437	30632.335541445136	1316.2924827015372
181744637.533056	160674821498.8534	38498059183.809944	6709921328.599327	-1850.0696427119944	30628.270838484645	1315.5818120050349
181748237.533056	160668130686.16068	38608313627.0398	6714656143.545047	-1867.0474054825406	30624.195920923205	1314.8708945396286
181751837.533056	160661378765.56134	38718553382.19472	6719388398.744617	-1884.0184787397409	30620.11079846696	1314.1597309123651
181755437.533056	160654565761.14813	38828778412.55454	6724118093.312949	-1900.9828566679005	30616.01548082283	1313.448321729898
181759037.533056	160647691697.0347	38938988681.43407	6728845226.367134	-1917.9405334659543	30611.909977698455	1312.7366675984867
181762637.533056	160640756597.3555	39049184152.183044	6733569797.026446	-1934.8915033474564	30607.794298802204	1312.024769123996
181766237.533056	160633760486.26584	39159364788.186165	6738291804.412341	-1951.8357605405686	30603.66845384314	1311.312626911895
181769837.533056	160626703387.94174	39269530552.86309	6743011247.648453	-1968.7732992880512	30599.532452531	1310.600241567256
181773437.533056	160619585326.58	39379681409.66842	6747728125.860592	-1985.7041138472518	30595.386304576165	1309.8876136947547
181777037.533056	160612406326.39795	39489817322.09172	6752442438.176746	-2002.6281984900943	30591.230019689654	1309.1747438986688
181780637.533056	160605166411.6336	39599938253.657524	6757154183.727078	-2019.5455475030687	30587.06360758309	1308.4616327828771
181784237.533056	160597865606.5455	39710044167.925316	6761863361.643924	-2036.4561551872207	30582.887077968688	1307.748280950859
181787837.533056	160590503935.41266	39820135028.48955	6766569971.0617895	-2053.3600158581403	30578.70044055922	1307.034689005694
181791437.533056	160583081422.53455	39930210798.979645	6771274011.1173525	-2070.2571238459514	30574.503705068008	1306.32085755006
181795037.533056	160575598092.231	40040271443.06	6775975480.94946	-2087.147473495301	30570.29688120889	1305.6067871862342
181798637.533056	160568053968.84216	40150316924.42996	6780674379.699126	-2104.031059165348	30566.079978696212	1304.8924785160905
181802237.533056	160560449076.72852	40260347206.82388	6785370706.50953	-2120.9078752297532	30561.85300724479	1304.1779321410997
181805837.533056	160552783440.27075	40370362254.01106	6790064460.526017	-2137.7779160766686	30557.615976569905	1303.4631486623293
181809437.533056	160545057083.86972	40480362029.795784	6794755640.896095	-2154.6411761087247	30553.36889638727	1302.7481286804416
181813037.533056	160537270031.94644	40590346498.0173	6799444246.769433	-2171.4976497430216	30549.11177641301	1302.0328727956937
181816637.533056	160529422308.94196	40700315622.549866	6804130277.29786	-2188.3473314111166	30544.84462636365	1301.3173816079366
181820237.533056	160521513939.31732	40810269367.30269	6808813731.6353655	-2205.1902155590146	30540.567455956083	1300.6016557166142
181823837.533056	160513544947.5536	40920207696.21998	6813494608.938094	-2222.026296647156	30536.280274907553	1299.8856957207634
181827437.533056	160505515358.15176	41030130573.280914	6818172908.364347	-2238.855569150406	30531.983092935632	1299.1695022190122
181831037.533056	160497425195.63263	41140037962.499664	6822848629.074581	-2255.678027558044	30527.675919758203	1298.45307580958
181834637.533056	160489274484.53687	41249929827.925385	6827521770.231404	-2272.4936663737517	30523.35876509344	1297.7364170902765
181838237.533056	160481063249.42484	41359806133.64221	6832192330.999577	-2289.3024801156025	30519.031638659773	1297.0195266585008
181841837.533056	160472791514.87668	41469666843.76927	6836860310.546007	-2306.10446331605	30514.69455017589	1296.3024051112411
181845437.533056	160464459305.49216	41579511922.46068	6841525708.039755	-2322.8996105219176	30510.34750936069	1295.5850530450734
181849037.533056	160456066645.89066	41689341333.90553	6846188522.652024	-2339.6879162943865	30505.990525933288	1294.8674710561618
181852637.533056	160447613560.7111	41799155042.32793	6850848753.556167	-2356.4693752089843	30501.623609612972	1294.1496597402565
181856237.533056	160439100074.61188	41908953011.98694	6855506399.927676	-2373.2439818555754	30497.246770119196	1293.4316196926945
181859837.533056	160430526212.27094	42018735207.17664	6860161460.94419	-2390.0117308383474	30492.860017171555	1292.7133515083976
181863437.533056	160421891998.3855	42128501592.2261	6864813935.785486	-2406.7726167758015	30488.463360489764	1291.9948557818727
181867037.533056	160413197457.67224	42238252131.49935	6869463823.633482	-2423.5266343007406	30484.056809793634	1291.2761331072106
181870637.533056	160404442614.86707	42347986789.395454	6874111123.672233	-2440.273778060258	30479.640374803057	1290.5571840780856
181874237.533056	160395627494.72513	42457705530.34844	6878755835.087931	-2457.0140427157257	30475.214065237986	1289.8380092877544
181877837.533056	160386752122.0208	42567408318.82734	6883397957.068903	-2473.747422942784	30470.777890818405	1289.118609329056
181881437.533056	160377816521.54764	42677095119.336174	6888037488.805609	-2490.473913431329	30466.33186126432	1288.3989847944108
181885037.533056	160368820718.11816	42786765896.41395	6892674429.490642	-2507.1935088855016	30461.87598629573	1287.6791362758197
181888637.533056	160359764736.56406	42896420614.63467	6897308778.318724	-2523.9062040236754	30457.410275632614	1286.9590643648637
181892237.533056	160350648601.7359	43006059238.60733	6901940534.486707	-2540.611993578447	30452.934738994896	1286.238769652703
181895837.533056	160341472338.5033	43115681732.97592	6906569697.19357	-2557.310872296622	30448.449386102446	1285.518252730077
181899437.533056	160332235971.75467	43225288062.419426	6911196265.640419	-2574.002834939206	30443.954226675043	1284.7975141873026
181903037.533056	160322939526.3973	43334878191.6518	6915820239.030482	-2590.6878762813903	30439.449270432364	1284.0765546142743
181906637.533056	160313583027.35727	43444452085.42202	6920441616.569113	-2607.3659911125433	30434.934527093956	1283.3553746004636
181910237.533056	160304166499.57935	43554009708.51402	6925060397.463783	-2624.0371742361963	30430.410006379218	1282.633974734918
181913837.533056	160294689968.02704	43663551025.74676	6929676580.9240885	-2640.701420470033	30425.875718007384	1281.9123556062602
181917437.533056	160285153457.68243	43773076001.97415	6934290166.161738	-2657.3587246458783	30421.331671697506	1281.1905178026884
181921037.533056	160275556993.54623	43882584602.08512	6938901152.390563	-2674.009081609686	30416.777877168424	1280.4684619119744
181924637.533056	160265900600.63766	43992076791.00356	6943509538.826505	-2690.652486221526	30412.214344138752	1279.7461885214636
181928237.533056	160256184303.99442	44101552533.68838	6948115324.687622	-2707.2889333555754	30407.641082326856	1279.023698218075
181931837.533056	160246408128.6726	44211011795.13344	6952718509.194083	-2723.9184179001036	30403.058101450835	1278.3009915882992
181935437.533056	160236572099.74677	44320454540.36761	6957319091.56817	-2740.5409347574628	30398.465411228502	1277.578069218199
181939037.533056	160226676242.3097	44429880734.45473	6961917071.034269	-2757.156478844075	30393.86302137736	1276.8549316934084
181942637.533056	160216720581.4725	44539290342.49363	6966512446.818879	-2773.7650450904207	30389.250941614595	1276.1315795991313
181946237.533056	160206705142.36453	44648683329.61812	6971105218.150601	-2790.3666284410265	30384.62918165703	1275.408013520142
181949837.533056	160196629950.13327	44758059660.99699	6975695384.260143	-2806.9612238544537	30379.997751221137	1274.6842340407838
181953437.533056	160186495029.94434	44867419301.834	6980282944.380315	-2823.548826303286	30375.356660022993	1273.960241744969
181957037.533056	160176300406.98145	44976762217.3679	6984867897.746027	-2840.129430774119	30370.70591777827	1273.2360372161775
181960637.533056	160166046106.44632	45086088372.872406	6989450243.594291	-2856.7030322675455	30366.045534202214	1272.511621037457
181964237.533056	160155732153.55865	45195397733.65621	6994029981.164215	-2873.2696257981456	30361.37551900963	1271.786993791422
181967837.533056	160145358573.5561	45304690265.06299	6998607109.697006	-2889.8292063944746	30356.695881914853	1271.0621560602533
181971437.533056	160134925391.6941	45413965932.471375	7003181628.435965	-2906.38176909905	30352.00663263174	1270.3371084256974
181975037.533056	160124432633.24597	45523224701.29497	7007753536.626485	-2922.92730896834	30347.307780873634	1269.6118514690659
181978637.533056	160113880323.50284	45632466536.982346	7012322833.516052	-2939.465821072752	30342.599336353363	1268.8863857712347
181982237.533056	160103268487.77347	45741691405.01705	7016889518.354244	-2955.997300496619	30337.88130878321	1268.160711912644
181985837.533056	160092597151.38437	45850899270.91758	7021453590.392726	-2972.521742338189	30333.15370787489	1267.434830473297
181989437.533056	160081866339.6796	45960090100.2374	7026015048.88525	-2989.0391417096125	30328.416543339546	1266.7087420327603
181993037.533056	160071076078.02087	46069263858.564926	7030573893.087655	-3005.549493736929	30323.669824887715	1265.9824471701618
181996637.533056	160060226391.78735	46178420511.523544	7035130122.257863	-3022.052793560057	30318.913562229314	1265.2559464641918
182000237.533056	160049317306.3757	46287560024.77158	7039683735.655879	-3038.54903633278	30314.14776507362	1264.5292404931015
182003837.533056	160038348847.2	46396682364.00233	7044234732.543789	-3055.038217222735	30309.37244312925	1263.8023298347025
182007437.533056	160027321039.69174	46505787494.944016	7048783112.185758	-3071.520331411401	30304.58760610415	1263.0752150663664
182011037.533056	160016233909.29965	46614875383.359825	7053328873.848027	-3087.9953740940846	30299.79326370556	1262.347896765024
182014637.533056	160005087481.4898	46723945995.04789	7057872016.798918	-3104.46334047991	30294.98942564001	1261.6203755071654
182018237.533056	159993881781.74548	46832999295.84128	7062412540.308823	-3120.924225791806	30290.176101613295	1260.8926518688386
182021837.533056	159982616835.5671	46942035251.607994	7066950443.6502075	-3137.3780252664915	30285.353301330448	1260.1647264256496
182025437.533056	159971292668.47226	47051053828.25099	7071485726.097611	-3153.8247341544675	30280.52103449574	1259.4365997527616
182029037.533056	159959909305.99557	47160054991.708145	7076018386.927642	-3170.2643477200004	30275.679310812648	1258.7082724248944
182032637.533056	159948466773.68872	47269038707.95227	7080548425.418974	-3186.6968612411124	30270.828139983827	1257.979745016324
182036237.533056	159936965097.12033	47378004942.9911	7085075840.852351	-3203.1222700095677	30265.967531711118	1257.2510181008818
182039837.533056	159925404301.87598	47486953662.867294	7089600632.51058	-3219.5405693308608	30261.097495695503	1256.5220922519543
182043437.533056	159913784413.5581	47595884833.65845	7094122799.678533	-3235.951754524204	30256.218041637105	1255.7929680424827
182047037.533056	159902105457.78595	47704798421.477066	7098642341.643141	-3252.3558209225134	30251.329179235152	1255.0636460449623
182050637.533056	159890367460.1956	47813694392.470566	7103159257.6933975	-3268.7527638723996	30246.430918187973	1254.3341268314416
182054237.533056	159878570446.4398	47922572712.82128	7107673547.120354	-3285.1425787341514	30241.523268192974	1253.6044109735221
182057837.533056	159866714442.188	48031433348.74645	7112185209.217118	-3301.5252608817264	30236.606238946617	1252.874499042358
182061437.533056	159854799473.12625	48140276266.49823	7116694243.278855	-3317.9008057027368	30231.679840144403	1252.1443916086548
182065037.533056	159842825564.95724	48249101432.36366	7121200648.602782	-3334.269208598437	30226.744081480858	1251.4140892426703
182068637.533056	159830792743.40015	48357908812.664696	7125704424.488168	-3350.630464983712	30221.79897264951	1250.683592514213
182072237.533056	159818701034.19064	48466698373.75817	7130205570.236333	-3366.984570287063	30216.84452334287	1249.952901992641
182075837.533056	159806550463.08084	48575470082.03583	7134704085.150646	-3383.3315199505964	30211.88074325241	1249.2220182468634
182079437.533056	159794341055.83923	48684223903.92428	7139199968.536524	-3399.6713094300103	30206.90764206856	1248.4909418453378
182083037.533056	159782072838.2506	48792959805.88503	7143693219.701427	-3416.003934194582	30201.925229480672	1247.7596733560715
182086637.533056	159769745836.11612	48901677754.414474	7148183837.954864	-3432.329389727156	30196.93351517701	1247.0282133466196
182090237.533056	159757360075.25308	49010377716.04387	7152671822.608379	-3448.6476715241297	30191.93250884473	1246.2965623840853
182093837.533056	159744915581.49503	49119059657.33935	7157157172.975565	-3464.958775095442	30186.922220169865	1245.5647210351194
182097437.533056	159732412380.69165	49227723544.90191	7161639888.372048	-3481.2626959645604	30181.902658837305	1244.8326898659193
182101037.533056	159719850498.70868	49336369345.36741	7166119968.115495	-3497.559429668468	30176.873834530776	1244.1004694422293
182104637.533056	159707229961.42795	49444997025.40658	7170597411.525605	-3513.848971757651	30171.835756932825	1243.3680603293392
182108237.533056	159694550794.74728	49553606551.72499	7175072217.924116	-3530.1313177960847	30166.7884357248	1242.6354630920848
182111837.533056	159681813024.58038	49662197891.06308	7179544386.634796	-3546.4064633612224	30161.731880586834	1241.9026782948465
182115437.533056	159669016676.85693	49770771010.19611	7184013916.983444	-3562.6744040439817	30156.666101197832	1241.1697065015494
182119037.533056	159656161777.5224	49879325875.93421	7188480808.297889	-3578.935135448731	30151.59110723544	1240.4365482756627
182122637.533056	159643248352.5381	49987862455.12233	7192945059.907986	-3595.1886531932782	30146.50690837603	1239.7032041801995
182126237.533056	159630276427.88104	50096380714.64025	7197406671.1456175	-3611.4349529088563	30141.413514294705	1238.9696747777155
182129837.533056	159617246029.544	50204880621.402596	7201865641.344691	-3627.6740302401113	30136.310934665245	1238.2359606303094
182133437.533056	159604157183.53537	50313362142.358795	7206321969.841136	-3643.9058808450886	30131.199179160118	1237.502062299622
182137037.533056	159591009915.87918	50421825244.4931	7210775655.972902	-3660.1305003952216	30126.078257450445	1236.7679803468359
182140637.533056	159577804252.615	50530269894.82459	7215226699.07996	-3676.347884575316	30120.94817920599	1236.0337153326752
182144237.533056	159564540219.79785	50638696060.40714	7219675098.504296	-3692.55802908354	30115.808954095144	1235.2992678174048
182147837.533056	159551217843.49832	50747103708.32944	7224120853.589915	-3708.760929631409	30110.660591784905	1234.5646383608298
182151437.533056	159537837149.80237	50855492805.71495	7228563963.682836	-3724.956581943773	30105.50310194086	1233.8298275222955
182155037.533056	159524398164.8113	50963863319.72196	7233004428.131088	-3741.144981758804	30100.336494227162	1233.0948358606868
182158637.533056	159510900914.64178	51072215217.54353	7237442246.284715	-3757.3261248279828	30095.160778306526	1232.359663934427
182162237.533056	159497345425.42572	51180548466.40751	7241877417.495768	-3773.500006916086	30089.9759638402	1231.6243123014792
182165837.533056	159483731723.31024	51288863033.576515	7246309941.118306	-3789.6666238011726	30084.78206048795	1230.8887815193439
182169437.533056	159470059834.45764	51397158886.347946	7250739816.508396	-3805.825971274571	30079.57907790805	1230.1530721450595
182173037.533056	159456329785.04538	51505435992.05396	7255167043.024108	-3821.978045140867	30074.36702575725	1229.4171847352018
182176637.533056	159442541601.26596	51613694318.06149	7259591620.025515	-3838.1228412178875	30069.145913690772	1228.6811198458838
182180237.533056	159428695309.32697	51721933831.77222	7264013546.87469	-3854.2603553366916	30063.915751362292	1227.9448780327546
182183837.533056	159414790935.4509	51830154500.62257	7268432822.935708	-3870.390583341554	30058.676548423915	1227.2084598509996
182187437.533056	159400828505.8752	51938356292.08372	7272849447.57464	-3886.513521089953	30053.42831452616	1226.4718658553397
182191037.533056	159386808046.8523	52046539173.66158	7277263420.1595545	-3902.6291644525586	30048.171059317952	1225.7350966000315
182194637.533056	159372729584.64935	52154703112.89681	7281674740.0605135	-3918.737509313217	30042.90479244659	1224.9981526388658
182198237.533056	159358593145.54837	52262848077.36478	7286083406.649571	-3934.8385515689383	30037.629523557738	1224.2610345251683
182201837.533056	159344398755.8461	52370974034.675575	7290489419.300775	-3950.932287129884	30032.345262295414	1223.5237428117982
182205437.533056	159330146441.85397	52479080952.47402	7294892777.39016	-3967.018711919353	30027.05201830196	1222.786278051149
182209037.533056	159315836229.8981	52587168798.43964	7299293480.295749	-3983.0978218737678	30021.749801218044	1222.048640795147
182212637.533056	159301468146.31915	52695237540.286644	7303691527.397552	-3999.1696129426628	30016.438620682613	1221.3108315952513
182216237.533056	159287042217.4724	52803287145.76397	7308086918.077562	-4015.2340810886694	30011.118486332907	1220.5728510024535
182219837.533056	159272558469.72766	52911317582.65523	7312479651.719758	-4031.291222287504	30005.789407804426	1219.8346995672773
182223437.533056	159258016929.46912	53019328818.77871	7316869727.710096	-4047.3410325279524	30000.451394730917	1219.096377839778
182227037.533056	159243417623.09543	53127320821.9874	7321257145.436514	-4063.38350781186	29995.104456744357	1218.3578863695416
182230637.533056	159228760577.01962	53235293560.16893	7325641904.288925	-4079.4186441541146	29989.748603474934	1217.6192257056857
182234237.533056	159214045817.66904	53343247001.24563	7330024003.659221	-4095.446437582636	29984.383844551037	1216.880396396858
182237837.533056	159199273371.4853	53451181113.17446	7334403442.941266	-4111.466884138361	29979.01018959923	1216.1413989912364
182241437.533056	159184443264.92422	53559095863.94706	7338780221.530899	-4127.479979875231	29973.627648244244	1215.4022340365284
182245037.533056	159169555524.45587	53666991221.58968	7343154338.825927	-4143.485720860177	29968.23623010896	1214.6629020799708
182248637.533056	159154610176.56442	53774867154.16325	7347525794.226129	-4159.4841031731075	29962.835944814382	1213.9234036683295
182252237.533056	159139607247.7481	53882723629.763306	7351894587.133248	-4175.475122906895	29957.426801979633	1213.1837393478988
182255837.533056	159124546764.51926	53990560616.520004	7356260716.950997	-4191.458776167363	29952.008811221935	1212.4439096645012
182259437.533056	159109428753.40414	54098378082.59814	7360624183.085052	-4207.435059073269	29946.581982156586	1211.7039151634874
182263037.533056	159094253240.943	54206175996.1971	7364984984.943048	-4223.403967756296	29941.146324396956	1210.963756389735
182266637.533056	159079020253.68997	54313954325.550896	7369343121.934584	-4239.365498361036	29935.701847554457	1210.223433887649
182270237.533056	159063729818.2131	54421713038.92812	7373698593.471217	-4255.3196470449775	29930.24856123854	1209.4829482011612
182273837.533056	159048381961.09418	54529452104.63197	7378051398.966463	-4271.2664099784915	29924.786475056666	1208.7422998737297
182277437.533056	159032976708.92874	54637171491.00022	7382401537.835791	-4287.205783344817	29919.3155986143	1208.0014894483388
182281037.533056	159017514088.32614	54744871166.40521	7386749009.496624	-4303.13776334005	29913.83594151489	1207.2605174674982
182284637.533056	159001994125.9093	54852551099.25386	7391093813.3683405	-4319.062346173127	29908.34751335986	1206.519384473243
182288237.533056	158986416848.31482	54960211257.987656	7395435948.872266	-4334.979528065812	29902.85032374857	1205.7780910071335
182291837.533056	158970782282.19287	55067851611.08262	7399775415.431675	-4350.889305252686	29897.344382278334	1205.0366376102543
182295437.533056	158955090454.20715	55175472127.04934	7404112212.471791	-4366.791673981131	29891.82969854437	1204.2950248232146
182299037.533056	158939341391.03485	55283072774.43293	7408446339.419782	-4382.686630511313	29886.30628213981	1203.5532531861472
182302637.533056	158923535119.36658	55390653521.81305	7412777795.704759	-4398.574171116174	29880.77414265567	1202.811323238709
182306237.533056	158907671665.90637	55498214337.80386	7417106580.757775	-4414.454292081416	29875.233289680844	1202.06923552008
182309837.533056	158891751057.3716	55605755191.05407	7421432694.011825	-4430.326989705487	29869.683732802077	1201.3269905689626
182313437.533056	158875773320.49295	55713276050.24686	7425756134.901838	-4446.192260299567	29864.125481603958	1200.5845889235825
182317037.533056	158859738482.0143	55820776884.09993	7430076902.864686	-4462.050100187556	29858.5585456689	1199.8420311216873
182320637.533056	158843646568.69284	55928257661.365486	7434394997.339171	-4477.9005057060585	29852.982934577125	1199.0993177005469
182324237.533056	158827497607.29886	56035718350.83019	7438710417.766031	-4493.74347320437	29847.39865790665	1198.3564491969523
182327837.533056	158811291624.61578	56143158921.31521	7443023163.5879345	-4509.578999044464	29841.805725233273	1197.6134261472164
182331437.533056	158795028647.4401	56250579341.676155	7447333234.249479	-4525.407079600977	29836.20414613055	1196.8702490871724
182335037.533056	158778708702.58133	56357979580.803116	7451640629.197192	-4541.227711261198	29830.593930169784	1196.1269185521749
182338637.533056	158762331816.862	56465359607.62063	7455945347.879527	-4557.04089042505	29824.975086920014	1195.3834350770983
182342237.533056	158745898017.11755	56572719391.08767	7460247389.7468605	-4572.8466135050785	29819.34762594799	1194.6397991963374
182345837.533056	158729407330.19635	56680058900.19766	7464546754.251494	-4588.64487692644	29813.71155681817	1193.8960114438066
182349437.533056	158712859782.95956	56787378103.97845	7468843440.847651	-4604.435677126883	29808.06688909269	1193.1520723529397
182353037.533056	158696255402.28116	56894676971.49229	7473137448.991469	-4620.21901055674	29802.41363233136	1192.4079824566895
182356637.533056	158679594215.0479	57001955471.83586	7477428778.141011	-4635.994873678908	29796.75179609165	1191.6637422875278
182360237.533056	158662876248.15927	57109213574.14024	7481717427.75625	-4651.76326296884	29791.081389928655	1190.919352377445
182363837.533056	158646101528.52734	57216451247.57091	7486003397.299077	-4667.524174914525	29785.402423395106	1190.1748132579494
182367437.533056	158629270083.0769	57323668461.327705	7490286686.233294	-4683.277606016482	29779.714906041343	1189.4301254600673
182371037.533056	158612381938.74524	57430865184.644875	7494567294.024612	-4699.023552787739	29774.018847415296	1188.685289514343
182374637.533056	158595437122.4822	57538041386.79102	7498845220.1406555	-4714.762011753824	29768.314257062477	1187.9403059508377
182378237.533056	158578435661.25015	57645197037.06911	7503120464.050953	-4730.492979452744	29762.601144525957	1187.19517529913
182381837.533056	158561377582.02383	57752332104.81644	7507393025.226938	-4746.216452434983	29756.87951934636	1186.4498980883147
182385437.533056	158544262911.7904	57859446559.40467	7511662903.141952	-4761.932427263476	29751.149391061845	1185.704474847004
182389037.533056	158527091677.5494	57966540370.2398	7515930097.271234	-4777.640900513602	29745.410769208083	1184.9589061033253
182392637.533056	158509863906.31268	58073613506.76213	7520194607.091926	-4793.341868773168	29739.66366331826	1184.2131923849224
182396237.533056	158492579625.1043	58180665938.44629	7524456432.083068	-4809.035328642397	29733.90808292304	1183.4673342189549
182399837.533056	158475238860.9606	58287697634.80121	7528715571.725597	-4824.72127673391	29728.14403755057	1182.7213321320974
182403437.533056	158457841640.93002	58394708565.37012	7532972025.502346	-4840.399709672714	29722.371536726452	1181.9751866505399
182407037.533056	158440387992.07318	58501698699.73053	7537225792.898039	-4856.070624096192	29716.590589973734	1181.228898299987
182410637.533056	158422877941.46277	58608668007.49424	7541476873.399293	-4871.734016654081	29710.801206812892	1180.4824676056578
182414237.533056	158405311516.1835	58715616458.30731	7545725266.4946165	-4887.389884008464	29705.00339676182	1179.735895092286
182417837.533056	158387688743.33212	58822544021.850075	7549970971.674404	-4903.038222833756	29699.19716933581	1178.9891812841192
182421437.533056	158370009650.0173	58929450667.8371	7554213988.430937	-4918.679029816685	29693.382534047545	1178.2423267049185
182425037.533056	158352274263.35962	59036336366.0172	7558454316.258382	-4934.312301656285	29687.559500407075	1177.4953318779585
182428637.533056	158334482610.49152	59143201086.173416	7562691954.652788	-4949.938035063875	29681.728077921805	1176.7481973260276
182432237.533056	158316634718.55722	59250044798.123024	7566926903.112086	-4965.5562267630485	29675.88827609649	1176.0009235714265
182435837.533056	158298730614.7128	59356867471.71751	7571159161.1360855	-4981.166873489661	29670.040104433214	1175.253511135969
182439437.533056	158280770326.12598	59463669076.84254	7575388728.226474	-4996.769971991813	29664.183572431364	1174.5059605409808
182443037.533056	158262753879.97623	59570449583.418	7579615603.886814	-5012.365519029835	29658.318689587635	1173.758272307301
182446637.533056	158244681303.45462	59677208961.39795	7583839787.622544	-5027.953511376278	29652.445465396002	1173.0104469552796
182450237.533056	158226552623.76382	59783947180.77062	7588061278.940974	-5043.533945815894	29646.563909347715	1172.2624850047787
182453837.533056	158208367868.11807	59890664211.55841	7592280077.351284	-5059.106819145627	29640.67403093128	1171.5143869751719
182457437.533056	158190127063.74313	59997360023.81787	7596496182.364523	-5074.672128174595	29634.775839632446	1170.7661533853438
182461037.533056	158171830237.8762	60104034587.63969	7600709593.493608	-5090.229869724077	29628.869344934184	1170.0177847536906
182464637.533056	158153477417.7659	60210687873.14869	7604920310.253322	-5105.780040627499	29622.954556316687	1169.2692815981188
182468237.533056	158135068630.67224	60317319850.50383	7609128332.160308	-5121.322637730421	29617.03148325734	1168.5206444360454
182471837.533056	158116603903.86658	60423930489.89818	7613333658.733074	-5136.85765789052	29611.10013523072	1167.7718737843977
182475437.533056	158098083264.63153	60530519761.5589	7617536289.491988	-5152.38509797758	29605.160521708578	1167.0229701596134
182479037.533056	158079506740.261	60637087635.74725	7621736223.959275	-5167.904954873471	29599.21265215981	1166.2739340776395
182482637.533056	158060874358.06	60743634082.75858	7625933461.659018	-5183.417225472144	29593.256536050474	1165.5247660539333
182486237.533056	158042186145.34485	60850159072.9223	7630128002.117151	-5198.9219066796095	29587.292182843743	1164.775466603461
182489837.533056	158023442129.44287	60956662576.60189	7634319844.861467	-5214.418995413926	29581.31960199991	1164.026036240698
182493437.533056	158004642337.6925	61063144564.194885	7638508989.421606	-5229.908488605185	29575.338802976374	1163.276475479629
182497037.533056	157985786797.44324	61169605006.13285	7642695435.329059	-5245.3903831954985	29569.34979522762	1162.526784833747
182500637.533056	157966875536.05548	61276043872.88139	7646879182.117163	-5260.864676138983	29563.352588205205	1161.7769648160536
182504237.533056	157947908580.90063	61382461134.94014	7651060229.321103	-5276.331364401744	29557.347191357756	1161.0270159390589
182507837.533056	157928885959.36102	61488856762.84272	7655238576.477907	-5291.790444961868	29551.333614130934	1160.276938714781
182511437.533056	157909807698.82977	61595230727.15676	7659414223.126447	-5307.2419148093995	29545.311865967444	1159.5267336547458
182515037.533056	157890673826.71085	61701582998.48389	7663587168.807432	-5322.685770946333	29539.281956307004	1158.7764012699872
182518637.533056	157871484370.41898	61807913547.459694	7667757413.063414	-5338.122010386596	29533.243894586343	1158.025942071046
182522237.533056	157852239357.37964	61914222344.75375	7671924955.438779	-5353.550630156037	29527.197690239183	1157.275356567971
182525837.533056	157832938815.029	62020509361.06958	7676089795.47975	-5368.971627292409	29521.14335269622	1156.524645270317
182529437.533056	157813582770.8138	62126774567.144646	7680251932.734383	-5384.384998845355	29515.08089138512	1155.773808687147
182533037.533056	157794171252.19153	62233017933.75034	7684411366.752565	-5399.790741876395	29509.010315730506	1155.0228473270297
182536637.533056	157774704286.63007	62339239431.692	7688568097.086015	-5415.188853458913	29502.931635153927	1154.2717616980406
182540237.533056	157755181901.60788	62445439031.80885	7692722123.288278	-5430.57933067814	29496.84485907387	1153.5205523077614
182543837.533056	157735604124.61392	62551616704.97403	7696873444.914725	-5445.962170631139	29490.749996905728	1152.7692196632802
182547437.533056	157715970983.14755	62657772422.09456	7701022061.522555	-5461.337370426795	29484.647058061797	1152.0177642711906
182551037.533056	157696282504.7185	62763906154.11135	7705167972.670788	-5476.704927185797	29478.536051951254	1151.266186637592
182554637.533056	157676538716.8469	62870017871.999176	7709311177.920263	-5492.064838040624	29472.416987980156	1150.5144872680896
182558237.533056	157656739647.0631	62976107546.76666	7713451676.833641	-5507.417100135533	29466.28987555141	1149.7626666677938
182561837.533056	157636885322.90784	63082175149.456276	7717589468.9754	-5522.761710626541	29460.154724064774	1149.0107253413203
182565437.533056	157616975771.93192	63188220651.14433	7721724553.911833	-5538.098666681415	29454.011542916844	1148.2586637927893
182569037.533056	157597011021.69644	63294244022.940956	7725856931.211046	-5553.427965479654	29447.860341501026	1147.5064825258264
182572637.533056	157576991099.77255	63400245235.99009	7729986600.442961	-5568.749604212475	29441.70112920754	1146.7541820435615
182576237.533056	157556916033.74155	63506224261.46947	7734113561.179305	-5584.063580082801	29435.533915423403	1146.0017628486294
182579837.533056	157536785851.19473	63612181070.590614	7738237812.993618	-5599.369890305246	29429.358709532404	1145.2492254431686
182583437.533056	157516600579.73346	63718115634.59883	7742359355.461245	-5614.668532106098	29423.17552091511	1144.4965703288221
182587037.533056	157496360246.969	63824027924.773186	7746478188.159336	-5629.959502723305	29416.984358948834	1143.7437980067368
182590637.533056	157476064880.52258	63929917912.42649	7750594310.666845	-5645.242799406466	29410.785233007642	1142.9909089775633
182594237.533056	157455714508.0253	64035785568.90531	7754707722.564527	-5660.518419416808	29404.578152462323	1142.2379037414562
182597837.533056	157435309157.11807	64141630865.589935	7758818423.434935	-5675.786360027179	29398.363126680386	1141.484782798073
182601437.533056	157414848855.45163	64247453773.89436	7762926412.862423	-5691.046618522031	29392.14016502604	1140.7315466465748
182605037.533056	157394333630.6865	64353254265.26631	7767031690.433139	-5706.299192197403	29385.909276860195	1139.978195785626
182608637.533056	157373763510.49283	64459032311.18717	7771134255.735025	-5721.544078360909	29379.670471540427	1139.224730713394
182612237.533056	157353138522.55054	64564787883.17204	7775234108.357819	-5736.781274331726	29373.423758420988	1138.4711519275486
182615837.533056	157332458694.5491	64670520952.76967	7779331247.893044	-5752.010777440574	29367.169146852782	1137.7174599252628
182619437.533056	157311724054.1876	64776231491.56246	7783425673.934017	-5767.232585029706	29360.906646183354	1136.963655203212
182623037.533056	157290934629.17468	64881919471.16648	7787517386.075839	-5782.44669445289	29354.63626575688	1136.2097382575741
182626637.533056	157270090447.2285	64987584863.231415	7791606383.915398	-5797.6531030753995	29348.358014914145	1135.455709584029
182630237.533056	157249191536.07663	65093227639.44057	7795692667.051365	-5812.851808273993	29342.071902992546	1134.7015696777585
182633837.533056	157228237923.45615	65198847771.510864	7799776235.084192	-5828.042807436905	29335.777939326068	1133.947319033447
182637437.533056	157207229637.11343	65304445231.19282	7803857087.616113	-5843.226097963826	29329.476133245276	1133.1929581452805
182641037.533056	157186166704.80426	65410019990.27052	7807935224.251138	-5858.401677265894	29323.166494077304	1132.4384875069466
182644637.533056	157165049154.29367	65515572020.56165	7812010644.595055	-5873.569542765677	29316.849031145837	1131.6839076116344
182648237.533056	157143877013.356	65621101293.91744	7816083348.2554245	-5888.729691897157	29310.523753771104	1130.9292189520347
182651837.533056	157122650309.77472	65726607782.22266	7820153334.841582	-5903.882122105717	29304.190671269862	1130.1744220203393
182655437.533056	157101369071.3426	65832091457.39561	7824220603.964634	-5919.026830848128	29297.84979295539	1129.4195173082412
182659037.533056	157080033325.86142	65937552291.38813	7828285155.237454	-5934.163815592532	29291.501128137465	1128.6645053069344
182662637.533056	157058643101.14215	66042990256.18556	7832346988.274686	-5949.29307381843	29285.144686122367	1127.9093865071143
182666237.533056	157037198425.00476	66148405323.80674	7836406102.692736	-5964.414603016663	29278.780476212854	1127.1541613989764
182669837.533056	157015699325.27826	66253797466.30398	7840462498.109776	-5979.528400689404	29272.408507708155	1126.3988304722172
182673437.533056	156994145829.8006	66359166655.76308	7844516174.14574	-5994.634464350139	29266.028789903954	1125.6433942160338
182677037.533056	156972537966.4187	66464512864.303276	7848567130.422321	-6009.732791523652	29259.641332092382	1124.8878531191237
182680637.533056	156950875762.98837	66569836064.07728	7852615366.562974	-6024.823379746013	29253.246143562003	1124.1322076696847
182684237.533056	156929159247.37424	66675136227.2712	7856660882.192905	-6039.906226564564	29246.843233597803	1123.3764583554146
182687837.533056	156907388447.44974	66780413326.1046	7860703676.939079	-6054.981329537901	29240.432611481177	1122.6206056635115
182691437.533056	156885563391.0971	66885667332.83042	7864743750.430213	-6070.048686235861	29234.01428648992	1121.8646500806735
182695037.533056	156863684106.20728	66990898219.73501	7868781102.296774	-6085.10829423951	29227.588267898216	1121.1085920930987
182698637.533056	156841750620.6799	67096105959.13809	7872815732.17098	-6100.160151141124	29221.154564976616	1120.3524321864843
182702237.533056	156819762962.42325	67201290523.39276	7876847639.686796	-6115.204254544178	29214.71318699204	1119.596170846028
182705837.533056	156797721159.35425	67306451884.885475	7880876824.479933	-6130.240602063331	29208.26414320776	1118.8398085564265
182709437.533056	156775625239.39832	67411590016.03601	7884903286.187844	-6145.269191324408	29201.807442883386	1118.0833458018762
182713037.533056	156753475230.48944	67516704889.29749	7888927024.449728	-6160.290019964391	29195.34309527485	1117.326783066073
182716637.533056	156731271160.57013	67621796477.15635	7892948038.906522	-6175.3030856314	29188.87110963441	1116.5701208322114
182720237.533056	156709013057.59128	67726864752.13232	7896966329.200901	-6190.308385984679	29182.39149521062	1115.8133595829859
182723837.533056	156686700949.5122	67831909686.77842	7900981894.977279	-6205.305918694585	29175.904261248335	1115.0564998005893
182727437.533056	156664334864.30063	67936931253.68095	7904994735.8818035	-6220.295681442568	29169.40941698869	1114.299541966714
182731037.533056	156641914829.93256	68041929425.459465	7909004851.562355	-6235.2776719211615	29162.906971669086	1113.5424865625512
182734637.533056	156619440874.39227	68146904174.76678	7913012241.668547	-6250.251887833964	29156.396934523193	1112.7853340687905
182738237.533056	156596913025.67236	68251855474.28892	7917016905.85172	-6265.218326895627	29149.87931478092	1112.0280849656203
182741837.533056	156574331311.7736	68356783296.745155	7921018843.764944	-6280.176986831838	29143.354121668413	1111.2707397327279
182745437.533056	156551695760.70486	68461687614.887955	7925018055.063015	-6295.127865379309	29136.82136440805	1110.513298849299
182749037.533056	156529006400.48325	68566568401.502975	7929014539.402452	-6310.070960285759	29130.281052218415	1109.7557627940178
182752637.533056	156506263259.13388	68671425629.409065	7933008296.4415	-6325.006269309901	29123.733194314304	1108.9981320450668
182756237.533056	156483466364.68997	68776259271.45824	7936999325.840118	-6339.9337902214265	29117.177799906694	1108.2404070801267
182759837.533056	156460615745.1927	68881069300.53564	7940987627.259991	-6354.8535208009935	29110.61487820275	1107.4825883763767
182763437.533056	156437711428.69125	68985855689.55959	7944973200.364514	-6369.765458840207	29104.0444384058	1106.724676410494
182767037.533056	156414753443.24274	69090618411.48149	7948956044.818803	-6384.669602141609	29097.466489715338	1105.966671658654
182770637.533056	156391741816.91214	69195357439.2859	7952936160.289684	-6399.565948518662	29090.881041327004	1105.2085745965296
182774237.533056	156368676577.7723	69300072745.99045	7956913546.445696	-6414.454495795731	29084.28810243257	1104.4503856992924
182777837.533056	156345557753.90393	69404764304.64584	7960888202.957087	-6429.3352418080785	29077.687682219934	1103.6921054416114
182781437.533056	156322385373.39542	69509432088.33588	7964860129.495812	-6444.2081844018385	29071.07978987311	1102.9337342976535
182785037.533056	156299159464.34293	69614076070.17738	7968829325.735535	-6459.073321434009	29064.46443457222	1102.1752727410833
182788637.533056	156275880054.85034	69718696223.32025	7972795791.351621	-6473.930650772436	29057.84162549347	1101.4167212450632
182792237.533056	156252547173.02914	69823292520.9474	7976759526.021139	-6488.780170295797	29051.211371809153	1100.6580802822532
182795837.533056	156229160846.9985	69927864936.27475	7980720529.422859	-6503.621877893588	29044.57368268763	1099.8993503248107
182799437.533056	156205721104.88513	70032413442.55122	7984678801.23725	-6518.45577146611	29037.92856729333	1099.1405318443908
182803037.533056	156182227974.82327	70136938013.05873	7988634341.146477	-6533.28184892445	29031.27603478672	1098.3816253121458
182806637.533056	156158681484.9547	70241438621.11215	7992587148.8344	-6548.100108190472	29024.616094324312	1097.622631198726
182810237.533056	156135081663.42862	70345915240.05931	7996537223.986574	-6562.910547196799	29017.94875505865	1096.863549974278
182813837.533056	156111428538.40167	70450367843.28099	8000484566.290245	-6577.713163886798	29011.274026138286	1096.1043821084468
182817437.533056	156087722138.03787	70554796404.1909	8004429175.434348	-6592.5079562145675	29004.591916707792	1095.3451280703741
182821037.533056	156063962490.5086	70659200896.23566	8008371051.109508	-6607.294922144922	28997.902435907723	1094.585788328699
182824637.533056	156040149623.99255	70763581292.89476	8012310193.008033	-6622.074059653375	28991.205592874627	1093.8263633515573
182828237.533056	156016283566.67563	70867937567.68063	8016246600.823917	-6636.84536672613	28984.501396741027	1093.0668536065828
182831837.533056	155992364346.75104	70972269694.13853	8020180274.252839	-6651.608841360059	28977.789856635412	1092.3072595609053
182835437.533056	155968391992.41916	71076577645.84659	8024111212.992155	-6666.364481562693	28971.070981682224	1091.5475816811527
182839037.533056	155944366531.88748	71180861396.41577	8028039416.740902	-6681.112285352206	28964.344781001844	1090.7878204334493
182842637.533056	155920287993.37067	71285120919.48987	8031964885.199793	-6695.852250757398	28957.611263710598	1090.0279762834164
182846237.533056	155896156405.09042	71389356188.74548	8035887618.071218	-6710.584375817684	28950.870438920727	1089.2680496961725
182849837.533056	155871971795.2755	71493567177.89203	8039807615.059238	-6725.308658583079	28944.122315740387	1088.5080411363328
182853437.533056	155847734192.1617	71597753860.67168	8043724875.869589	-6740.025097114178	28937.36690327364	1087.7479510680096
182857037.533056	155823443623.9917	71701916210.85938	8047639400.209674	-6754.733689482148	28930.604210620437	1086.9877799548117
182860637.533056	155799100119.01514	71806054202.26283	8051551187.788566	-6769.434433768712	28923.834246876617	1086.227528259845
182864237.533056	155774703705.48856	71910167808.72249	8055460238.317002	-6784.127328066129	28917.057021133885	1085.4671964457123
182867837.533056	155750254411.67532	72014257004.11151	8059366551.507386	-6798.812370477187	28910.27254247981	1084.7067849745129
182871437.533056	155725752265.84564	72118321762.33575	8063270127.073784	-6813.489559115184	28903.48081999782	1083.946294307843
182875037.533056	155701197296.27646	72222362057.3338	8067170964.731921	-6828.158892103915	28896.68186276718	1083.1857249067955
182878637.533056	155676589531.2515	72326377863.07687	8071069064.199184	-6842.820367577653	28889.875679862984	1082.4250772319601
182882237.533056	155651928999.06113	72430369153.5689	8074964425.194615	-6857.473983681141	28883.062280356153	1081.6643517434231
182885837.533056	155627215728.00244	72534335902.8464	8078857047.438912	-6872.119738569574	28876.24167331342	1080.9035489007676
182889437.533056	155602449746.3791	72638278084.97859	8082746930.654427	-6886.757630408583	28869.41386779732	1080.1426691630732
182893037.533056	155577631082.50134	72742195674.06725	8086634074.565163	-6901.387657374224	28862.578872866183	1079.3817129889162
182896637.533056	155552759764.686	72846088644.2468	8090518478.896773	-6916.009817652958	28855.736697574117	1078.6206808363697
182900237.533056	155527835821.2564	72949956969.68422	8094400143.37656	-6930.624109441643	28848.887350971007	1077.8595731630035
182903837.533056	155502859280.54236	73053800624.57907	8098279067.733471	-6945.230530947513	28842.0308421025	1077.0983904258837
182907437.533056	155477830170.88007	73157619583.16348	8102155251.698098	-6959.829080388169	28835.167180009998	1076.3371330815733
182911037.533056	155452748520.61215	73261413819.70212	8106028695.002677	-6974.41975599156	28828.296373730645	1075.5758015861318
182914637.533056	155427614358.08765	73365183308.49216	8109899397.3810835	-6989.0025559959695	28821.41843229732	1074.8143963951154
182918237.533056	155402427711.6618	73468928023.86331	8113767358.568833	-7003.577478650002	28814.533364738625	1074.0529179635769
182921837.533056	155377188609.69626	73572647940.17776	8117632578.303079	-7018.1445222125685	28807.64118007888	1073.2913667460657
182925437.533056	155351897080.55887	73676343031.83018	8121495056.322607	-7032.703684952869	28800.74188733811	1072.529743196628
182929037.533056	155326553152.62366	73780013273.24771	8125354792.367841	-7047.25496515038	28793.835495532032	1071.7680477688064
182932637.533056	155301156854.27087	73883658638.88994	8129211786.180833	-7061.79836109484	28786.92201367205	1071.0062809156402
182936237.533056	155275708213.8869	73987279103.24889	8133066037.505266	-7076.333871086236	28780.001450765252	1070.2444430896653
182939837.533056	155250207259.86423	74090874640.849	8136917546.086453	-7090.861493434786	28773.073815814387	1069.4825347429144
182943437.533056	155224654020.60138	74194445226.2471	8140766311.671332	-7105.381226460926	28766.139117817864	1068.7205563269167
182947037.533056	155199048524.5029	74297990834.03242	8144612334.008466	-7119.893068495294	28759.19736576974	1067.9585082926983
182950637.533056	155173390799.97937	74401511438.82657	8148455612.848039	-7134.397017878718	28752.248568659714	1067.1963910907818
182954237.533056	155147680875.44733	74505007015.28348	8152296147.941858	-7148.893072962198	28745.29273547311	1066.4342051711867
182957837.533056	155121918779.32916	74608477538.08946	8156133939.043349	-7163.3812321068945	28738.329875190877	1065.6719509834288
182961437.533056	155096104540.05322	74711922981.96312	8159968985.907556	-7177.861493684112	28731.359996789575	1064.9096289765212
182965037.533056	155070238186.05365	74815343321.65538	8163801288.291136	-7192.333856075285	28724.383109241364	1064.147239598973
182968637.533056	155044319745.77042	74918738531.94945	8167630845.952361	-7206.798317671964	28717.399221514	1063.3847832987913
182972237.533056	155018349247.64926	75022108587.66083	8171457658.651116	-7221.254876875797	28710.40834257082	1062.6222605234789
182975837.533056	154992326720.14166	75125453463.63725	8175281726.148896	-7235.7035320985215	28703.410481370738	1061.8596717200357
182979437.533056	154966252191.7048	75228773134.75873	8179103048.208803	-7250.1442817619445	28696.405646868236	1061.097017334959
182983037.533056	154940125690.8015	75332067575.93748	8182921624.595546	-7264.577124297931	28689.393848013347	1060.3342978142423
182986637.533056	154913947245.90027	75435336762.11794	8186737455.075438	-7279.002058148385	28682.375093751656	1059.5715136033764
182990237.533056	154887716885.47513	75538580668.27673	8190550539.416396	-7293.419081765242	28675.349393024288	1058.808665147349
182993837.533056	154861434638.00568	75641799269.42268	8194360877.3879385	-7307.828193610447	28668.316754767893	1058.045752890645
182997437.533056	154835100531.97708	75744992540.59676	8198168468.761181	-7322.229392155944	28661.277187914646	1057.2827772772457
183001037.533056	154808714595.87994	75848160456.87207	8201973313.308839	-7336.622675883662	28654.230701392233	1056.51973875063
183004637.533056	154782276858.21033	75951302993.35388	8205775410.805222	-7351.0080432854975	28647.17730412384	1055.7566377537737
183008237.533056	154755787347.4697	76054420125.17957	8209574761.026233	-7365.385492863302	28640.117005028158	1054.99347472915
183011837.533056	154729246092.1649	76157511827.51859	8213371363.749369	-7379.755023128866	28633.04981301935	1054.2302501187287
183015437.533056	154702653120.8081	76260578075.5725	8217165218.753715	-7394.116632603906	28625.97573700706	1053.4669643639775
183019037.533056	154676008461.91684	76363618844.57492	8220956325.819945	-7408.470319820047	28618.894785896406	1052.703617905861
183022637.533056	154649312144.01385	76466634109.79152	8224744684.730322	-7422.816083318812	28611.80696858796	1051.940211184841
183026237.533056	154622564195.62714	76569623846.51999	8228530295.268689	-7437.153921651605	28604.712293977747	1051.176744640877
183029837.533056	154595764645.2899	76672588030.09006	8232313157.220476	-7451.483833379695	28597.610770957235	1050.4132187134255
183033437.533056	154568913521.54044	76775526635.86345	8236093270.372692	-7465.805817074205	28590.502408413322	1049.6496338414408
183037037.533056	154542010852.92227	76878439639.23387	8239870634.5139265	-7480.119871316094	28583.387215228333	1048.8859904633746
183040637.533056	154515056667.98398	76981327015.62698	8243645249.434346	-7494.425994696143	28576.26520028001	1048.122289017176
183044237.533056	154488050995.27917	77084188740.50041	8247417114.9256935	-7508.724185814944	28569.136372441502	1047.3585299402916
183047837.533056	154460993863.3665	77187024789.34373	8251186230.781284	-7523.01444328288	28562.000740581363	1046.5947136696664
183051437.533056	154433885300.80957	77289835137.67842	8254952596.796006	-7537.296765720114	28554.85831356353	1045.830840641742
183055037.533056	154406725336.177	77392619761.05785	8258716212.766319	-7551.571151756574	28547.709100247328	1045.0669112924588
183058637.533056	154379513998.04224	77495378635.06728	8262477078.49025	-7565.837600031936	28540.553109487453	1044.3029260572544
183062237.533056	154352251314.9837	77598111735.32385	8266235193.76739	-7580.096109195612	28533.390350133966	1043.5388853710645
183065837.533056	154324937315.5846	77700819037.47655	8269990558.398901	-7594.346677906736	28526.220831032293	1042.7747896683227
183069437.533056	154297572028.43292	77803500517.20619	8273743172.187503	-7608.589304834145	28519.044561023205	1042.0106393829608
183073037.533056	154270155482.12152	77906156150.22543	8277493034.937479	-7622.823988656371	28511.861548942812	1041.2464349484083
183076637.533056	154242687705.2479	78008785912.2787	8281240146.454672	-7637.050728061618	28504.67180362256	1040.4821767975932
183080237.533056	154215168726.41434	78111389779.14223	8284984506.546481	-7651.2695217477585	28497.475333889222	1039.7178653629417
183083837.533056	154187598574.22772	78213967726.624	8288726115.021863	-7665.480368422307	28490.272148564884	1038.953501076378
183087437.533056	154159977277.29965	78316519730.56377	8292464971.691327	-7679.683266802414	28483.06225646694	1038.189084369325
183091037.533056	154132304864.24625	78419045766.83301	8296201076.366935	-7693.878215614849	28475.845666408084	1037.4246156727036
183094637.533056	154104581363.68823	78521545811.33492	8299934428.862299	-7708.065213595983	28468.62238719631	1036.6600954169337
183098237.533056	154076806804.25085	78624019840.0044	8303665028.992581	-7722.2442594917775	28461.392427634884	1035.8955240319335
183101837.533056	154048981214.56387	78726467828.80803	8307392876.57449	-7736.415352057769	28454.155796522362	1035.1309019471198
183105437.533056	154021104623.2615	78828889753.74405	8311117971.426276	-7750.578490059055	28446.912502652558	1034.3662295914082
183109037.533056	153993177058.9824	78931285590.84236	8314840313.367737	-7764.7336722702785	28439.66255481455	1033.601507393213
183112637.533056	153965198550.36957	79033655316.16449	8318559902.22021	-7778.880897475612	28432.40596179267	1032.8367357804477
183116237.533056	153937169126.07043	79135998905.80357	8322276737.806572	-7793.020164468746	28425.14273236649	1032.0719151805245
183119837.533056	153909088814.7367	79238316335.88437	8325990819.951238	-7807.151472052873	28417.87287531083	1031.3070460203544
183123437.533056	153880957645.02438	79340607582.56319	8329702148.480158	-7821.274819040674	28410.596399395727	1030.5421287263482
183127037.533056	153852775645.59375	79442872622.02791	8333410723.220818	-7835.3902042543	28403.313313386443	1029.7771637244155
183130637.533056	153824542845.10928	79545111430.49797	8337116544.002234	-7849.497626525365	28396.023626043454	1029.0121514399652
183134237.533056	153796259272.2397	79647323984.22433	8340819610.654956	-7863.597084694923	28388.727346122443	1028.2470922979057
183137837.533056	153767924955.65778	79749510259.48947	8344519923.011059	-7877.6885776134595	28381.42448237429	1027.481986722645
183141437.533056	153739539924.04053	79851670232.60735	8348217480.904147	-7891.772104140875	28374.11504354506	1026.7168351380903
183145037.533056	153711104206.06897	79953803879.9234	8351912284.16935	-7905.847663146469	28366.79903837602	1025.9516379676488
183148637.533056	153682617830.42822	80055911177.81453	8355604332.643318	-7919.915253508929	28359.476475603587	1025.1863956342274
183152237.533056	153654080825.8074	80157992102.6891	8359293626.1642275	-7933.974874116312	28352.14736395936	1024.4211085602328
183155837.533056	153625493220.89963	80260046630.98688	8362980164.57177	-7948.026523866034	28344.811712170096	1023.6557771675717
183159437.533056	153596855044.40192	80362074739.17903	8366663947.707157	-7962.070201664851	28337.469528957707	1022.8904018776509
183163037.533056	153568166325.0153	80464076403.76813	8370344975.413117	-7976.105906428849	28330.120823039244	1022.1249831113772
183166637.533056	153539427091.44458	80566051601.28812	8374023247.533892	-7990.133637083428	28322.7656031269	1021.3595212891578
183170237.533056	153510637372.3985	80668000308.30429	8377698763.9152355	-8004.153392563284	28315.403877927994	1020.5940168309002
183173837.533056	153481797196.5896	80769922501.4133	8381371524.404414	-8018.1651718124	28308.035656144977	1019.8284701560123
183177437.533056	153452906592.7342	80871818157.24307	8385041528.850202	-8032.16897378403	28300.660946475407	1019.0628816834026
183181037.533056	153423965589.55234	80973687252.45288	8388708777.10288	-8046.16479744068	28293.279757611952	1018.2972518314804
183184637.533056	153394974215.76782	81075529763.73326	8392373269.014235	-8060.1526417541	28285.892098242384	1017.5315810181555
183188237.533056	153365932500.10812	81177345667.80603	8396035004.437557	-8074.132505705265	28278.497977049567	1016.7658696608389
183191837.533056	153336840471.30438	81279134941.42424	8399693983.22764	-8088.104388284364	28271.09740271145	1016.0001181764422
183195437.533056	153307698158.09134	81380897561.37218	8403350205.240775	-8102.068288490783	28263.690383901063	1015.2343269813786
183199037.533056	153278505589.2073	81482633504.46536	8407003670.334752	-8116.024205333089	28256.276929286505	1014.468496491562
183202637.533056	153249262793.39417	81584342747.55048	8410654378.368858	-8129.972137829022	28248.857047530946	1013.7026271224078
183206237.533056	153219969799.3973	81686025267.5054	8414302329.203876	-8143.912085005473	28241.43074729261	1012.9367192888329
183209837.533056	153190626635.96567	81787681041.23918	8417947522.702078	-8157.844045898474	28233.998037224766	1012.1707734052559
183213437.533056	153161233331.85153	81889310045.692	8421589958.72723	-8171.768019553183	28226.558925975743	1011.4047898855966
183217037.533056	153131789915.8107	81990912257.83516	8425229637.144587	-8185.684005023868	28219.11342218889	1010.6387691432772
183220637.533056	153102296416.6023	82092487654.67108	8428866557.820889	-8199.592001373894	28211.661534502593	1009.8727115912211
183224237.533056	153072752862.98886	82194036213.23326	8432500720.624367	-8213.49200767571	28204.20327155026	1009.1066176418543
183227837.533056	153043159283.7362	82295557910.58627	8436132125.424728	-8227.38402301083	28196.73864196032	1008.3404877071047
183231437.533056	153013515707.61343	82397052723.82576	8439760772.093169	-8241.268046469824	28189.2676543562	1007.5743221984022
183235037.533056	152983822163.39294	82498520630.07837	8443386660.502361	-8255.144077152298	28181.790317356335	1006.8081215266797
183238637.533056	152954078679.85034	82599961606.50179	8447009790.526458	-8269.012114166884	28174.306639574155	1006.041886102372
183242237.533056	152924285285.7644	82701375630.2847	8450630162.041087	-8282.872156631227	28166.816629618083	1005.275616335417
183245837.533056	152894442009.9171	82802762678.64676	8454247774.923353	-8296.724203671962	28159.32029609151	1004.509312635255
183249437.533056	152864548881.09354	82904122728.8386	8457862629.051832	-8310.56825442471	28151.81764759282	1003.7429754108294
183253037.533056	152834605928.08185	83005455758.14177	8461474724.306572	-8324.404308034058	28144.308692715345	1002.9766050705866
183256637.533056	152804613179.67328	83106761743.86879	8465084060.569091	-8338.232363653546	28136.793440047397	1002.2102020224761
183260237.533056	152774570664.66214	83208040663.36307	8468690637.722373	-8352.052420445649	28129.271898172232	1001.4437666739506
183263837.533056	152744478411.84567	83309292493.99889	8472294455.65087	-8365.86447758177	28121.744075668055	1000.6772994319663
183267437.533056	152714336450.02414	83410517213.18141	8475895514.240499	-8379.66853424222	28114.209981108015	999.910800702983
183271037.533056	152684144808.0007	83511714798.34668	8479493813.378634	-8393.464589616207	28106.669623060192	999.1442708929642
183274637.533056	152653903514.58142	83612885226.96153	8483089352.954117	-8407.252642901818	28099.1230100876	998.377710407377
183278237.533056	152623612598.57526	83714028476.52367	8486682132.857243	-8421.032693306006	28091.570150748168	997.6111196511927
183281837.533056	152593272088.794	83815144524.56154	8490272152.979766	-8434.804740044578	28084.011053594746	996.8444990288865
183285437.533056	152562882014.05228	83916233348.63443	8493859413.214896	-8448.568782342176	28076.44572717509	996.0778489444381
183289037.533056	152532442403.16742	84017294926.33234	8497443913.457295	-8462.32481943227	28068.874180031857	995.3111698013314
