192365184.081024	-13477748963.225777	227752741055.68942	9789841349.640654	-22116.560472375135	3311.780776047113	-537.359615241166
192368784.081024	-13557367604.146147	227764647022.72015	9787906146.931326	-22116.017303763154	3302.6456030226736	-537.7529741452715
192372384.081024	-13636984284.12042	227776520105.83765	9785969528.420519	-22115.471058108636	3293.511935399522	-538.1461716245739
192375984.081024	-13716598992.073738	227788360310.46182	9784031494.689299	-22114.921736795037	3284.379773443557	-538.5392077139745
192379584.081024	-13796211716.936214	227800167642.01355	9782092046.318605	-22114.369341204907	3275.2491174201004	-538.9320824483879
192383184.081024	-13875822447.64294	227811942105.91467	9780151183.889256	-22113.813872719886	3266.119967593895	-539.3247958627411
192386784.081024	-13955431173.133982	227823683707.58798	9778208907.981937	-22113.25533272071	3256.9923242291075	-539.7173479919743
192390384.081024	-14035037882.35437	227835392452.45718	9776265219.177214	-22112.693722587203	3247.8661875893276	-540.1097388710401
192393984.081024	-14114642564.254105	227847068345.947	9774320118.055523	-22112.12904369828	3238.7415579375715	-540.5019685349042
192397584.081024	-14194245207.788145	227858711393.48303	9772373605.197178	-22111.561297431963	3229.618435536281	-540.8940370185452
192401184.081024	-14273845801.916414	227870321600.49188	9770425681.182364	-22110.990485165355	3220.496820647326	-541.2859443569546
192404784.081024	-14353444335.603786	227881898972.40103	9768476346.59114	-22110.41660827466	3211.3767135320036	-541.6776905851368
192408384.081024	-14433040797.820093	227893443514.63895	9766525602.00344	-22109.83966813517	3202.258114451042	-542.0692757381095
192411984.081024	-14512635177.540112	227904955232.63504	9764573447.999073	-22109.259666121277	3193.1410236645975	-542.4606998509031
192415584.081024	-14592227463.743567	227916434131.8196	9762619885.15772	-22108.67660360647	3184.02544143226	-542.8519629585614
192419184.081024	-14671817645.415125	227927880217.62393	9760664914.058937	-22108.090481963325	3174.911368013051	-543.2430650961414
192422784.081024	-14751405711.544395	227939293495.4802	9758708535.28215	-22107.501302563523	3165.798803665425	-543.634006298713
192426384.081024	-14830991651.12592	227950673970.82153	9756750749.406666	-22106.909066777836	3156.6877486472717	-544.0247866013592
192429984.081024	-14910575453.159176	227962021649.08197	9754791557.011658	-22106.313775976138	3147.5782032159163	-544.4154060391766
192433584.081024	-14990157106.648571	227973336535.6965	9752830958.676178	-22105.71543152739	3138.47016762812	-544.8058646472749
192437184.081024	-15069736600.603437	227984618636.101	9750868954.97915	-22105.11403479966	3129.363642140083	-545.1961624607773
192440784.081024	-15149313924.038034	227995867955.73233	9748905546.499372	-22104.509587160104	3120.258627007442	-545.5862995148202
192444384.081024	-15228889065.971537	228007084500.0282	9746940733.815514	-22103.90208997499	3111.1551224852756	-545.9762758445536
192447984.081024	-15308462015.428038	228018268274.42728	9744974517.506119	-22103.291544609667	3102.0531288281013	-546.3660914851407
192451584.081024	-15388032761.436546	228029419284.3691	9743006898.149605	-22102.677952428596	3092.952646289879	-546.7557464717585
192455184.081024	-15467601293.030981	228040537535.29422	9741037876.324265	-22102.06131479533	3083.853675124011	-547.1452408395971
192458784.081024	-15547167599.250166	228051623032.64398	9739067452.608261	-22101.44163307252	3074.7562155833434	-547.5345746238607
192462384.081024	-15626731669.13783	228062675781.8607	9737095627.579632	-22100.818908621924	3065.660267920168	-547.9237478597669
192465984.081024	-15706293491.742603	228073695788.38757	9735122401.816286	-22100.19314280439	3056.5658323862212	-548.3127605825468
192469584.081024	-15785853056.118013	228084683057.66873	9733147775.89601	-22099.56433697987	3047.4729092326866	-548.7016128274455
192473184.081024	-15865410351.322481	228095637595.1492	9731171750.39646	-22098.93249250742	3038.3814987101955	-549.0903046297218
192476784.081024	-15944965366.41932	228106559406.2749	9729194325.895164	-22098.297610745194	3029.2916010688286	-549.4788360246481
192480384.081024	-16024518090.476728	228117448496.49265	9727215502.969528	-22097.659693050442	3020.203216558116	-549.8672070475109
192483984.081024	-16104068512.567791	228128304871.25015	9725235282.196827	-22097.018740779524	3011.116345427038	-550.2554177336104
192487584.081024	-16183616621.770475	228139128535.99606	9723253664.15421	-22096.3747552879	3002.030987924028	-550.6434681182609
192491184.081024	-16263162407.167625	228149919496.17987	9721270649.418695	-22095.727737930123	2992.947144296972	-551.0313582367907
192494784.081024	-16342705857.846958	228160677757.25195	9719286238.56718	-22095.07769005986	2983.86481479321	-551.4190881245419
192498384.081024	-16422246962.901064	228171403324.66364	9717300432.176434	-22094.424613029878	2974.7839996595367	-551.8066578168709
192501984.081024	-16501785711.427402	228182096203.86707	9715313230.823092	-22093.76850819204	2965.7046991422035	-552.1940673491484
192505584.081024	-16581322092.528297	228192756400.3153	9713324635.08367	-22093.109376897315	2956.6269134869176	-552.581316756759
192509184.081024	-16660856095.310934	228203383919.4623	9711334645.534552	-22092.447220495782	2947.5506429388456	-552.9684060751015
192512784.081024	-16740387708.887358	228213978766.7629	9709343262.751995	-22091.782040336617	2938.4758877426125	-553.3553353395891
192516384.081024	-16819916922.374466	228224540947.6728	9707350487.31213	-22091.113837768098	2929.402648142304	-553.7421045856495
192519984.081024	-16899443724.894012	228235070467.64856	9705356319.790958	-22090.442614137617	2920.3309243814656	-554.1287138487245
192523584.081024	-16978968105.572598	228245567332.14764	9703360760.764357	-22089.768370791666	2911.2607167031065	-554.5151631642705
192527184.081024	-17058490053.541668	228256031546.62842	9701363810.808071	-22089.091109075838	2902.1920253496987	-554.9014525677584
192530784.081024	-17138009557.937513	228266463116.55005	9699365470.49772	-22088.410830334837	2893.124850563178	-555.2875820946737
192534384.081024	-17217526607.90126	228276862047.37265	9697365740.408798	-22087.72753591247	2884.0591925849453	-555.6735517805164
192537984.081024	-17297041192.578876	228287228344.55713	9695364621.116667	-22087.04122715165	2874.9950516558683	-556.0593616608011
192541584.081024	-17376553301.12116	228297562013.5653	9693362113.196564	-22086.3519053944	2865.932428016282	-556.4450117710572
192545184.081024	-17456062922.68373	228307863059.85986	9691358217.223597	-22085.659571981843	2856.871321905989	-556.8305021468291
192548784.081024	-17535570046.427048	228318131488.90436	9689352933.772745	-22084.96422825421	2847.8117335642623	-557.2158328236754
192552384.081024	-17615074661.516388	228328367306.16315	9687346263.418861	-22084.26587555085	2838.7536632298443	-557.6010038371704
192555984.081024	-17694576757.12185	228338570517.1015	9685338206.73667	-22083.564515210204	2829.697111140949	-557.9860152229028
192559584.081024	-17774076322.418343	228348741127.18555	9683328764.300766	-22082.86014856983	2820.642077535262	-558.3708670164763
192563184.081024	-17853573346.585598	228358879141.88223	9681317936.685617	-22082.15277696639	2811.588562649944	-558.7555592535098
192566784.081024	-17933067818.80815	228368984566.6594	9679305724.465565	-22081.44240173566	2802.5365667216283	-559.1400919696373
192570384.081024	-18012559728.275345	228379057406.9857	9677292128.214819	-22080.72902421252	2793.4860899864248	-559.524465200508
192573984.081024	-18092049064.18133	228389097668.33063	9675277148.507462	-22080.012645730956	2784.437132679919	-559.9086789817861
192577584.081024	-18171535815.72506	228399105356.16458	9673260785.917446	-22079.29326762407	2775.3896950371745	-560.2927333491516
192581184.081024	-18251019972.110275	228409080475.95877	9671243041.0186	-22078.570891224073	2766.3437772927327	-560.6766283382993
192584784.081024	-18330501522.54552	228419023033.18524	9669223914.38462	-22077.84551786228	2757.2993796806145	-561.06036398494
192588384.081024	-18409980456.244125	228428933033.3169	9667203406.589077	-22077.11714886912	2748.256502434321	-561.4439403247992
192591984.081024	-18489456762.424213	228438810481.82748	9665181518.205408	-22076.38578557414	2739.215145786836	-561.8273573936186
192595584.081024	-18568930430.30869	228448655384.19156	9663158249.806925	-22075.651429305984	2730.175309970624	-562.2106152271552
192599184.081024	-18648401449.12524	228458467745.88455	9661133601.966812	-22074.914081392413	2721.1369952176337	-562.5937138611818
192602784.081024	-18727869808.10633	228468247572.3827	9659107575.258121	-22074.173743160303	2712.1002017592987	-562.9766533314867
192606384.081024	-18807335496.489204	228477994869.16306	9657080170.253778	-22073.43041593564	2703.0649298265375	-563.3594336738743
192609984.081024	-18886798503.51587	228487709641.70355	9655051387.526579	-22072.68410104352	2694.031179649756	-563.7420549241647
192613584.081024	-18966258818.433105	228497391895.4829	9653021227.64919	-22071.93479980815	2684.9989514588456	-564.124517118194
192617184.081024	-19045716430.492462	228507041635.9807	9650989691.194153	-22071.182513552856	2675.968245483188	-564.5068202918142
192620784.081024	-19125171328.95025	228516658868.67734	9648956778.733871	-22070.427243600072	2666.9390619516544	-564.8889644808933
192624384.081024	-19204623503.06753	228526243599.054	9646922490.840628	-22069.66899127135	2657.9114010926055	-565.2709497213154
192627984.081024	-19284072942.110134	228535795832.59268	9644886828.086573	-22068.907757887344	2648.885263133894	-565.6527760489812
192631584.081024	-19363519635.348637	228545315574.7763	9642849791.043728	-22068.143544767838	2639.8606483028652	-566.0344434998071
192635184.081024	-19442963572.058365	228554802831.0885	9640811380.283983	-22067.376353231717	2630.837556826358	-566.4159521097263
192638784.081024	-19522404741.51939	228564257607.01376	9638771596.379103	-22066.60618459699	2621.815988930706	-566.797301914688
192642384.081024	-19601843133.016525	228573679908.03738	9636730439.90072	-22065.833040180773	2612.7959448417387	-567.1784929506581
192645984.081024	-19681278735.839333	228583069739.64548	9634687911.420338	-22065.056921299303	2603.7774247847806	-567.559525253619
192649584.081024	-19760711539.2821	228592427107.32495	9632644011.50933	-22064.27782926793	2594.760428984656	-567.9403988595697
192653184.081024	-19840141532.64386	228601752016.56354	9630598740.738943	-22063.495765401116	2585.744957665686	-568.3211138045258
192656784.081024	-19919568705.228363	228611044472.8498	9628552099.680288	-22062.71073101245	2576.731011051693	-568.70167012452
192660384.081024	-19998993046.344097	228620304481.67303	9626504088.904352	-22061.922727414625	2567.7185893659985	-569.0820678556014
192663984.081024	-20078414545.30427	228629532048.5234	9624454708.98199	-22061.13175591946	2558.7076928314273	-569.4623070338363
192667584.081024	-20157833191.426815	228638727178.89188	9622403960.483929	-22060.337817837884	2549.6983216703056	-569.8423876953078
192671184.081024	-20237248974.034374	228647889878.27017	9620351843.98076	-22059.54091447995	2540.690476104464	-570.2223098761162
192674784.081024	-20316661882.45431	228657020152.15082	9618298360.042953	-22058.741047154817	2531.6841563552375	-570.602073612379
192678384.081024	-20396071906.0187	228666118006.02716	9616243509.24084	-22057.938217170773	2522.6793626434674	-570.9816789402305
192681984.081024	-20475479034.06432	228675183445.39334	9614187292.14463	-22057.13242583522	2513.6760951895008	-571.3611258958227
192685584.081024	-20554883255.93266	228684216475.7443	9612129709.324394	-22056.323674454678	2504.6743542131935	-571.740414515325
192689184.081024	-20634284560.969906	228693217102.5757	9610070761.350079	-22055.511964334786	2495.67413993391	-572.1195448349241
192692784.081024	-20713682938.526947	228702185331.38412	9608010448.791498	-22054.6972967803	2486.675452570524	-572.4985168908241
192696384.081024	-20793078377.959366	228711121167.66678	9605948772.218338	-22053.8796730951	2477.678292341421	-572.8773307192471
192699984.081024	-20872470868.627438	228720024616.92178	9603885732.20015	-22053.05909458218	2468.6826594644976	-573.2559863564326
192703584.081024	-20951860399.896126	228728895684.648	9601821329.306356	-22052.235562543654	2459.688554157163	-573.6344838386378
192707184.081024	-21031246961.135082	228737734376.34506	9599755564.106253	-22051.40907828076	2450.69597663634	-574.0128232021382
192710784.081024	-21110630541.71864	228746540697.5134	9597688437.169	-22050.579643093857	2441.7049271184687	-574.3910044832268
192714384.081024	-21190011131.02581	228755314653.65417	9595619949.06363	-22049.74725828242	2432.715405819502	-574.7690277182147
192717984.081024	-21269388718.44028	228764056250.2694	9593550100.359041	-22048.911925145043	2423.7274129549114	-575.1468929434315
192721584.081024	-21348763293.350418	228772765492.86185	9591478891.624004	-22048.07364497945	2414.740948739686	-575.5246001952246
192725184.081024	-21428134845.149254	228781442386.935	9589406323.42716	-22047.232419082477	2405.7560133883326	-575.9021495099598
192728784.081024	-21507503363.23449	228790086937.99313	9587332396.337015	-22046.388248750085	2396.77260711488	-576.2795409240215
192732384.081024	-21586868837.008488	228798699151.54135	9585257110.921946	-22045.54113527736	2387.790730132876	-576.6567744738121
192735984.081024	-21666231255.878273	228807279033.08548	9583180467.750198	-22044.691079958502	2378.8103826553915	-577.033850195753
192739584.081024	-21745590609.255527	228815826588.1321	9581102467.389887	-22043.838084086845	2369.83156489502	-577.4107681262839
192743184.081024	-21824946886.556587	228824341822.18863	9579023110.408995	-22042.982148954838	2360.854277063879	-577.7875283018635
192746784.081024	-21904300077.20244	228832824740.76315	9576942397.375376	-22042.123275854054	2351.8785193736107	-578.1641307589693
192750384.081024	-21983650170.61872	228841275349.36456	9574860328.856749	-22041.26146607519	2342.9042920353827	-578.5405755340978
192753984.081024	-22062997156.235714	228849693653.5025	9572776905.420704	-22040.39672090807	2333.931595259891	-578.9168626637642
192757584.081024	-22142341023.48834	228858079658.68738	9570692127.634699	-22039.529041641636	2324.9604292573576	-579.2929921845029
192761184.081024	-22221681761.81616	228866433370.43033	9568605996.066061	-22038.658429563955	2315.9907942375357	-579.6689641328676
192764784.081024	-22301019360.66337	228874754794.24332	9566518511.281984	-22037.784885962225	2307.0226904097067	-580.0447785454313
192768384.081024	-22380353809.478798	228883043935.63898	9564429673.849533	-22036.90841212276	2298.0561179826836	-580.4204354587864
192771984.081024	-22459685097.715908	228891300800.13074	9562339484.335636	-22036.029009331007	2289.091077164812	-580.7959349095447
192775584.081024	-22539013214.83278	228899525393.23276	9560247943.307095	-22035.14667887153	2280.127568163969	-581.1712769343376
192779184.081024	-22618338150.29212	228907717720.45996	9558155051.330576	-22034.261422028027	2271.1655911875673	-581.5464615698162
192782784.081024	-22697659893.56126	228915877787.328	9556060808.972614	-22033.373240083314	2262.2051464425535	-581.9214888526514
192786384.081024	-22776978434.112137	228924005599.35327	9553965216.799616	-22032.48213431934	2253.246234135411	-582.2963588195338
192789984.081024	-22856293761.42131	228932101162.05295	9551868275.37785	-22031.588106017174	2244.2888544721604	-582.6710715071742
192793584.081024	-22935605864.969948	228940164480.9449	9549769985.273455	-22030.69115645702	2235.3330076583593	-583.0456269523036
192797184.081024	-23014914734.243824	228948195561.54773	9547670347.052439	-22029.791286918196	2226.378693899105	-583.4200251916727
192800784.081024	-23094220358.73332	228956194409.38086	9545569361.280678	-22028.888498679164	2217.425913399036	-583.7942662620529
192804384.081024	-23173522727.933407	228964161029.96436	9543467028.523912	-22027.982793017498	2208.47466636233	-584.1683502002359
192807984.081024	-23252821831.34367	228972095428.81906	9541363349.347752	-22027.074171209908	2199.524952992708	-584.5422770430338
192811584.081024	-23332117658.468277	228979997611.46655	9539258324.317673	-22026.162634532233	2190.5767734934348	-584.9160468272793
192815184.081024	-23411410198.81599	228987867583.4291	9537151953.999022	-22025.248184259435	2181.6301280673174	-585.2896595898259
192818784.081024	-23490699441.90016	228995705350.22977	9535044238.957008	-22024.330821665608	2172.68501691671	-585.6631153675478
192822384.081024	-23569985377.238728	229003510917.39227	9532935179.756712	-22023.41054802397	2163.7414402435124	-586.0364141973402
192825984.081024	-23649267994.354206	229011284290.44113	9530824776.96308	-22022.487364606874	2154.799398249171	-586.4095561161193
192829584.081024	-23728547282.773693	229019025474.90152	9528713031.140924	-22021.5612726858	2145.858891134682	-586.7825411608227
192833184.081024	-23807823232.028862	229026734476.29938	9526599942.854927	-22020.63227353136	2136.919919100589	-587.1553693684087
192836784.081024	-23887095831.65596	229034411300.16138	9524485512.669632	-22019.700368413287	2127.9824823469876	-587.5280407758574
192840384.081024	-23966365071.195805	229042055952.01486	9522369741.149456	-22018.765558600455	2119.0465810735236	-587.9005554201703
192843984.081024	-24045630940.19377	229049668437.3879	9520252628.858679	-22017.827845360862	2110.1122154793957	-588.2729133383705
192847584.081024	-24124893428.19981	229057248761.80936	9518134176.361446	-22016.88722996164	2101.179385763356	-588.6451145675026
192851184.081024	-24204152524.768425	229064796930.80872	9516014384.221775	-22015.94371366905	2092.248092123711	-589.0171591446332
192854784.081024	-24283408219.458675	229072312949.9162	9513893253.003544	-22014.99729774848	2083.318334758323	-589.3890471068509
192858384.081024	-24362660501.83418	229079796824.66275	9511770783.2705	-22014.047983464454	2074.39011386461	-589.7607784912663
192861984.081024	-24441909361.4631	229087248560.58002	9509646975.586256	-22013.095772080625	2065.463429639548	-590.1323533350121
192865584.081024	-24521154787.918156	229094668163.20038	9507521830.514292	-22012.140664859784	2056.5382822796705	-590.5037716752436
192869184.081024	-24600396770.7766	229102055638.0569	9505395348.617954	-22011.182663063846	2047.6146719810722	-590.8750335491379
192872784.081024	-24679635299.620235	229109410990.68335	9503267530.460453	-22010.22176795386	2038.6925989394072	-591.2461389938953
192876384.081024	-24758870364.0354	229116734226.6142	9501138376.604868	-22009.25798079001	2029.7720633498914	-591.6170880467384
192879984.081024	-24838101953.61297	229124025351.38464	9499007887.614141	-22008.291302831614	2020.8530654073033	-591.9878807449128
192883584.081024	-24917330057.948345	229131284370.53055	9496876064.051085	-22007.32173533712	2011.935605305985	-592.3585171256867
192887184.081024	-24996554666.641464	229138511289.5885	9494742906.478373	-22006.349279564103	2003.0196832398433	-592.7289972263517
192890784.081024	-25075775769.296783	229145706114.09576	9492608415.458546	-22005.373936769283	1994.1052994023503	-593.0993210842223
192894384.081024	-25154993355.523285	229152868849.5903	9490472591.554012	-22004.39570820851	1985.1924539865447	-593.4694887366364
192897984.081024	-25234207414.93447	229159999501.6108	9488335435.327044	-22003.41459513677	1976.2811471850334	-593.8395002209553
192901584.081024	-25313417937.14836	229167098075.69662	9486196947.339779	-22002.43059880817	1967.3713791899916	-594.2093555745637
192905184.081024	-25392624911.787487	229174164577.3878	9484057128.154219	-22001.443720475967	1958.4631501931644	-594.5790548348702
192908784.081024	-25471828328.47889	229181199012.22504	9481915978.332233	-22000.453961392548	1949.5564603858677	-594.9485980393073
192912384.081024	-25551028176.854115	229188201385.74982	9479773498.435556	-21999.461322809435	1940.6513099589888	-595.3179852253311
192915984.081024	-25630224446.549217	229195171703.50424	9477629689.025787	-21998.46580597728	1931.747699102988	-595.687216430422
192919584.081024	-25709417127.20475	229202109971.0311	9475484550.664389	-21997.467412145877	1922.8456280078997	-596.0562916920846
192923184.081024	-25788606208.465767	229209016193.87384	9473338083.912691	-21996.466142564153	1913.9450968633325	-596.4252110478477
192926784.081024	-25867791679.98181	229215890377.57666	9471190289.331886	-21995.461998480172	1905.0461058584717	-596.7939745352646
192930384.081024	-25946973531.406918	229222732527.68442	9469041167.483034	-21994.454981141134	1896.148655182079	-597.1625821919134
192933984.081024	-26026151752.399616	229229542649.7426	9466890718.927057	-21993.445091793372	1887.252745022494	-597.5310340553968
192937584.081024	-26105326332.622913	229236320749.29742	9464738944.224743	-21992.432331682357	1878.358375567636	-597.8993301633426
192941184.081024	-26184497261.744305	229243066831.89575	9462585843.936743	-21991.416702052702	1869.4655470050031	-598.2674705534033
192944784.081024	-26263664529.43576	229249780903.08514	9460431418.623575	-21990.39820414815	1860.5742595216757	-598.6354552632569
192948384.081024	-26342828125.37373	229256462968.41382	9458275668.84562	-21989.376839211585	1851.6845133043153	-599.0032843306063
192951984.081024	-26421988039.239136	229263113033.43066	9456118595.16312	-21988.352608485027	1842.7963085391673	-599.3709577931804
192955584.081024	-26501144260.717365	229269731103.68527	9453960198.136189	-21987.325513209635	1833.9096454120609	-599.7384756887334
192959184.081024	-26580296779.498276	229276317184.72784	9451800478.324797	-21986.295554625707	1825.0245241084108	-600.1058380550452
192962784.081024	-26659445585.276188	229282871282.10928	9449639436.288782	-21985.262733972675	1816.1409448132179	-600.4730449299218
192966384.081024	-26738590667.74988	229289393401.38113	9447477072.587845	-21984.227052489114	1807.2589077110702	-600.8400963511953
192969984.081024	-26817732016.622597	229295883548.09564	9445313387.781551	-21983.188511412733	1798.3784129861442	-601.2069923567237
192973584.081024	-26896869621.602024	229302341727.8057	9443148382.429329	-21982.147111980386	1789.4994608222062	-601.5737329843918
192977184.081024	-26976003472.40031	229308767946.06485	9440982057.090471	-21981.10285542806	1780.6220514026122	-601.9403182721104
192980784.081024	-27055133558.734043	229315162208.4273	9438814412.324133	-21980.055742990884	1771.7461849103104	-602.3067482578173
192984384.081024	-27134259870.32426	229321524520.44794	9436645448.689333	-21979.005775903126	1762.871861527841	-602.673022979477
192987984.081024	-27213382396.896442	229327854887.68225	9434475166.744953	-21977.952955398196	1753.9990814373384	-603.039142475081
192991584.081024	-27292501128.180504	229334153315.68643	9432303567.049738	-21976.897282708636	1745.1278448205314	-603.4051067826481
192995184.081024	-27371616053.9108	229340419810.01733	9430130650.162298	-21975.838759066137	1736.2581518587444	-603.7709159402242
192998784.081024	-27450727163.826115	229346654376.23242	9427956416.641104	-21974.777385701527	1727.3900027328987	-604.1365699858827
193002384.081024	-27529834447.669662	229352857019.88983	9425780867.044489	-21973.71316384477	1718.5233976235133	-604.5020689577248
193005984.081024	-27608937895.189083	229359027746.54834	9423604001.93065	-21972.646094724983	1709.6583367107062	-604.8674128938791
193009584.081024	-27688037496.13644	229365166561.7674	9421425821.857649	-21971.57617957041	1700.794820174195	-605.2326018325024
193013184.081024	-27767133240.26822	229371273471.10706	9419246327.383408	-21970.50341960844	1691.9328481932985	-605.5976358117796
193016784.081024	-27846225117.34532	229377348480.12805	9417065519.06571	-21969.42781606561	1683.0724209469377	-605.9625148699239
193020384.081024	-27925313117.133064	229383391594.39175	9414883397.462204	-21968.34937016759	1674.2135386136365	-606.327239045177
193023984.081024	-28004397229.401173	229389402819.46017	9412699963.130398	-21967.268083139195	1665.356201371523	-606.691808375809
193027584.081024	-28083477443.92378	229395382160.89597	9410515216.627665	-21966.183956204382	1656.50040939833	-607.0562229001191
193031184.081024	-28162553750.479424	229401329624.2624	9408329158.511238	-21965.096990586248	1647.6461628713969	-607.4204826564351
193034784.081024	-28241626138.851048	229407245215.12338	9406141789.338213	-21964.007187507035	1638.7934619676703	-607.7845876831142
193038384.081024	-28320694598.82599	229413128939.04352	9403953109.665548	-21962.914548188128	1629.9423068637052	-608.1485380185427
193041984.081024	-28399759120.19598	229418980801.58798	9401763120.050062	-21961.819073850053	1621.092697735666	-608.5123337011366
193045584.081024	-28478819692.75715	229424800808.3226	9399571821.048437	-21960.720765712475	1612.2446347593275	-608.8759747693416
193049184.081024	-28557876306.310013	229430588964.81384	9397379213.217215	-21959.619624994208	1603.3981181100762	-609.2394612616331
193052784.081024	-28636928950.659473	229436345276.62878	9395185297.112799	-21958.515652913207	1594.5531479629108	-609.6027932165165
193056384.081024	-28715977615.614815	229442069749.33517	9392990073.291454	-21957.40885068657	1585.7097244924435	-609.9659706725274
193059984.081024	-28795022290.9897	229447762388.50134	9390793542.309309	-21956.299219530538	1576.8678478729016	-610.3289936682319
193063584.081024	-28874062966.602177	229453423199.6963	9388595704.72235	-21955.186760660494	1568.027518278128	-610.6918622422264
193067184.081024	-28953099632.27466	229459052188.4896	9386396561.086424	-21954.07147529097	1559.1887358815823	-611.0545764331384
193070784.081024	-29032132277.83393	229464649360.45148	9384196111.957243	-21952.95336463564	1550.3515008563422	-611.4171362796262
193074384.081024	-29111160893.11115	229470214721.1528	9381994357.890377	-21951.83242990732	1541.5158133751045	-611.7795418203793
193077984.081024	-29190185467.94183	229475748276.16504	9379791299.441257	-21950.708672317975	1532.6816736101857	-612.1417930941184
193081584.081024	-29269205992.165855	229481250031.06027	9377586937.165174	-21949.58209307871	1523.8490817335235	-612.5038901395957
193085184.081024	-29348222455.62747	229486719991.4112	9375381271.617281	-21948.452693399773	1515.0180379166775	-612.8658329955953
193088784.081024	-29427234848.17526	229492158162.79114	9373174303.352589	-21947.320474490567	1506.188542330831	-613.2276217009329
193092384.081024	-29506243159.662174	229497564550.77405	9370966032.92597	-21946.18543755963	1497.3605951467919	-613.5892562944565
193095984.081024	-29585247379.94551	229502939160.93448	9368756460.892157	-21945.047583814652	1488.5341965349926	-613.9507368150463
193099584.081024	-29664247498.88691	229508281998.8476	9366545587.805742	-21943.906914462463	1479.7093466654928	-614.3120633016151
193103184.081024	-29743243506.352356	229513593070.08917	9364333414.22118	-21942.76343070904	1470.8860457079797	-614.6732357931083
193106784.081024	-29822235392.212177	229518872380.2356	9362119940.69278	-21941.61713375951	1462.0642938317692	-615.0342543285044
193110384.081024	-29901223146.341034	229524119934.86386	9359905167.774715	-21940.468024818143	1453.2440912058064	-615.3951189468147
193113984.081024	-29980206758.61792	229529335739.55157	9357689096.021017	-21939.316105088354	1444.425437998668	-615.7558296870839
193117584.081024	-30059186218.926167	229534519799.87695	9355471725.985575	-21938.161375772706	1435.6083343785624	-616.1163865883902
193121184.081024	-30138161517.153423	229539672121.4188	9353253058.22214	-21937.003838072913	1426.7927805133309	-616.4767896898458
193124784.081024	-30217132643.19167	229544792709.75653	9351033093.28432	-21935.843493189826	1417.9787765704493	-616.8370390305963
193128384.081024	-30296099586.93721	229549881570.47018	9348811831.725586	-21934.68034232345	1409.1663227170286	-617.1971346498219
193131984.081024	-30375062338.29066	229554938709.14038	9346589274.099262	-21933.51438667293	1400.3554191198161	-617.5570765867371
193135584.081024	-30454020887.156956	229559964131.34836	9344365420.958534	-21932.345627436567	1391.5460659451967	-617.9168648805909
193139184.081024	-30532975223.44534	229564957842.6759	9342140272.856447	-21931.174065811803	1382.7382633591935	-618.2764995706669
193142784.081024	-30611925337.06937	229569919848.70544	9339913830.345903	-21929.999702995232	1373.9320115274697	-618.6359806962842
193146384.081024	-30690871217.94691	229574850155.02	9337686093.979664	-21928.82254018259	1365.127310615329	-618.9953082967965
193149984.081024	-30769812856.000126	229579748767.20316	9335457064.310349	-21927.642578568764	1356.3241607877171	-619.3544824115934
193153584.081024	-30848750241.15548	229584615690.83914	9333226741.890436	-21926.45981934779	1347.522562209223	-619.7135030801002
193157184.081024	-30927683363.343735	229589450931.51276	9330995127.27226	-21925.274263712847	1338.7225150440795	-620.0723703417779
193160784.081024	-31006612212.499947	229594254494.80936	9328762221.008017	-21924.085912856266	1329.9240194561646	-620.4310842361238
193164384.081024	-31085536778.563465	229599026386.31494	9326528023.649754	-21922.894767969527	1321.1270756090025	-620.7896448026714
193167984.081024	-31164457051.47792	229603766611.61603	9324292535.749382	-21921.700830243255	1312.3316836657652	-621.1480520809911
193171584.081024	-31243373021.191235	229608475176.2998	9322055757.85867	-21920.504100867227	1303.5378437892732	-621.5063061106897
193175184.081024	-31322284677.65561	229613152085.95398	9319817690.529236	-21919.304581030363	1294.7455561419963	-621.8644069314114
193178784.081024	-31401192010.827526	229617797346.1669	9317578334.312565	-21918.102271920736	1285.9548208860556	-622.2223545828375
193182384.081024	-31480095010.667736	229622410962.52744	9315337689.759995	-21916.897174725567	1277.1656381832238	-622.580149104687
193185984.081024	-31558993667.14127	229626992940.6251	9313095757.422718	-21915.689290631228	1268.3780081949267	-622.9377905367169
193189584.081024	-31637887970.217422	229631543286.0499	9310852537.85179	-21914.478620823236	1259.5919310822442	-623.2952789187217
193193184.081024	-31716777909.869762	229636062004.39252	9308608031.598116	-21913.26516648626	1250.8074070059115	-623.6526142905346
193196784.081024	-31795663476.07611	229640549101.24417	9306362239.212461	-21912.048928804117	1242.0244361263203	-624.0097966920272
193200384.081024	-31874544658.818558	229645004582.19666	9304115161.24545	-21910.82990895977	1233.2430186035197	-624.3668261631096
193203984.081024	-31953421448.083447	229649428452.84235	9301866798.247555	-21909.60810813534	1224.4631545972172	-624.7237027437313
193207584.081024	-32032293833.861374	229653820718.77417	9299617150.769114	-21908.38352751209	1215.6848442667808	-625.0804264738808
193211184.081024	-32111161806.14719	229658181385.58566	9297366219.360315	-21907.156168270438	1206.908087771239	-625.4369973935865
193214784.081024	-32190025354.939995	229662510458.8709	9295114004.571205	-21905.92603158995	1198.1328852692823	-625.7934155429161
193218384.081024	-32268884470.243126	229666807944.22458	9292860506.951683	-21904.693118649335	1189.3592369192643	-626.1496809619778
193221984.081024	-32347739142.06417	229671073847.2419	9290605727.051506	-21903.457430626462	1180.5871428792032	-626.5057936909196
193225584.081024	-32426589360.41495	229675308173.51868	9288349665.420288	-21902.218968698347	1171.8166033067826	-626.8617537699306
193229184.081024	-32505435115.311523	229679510928.65128	9286092322.607494	-21900.97773404116	1163.0476183593526	-627.2175612392401
193232784.081024	-32584276396.77418	229683682118.2366	9283833699.162449	-21899.73372783021	1154.2801881939315	-627.5732161391192
193236384.081024	-32663113194.827446	229687821747.8722	9281573795.634329	-21898.486951239967	1145.5143129672063	-627.9287185098797
193239984.081024	-32741945499.50006	229691929823.1561	9279312612.572165	-21897.237405444048	1136.7499928355342	-628.2840683918755
193243584.081024	-32820773300.825	229696006349.68692	9277050150.524845	-21895.98509161522	1127.9872279549434	-628.6392658255022
193247184.081024	-32899596588.839455	229700051333.06387	9274786410.041111	-21894.730010925407	1119.2260184811348	-628.9943108511977
193250784.081024	-32978415353.584835	229704064778.88666	9272521391.669558	-21893.47216454567	1110.4663645694832	-629.3492035094422
193254384.081024	-33057229585.106762	229708046692.7556	9270255095.958635	-21892.211553646237	1101.7082663750373	-629.7039438407586
193257984.081024	-33136039273.455067	229711997080.2716	9267987523.456648	-21890.948179396473	1092.9517240525226	-630.0585318857129
193261584.081024	-33214844408.683796	229715915947.03604	9265718674.711754	-21889.682042964905	1084.1967377563415	-630.4129676849145
193265184.081024	-33293644980.851196	229719803298.65088	9263448550.271963	-21888.413145519207	1075.4433076405746	-630.7672512790164
193268784.081024	-33372440980.01972	229723659140.71866	9261177150.685143	-21887.141488226203	1066.6914338589822	-631.1213827087151
193272384.081024	-33451232396.25601	229727483478.84244	9258904476.49901	-21885.86707225187	1057.9411165650051	-631.4753620147519
193275984.081024	-33530019219.630913	229731276318.6259	9256630528.261137	-21884.589898761333	1049.192355911766	-631.829189237912
193279584.081024	-33608801440.219467	229735037665.67316	9254355306.518948	-21883.30996891887	1040.4451520520706	-632.1828644190256
193283184.081024	-33687579048.100903	229738767525.589	9252078811.819721	-21882.027283887917	1031.699505138409	-632.5363875989677
193286784.081024	-33766352033.35863	229742465903.97867	9249801044.710588	-21880.741844831053	1022.9554153229566	-632.8897588186591
193290384.081024	-33845120386.08025	229746132806.44803	9247522005.738531	-21879.45365291001	1014.2128827575757	-633.2429781190658
193293984.081024	-33923884096.35754	229749768238.60342	9245241695.450386	-21878.162709285676	1005.4719075938165	-633.5960455412002
193297584.081024	-34002643154.286457	229753372206.0518	9242960114.39284	-21876.869015118085	996.7324899829179	-633.9489611261206
193301184.081024	-34081397549.96713	229756944714.40057	9240677263.112432	-21875.57257156643	987.9946300758093	-634.3017249149322
193304784.081024	-34160147273.503864	229760485769.25778	9238393142.155558	-21874.273379789047	979.2583280231114	-634.6543369487866
193308384.081024	-34238892315.00513	229763995376.23196	9236107752.068459	-21872.97144094343	970.5235839751379	-635.0067972688832
193311984.081024	-34317632664.583565	229767473540.9322	9233821093.39723	-21871.666756186227	961.7903980818959	-635.3591059164686
193315584.081024	-34396368312.355965	229770920268.9681	9231533166.687819	-21870.359326673228	953.0587704930881	-635.7112629328371
193319184.081024	-34475099248.44329	229774335565.9499	9229243972.486021	-21869.04915355938	944.3287013581133	-636.0632683593317
193322784.081024	-34553825462.97066	229777719437.48822	9226953511.337488	-21867.736237998786	935.600190826068	-636.4151222373433
193326384.081024	-34632546946.06733	229781071889.19434	9224661783.78772	-21866.420581144695	926.8732390457471	-636.766824608312
193329984.081024	-34711263687.86673	229784392926.68002	9222368790.382067	-21865.102184149513	918.1478461656458	-637.1183755137271
193333584.081024	-34789975678.50642	229787682555.5576	9220074531.66573	-21863.781048164794	909.4240123339603	-637.469774995127
193337184.081024	-34868682908.128105	229790940781.43985	9217779008.18376	-21862.457174341245	900.7017376985893	-637.8210230941002
193340784.081024	-34947385366.87765	229794167609.94022	9215482220.48106	-21861.130563828727	891.9810224071354	-638.1721198522853
193344384.081024	-35026083044.90503	229797363046.67258	9213184169.102383	-21859.80121777625	883.2618666069058	-638.5230653113713
193347984.081024	-35104775932.36437	229800527097.25134	9210884854.592327	-21858.46913733198	874.544270444914	-638.8738595130983
193351584.081024	-35183464019.413925	229803659767.2915	9208584277.495346	-21857.13432364323	865.828234067881	-639.2245024992575
193355184.081024	-35262147296.21608	229806761062.40854	9206282438.35574	-21855.796777856467	857.1137576222362	-639.5749943116915
193358784.081024	-35340825752.93735	229809830988.21848	9203979337.717659	-21854.45650111731	848.4008412541191	-639.925334992295
193362384.081024	-35419499379.74836	229812869550.33783	9201674976.125103	-21853.113494570534	839.68948510938	-640.2755245830148
193365984.081024	-35498168166.82386	229815876754.3837	9199369354.12192	-21851.76775936006	830.979689333582	-640.6255631258501
193369584.081024	-35576832104.34273	229818852605.97366	9197062472.251804	-21850.419296628967	822.2714540720015	-640.9754506628535
193373184.081024	-35655491182.48794	229821797110.72583	9194754331.058304	-21849.06810751948	813.5647794696301	-641.3251872361307
193376784.081024	-35734145391.44659	229824710274.25882	9192444931.08481	-21847.714193172982	804.8596656711758	-641.674772887841
193380384.081024	-35812794721.40987	229827592102.1918	9190134272.874567	-21846.357554730002	796.1561128210636	-642.024207660198
193383984.081024	-35891439162.57309	229830442600.14444	9187822356.970661	-21844.998193330226	787.4541210634375	-642.3734915954698
193387584.081024	-35970078705.13566	229833261773.73694	9185509183.916033	-21843.63611011249	778.7536905421614	-642.7226247359788
193391184.081024	-36048713339.30108	229836049628.59	9183194754.253466	-21842.27130621478	770.0548214008205	-643.071607124103
193394784.081024	-36127343055.276955	229838806170.32486	9180879068.52559	-21840.903782774243	761.3575137827229	-643.420438802276
193398384.081024	-36205967843.27497	229841531404.56323	9178562127.274889	-21839.533540927165	752.6617678309003	-643.769119812987
193401984.081024	-36284587693.51091	229844225336.9274	9176243931.043686	-21838.160581808992	743.96758368811	-644.1176501987819
193405584.081024	-36363202596.204636	229846887973.04013	9173924480.374155	-21836.78490655432	735.2749614968355	-644.4660300022633
193409184.081024	-36441812541.5801	229849519318.5247	9171603775.808317	-21835.406516296895	726.5839013992884	-644.8142592660909
193412784.081024	-36520417519.86533	229852119379.00488	9169281817.888037	-21834.025412169616	717.8944035374092	-645.1623380329816
193416384.081024	-36599017521.29244	229854688160.105	9166958607.155025	-21832.64159530454	709.2064680528688	-645.5102663457106
193419984.081024	-36677612536.0976	229857225667.4499	9164634144.15084	-21831.255066832866	700.5200950870702	-645.8580442471114
193423584.081024	-36756202554.521065	229859731906.66483	9162308429.416887	-21829.865827884947	691.8352847811494	-646.2056717800758
193427184.081024	-36834787566.80715	229862206883.37567	9159981463.494415	-21828.473879590296	683.1520372759769	-646.5531489875553
193430784.081024	-36913367563.20425	229864650603.20874	9157653246.924517	-21827.079223077566	674.4703527121591	-646.9004759125609
193434384.081024	-36991942533.9648	229867063071.7909	9155323780.248133	-21825.681859474567	665.7902312300394	-647.2476525981632
193437984.081024	-37070512469.34531	229869444294.74945	9152993064.006046	-21824.28178990826	657.1116729696997	-647.5946790874935
193441584.081024	-37149077359.60633	229871794277.71228	9150661098.738886	-21822.879015504754	648.4346780709618	-647.9415554237439
193445184.081024	-37227637195.01248	229874113026.30774	9148327884.987127	-21821.473537389316	639.7592466733886	-648.2882816501676
193448784.081024	-37306191965.83243	229876400546.16467	9145993423.291086	-21820.065356686362	631.0853789162855	-648.6348578100796
193452384.081024	-37384741662.33887	229878656842.91245	9143657714.190924	-21818.654474519455	622.4130749387022	-648.9812839468568
193455984.081024	-37463286274.808556	229880881922.1809	9141320758.226645	-21817.240892011312	613.7423348794333	-649.327560103939
193459584.081024	-37541825793.522285	229883075789.60043	9138982555.938099	-21815.8246102838	605.0731588770204	-649.673686324829
193463184.081024	-37620360208.764885	229885238450.80185	9136643107.864977	-21814.40563045793	596.4055470697529	-650.0196626530926
193466784.081024	-37698889510.82521	229887369911.41653	9134302414.546816	-21812.983953653882	587.7394995956695	-650.3654891323599
193470384.081024	-37777413689.99616	229889470177.07632	9131960476.522991	-21811.55958099097	579.0750165925598	-650.7111658063253
193473984.081024	-37855932736.57466	229891539253.41354	9129617294.332724	-21810.132513587658	570.4120981979655	-651.0566927187477
193477584.081024	-37934446640.86165	229893577146.06104	9127272868.515078	-21808.702752561574	561.7507445491822	-651.4020699134517
193481184.081024	-38012955393.162094	229895583860.65216	9124927199.608955	-21807.270299029482	553.09095578326	-651.7472974343272
193484784.081024	-38091458983.78499	229897559402.8207	9122580288.153105	-21805.835154107306	544.4327320370058	-652.0923753253305
193488384.081024	-38169957403.043335	229899503778.20102	9120232134.686115	-21804.397318910113	535.776073446984	-652.4373036304847
193491984.081024	-38248450641.25415	229901416992.4279	9117882739.746416	-21802.956794552123	527.1209801495182	-652.78208239388
193495584.081024	-38326938688.73846	229903299051.13663	9115532103.872276	-21801.513582146705	518.4674522806928	-653.126711659674
193499184.081024	-38405421535.82129	229905149959.963	9113180227.60181	-21800.067682806377	509.8154899763537	-653.4711914720925
193502784.081024	-38483899172.83168	229906969724.5433	9110827111.47297	-21798.619097642808	501.1650933721107	-653.81552187543
193506384.081024	-38562371590.10266	229908758350.51428	9108472756.023544	-21797.167827766814	492.5162626033383	-654.15970291405
193509984.081024	-38640838777.971275	229910515843.5132	9106117161.791172	-21795.71387428836	483.86899780517746	-654.5037346323853
193513584.081024	-38719300726.77855	229912242209.17783	9103760329.313322	-21794.257238316564	475.22329911253684	-654.8476170749394
193517184.081024	-38797757426.8695	229913937453.14633	9101402259.12731	-21792.79792095969	466.57916666009424	-655.191350286286
193520784.081024	-38876208868.59313	229915601581.05743	9099042951.770285	-21791.335923325147	457.9366005822982	-655.53493431107
193524384.081024	-38954655042.30244	229917234598.55032	9096682407.77924	-21789.871246519495	449.2956010133691	-655.8783691940076
193527984.081024	-39033095938.35439	229918836511.26468	9094320627.691004	-21788.403891648446	440.6561680873012	-656.2216549798875
193531584.081024	-39111531547.109955	229920407324.84067	9091957612.042246	-21786.933859816858	432.0183019378636	-656.5647917135707
193535184.081024	-39189961858.93405	229921947044.9189	9089593361.369474	-21785.461152128737	423.38200269860226	-656.9077794399916
193538784.081024	-39268386864.19558	229923455677.14053	9087227876.209034	-21783.98576968723	414.747270502841	-657.2506182041583
193542384.081024	-39346806553.26742	229924933227.14713	9084861157.097107	-21782.507713594645	406.1141054836832	-657.5933080511531
193545984.081024	-39425220916.526405	229926379700.58078	9082493204.569714	-21781.026984952427	397.4825077740133	-657.9358490261332
193549584.081024	-39503629944.35334	229927795103.08405	9080124019.162712	-21779.543584861167	388.85247750649813	-658.2782411743306
193553184.081024	-39582033627.13299	229929179440.29993	9077753601.411797	-21778.057514420612	380.2240148135886	-658.6204845410537
193556784.081024	-39660431955.25407	229930532717.87195	9075381951.852499	-21776.568774729647	371.5971198275213	-658.9625791716869
193560384.081024	-39738824919.10925	229931854941.4441	9073009071.02019	-21775.07736688631	362.9717926803198	-659.3045251116919
193563984.081024	-39817212509.09518	229933146116.6608	9070634959.45007	-21773.583291987783	354.3480335037966	-659.6463224066075
193567584.081024	-39895594715.61241	229934406249.16702	9068259617.677181	-21772.08655113039	345.7258424295542	-659.9879711020511
193571184.081024	-39973971529.065475	229935635344.60815	9065883046.236399	-21770.587145409605	337.1052195889868	-660.3294712437186
193574784.081024	-40052342939.86284	229936833408.6301	9063505245.662436	-21769.085075920048	328.4861651132821	-660.6708228773849
193578384.081024	-40130708938.41689	229938000446.87918	9061126216.489836	-21767.580343755482	319.86867913342235	-661.0120260489051
193581984.081024	-40209069515.14398	229939136465.00223	9058745959.252983	-21766.07295000882	311.2527617801864	-661.3530808042144
193585584.081024	-40287424660.46437	229940241468.6465	9056364474.48609	-21764.562895772113	302.63841318415103	-661.6939871893289
193589184.081024	-40365774364.80226	229941315463.4598	9053981762.723207	-21763.050182136558	294.02563347569276	-662.0347452503466
193592784.081024	-40444118618.585785	229942358455.09036	9051597824.49822	-21761.5348101925	285.41442278498926	-662.3753550334476
193596384.081024	-40522457412.24699	229943370449.18686	9049212660.344845	-21760.01678102943	276.80478124202097	-662.7158165848947
193599984.081024	-40600790736.22184	229944351451.39844	9046826270.79663	-21758.496095735973	268.1967089765728	-663.0561299510342
193603584.081024	-40679118580.95023	229945301467.37476	9044438656.386963	-21756.972755399904	259.5902061182354	-663.3962951782966
193607184.081024	-40757440936.87597	229946220502.76593	9042049817.649057	-21755.44676110814	250.98527279640726	-663.7363123131965
193610784.081024	-40835757794.44676	229947108563.2225	9039659755.115963	-21753.918113946747	242.38190914029587	-664.0761814023344
193614384.081024	-40914069144.11424	229947965654.3955	9037268469.32056	-21752.386815000922	233.78011527891977	-664.4159024923964
193617984.081024	-40992374976.33393	229948791781.93643	9034875960.79556	-21750.852865355013	225.17989134111002	-664.755475630155
193621584.081024	-41070675281.56526	229949586951.49722	9032482230.07351	-21749.316266092505	216.58123745551185	-665.0949008624704
193625184.081024	-41148970050.27156	229950351168.73032	9030087277.68678	-21747.777018296023	207.98415375058627	-665.43417823629
193628784.081024	-41227259272.92005	229951084439.2886	9027691104.167582	-21746.23512304734	199.3886403546117	-665.7733077986503
193632384.081024	-41305542939.98186	229951786768.8254	9025293710.047947	-21744.690581427367	190.79469739568566	-666.1122895966766
193635984.081024	-41383821041.931984	229952458162.99454	9022895095.859745	-21743.143394516155	182.2023250017264	-666.4511236775842
193639584.081024	-41462093569.24932	229953098627.45026	9020495262.134672	-21741.593563392893	173.61152330047466	-666.7898100886786
193643184.081024	-41540360512.41665	229953708167.8473	9018094209.404253	-21740.041089135913	165.02229241949544	-667.1283488773566
193646784.081024	-41618621861.92063	229954286789.84082	9015691938.199844	-21738.485972822687	156.43463248617962	-667.4667400911071
193650384.081024	-41696877608.2518	229954834499.0865	9013288449.05263	-21736.928215529824	147.8485436277457	-667.8049837775112
193653984.081024	-41775127741.904564	229955351301.2404	9010883742.493622	-21735.367818333074	139.26402597124138	-668.1430799842436
193657584.081024	-41853372253.377205	229955837201.95908	9008477819.053661	-21733.80478230732	130.68107964354533	-668.4810287590727
193661184.081024	-41931611133.171875	229956292206.89957	9006070679.263416	-21732.23910852659	122.09970477136888	-668.8188301498616
193664784.081024	-42009844371.79458	229956716321.71933	9003662323.653385	-21730.67079806405	113.51990148125783	-669.1564842045685
193668384.081024	-42088071959.7552	229957109552.0763	9001252752.75389	-21729.099851991992	104.94166989959427	-669.4939909712481
193671984.081024	-42166293887.567474	229957471903.6288	8998841967.09508	-21727.52627138186	96.3650101525983	-669.8313504980515
193675584.081024	-42244510145.748985	229957803382.03574	8996429967.206932	-21725.950057304224	87.78992236632985	-670.1685628332277
193679184.081024	-42322720724.82118	229958103992.95636	8994016753.619251	-21724.371210828795	79.21640666669032	-670.5056280251239
193682784.081024	-42400925615.30936	229958373742.0504	8991602326.861666	-21722.789733024416	70.64446317942439	-670.8425461221861
193686384.081024	-42479124807.742645	229958612634.97806	8989186687.463629	-21721.205624959068	62.074092030121804	-671.1793171729604
193689984.081024	-42557318292.65403	229958820677.39996	8986769835.954418	-21719.618887699864	53.505293344219176	-671.515941226093
193693584.081024	-42635506060.58033	229958997874.97723	8984351772.86314	-21718.029522313056	44.93806724700189	-671.8524183303316
193697184.081024	-42713688102.06221	229959144233.3714	8981932498.718721	-21716.43752986403	36.37241386360591	-672.188748534526
193700784.081024	-42791864407.64416	229959259758.24445	8979512014.049913	-21714.842911417298	27.80833331901968	-672.5249318876287
193704384.081024	-42870034967.8745	229959344455.25885	8977090319.385292	-21713.24566803651	19.24582573808594	-672.860968438696
193707984.081024	-42948199773.305374	229959398330.07748	8974667415.253258	-21711.645800784452	10.6848912455035	-673.1968582368885
193711584.081024	-43026358814.492775	229959421388.36368	8972243302.182032	-21710.043310723035	2.1255299658291076	-673.5326013314722
193715184.081024	-43104512081.99648	229959413635.78125	8969817980.699657	-21708.438198913307	-6.432257976520697	-673.8681977718188
193718784.081024	-43182659566.38012	229959375077.99442	8967391451.334002	-21706.830466415442	-14.988472457267632	-674.203647607407
193722384.081024	-43260801258.21111	229959305720.66788	8964963714.612751	-21705.22011428875	-23.543113352269724	-674.538950887823
193725984.081024	-43338937148.06071	229959205569.46674	8962534771.063416	-21703.607143591667	-32.09618053751937	-674.8741076627617
193729584.081024	-43417067226.50395	229959074630.0566	8960104621.213326	-21701.991555381763	-40.64767388914143	-675.2091179820271
193733184.081024	-43495191484.119705	229958912908.1035	8957673265.589632	-21700.37335071573	-49.1975932833913	-675.5439818955334
193736784.081024	-43573309911.49062	229958720409.27386	8955240704.719305	-21698.752530649395	-57.74593859665305	-675.8786994533061
193740384.081024	-43651422499.20316	229958497139.23465	8952806939.129135	-21697.129096237713	-66.2927097054375	-676.2132707054823
193743984.081024	-43729529237.84758	229958243103.6532	8950371969.345732	-21695.50304853476	-74.8379064863802	-676.5476957023117
193747584.081024	-43807630118.01792	229957958308.1973	8947935795.895525	-21693.874388593744	-83.38152881623947	-676.8819744941576
193751184.081024	-43885725130.31203	229957642758.53522	8945498419.30476	-21692.243117467	-91.92357657189424	-677.216107131498
193754784.081024	-43963814265.33152	229957296460.33563	8943059840.099503	-21690.60923620598	-100.4640496303422	-677.5500936649261
193758384.081024	-44041897513.68181	229956919419.26767	8940620058.805635	-21688.972745861272	-109.00294786869769	-677.8839341451514
193761984.081024	-44119974865.97208	229956511641.00092	8938179075.94886	-21687.333647482585	-117.54027116418978	-678.2176286230008
193765584.081024	-44198046312.8153	229956073131.20538	8935736892.054691	-21685.69194211875	-126.07601939416026	-678.551177149419
193769184.081024	-44276111844.82821	229955603895.5515	8933293507.648464	-21684.047630817717	-134.6101924360616	-678.8845797754698
193772784.081024	-44354171452.63132	229955103939.7102	8930848923.255327	-21682.40071462657	-143.14279016745493	-679.2178365523367
193776384.081024	-44432225126.84891	229954573269.3528	8928403139.400246	-21680.751194591503	-151.67381246600786	-679.5509475313245
193779984.081024	-44510272858.10902	229954011890.15112	8925956156.607998	-21679.099071757842	-160.2032592094924	-679.8839127638593
193783584.081024	-44588314637.04346	229953419807.7773	8923507975.40318	-21677.444347170025	-168.7311302757828	-680.2167323014902
193787184.081024	-44666350454.28779	229952797027.90408	8921058596.310198	-21675.787021871616	-177.25742554285358	-680.5494061958902
193790784.081024	-44744380300.48133	229952143556.2045	8918608019.853277	-21674.127096905293	-185.78214488877742	-680.881934498857
193794384.081024	-44822404166.26716	229951459398.3521	8916156246.556454	-21672.464573312856	-194.30528819172306	-681.2143172623138
193797984.081024	-44900422042.29208	229950744560.0209	8913703276.943575	-21670.79945213522	-202.82685532995313	-681.5465545383105
193801584.081024	-44978433919.20668	229949999046.88528	8911249111.538301	-21669.13173441242	-211.34684618182206	-681.8786463790246
193805184.081024	-45056439787.66525	229949222864.6201	8908793750.864105	-21667.461421183612	-219.86526062577377	-682.2105928367624
193808784.081024	-45134439638.32584	229948416018.9006	8906337195.444273	-21665.788513487056	-228.38209854033954	-682.5423939639597
193812384.081024	-45212433461.85024	229947578515.40256	8903879445.801899	-21664.113012360136	-236.89735980413576	-682.8740498131832
193815984.081024	-45290421248.90396	229946710359.80212	8901420502.459888	-21662.43491883935	-245.4110442958617	-683.2055604371313
193819584.081024	-45368402990.15625	229945811557.7759	8898960365.940958	-21660.754233960306	-253.92315189429752	-683.5369258886353
193823184.081024	-45446378676.28008	229944882115.00092	8896499036.767633	-21659.07095875773	-262.4336824783019	-683.8681462206604
193826784.081024	-45524348297.952156	229943922037.15463	8894036515.46225	-21657.385094265454	-270.9426359268099	-684.1992214863063
193830384.081024	-45602311845.85288	229942931329.91495	8891572802.54695	-21655.696641516424	-279.45001211883056	-684.5301517388091
193833984.081024	-45680269310.666405	229941909998.96024	8889107898.543682	-21654.005601542696	-287.95581093344464	-684.8609370315415
193837584.081024	-45758220683.08056	229940858049.96924	8886641803.974209	-21652.31197537544	-296.46003224980217	-685.1915774180148
193841184.081024	-45836165953.78691	229939775488.6212	8884174519.360096	-21650.615764044927	-304.96267594712026	-685.5220729518795
193844784.081024	-45914105113.48072	229938662320.5957	8881706045.222715	-21648.916968580546	-313.4637419046809	-685.8524236869264
193848384.081024	-45992038152.86096	229937518551.5729	8879236382.083244	-21647.215590010783	-321.9632300018285	-686.1826296770879
193851984.081024	-46069965062.6303	229936344187.23328	8876765530.46267	-21645.511629363238	-330.46114011796766	-686.5126909764389
193855584.081024	-46147885833.49512	229935139233.25778	8874293490.881779	-21643.805087664616	-338.9574721325607	-686.842607639198
193859184.081024	-46225800456.16546	229933903695.3278	8871820263.861166	-21642.09596594072	-347.45222592512533	-687.172379719729
193862784.081024	-46303708921.35509	229932637579.12512	8869345849.92123	-21640.384265216464	-355.94540137523194	-687.5020072725413
193866384.081024	-46381611219.78145	229931340890.33203	8866870249.582172	-21638.669986515863	-364.4369983625014	-687.8314903522921
193869984.081024	-46459507342.165665	229930013634.6312	8864393463.363997	-21636.95313086203	-372.92701676660266	-688.160829013787
193873584.081024	-46537397279.232544	229928655817.70575	8861915491.786509	-21635.233699277192	-381.4154564672502	-688.490023311981
193877184.081024	-46615281021.71057	229927267445.23923	8859436335.36932	-21633.51169278266	-389.9023173442016	-688.8190733019802
193880784.081024	-46693158560.33191	229925848522.91562	8856955994.631838	-21631.78711239885	-398.38759927725533	-689.1479790390429
193884384.081024	-46771029885.8324	229924399056.4193	8854474470.093275	-21630.059959145285	-406.87130214624784	-689.4767405785802
193887984.081024	-46848894988.95154	229922919051.43518	8851991762.272642	-21628.330234040575	-415.3534258310512	-689.8053579761582
193891584.081024	-46926753860.432495	229921408513.6485	8849507871.68875	-21626.59793810243	-423.83397021157026	-690.1338312874988
193895184.081024	-47004606491.022095	229919867448.74496	8847022798.860209	-21624.863072347653	-432.3129351677404	-690.4621605684807
193898784.081024	-47082452871.47083	229918295862.41074	8844536544.305426	-21623.125637792145	-440.7903205795249	-690.7903458751415
193902384.081024	-47160292992.53285	229916693760.3324	8842049108.542608	-21621.385635450897	-449.2661263269124	-691.1183872636782
193905984.081024	-47238126844.96595	229915061148.19693	8839560492.08976	-21619.643066337998	-457.7403522899142	-691.4462847904488
193909584.081024	-47315954419.53157	229913398031.6918	8837070695.464682	-21617.89793146662	-466.21299834856177	-691.7740385119735
193913184.081024	-47393775706.99481	229911704416.50485	8834579719.18497	-21616.150231849035	-474.684064382904	-692.1016484849362
193916784.081024	-47471590698.124405	229909980308.3244	8832087563.76802	-21614.399968496593	-483.1535502730044	-692.4291147661856
193920384.081024	-47549399383.69272	229908225712.8392	8829594229.731016	-21612.647142419744	-491.6214558989384	-692.756437412737
193923984.081024	-47627201754.47577	229906440635.7384	8827099717.59094	-21610.891754628014	-500.0877811407909	-693.0836164817732
193927584.081024	-47704997801.2532	229904625082.7116	8824604027.86457	-21609.133806130023	-508.5525258786534	-693.4106520306462
193931184.081024	-47782787514.808266	229902779059.44882	8822107161.068476	-21607.37329793347	-517.0156899926212	-693.7375441168786
193934784.081024	-47860570885.92789	229900902571.64053	8819609117.719015	-21605.610231045142	-525.4772733627909	-694.0642927981644
193938384.081024	-47938347905.40257	229898995624.97763	8817109898.332344	-21603.844606470902	-533.9372758692575	-694.3908981323714
193941984.081024	-48016118564.02646	229897058225.15146	8814609503.424408	-21602.076425215702	-542.3956973921115	-694.7173601775418
193945584.081024	-48093882852.59731	229895090377.85373	8812107933.510942	-21600.305688283574	-550.8525378114362	-695.0436789918939
193949184.081024	-48171640761.9165	229893092088.77667	8809605189.107473	-21598.53239667762	-559.3077970073042	-695.3698546338239
193952784.081024	-48249392282.78899	229891063363.61288	8807101270.729315	-21596.756551400027	-567.7614748597758	-695.6958871619072
193956384.081024	-48327137406.02337	229889004208.05542	8804596178.891573	-21594.978153452055	-576.213571248895	-696.0217766348995
193959984.081024	-48404876122.43183	229886914627.7978	8802089914.109138	-21593.197203834043	-584.6640860546872	-696.347523111739
193963584.081024	-48482608422.83016	229884794628.53387	8799582476.896692	-21591.4137035454	-593.1130191571563	-696.6731266515471
193967184.081024	-48560334298.03775	229882644215.95804	8797073867.7687	-21589.62765358461	-601.5603704362812	-696.9985873136307
193970784.081024	-48638053738.87756	229880463395.76508	8794564087.239414	-21587.839054949225	-610.0061397720137	-697.323905157483
193974384.081024	-48715766736.17617	229878252173.65018	8792053135.822876	-21586.047908635872	-618.4503270442747	-697.6490802427857
193977984.081024	-48793473280.763725	229876010555.309	8789541014.032906	-21584.254215640245	-626.892932132951	-697.9741126294105
193981584.081024	-48871173363.47396	229873738546.4376	8787027722.38311	-21582.457976957103	-635.3339549178934	-698.2990023774205
193985184.081024	-48948866975.14419	229871436152.73248	8784513261.38688	-21580.65919358027	-643.7733952789125	-698.6237495470718
193988784.081024	-49026554106.615295	229869103379.89062	8781997631.557392	-21578.857866502643	-652.2112530957763	-698.9483541988154
193992384.081024	-49104234748.73175	229866740233.60938	8779480833.407598	-21577.05399671617	-660.6475282482072	-699.2728163932983
193995984.081024	-49181908892.34159	229864346719.58658	8776962867.450237	-21575.247585211873	-669.0822206158781	-699.5971361913654
193999584.081024	-49259576528.29641	229861922843.52045	8774443734.197824	-21573.438632979825	-677.5153300784098	-699.9213136540615
194003184.081024	-49337237647.45136	229859468611.10965	8771923434.162657	-21571.62714100916	-685.9468565153675	-700.2453488426326
194006784.081024	-49414892240.66518	229856984028.0533	8769401967.856812	-21569.813110288076	-694.3767998062577	-700.5692418185279
194010384.081024	-49492540298.800125	229854469100.05096	8766879335.792145	-21567.99654180382	-702.8051598305253	-700.8929926434015
194013984.081024	-49570181812.72203	229851923832.80258	8764355538.480288	-21566.177436542697	-711.2319364675496	-701.216601379114
194017584.081024	-49647816773.30028	229849348232.0086	8761830576.432648	-21564.35579549006	-719.6571295966421	-701.540068087734
194021184.081024	-49725445171.40779	229846742303.36984	8759304450.160414	-21562.531619630325	-728.080739097042	-701.8633928315403
194024784.081024	-49803066997.92103	229844106052.5876	8756777160.174543	-21560.70490994694	-736.5027648479138	-702.1865756730235
194028384.081024	-49880682243.72	229841439485.36356	8754248706.985775	-21558.87566742242	-744.9232067283432	-702.5096166748879
194031984.081024	-49958290899.68824	229838742607.39993	8751719091.104616	-21557.043893038313	-753.3420646173339	-702.8325159000531
194035584.081024	-50035892956.71282	229836015424.39926	8749188313.041351	-21555.20958777522	-761.7593383938043	-703.1552734116564
194039184.081024	-50113488405.68434	229833257942.06458	8746656373.306034	-21553.372752612784	-770.175027936584	-703.4778892730543
194042784.081024	-50191077237.496925	229830470166.09933	8744123272.40849	-21551.533388529686	-778.5891331244104	-703.8003635478243
194046384.081024	-50268659443.048225	229827652102.20746	8741589010.858316	-21549.691496503652	-787.0016538359254	-704.1226962997667
194049984.081024	-50346235013.239395	229824803756.09326	8739053589.16488	-21547.847077511444	-795.4125899496712	-704.4448875929069
194053584.081024	-50423803938.97512	229821925133.4615	8736517007.83732	-21546.000132528858	-803.8219413440873	-704.7669374914967
194057184.081024	-50501366211.16359	229819016240.0174	8733979267.384539	-21544.15066253073	-812.2297078975066	-705.0888460600174
194060784.081024	-50578921820.71649	229816077081.46658	8731440368.315207	-21542.29866849093	-820.6358894881515	-705.4106133631808
194064384.081024	-50656470758.54904	229813107663.51517	8728900311.137764	-21540.444151382355	-829.0404859941309	-705.7322394659316
194067984.081024	-50734013015.57993	229810107991.86966	8726359096.360415	-21538.58711217693	-837.4434972934362	-706.0537244334492
194071584.081024	-50811548582.73137	229807078072.23703	8723816724.491127	-21536.727551845615	-845.8449232639375	-706.3750683311501
194075184.081024	-50889077450.92904	229804017910.32468	8721273196.037636	-21534.86547135839	-854.2447637833804	-706.6962712246896
194078784.081024	-50966599611.10213	229800927511.84045	8718728511.507437	-21533.00087168426	-862.6430187293814	-707.0173331799637
194082384.081024	-51044115054.183304	229797806882.49265	8716182671.407787	-21531.133753791255	-871.0396879794245	-707.3382542631117
194085984.081024	-51121623771.10872	229794656027.99	8713635676.245708	-21529.26411864642	-879.4347714108569	-707.6590345405185
194089584.081024	-51199125752.81801	229791474954.04163	8711087526.527983	-21527.391967215826	-887.828268900886	-707.9796740788161
194093184.081024	-51276620990.25429	229788263666.35718	8708538222.761148	-21525.51730046455	-896.2201803265746	-708.3001729448861
194096784.081024	-51354109474.36413	229785022170.6467	8705987765.451506	-21523.640119356693	-904.6105055648377	-708.620531205862
194100384.081024	-51431591196.09758	229781750472.6207	8703436155.105112	-21521.76042485536	-912.9992444924382	-708.9407489291312
194103984.081024	-51509066146.408165	229778448577.99008	8700883392.227781	-21519.878217922676	-921.3863969859827	-709.2608261823374
194107584.081024	-51586534316.25286	229775116492.46625	8698329477.325083	-21517.993499519765	-929.7719629219181	-709.5807630333824
194111184.081024	-51663995696.592094	229771754221.76105	8695774410.902342	-21516.106270606764	-938.1559421765264	-709.9005595504289
194114784.081024	-51741450278.38976	229768361771.58673	8693218193.464638	-21514.216532142807	-946.5383346259216	-710.2202158019029
194118384.081024	-51818898052.61321	229764939147.65604	8690660825.516804	-21512.324285086037	-954.9191401460449	-710.5397318564958
194121984.081024	-51896339010.23322	229761486355.68213	8688102307.563425	-21510.42953039359	-963.2983586126609	-710.8591077831667
194125584.081024	-51973773142.22403	229758003401.37863	8685542640.108835	-21508.532269021605	-971.6759899013531	-711.1783436511448
194129184.081024	-52051200439.56331	229754490290.4596	8682981823.657124	-21506.632501925214	-980.0520338875203	-711.497439529932
194132784.081024	-52128620893.23217	229750947028.63956	8680419858.712124	-21504.73023005854	-988.4264904463716	-711.8163954893048
194136384.081024	-52206034494.21515	229747373621.63345	8677856745.77742	-21502.8254543747	-996.7993594529221	-712.1352115993172
194139984.081024	-52283441233.50023	229743770075.1567	8675292485.356344	-21500.918175825795	-1005.1706407819886	-712.4538879303034
194143584.081024	-52360841102.0788	229740136394.92517	8672727077.951973	-21499.00839536292	-1013.5403343081853	-712.7724245528797
194147184.081024	-52438234090.94568	229736472586.65518	8670160524.06713	-21497.096113936146	-1021.908439905919	-713.0908215379476
194150784.081024	-52515620191.09911	229732778656.0635	8667592824.20438	-21495.18133249453	-1030.274957449385	-713.4090789566962
194154384.081024	-52592999393.54076	229729054608.86737	8665023978.866035	-21493.264051986105	-1038.639886812563	-713.7271968806047
194157984.081024	-52670371689.27567	229725300450.78442	8662453988.554148	-21491.344273357885	-1047.003227869211	-714.0451753814443
194161584.081024	-52747737069.312325	229721516187.53284	8659882853.77051	-21489.42199755585	-1055.3649804928625	-714.3630145312824
194165184.081024	-52825095524.6626	229717701824.83115	8657310575.016657	-21487.497225524963	-1063.7251445568204	-714.6807144024837
194168784.081024	-52902447046.34177	229713857368.39844	8654737152.79386	-21485.569958209147	-1072.0837199341527	-714.9982750677141
194172384.081024	-52979791625.3685	229709982823.9542	8652162587.603128	-21483.640196551296	-1080.4407064976876	-715.315696599943
194175984.081024	-53057129252.76486	229706078197.21838	8649586879.945211	-21481.707941493263	-1088.7961041200094	-715.6329790724458
194179584.081024	-53134459919.556305	229702143493.9114	8647010030.320591	-21479.773193975867	-1097.149912673453	-715.9501225588069
194183184.081024	-53211783616.77167	229698178719.75415	8644432039.229483	-21477.83595493888	-1105.502132030099	-716.2671271329227
