194180875.17235202	-53162190713.314125	229700726562.91217	8646084674.262928	-21479.557183793968	-1100.8040782368985	-715.6637167712335
194184475.17235202	-53239513631.28481	229696748634.7849	8643507714.322336	-21477.61905145096	-1109.155727601715	-715.9806715363129
194188075.17235202	-53316829567.496155	229692740643.58057	8640929613.594372	-21475.67842875804	-1117.505787712284	-716.2974875467975
194191675.17235202	-53394138512.98457	229688702595.02066	8638350372.578415	-21473.735316652495	-1125.8542584399017	-716.6141648772654
194195275.17235202	-53471440458.78988	229684634494.8272	8635769991.77358	-21471.789716070558	-1134.201139655594	-716.9307036026162
194198875.17235202	-53548735395.95523	229680536348.72272	8633188471.67871	-21469.84162794741	-1142.5464312301112	-717.2471037980735
194202475.17235202	-53626023315.52717	229676408162.43008	8630605812.79238	-21467.891053217183	-1150.890133033923	-717.5633655391881
194206075.17235202	-53703304208.55559	229672249941.67276	8628022015.612883	-21465.937992812942	-1159.232244937213	-717.8794889018411
194209675.17235202	-53780578066.093735	229668061692.1746	8625437080.638248	-21463.982447666698	-1167.5727668098748	-718.1954739622463
194213275.17235202	-53857844879.19821	229663843419.6599	8622851008.366226	-21462.024418709392	-1175.9116985215053	-718.5113207969536
194216875.17235202	-53935104638.92898	229659595129.85358	8620263799.294289	-21460.0639068709	-1184.2490399413998	-718.8270294828523
194220475.17235202	-54012357336.349335	229655316828.48083	8617675453.919634	-21458.100913080027	-1192.5847909385468	-719.1426000971741
194224075.17235202	-54089602962.525925	229651008521.2675	8615085972.739182	-21456.135438264504	-1200.9189513816218	-719.4580327174964
194227675.17235202	-54166841508.528725	229646670213.93973	8612495356.249567	-21454.167483350986	-1209.2515211389828	-719.7733274217456
194231275.17235202	-54244072965.431046	229642301912.22427	8609903604.94715	-21452.19704926505	-1217.5825000786635	-720.0884842882001
194234875.17235202	-54321297324.30953	229637903621.8483	8607310719.328003	-21450.22413693119	-1225.9118880683698	-720.4035033954935
194238475.17235202	-54398514576.244156	229633475348.53946	8604716699.887918	-21448.248747272806	-1234.239684975472	-720.7183848226183
194242075.17235202	-54475724712.318214	229629017098.0259	8602121547.122402	-21446.27088121222	-1242.5658906670005	-721.0331286489286
194245675.17235202	-54552927723.61831	229624528876.03625	8599525261.526672	-21444.290539670652	-1250.8905050096394	-721.347734954144
194249275.17235202	-54630123601.23437	229620010688.29962	8596927843.595661	-21442.307723568232	-1259.21352786972	-721.6622038183531
194252875.17235202	-54707312336.25963	229615462540.54553	8594329293.824013	-21440.32243382399	-1267.5349591132167	-721.9765353220166
194256475.17235202	-54784493919.790634	229610884438.5041	8591729612.70608	-21438.33467135585	-1275.8547986057388	-722.2907295459714
194260075.17235202	-54861668342.92722	229606276387.90582	8589128800.735921	-21436.344437080632	-1284.1730462125267	-722.6047865714336
194263675.17235202	-54938835596.772545	229601638394.48178	8586526858.407306	-21434.351731914045	-1292.4897017984447	-722.9187064800019
194267275.17235202	-55015995672.43304	229596970463.96347	8583923786.213707	-21432.356556770686	-1300.804765227975	-723.2324893536619
194270875.17235202	-55093148561.018425	229592272602.0829	8581319584.648302	-21430.358912564036	-1309.1182363652117	-723.546135274789
194274475.17235202	-55170294253.64172	229587544814.57254	8578714254.203972	-21428.358800206453	-1317.4301150738545	-723.8596443261525
194278075.17235202	-55247432741.41923	229582787107.16544	8576107795.373298	-21426.356220609177	-1325.740401217202	-724.1730165909197
194281675.17235202	-55324564015.47051	229577999485.59503	8573500208.648561	-21424.351174682313	-1334.0490946581456	-724.4862521526591
194285275.17235202	-55401688066.918434	229573181955.5953	8570891494.521741	-21422.343663334836	-1342.3561952591633	-724.7993510953445
194288875.17235202	-55478804886.88911	229568334522.90073	8568281653.484515	-21420.333687474584	-1350.661702882313	-725.112313503359
194292475.17235202	-55555914466.511925	229563457193.24628	8565670686.028256	-21418.321248008262	-1358.965617389226	-725.4251394614986
194296075.17235202	-55633016796.919525	229558549972.36743	8563058592.644031	-21416.30634584143	-1367.2679386411005	-725.7378290549761
194299675.17235202	-55710111869.247826	229553612866.00015	8560445373.822596	-21414.288981878497	-1375.5686664986945	-726.0503823694253
194303275.17235202	-55787199674.63598	229548645879.8809	8557831030.054402	-21412.269157022725	-1383.8678008223192	-726.3627994909049
194306875.17235202	-55864280204.2264	229543649019.74664	8555215561.829589	-21410.24687217622	-1392.165341471832	-726.6750805059029
194310475.17235202	-55941353449.16474	229538622291.33487	8552598969.637983	-21408.222128239926	-1400.4612883066302	-726.9872255013407
194314075.17235202	-56018419400.5999	229533565700.38358	8549981253.969098	-21406.194926113625	-1408.7556411856426	-727.2992345645773
194317675.17235202	-56095478049.684006	229528479252.63126	8547362415.312132	-21404.165266695934	-1417.0483999673243	-727.6111077834131
194321275.17235202	-56172529387.57243	229523362953.8169	8544742454.155965	-21402.1331508843	-1425.3395645096484	-727.9228452460944
194324875.17235202	-56249573405.423775	229518216809.68002	8542121370.989161	-21400.098579574988	-1433.6291346700993	-728.2344470413179
194328475.17235202	-56326610094.39985	229513040825.9607	8539499166.299961	-21398.061553663087	-1441.917110305665	-728.5459132582347
194332075.17235202	-56403639445.665695	229507835008.39944	8536875840.576287	-21396.022074042496	-1450.2034912728293	-728.8572439864552
194335675.17235202	-56480661450.38957	229502599362.7373	8534251394.305737	-21393.98014160593	-1458.4882774275657	-729.1684393160533
194339275.17235202	-56557676099.74295	229497333894.7159	8531625827.975581	-21391.93575724491	-1466.771468625328	-729.4794993375714
194342875.17235202	-56634683384.9005	229492038610.07733	8528999142.072766	-21389.88892184976	-1475.0530647210446	-729.7904241420243
194346475.17235202	-56711683297.04009	229486713514.5642	8526371337.083909	-21387.839636309596	-1483.33306556911	-730.1012138209044
194350075.17235202	-56788675827.34282	229481358613.9197	8523742413.4952965	-21385.78790151233	-1491.6114710233767	-730.4118684661856
194353675.17235202	-56865660966.99294	229475973913.88748	8521112371.792882	-21383.733718344654	-1499.888280937148	-730.722388170329
194357275.17235202	-56942638707.177925	229470559420.21176	8518481212.462288	-21381.677087692056	-1508.1634951631697	-731.0327730262869
194360875.17235202	-57019609039.08841	229465115138.6373	8515848935.988799	-21379.618010438793	-1516.4371135536219	-731.3430231275082
194364475.17235202	-57096571953.91823	229459641074.90936	8513215542.857363	-21377.556487467897	-1524.7091359601104	-731.6531385679434
194368075.17235202	-57173527442.86438	229454137234.77374	8510581033.552589	-21375.492519661166	-1532.97956223366	-731.9631194420493
194371675.17235202	-57250475497.127045	229448603623.9768	8507945408.558746	-21373.426107899166	-1541.2483922247052	-732.2729658447942
194375275.17235202	-57327416107.90956	229443040248.26544	8505308668.359758	-21371.357253061215	-1549.5156257830818	-732.5826778716623
194378875.17235202	-57404349266.41844	229437447113.3871	8502670813.439206	-21369.285956025386	-1557.781262758019	-732.8922556186599
194382475.17235202	-57481274963.86336	229431824225.0897	8500031844.280324	-21367.2122176685	-1566.0453029981306	-733.2016991823194
194386075.17235202	-57558193191.45712	229426171589.12177	8497391761.365997	-21365.13603886612	-1574.3077463514057	-733.5110086597059
194389675.17235202	-57635103940.41571	229420489211.2324	8494750565.178761	-21363.057420492543	-1582.5685926652009	-733.8201841484216
194393275.17235202	-57712007201.95824	229414777097.1712	8492108256.200797	-21360.976363420803	-1590.8278417862302	-734.129225746612
194396875.17235202	-57788902967.30695	229409035252.68835	8489464834.913935	-21358.89286852265	-1599.0854935605576	-734.4381335529705
194400475.17235202	-57865791227.687256	229403263683.53458	8486820301.799646	-21356.80693666856	-1607.341547833587	-734.7469076667445
194404075.17235202	-57942671974.32767	229397462395.46115	8484174657.339046	-21354.718568727727	-1615.5960044500534	-735.0555481877407
194407675.17235202	-58019545198.45984	229391631394.2199	8481527902.012886	-21352.627765568046	-1623.8488632540143	-735.3640552163306
194411275.17235202	-58096410891.318535	229385770685.5633	8478880036.3015585	-21350.53452805612	-1632.1001240888393	-735.6724288534565
194414875.17235202	-58173269044.141655	229379880275.24423	8476231060.685089	-21348.43885705725	-1640.3497867972007	-735.9806692006373
194418475.17235202	-58250119648.1702	229373960169.0163	8473580975.643139	-21346.34075343542	-1648.5978512210645	-736.2887763599746
194422075.17235202	-58326962694.64828	229368010372.63358	8470929781.655	-21344.240218053303	-1656.84431720168	-736.5967504341583
194425675.17235202	-58403798174.823105	229362030891.85077	8468277479.199592	-21342.137251772256	-1665.0891845795707	-736.9045915264727
194429275.17235202	-58480626079.94499	229356021732.42313	8465624068.755463	-21340.031855452304	-1673.3324531945245	-737.2122997408027
194432875.17235202	-58557446401.26735	229349982900.10648	8462969550.800786	-21337.924029952137	-1681.5741228855836	-737.5198751816393
194436475.17235202	-58634259130.04666	229343914400.65726	8460313925.813357	-21335.81377612911	-1689.8141934910338	-737.8273179540868
194440075.17235202	-58711064257.54252	229337816239.83246	8457657194.270592	-21333.701094839227	-1698.0526648483951	-738.1346281638679
194443675.17235202	-58787861775.01757	229331688423.38965	8454999356.649525	-21331.585986937138	-1706.2895367944102	-738.4418059173315
194447275.17235202	-58864651673.73756	229325530957.08704	8452340413.426806	-21329.46845327614	-1714.5248091650346	-738.7488513214585
194450875.17235202	-58941433944.971275	229319343846.68335	8449680365.078701	-21327.348494708156	-1722.7584817954262	-739.0557644838681
194454475.17235202	-59018208579.99059	229313127097.938	8447019212.081083	-21325.226112083743	-1730.9905545199347	-739.3625455128249
194458075.17235202	-59094975570.070435	229306880716.6109	8444356954.909438	-21323.101306252076	-1739.2210271720905	-739.6691945172453
194461675.17235202	-59171734906.48878	229300604708.46265	8441693594.038857	-21320.974078060943	-1747.4498995845938	-739.9757116067037
194465275.17235202	-59248486580.52666	229294299079.2544	8439029129.944036	-21318.844428356733	-1755.6771715893035	-740.2820968914406
194468875.17235202	-59325230583.46815	229287963834.7479	8436363563.099271	-21316.71235798444	-1763.9028430172257	-740.5883504823684
194472475.17235202	-59401966906.60036	229281598980.70557	8433696893.97846	-21314.577867787655	-1772.1269136985022	-740.8944724910791
194476075.17235202	-59478695541.21344	229275204522.89038	8431029123.055099	-21312.440958608542	-1780.3493834623991	-741.2004630298518
194479675.17235202	-59555416478.60057	229268780467.06595	8428360250.802274	-21310.301631287846	-1788.5702521372957	-741.5063222116592
194483275.17235202	-59632129710.05795	229262326818.9965	8425690277.692667	-21308.159886664886	-1796.7895195506724	-741.812050150175
194486875.17235202	-59708835226.8848	229255843584.4469	8423019204.198547	-21306.015725577538	-1805.0071855290987	-742.1176469597813
194490475.17235202	-59785533020.38336	229249330769.18262	8420347030.791773	-21303.869148862235	-1813.2232498982216	-742.423112755576
194494075.17235202	-59862223081.858864	229242788378.96976	8417673757.943785	-21301.72015735396	-1821.4377124827524	-742.7284476533805
194497675.17235202	-59938905402.61956	229236216419.57507	8414999386.125607	-21299.56875188623	-1829.650573106455	-743.0336517697477
194501275.17235202	-60015579973.97669	229229614896.76596	8412323915.80784	-21297.414933291086	-1837.8618315921333	-743.3387252219695
194504875.17235202	-60092246787.2445	229222983816.3104	8409647347.460664	-21295.258702399104	-1846.0714877616176	-743.6436681280846
194508475.17235202	-60168905833.740204	229216323183.97705	8406969681.55383	-21293.10006003937	-1854.2795414357538	-743.9484806068868
194512075.17235202	-60245557104.78401	229209633005.53525	8404290918.5566635	-21290.939007039473	-1862.4859924343891	-744.2531627779326
194515675.17235202	-60322200591.69911	229202913286.75494	8401611058.938054	-21288.7755442255	-1870.6908405763595	-744.5577147615495
194519275.17235202	-60398836285.81165	229196164033.40674	8398930103.16646	-21286.60967242203	-1878.8940856794757	-744.8621366788441
194522875.17235202	-60475464178.45075	229189385251.2619	8396248051.7099	-21284.44139245212	-1887.0957275605103	-745.1664286517107
194526475.17235202	-60552084260.948494	229182576946.09238	8393564905.0359535	-21282.2707051373	-1895.2957660351838	-745.4705908028402
194530075.17235202	-60628696524.63991	229175739123.67075	8390880663.611757	-21280.09761129756	-1903.4942009181505	-745.7746232557282
194533675.17235202	-60705300960.86298	229168871789.7703	8388195327.904001	-21277.92211175134	-1911.6910320229854	-746.078526134684
194537275.17235202	-60781897560.95865	229161974950.16495	8385508898.378926	-21275.744207315536	-1919.88625916217	-746.3822995648393
194540875.17235202	-60858486316.27077	229155048610.6293	8382821375.502322	-21273.563898805467	-1928.079882147078	-746.6859436721568
194544475.17235202	-60935067218.14613	229148092776.9387	8380132759.739522	-21271.381187034884	-1936.2719007879602	-746.9894585834394
194548075.17235202	-61011640257.93448	229141107454.86908	8377443051.555403	-21269.196072815954	-1944.4623148939309	-747.2928444263395
194551675.17235202	-61088205426.98844	229134092650.19714	8374752251.41438	-21267.008556959245	-1952.6511242729514	-747.5961013293681
194555275.17235202	-61164762716.66359	229127048368.70023	8372060359.780404	-21264.81864027373	-1960.8383287318163	-747.8992294219048
194558875.17235202	-61241312118.31839	229119974616.1564	8369367377.116959	-21262.62632356676	-1969.0239280761382	-748.2022288342068
194562475.17235202	-61317853623.31422	229112871398.34445	8366673303.887056	-21260.431607644074	-1977.2079221103318	-748.5050996974189
194566075.17235202	-61394387223.015335	229105738721.04382	8363978140.553237	-21258.234493309763	-1985.390310637599	-748.8078421435829
194569675.17235202	-61470912908.78892	229098576590.0347	8361281887.577563	-21256.034981366283	-1993.5710934599126	-749.1104563056473
194573275.17235202	-61547430672.005005	229091385011.098	8358584545.421617	-21253.833072614438	-2001.7502703780008	-749.4129423174777
194576875.17235202	-61623940504.03653	229084163990.01532	8355886114.546495	-21251.62876785336	-2009.9278411913303	-749.7153003138669
194580475.17235202	-61700442396.25929	229076913532.569	8353186595.412812	-21249.42206788051	-2018.1038056980906	-750.0175304305452
194584075.17235202	-61776936340.05197	229069633644.5421	8350485988.480687	-21247.212973491663	-2026.2781636951765	-750.3196328041911
194587675.17235202	-61853422326.79609	229062324331.71844	8347784294.209748	-21245.001485480894	-2034.4509149781718	-750.6216075724417
194591275.17235202	-61929900347.87604	229054985599.88257	8345081513.059126	-21242.78760464057	-2042.6220593413323	-750.9234548739036
194594875.17235202	-62006370394.679054	229047617454.81973	8342377645.487449	-21240.571331761337	-2050.791596577569	-751.2251748481632
194598475.17235202	-62082832458.59522	229040219902.316	8339672691.952843	-21238.352667632113	-2058.9595264784307	-751.5267676357979
194602075.17235202	-62159286531.017456	229032792948.15814	8336966652.912925	-21236.131613040066	-2067.125848834085	-751.8282333783872
194605675.17235202	-62235732603.3415	229025336598.1337	8334259528.824801	-21233.908168770617	-2075.290563433301	-752.129572218524
194609275.17235202	-62312170666.96593	229017850858.03098	8331551320.145062	-21231.682335607416	-2083.4536700634317	-752.4307842998268
194612875.17235202	-62388600713.29214	229010335733.63907	8328842027.32978	-21229.454114332333	-2091.6151685103946	-752.7318697669506
194616475.17235202	-62465022733.72433	229002791230.7478	8326131650.834502	-21227.223505725447	-2099.7750585586537	-753.032828765599
194620075.17235202	-62541436719.6695	228995217355.1478	8323420191.114253	-21224.990510565036	-2107.9333399912002	-753.3336614425357
194623675.17235202	-62617842662.53747	228987614112.63046	8320707648.623525	-21222.75512962756	-2116.0900125895346	-753.6343679455968
194627275.17235202	-62694240553.74082	228979981508.988	8317994023.816275	-21220.517363687646	-2124.2450761336454	-753.9349484237027
194630875.17235202	-62770630384.69495	228972319550.01343	8315279317.145924	-21218.277213518082	-2132.3985304019916	-754.235403026871
194634475.17235202	-62847012146.818	228964628241.50052	8312563529.06535	-21216.0346798898	-2140.5503751714805	-754.5357319062288
194638075.17235202	-62923385831.53092	228956907589.24387	8309846660.026885	-21213.78976357186	-2148.7006102174482	-754.8359352140257
194641675.17235202	-62999751430.25741	228949157599.03888	8307128710.482311	-21211.54246533144	-2156.84923531364	-755.1360131036469
194645275.17235202	-63076108934.42392	228941378276.68182	8304409680.882855	-21209.29278593383	-2164.9962502321887	-755.435965729626
194648875.17235202	-63152458335.45966	228933569627.9697	8301689571.679188	-21207.040726142397	-2173.1416547435947	-755.7357932476584
194652475.17235202	-63228799624.796585	228925731658.7004	8298968383.321414	-21204.78628671859	-2181.285448616704	-756.0354958146144
194656075.17235202	-63305132793.869385	228917864374.6727	8296246116.259074	-21202.52946842192	-2189.4276316186865	-756.3350735885526
194659675.17235202	-63381457834.115486	228909967781.6861	8293522770.941137	-21200.270272009937	-2197.568203515015	-756.6345267287348
194663275.17235202	-63457774736.97503	228902041885.54102	8290798347.815995	-21198.008698238235	-2205.707164069441	-756.9338553956393
194666875.17235202	-63534083493.89088	228894086692.0387	8288072847.331462	-21195.744747860415	-2213.844513043975	-757.2330597509756
194670475.17235202	-63610384096.3086	228886102206.98126	8285346269.934766	-21193.478421628082	-2221.98025019886	-757.5321399576989
194674075.17235202	-63686676535.676476	228878088436.17172	8282618616.072547	-21191.20972029083	-2230.114375292553	-757.831096180024
194677675.17235202	-63762960803.445465	228870045385.4139	8279889886.190852	-21188.938644596215	-2238.2468880816987	-758.1299285834409
194681275.17235202	-63839236891.06923	228861973060.51257	8277160080.735129	-21186.665195289756	-2246.377788321106	-758.4286373347289
194684875.17235202	-63915504790.004105	228853871467.27335	8274429200.150224	-21184.389373114907	-2254.5070757637254	-758.7272226019726
194688475.17235202	-63991764491.7091	228845740611.50272	8271697244.880373	-21182.111178813047	-2262.634750160623	-759.025684554577
194692075.17235202	-64068015987.64589	228837580499.00812	8268964215.369204	-21179.830613123457	-2270.7608112609555	-759.3240233632838
194695675.17235202	-64144259269.27881	228829391135.59787	8266230112.059724	-21177.547676783306	-2278.8852588119466	-759.6222392001872
194699275.17235202	-64220494328.07483	228821172527.08124	8263494935.3943205	-21175.26237052764	-2287.0080925588613	-759.9203322387496
194702875.17235202	-64296721155.503586	228812924679.26834	8260758685.814754	-21172.974695089346	-2295.1293122449792	-760.2183026538181
194706475.17235202	-64372939743.03733	228804647597.97028	8258021363.76215	-21170.684651199168	-2303.24891761157	-760.5161506216414
194710075.17235202	-64449150082.15095	228796341288.99905	8255282969.677001	-21168.392239585653	-2311.3669083978657	-760.8138763198857
194713675.17235202	-64525352164.321945	228788005758.16763	8252543503.999155	-21166.097460975157	-2319.4832843410336	-761.1114799276528
194717275.17235202	-64601545981.03044	228779641011.28992	8249802967.167813	-21163.800316091812	-2327.5980451761507	-761.408961625497
194720875.17235202	-64677731523.75915	228771247054.18082	8247061359.621525	-21161.50080565752	-2335.7111906361733	-761.706321595443
194724475.17235202	-64753908783.99338	228762823892.65613	8244318681.79818	-21159.19893039193	-2343.822720451911	-762.0035600210036
194728075.17235202	-64830077753.22103	228754371532.53265	8241574934.135005	-21156.894691012403	-2351.932634351999	-762.3006770871979
194731675.17235202	-64906238422.93259	228745889979.6282	8238830117.06856	-21154.588088234024	-2360.040932062866	-762.5976729805693
194735275.17235202	-64982390784.62109	228737379239.76157	8236084231.034727	-21152.279122769556	-2368.14761330871	-762.8945478892044
194738875.17235202	-65058534829.78216	228728839318.75247	8233337276.468712	-21149.967795329427	-2376.2526778114643	-763.1913020027514
194742475.17235202	-65134670549.91394	228720270222.42175	8230589253.805032	-21147.654106621714	-2384.3561252907693	-763.4879355124394
194746075.17235202	-65210797936.51716	228711671956.59116	8227840163.477515	-21145.338057352124	-2392.4579554639413	-763.7844486110985
194749675.17235202	-65286916981.09505	228703044527.08353	8225090005.9192915	-21143.019648223963	-2400.5581680459413	-764.0808414931792
194753275.17235202	-65363027675.15338	228694387939.7227	8222338781.562789	-21140.69887993812	-2408.656762749344	-764.3771143547727
194756875.17235202	-65439130010.20045	228685702200.33353	8219586490.839725	-21138.375753193057	-2416.7537392843074	-764.6732673936311
194760475.17235202	-65515223977.747055	228676987314.74197	8216833134.181103	-21136.05026868476	-2424.8490973585376	-764.9693008091874
194764075.17235202	-65591309569.306496	228668243288.77502	8214078712.017205	-21133.722427106746	-2432.9428366772595	-765.2652148025767
194767675.17235202	-65667386776.39457	228659470128.26074	8211323224.777588	-21131.392229150017	-2441.0349569431805	-765.5610095766572
194771275.17235202	-65743455590.52955	228650667839.02826	8208566672.891071	-21129.059675503056	-2449.1254578564576	-765.8566853360326
194774875.17235202	-65819516003.232185	228641836426.90778	8205809056.785738	-21126.724766851796	-2457.2143391146633	-766.1522422870736
194778475.17235202	-65895568006.025696	228632975897.7306	8203050376.888925	-21124.38750387959	-2465.3016004127508	-766.4476806379403
194782075.17235202	-65971611590.43575	228624086257.32913	8200290633.6272135	-21122.04788726719	-2473.387241443018	-766.7430005986045
194785675.17235202	-66047646747.99047	228615167511.5369	8197529827.426429	-21119.705917692732	-2481.471261895074	-767.0382023808727
194789275.17235202	-66123673470.2204	228606219666.18854	8194767958.711629	-21117.36159583171	-2489.5536614558	-767.333286198409
194792875.17235202	-66199691748.65852	228597242727.11984	8192005027.9071	-21115.014922356935	-2497.634439809315	-767.6282522667585
194796475.17235202	-66275701574.84024	228588236700.16772	8189241035.436347	-21112.665897938525	-2505.7135966369365	-767.9231008033717
194800075.17235202	-66351702940.30335	228579201591.17026	8186475981.722091	-21110.31452324387	-2513.7911316171417	-768.2178320276287
194803675.17235202	-66427695836.588066	228570137405.96667	8183709867.186257	-21107.960798937616	-2521.867044425531	-768.5124461608642
194807275.17235202	-66503680255.23697	228561044150.3974	8180942692.249973	-21105.604725681635	-2529.9413347347872	-768.8069434263925
194810875.17235202	-66579656187.79503	228551921830.304	8178174457.333558	-21103.246304134984	-2538.014002214637	-769.101324049533
194814475.17235202	-66655623625.80958	228542770451.52924	8175405162.856515	-21100.885534953897	-2546.0850465318103	-769.3955882576353
194818075.17235202	-66731582560.830315	228533590019.91714	8172634809.237526	-21098.52241879175	-2554.1544673499993	-769.6897362801056
194821675.17235202	-66807532984.40928	228524380541.31293	8169863396.8944435	-21096.156956299023	-2562.222264329817	-769.9837683484336
194825275.17235202	-66883474888.100845	228515142021.563	8167090926.244282	-21093.78914812329	-2570.288437128754	-770.2776846962192
194828875.17235202	-66959408263.461716	228505874466.515	8164317397.703212	-21091.418994909174	-2578.3529854011367	-770.5714855592008
194832475.17235202	-67035333102.05091	228496577882.01794	8161542811.686551	-21089.046497298325	-2586.415908798082	-770.8651711752829
194836075.17235202	-67111249395.429756	228487252273.92194	8158767168.608758	-21086.671655929385	-2594.4772069674555	-771.1587417845642
194839675.17235202	-67187157135.16186	228477897648.07846	8155990468.88342	-21084.294471437963	-2602.5368795538243	-771.4521976293667
194843275.17235202	-67263056312.81312	228468514010.34027	8153212712.92325	-21081.914944456596	-2610.5949261984147	-771.7455389542639
194846875.17235202	-67338946919.95171	228459101366.5614	8150433901.140077	-21079.533075614723	-2618.6513465390626	-772.0387660061114
194850475.17235202	-67414828948.14806	228449659722.5972	8147654033.944835	-21077.148865538657	-2626.7061402101685	-772.3318790340763
194854075.17235202	-67490702388.97485	228440189084.30432	8144873111.747559	-21074.76231485154	-2634.7593068426486	-772.624878289669
194857675.17235202	-67566567234.007	228430689457.5408	8142091134.957372	-21072.37342417333	-2642.8108460638855	-772.9177640267735
194861275.17235202	-67642423474.821655	228421160848.166	8139308103.98248	-21069.982194120734	-2650.86075749768	-773.2105365016796
194864875.17235202	-67718271102.99816	228411603262.04062	8136524019.230164	-21067.58862530721	-2658.909040764202	-773.5031959731145
194868475.17235202	-67794110110.11809	228402016705.02676	8133738881.106765	-21065.192718342907	-2666.955695479938	-773.7957427022758
194872075.17235202	-67869940487.76518	228392401182.98788	8130952690.017682	-21062.794473834645	-2675.0007212576415	-774.0881769528637
194875675.17235202	-67945762227.52537	228382756701.78888	8128165446.367359	-21060.39389238587	-2683.0441177062785	-774.3804989911156
194879275.17235202	-68021575320.98675	228373083267.29605	8125377150.5592785	-21057.99097459662	-2691.0858844309755	-774.6727090858398
194882875.17235202	-68097379759.73957	228363380885.3771	8122587802.995948	-21055.585721063493	-2699.1260210329638	-774.9648075084505
194886475.17235202	-68173175535.37623	228353649561.90125	8119797404.078896	-21053.178132379595	-2707.164527109525	-775.2567945330038
194890075.17235202	-68248962639.491234	228343889302.73904	8117005954.208656	-21050.768209134516	-2715.201402253935	-775.548670436233
194893675.17235202	-68324741063.68123	228334100113.76263	8114213453.784765	-21048.355951914284	-2723.2366460554094	-775.8404354975854
194897275.17235202	-68400510799.544945	228324282000.84558	8111419903.205746	-21045.941361301328	-2731.2702580990426	-776.1320899992588
194900875.17235202	-68476271838.68322	228314434969.86295	8108625302.869101	-21043.52443787444	-2739.302237965752	-776.4236342262394
194904475.17235202	-68552024172.69895	228304559026.69135	8105829653.171301	-21041.105182208725	-2747.332585232216	-776.71506846634
194908075.17235202	-68627767793.19712	228294654177.2089	8103032954.507778	-21038.683594875572	-2755.3612994708146	-777.006393010239
194911675.17235202	-68703502691.78474	228284720427.2953	8100235207.27291	-21036.2596764426	-2763.388380249567	-777.2976081515204
194915275.17235202	-68779228860.07086	228274757782.83176	8097436411.860014	-21033.833427473626	-2771.4138271320685	-777.5887141867144
194918875.17235202	-68854946289.66658	228264766249.70114	8094636568.661333	-21031.404848528604	-2779.437639677428	-777.8797114153376
194922475.17235202	-68930654972.18497	228254745833.78784	8091835678.068028	-21028.9739401636	-2787.459817440203	-778.1706001399355
194926075.17235202	-69006354899.24112	228244696540.97787	8089033740.470164	-21026.540702930735	-2795.4803599703355	-778.4613806661231
194929675.17235202	-69082046062.45209	228234618377.15887	8086230756.2567005	-21024.10513737815	-2803.499266813082	-778.7520533026288
194933275.17235202	-69157728453.4369	228224511348.22018	8083426725.815479	-21021.667244049935	-2811.516537508948	-779.0426183613382
194936875.17235202	-69233402063.81656	228214375460.05273	8080621649.533215	-21019.227023486113	-2819.5321715936175	-779.3330761573385
194940475.17235202	-69309066885.21396	228204210718.5492	8077815527.79548	-21016.784476222572	-2827.546168597881	-779.623427008964
194944075.17235202	-69384722909.25395	228194017129.60388	8075008360.986697	-21014.33960279102	-2835.5585280475684	-779.9136712378422
194947675.17235202	-69460370127.56328	228183794699.11288	8072200149.490125	-21011.892403718935	-2843.5692494634714	-780.2038091689409
194951275.17235202	-69536008531.77058	228173543432.97397	8069390893.687844	-21009.44287952951	-2851.578332361274	-780.4938411306143
194954875.17235202	-69611638113.50638	228163263337.0867	8066580593.96075	-21006.99103074161	-2859.585776251476	-780.7837674546522
194958475.17235202	-69687258864.40303	228152954417.3524	8063769250.688534	-21004.536857869716	-2867.5915806393155	-781.073588476329
194962075.17235202	-69762870776.09476	228142616679.6741	8060956864.249677	-21002.080361423865	-2875.5957450246915	-781.3633045344536
194965675.17235202	-69838473840.2176	228132250129.95682	8058143435.021432	-20999.621541909604	-2883.5982689020852	-781.6529159714208
194969275.17235202	-69914068048.40942	228121854774.10724	8055328963.379813	-20997.160399827935	-2891.5991517604784	-781.9424231332633
194972875.17235202	-69989653392.30988	228111430618.03397	8052513449.699583	-20994.69693567524	-2899.5983930832726	-782.2318263697045
194976475.17235202	-70065229863.5604	228100977667.6475	8049696894.354238	-20992.231149943254	-2907.5959923482055	-782.5211260342118
194980075.17235202	-70140797453.80417	228090495928.86017	8046879297.715994	-20989.763043118983	-2915.5919490272677	-782.8103224840503
194983675.17235202	-70216356154.68613	228079985407.58624	8044060660.155776	-20987.292615684648	-2923.5862625866157	-783.0994160803389
194987275.17235202	-70291905957.85294	228069446109.74194	8041240982.043201	-20984.819868117636	-2931.578932486484	-783.3884071881062
194990875.17235202	-70367446854.95297	228058878041.2454	8038420263.746565	-20982.34480089043	-2939.569958181096	-783.6772961763488
194994475.17235202	-70442978837.6363	228048281208.01675	8035598505.632828	-20979.867414470544	-2947.5593391185716	-783.96608341809
194998075.17235202	-70518501897.55469	228037655615.97812	8032775708.067598	-20977.38770932046	-2955.547074740837	-784.254769290439
195001675.17235202	-70594016026.3615	228027001271.05368	8029951871.415122	-20974.90568589757	-2963.5331644835296	-784.5433541746515
195005275.17235202	-70669521215.71176	228016318179.1696	8027126996.038264	-20972.421344654103	-2971.5176077759033	-784.8318384561915
195008875.17235202	-70745017457.26215	228005606346.25412	8024301082.298493	-20969.93468603706	-2979.500404040732	-785.1202225247926
195012475.17235202	-70820504742.6709	227994865778.23764	8021474130.555868	-20967.445710488144	-2987.481552694209	-785.408506774523
195016075.17235202	-70895983063.59785	227984096481.05258	8018646141.169022	-20964.954418443693	-2995.461053145846	-785.69669160385
195019675.17235202	-70971452411.7044	227973298460.63354	8015817114.495142	-20962.46081033461	-3003.4389047983714	-785.9847774157071
195023275.17235202	-71046912778.65349	227962471722.9173	8012987050.88996	-20959.964886586284	-3011.415107047624	-786.2727646175609
195026875.17235202	-71122364156.10956	227951616273.8428	8010155950.707733	-20957.466647618523	-3019.389659282449	-786.5606536214801
195030475.17235202	-71197806535.73857	227940732119.35123	8007323814.301224	-20954.966093845473	-3027.362560884587	-786.8484448442051
195034075.17235202	-71273239909.20796	227929819265.38596	8004490642.021687	-20952.46322567555	-3035.333811228567	-787.1361387072187
195037675.17235202	-71348664268.18663	227918877717.89267	8001656434.218852	-20949.958043511353	-3043.303409681593	-787.4237356368182
195041275.17235202	-71424079604.34492	227907907482.8193	7998821191.240905	-20947.45054774959	-3051.27135560343	-787.7112360641893
195044875.17235202	-71499485909.35458	227896908566.11615	7995984913.434469	-20944.940738781006	-3059.2376483462854	-787.9986404254815
195048475.17235202	-71574883174.88876	227885880973.7358	7993147601.144591	-20942.428616990277	-3067.2022872546922	-788.2859491618849
195052075.17235202	-71650271392.62198	227874824711.6333	7990309254.714719	-20939.914182755947	-3075.165271665387	-788.5731627197079
195055675.17235202	-71725650554.23012	227863739785.76602	7987469874.486683	-20937.39743645034	-3083.1266009071883	-788.8602815504569
195059275.17235202	-71801020651.39038	227852626202.09378	7984629460.80068	-20934.878378439465	-3091.0862743008706	-789.1473061109168
195062875.17235202	-71876381675.78127	227841483966.5789	7981788013.9952545	-20932.357009082934	-3099.044291159038	-789.434236863233
195066475.17235202	-71951733619.08258	227830313085.18613	7978945534.407274	-20929.833328733872	-3107.0006507859944	-789.7210742749946
195070075.17235202	-72027076472.97537	227819113563.88275	7976102022.371916	-20927.30733773882	-3114.9553524776093	-790.0078188193206
195073675.17235202	-72102410229.14194	227807885408.63864	7973257478.222642	-20924.779036437652	-3122.908395521184	-790.2944709749469
195077275.17235202	-72177734879.26576	227796628625.42624	7970411902.291182	-20922.248425163463	-3130.8597791953125	-790.5810312263154
195080875.17235202	-72253050415.03154	227785343220.22055	7967565294.90751	-20919.715504242486	-3138.809502769743	-790.8675000636647
195084475.17235202	-72328356828.12512	227774029198.9993	7964717656.399825	-20917.18027399399	-3146.757565505235	-791.1538779831218
195088075.17235202	-72403654110.23349	227762686567.74283	7961868987.09453	-20914.642734730172	-3154.7039666534147	-791.4401654867956
195091675.17235202	-72478942253.04474	227751315332.4342	7959019287.316209	-20912.10288675607	-3162.6487054566255	-791.7263630828727
195095275.17235202	-72554221248.24805	227739915499.05927	7956168557.387606	-20909.560730369438	-3170.59178114778	-792.0124712857139
195098875.17235202	-72629491087.53366	227728487073.6066	7953316797.6296	-20907.016265860653	-3178.5331929502017	-792.2984906159547
195102475.17235202	-72704751762.59285	227717030062.06763	7950464008.361186	-20904.469493512603	-3186.4729400774704	-792.5844216006062
195106075.17235202	-72780003265.11789	227705544470.4366	7947610189.89945	-20901.920413600572	-3194.4110217332614	-792.8702647731595
195109675.17235202	-72855245586.80203	227694030304.7107	7944755342.559546	-20899.369026392134	-3202.3474371111824	-793.1560206736906
195113275.17235202	-72930478719.33948	227682487570.88992	7941899466.654671	-20896.81533214703	-3210.2821853946084	-793.4416898489669
195116875.17235202	-73005702654.42535	227670916274.97736	7939042562.49604	-20894.259331117057	-3218.215265756512	-793.7272728525572
195120475.17235202	-73080917383.75568	227659316422.979	7936184630.392866	-20891.70102354594	-3226.146677359292	-794.0127702449427
195124075.17235202	-73156122899.02731	227647688020.9039	7933325670.652329	-20889.140409669213	-3234.0764193545947	-794.2981825936301
195127675.17235202	-73231319191.93799	227636031074.7642	7930465683.5795555	-20886.57748971411	-3242.0044908831364	-794.583510473269
195131275.17235202	-73306506254.18622	227624345590.57513	7927604669.477587	-20884.012263899407	-3249.9308910745176	-794.8687544657697
195134875.17235202	-73381684077.47128	227612631574.3551	7924742628.64736	-20881.444732435317	-3257.8556190470367	-795.1539151604248
195138475.17235202	-73456852653.49321	227600889032.1257	7921879561.387673	-20878.874895523346	-3265.778673907501	-795.4389931540323
195142075.17235202	-73532011973.95274	227589117969.91177	7919015467.995167	-20876.30275335616	-3273.7000547510315	-795.7239890510203
195145675.17235202	-73607162030.55128	227577318393.74142	7916150348.764288	-20873.72830611745	-3281.6197606608666	-796.0089034635749
195149275.17235202	-73682302814.9909	227565490309.64606	7913284203.987267	-20871.151553981785	-3289.5377907081584	-796.2937370117708
195152875.17235202	-73757434318.97427	227553633723.6605	7910417033.954087	-20868.57249711448	-3297.4541439517657	-796.578490323704
195156475.17235202	-73832556534.20464	227541748641.8229	7907548838.952456	-20865.99113567144	-3305.3688194380434	-796.8631640356298
195160075.17235202	-73907669452.38579	227529835070.175	7904679619.267777	-20863.40746979901	-3313.281816200628	-797.1477587921005
195163675.17235202	-73982773065.22203	227517893014.7619	7901809375.183117	-20860.821499633832	-3321.1931332602176	-797.4322752461084
195167275.17235202	-74057867364.41815	227505922481.63235	7898938106.979176	-20858.233225302673	-3329.1027696243495	-797.716714059229
195170875.17235202	-74132952341.67935	227493923476.83865	7896065814.934256	-20855.642646922282	-3337.0107242871727	-798.0010759017694
195174475.17235202	-74208027988.71126	227481896006.43677	7893192499.324232	-20853.049764599225	-3344.916996229214	-798.285361452917
195178075.17235202	-74283094297.21985	227469840076.48633	7890318160.422519	-20850.45457842971	-3352.821584417141	-798.5695714008943
195181675.17235202	-74358151258.91144	227457755693.05072	7887442798.500033	-20847.857088499433	-3360.7244878035176	-798.8537064431159
195185275.17235202	-74433198865.49263	227445642862.19717	7884566413.825168	-20845.257294883388	-3368.6257053265576	-799.1377672863484
195188875.17235202	-74508237108.67026	227433501589.9967	7881689006.663752	-20842.65519764571	-3376.5252359098695	-799.4217546468751
195192475.17235202	-74583265980.1514	227421331882.52426	7878810577.279019	-20840.050796839474	-3384.4230784621996	-799.705669250663
195196075.17235202	-74658285471.64328	227409133745.85873	7875931125.931573	-20837.444092506532	-3392.3192318771685	-799.9895118335328
195199675.17235202	-74733295574.85326	227396907186.08304	7873050652.879349	-20834.835084677314	-3400.2136950330028	-800.2732831413325
195203275.17235202	-74808296281.48878	227384652209.28415	7870169158.377579	-20832.223773370635	-3408.1064667922597	-800.5569839301148
195206875.17235202	-74883287583.25735	227372368821.5532	7867286642.678756	-20829.61015859351	-3415.9975460015457	-800.8406149663189
195210475.17235202	-74958269471.86649	227360057028.9854	7864403106.032593	-20826.99424034094	-3423.88693149123	-801.124177026956
195214075.17235202	-75033241939.02362	227347716837.68033	7861518548.685987	-20824.376018595725	-3431.774622075149	-801.4076708997999
195217675.17235202	-75108204976.43614	227335348253.7418	7858632970.882981	-20821.755493328237	-3439.6606165503085	-801.6910973835809
195221275.17235202	-75183158575.81131	227322951283.27795	7855746372.864721	-20819.13266449622	-3447.544913696577	-801.9744572881834
195224875.17235202	-75258102728.85619	227310525932.40146	7852858754.869417	-20816.50753204457	-3455.427512276376	-802.2577514348474
195228475.17235202	-75333037427.27762	227298072207.22937	7849970117.132301	-20813.8800959051	-3463.3084110343602	-802.5409806563738
195232075.17235202	-75407962662.78218	227285590113.88333	7847080459.885589	-20811.25035599634	-3471.1876086970906	-802.8241457973357
195235675.17235202	-75482878427.07616	227273079658.48962	7844189783.35843	-20808.618312223283	-3479.065103972701	-803.1072477142949
195239275.17235202	-75557784711.86543	227260540847.17917	7841298087.776873	-20805.983964477145	-3486.9408955505546	-803.3902872760218
195242875.17235202	-75632681508.85548	227247973686.08768	7838405373.363812	-20803.347312635142	-3494.8149821008997	-803.6732653637215
195246475.17235202	-75707568809.75133	227235378181.35568	7835511640.338951	-20800.70835656022	-3502.68736227451	-803.9561828712642
195250075.17235202	-75782446606.25746	227222754339.1286	7832616888.918749	-20798.067096100818	-3510.5580347023233	-804.2390407054211
195253675.17235202	-75857314890.0778	227210102165.5568	7829721119.316378	-20795.4235310906	-3518.426997995069	-804.521839786103
195257275.17235202	-75932173652.91565	227197421666.7957	7826824331.741674	-20792.777661348195	-3526.29425074289	-804.8045810466069
195260875.17235202	-76007022886.4736	227184712849.0058	7823926526.401091	-20790.129486676917	-3534.159791514951	-805.0872654338672
195264475.17235202	-76081862582.45355	227171975718.35287	7821027703.497645	-20787.4790068645	-3542.023618859041	-805.3698939087132
195268075.17235202	-76156692732.55658	227159210281.0079	7818127863.230873	-20784.826221682815	-3549.8857313011663	-805.6524674461332
195271675.17235202	-76231513328.48293	227146416543.1472	7815227005.796772	-20782.17113088756	-3557.7461273451336	-805.9349870355442
195275275.17235202	-76306324361.93192	227133594510.9525	7812325131.387751	-20779.513734217984	-3565.604805472125	-806.2174536810667
195278875.17235202	-76381125824.60191	227120744190.61115	7809422240.192578	-20776.854031396575	-3573.4617641402638	-806.4998684018063
195282475.17235202	-76455917708.19023	227107865588.31595	7806518332.396327	-20774.19202212875	-3581.3170017841703	-806.7822322321413
195286075.17235202	-76530700004.39313	227094958710.26544	7803613408.180317	-20771.52770610254	-3589.1705168145063	-807.064546222016
195289675.17235202	-76605472704.90567	227082023562.66394	7800707467.722059	-20768.861082988267	-3597.0223076175075	-807.3468114372439
195293275.17235202	-76680235801.42172	227069060151.72162	7797800511.195201	-20766.192152438198	-3604.872372554505	-807.6290289598157
195296875.17235202	-76754989285.63387	227056068483.65457	7794892538.769463	-20763.520914086224	-3612.7207099614375	-807.9111998882169
195300475.17235202	-76829733149.23332	227043048564.68497	7791983550.610581	-20760.847367547496	-3620.567318148351	-808.1933253377505
195304075.17235202	-76904467383.9099	227030000401.04105	7789073546.880247	-20758.171512418077	-3628.4121953988906	-808.4754064408688
195307675.17235202	-76979191981.35191	227016923998.9573	7786162527.736043	-20755.49334827457	-3636.255339969775	-808.7574443475107
195311275.17235202	-77053906933.24612	227003819364.6746	7783250493.33138	-20752.812874673746	-3644.0967500902616	-809.0394402254483
195314875.17235202	-77128612231.27766	226990686504.44016	7780337443.815432	-20750.130091152172	-3651.936423961598	-809.3213952606418
195318475.17235202	-77203307867.12994	226977525424.50775	7777423379.33307	-20747.444997225804	-3659.774359756458	-809.6033106576034
195322075.17235202	-77277993832.4846	226964336131.13782	7774508300.024796	-20744.757592389597	-3667.6105556183675	-809.8851876397705
195325675.17235202	-77352670119.02142	226951118630.59747	7771592206.02667	-20742.067876117082	-3675.4450096611126	-810.1670274498873
195329275.17235202	-77427336718.41826	226937872929.16074	7768675097.470248	-20739.375847859956	-3683.2777199681377	-810.4488313503964
195332875.17235202	-77501993622.35095	226924599033.10852	7765756974.482501	-20736.681507047644	-3691.1086845919276	-810.7306006238381
195336475.17235202	-77576640822.49323	226911296948.72885	7762837837.185746	-20733.98485308686	-3698.9379015533746	-811.0123365732601
195340075.17235202	-77651278310.51666	226897966682.31693	7759917685.697575	-20731.285885361147	-3706.7653688411297	-811.2940405226368
195343675.17235202	-77725906078.09055	226884608240.17523	7756996520.130771	-20728.58460323043	-3714.5910844109376	-811.5757138172997
195347275.17235202	-77800524116.88184	226871221628.6137	7754074340.593237	-20725.881006030526	-3722.415046184954	-811.8573578243786
195350875.17235202	-77875132418.55505	226857806853.9498	7751151147.187915	-20723.17509307266	-3730.237252051046	-812.1389739332544
195354475.17235202	-77949730974.77219	226844363922.5086	7748226940.012702	-20720.466863642963	-3738.0576998620772	-812.4205635560236
195358075.17235202	-78024319777.19263	226830892840.62308	7745301719.160373	-20717.756317001968	-3745.876387435172	-812.7021281279732
195361675.17235202	-78098898817.47304	226817393614.63403	7742375484.718492	-20715.04345238407	-3753.693312550967	-812.9836691080676
195365275.17235202	-78173468087.26727	226803866250.89038	7739448236.769326	-20712.328268997007	-3761.50847295284	-813.2651879794464
195368875.17235202	-78248027578.2263	226790310755.7492	7736519975.389762	-20709.610766021295	-3769.3218663461166	-813.5466862499358
195372475.17235202	-78322577281.9981	226776727135.5759	7733590700.65121	-20706.890942609665	-3777.133490397263	-813.8281654525733
195376075.17235202	-78397117190.22751	226763115396.7444	7730660412.619515	-20704.168797886483	-3784.943342733049	-814.1096271461477
195379675.17235202	-78471647294.55621	226749475545.63718	7727729111.354867	-20701.44433094716	-3792.7514209396954	-814.3910729157519
195383275.17235202	-78546167586.62254	226735807588.64554	7724796796.911697	-20698.717540857528	-3800.5577225619977	-814.6725043733516
195386875.17235202	-78620678058.06145	226722111532.16965	7721863469.338587	-20695.98842665322	-3808.362245102431	-814.9539231583644
195390475.17235202	-78695178700.50432	226708387382.61874	7718929128.6781645	-20693.25698733903	-3816.1649860202297	-815.2353309382561
195394075.17235202	-78769669505.57892	226694635146.41135	7715993774.967004	-20690.52322188825	-3823.965942730442	-815.5167294091513
195397675.17235202	-78844150464.90927	226680854829.97528	7713057408.23552	-20687.787129241988	-3831.7651126029577	-815.7981202964629
195401275.17235202	-78918621570.11551	226667046439.74802	7710120028.507865	-20685.048708308488	-3839.562492961514	-816.0795053555363
195404875.17235202	-78993082812.8138	226653209982.17667	7707181635.801813	-20682.3079579624	-3847.3580810826697	-816.3608863723115
195408475.17235202	-79067534184.61617	226639345463.71823	7704242230.128656	-20679.564877044053	-3855.151874194756	-816.6422651640049
195412075.17235202	-79141975677.1304	226625452890.83984	7701301811.493086	-20676.819464358705	-3862.9438694767978	-816.9236435798076
195415675.17235202	-79216407281.95995	226611532270.01883	7698360379.893077	-20674.07171867576	-3870.734064057412	-817.2050235015994
195419275.17235202	-79290828990.70375	226597583607.74298	7695417935.319771	-20671.32163872799	-3878.522455013669	-817.4864068446856
195422875.17235202	-79365240794.95612	226583606910.51065	7692474477.757352	-20668.569223210703	-3886.3090393699254	-817.7677955585516
195426475.17235202	-79439642686.30658	226569602184.83105	7689530007.182924	-20665.814470780926	-3894.0938140966264	-818.0491916276383
195430075.17235202	-79514034656.33978	226555569437.2244	7686584523.566384	-20663.057380056533	-3901.8767761090717	-818.3305970721408
195433675.17235202	-79588416696.63533	226541508674.22208	7683638026.870289	-20660.297949615353	-3909.657922266147	-818.6120139488298
195437275.17235202	-79662788798.76761	226527419902.36694	7680690517.049724	-20657.53617799428	-3917.4372493690244	-818.8934443518951
195440875.17235202	-79737150954.30568	226513303128.2134	7677741994.052167	-20654.772063688324	-3925.214754159824	-819.1748904138109
195444475.17235202	-79811503154.8131	226499158358.32776	7674792457.817349	-20652.005605149654	-3932.9904333202458	-819.4563543062238
195448075.17235202	-79885845391.84778	226484985599.28833	7671841908.277113	-20649.236800786613	-3940.764283470155	-819.7378382408674
195451675.17235202	-79960177656.96182	226470784857.68573	7668890345.355263	-20646.465648962712	-3948.536301166131	-820.0193444705012
195455275.17235202	-80034499941.70135	226456556140.12308	7665937768.96742	-20643.69214799558	-3956.306482899971	-820.3008752898792
195458875.17235202	-80108812237.60635	226442299453.21628	7662984179.020865	-20640.91629615589	-3964.074825097152	-820.5824330367453
195462475.17235202	-80183114536.2105	226428014803.59418	7660029575.414387	-20638.138091666257	-3971.841324115251	-820.8640200928578
195466075.17235202	-80257406829.04097	226413702197.8989	7657073958.0381155	-20635.357532700098	-3979.605976242322	-821.1456388850415
195469675.17235202	-80331689107.6183	226399361642.78604	7654117326.773366	-20632.574617380473	-3987.3687776952224	-821.4272918862703
195473275.17235202	-80405961363.45616	226384993144.92493	7651159681.492462	-20629.789343778877	-3995.129724617898	-821.70898161678
195476875.17235202	-80480223588.06119	226370596710.99893	7648201022.05857	-20627.001709914006	-4002.8888130796095	-821.9907106452144
195480475.17235202	-80554475772.93279	226356172347.70572	7645241348.32552	-20624.211713750483	-4010.646039073112	-822.2724815898052
195484075.17235202	-80628717909.56293	226341720061.75748	7642280660.137624	-20621.41935319755	-4018.401398512776	-822.5542971195867
195487675.17235202	-80702949989.43596	226327239859.8813	7639318957.3294935	-20618.624626107725	-4026.1548872326543	-822.8361599556482
195491275.17235202	-80777172004.02841	226312731748.81937	7636356239.725849	-20615.827530275394	-4033.906500984496	-823.1180728724223
195494875.17235202	-80851383944.80875	226298195735.32938	7633392507.141323	-20613.0280634354	-4041.656235435696	-823.4000386990119
195498475.17235202	-80925585803.23715	226283631826.1847	7630427759.380265	-20610.22622326155	-4049.4040861671906	-823.6820603205557
195502075.17235202	-80999777570.76537	226269040028.17484	7627461996.236533	-20607.422007365123	-4057.150048671284	-823.9641406796343
195505675.17235202	-81073959238.83638	226254420348.10565	7624495217.493288	-20604.61541329328	-4064.8941183494103	-824.2462827777188
195509275.17235202	-81148130798.88425	226239772792.79974	7621527422.922776	-20601.806438527467	-4072.636290509827	-824.5284896766648
195512875.17235202	-81222292242.33385	226225097369.09674	7618558612.28611	-20598.995080481756	-4080.376560365234	-824.8107645002525
195516475.17235202	-81296443560.6006	226210394083.85373	7615588785.333043	-20596.181336501133	-4088.114923030323	-825.0931104357752
195520075.17235202	-81370584745.09027	226195662943.94553	7612617941.801739	-20593.365203859717	-4095.8513735192505	-825.375530735677
195523675.17235202	-81444715787.19865	226180903956.2651	7609646081.4185295	-20590.54667975896	-4103.585906743035	-825.6580287192403
195527275.17235202	-81518836678.31134	226166117127.72394	7606673203.897677	-20587.72576132576	-4111.318517506871	-825.9406077743248
195530875.17235202	-81592947409.80347	226151302465.25238	7603699308.941122	-20584.902445610518	-4119.049200507366	-826.2232713591594
195534475.17235202	-81667047973.03937	226136459975.8001	7600724396.238223	-20582.076729585162	-4126.777950329674	-826.5060230041919
195538075.17235202	-81741138359.37238	226121589666.33646	7597748465.465498	-20579.248610141076	-4134.504761444554	-826.7888663139987
195541675.17235202	-81815218560.14445	226106691543.85092	7594771516.286351	-20576.418084086974	-4142.229628205317	-827.0718049692582
195545275.17235202	-81889288566.68594	226091765615.35352	7591793548.350798	-20573.585148146707	-4149.95254484469	-827.3548427287873
195548875.17235202	-81963348370.31522	226076811887.87524	7588814561.295176	-20570.749798956997	-4157.673505471575	-827.6379834316408
195552475.17235202	-82037397962.3384	226061830368.46854	7585834554.741856	-20567.91203306509	-4165.3925040676995	-827.9212309992774
195556075.17235202	-82111437334.049	226046821064.20776	7582853528.29894	-20565.07184692636	-4173.1095344841715	-828.2045894377985
195559675.17235202	-82185466476.72762	226031783982.1896	7579871481.559951	-20562.229236901792	-4180.824590437905	-828.4880628402568
195563275.17235202	-82259485381.64156	226016719129.53366	7576888414.1035185	-20559.384199255437	-4188.537665507933	-828.7716553890449
195566875.17235202	-82333494040.04451	226001626513.38287	7573904325.49305	-20556.536730151725	-4196.248753131601	-829.0553713583602
195570475.17235202	-82407492443.17618	225986506140.90408	7570919215.276396	-20553.68682565273	-4203.957846600625	-829.3392151167614
195574075.17235202	-82481480582.26189	225971358019.28854	7567933082.985508	-20550.834481715316	-4211.664939057025	-829.6231911298007
195577675.17235202	-82555458448.51222	225956182155.75247	7564945928.136083	-20547.9796941882	-4219.37002348892	-829.9073039627488
195581275.17235202	-82629426033.12262	225940978557.53763	7561957750.227197	-20545.122458808928	-4227.073092726188	-830.191558283411
195584875.17235202	-82703383327.27298	225925747231.91187	7558968548.740934	-20542.262771200705	-4234.774139435967	-830.475958865038
195588475.17235202	-82777330322.12721	225910488186.1697	7555978323.142003	-20539.400626869177	-4242.473156118011	-830.7605105893331
195592075.17235202	-82851267008.83284	225895201427.63303	7552987072.877335	-20536.536021199063	-4250.170135099876	-831.0452184495682
195595675.17235202	-82925193378.52055	225879886963.65164	7549994797.37568	-20533.668949450668	-4257.865068531943	-831.3300875538099
195599275.17235202	-82999109422.30376	225864544801.6039	7547001496.04719	-20530.799406756294	-4265.557948382263	-831.6151231282593
195602875.17235202	-83073015131.27808	225849174948.89746	7544007168.282982	-20527.927388116495	-4273.2487664312275	-831.9003305207068
195606475.17235202	-83146910496.5209	225833777412.96985	7541011813.454699	-20525.052888396243	-4280.93751426605	-832.1857152041067
195610075.17235202	-83220795509.09091	225818352201.2893	7538015430.914048	-20522.175902320916	-4288.624183275059	-832.4712827802764
195613675.17235202	-83294670160.0275	225802899321.3554	7535018019.992335	-20519.29642447217	-4296.308764641779	-832.7570389837284
195617275.17235202	-83368534440.35031	225787418780.69986	7532019579.999974	-20516.414449283664	-4303.991249338796	-833.0429896856422
195620875.17235202	-83442388341.05869	225771910586.88724	7529020110.225993	-20513.52997103661	-4311.671628121405	-833.329140897981
195624475.17235202	-83516231853.13107	225756374747.5158	7526019609.937515	-20510.642983855163	-4319.34989152102	-833.6154987777606
195628075.17235202	-83590064967.52449	225740811270.21835	7523018078.379232	-20507.75348170167	-4327.026029838348	-833.9020696314726
195631675.17235202	-83663887675.17392	225725220162.66296	7520015514.772856	-20504.861458371706	-4334.700033136312	-834.1888599196699
195635275.17235202	-83737699966.99171	225709601432.554	7517011918.316555	-20501.966907488946	-4342.3718912327195	-834.4758762617196
195638875.17235202	-83811501833.86693	225693955087.63284	7514007288.184376	-20499.069822499852	-4350.04159369265	-834.7631254407327
195642475.17235202	-83885293266.66472	225678281135.679	7511001623.525643	-20496.170196668154	-4357.709129820561	-835.0506144086788
195646075.17235202	-83959074256.22563	225662579584.51086	7507994923.464344	-20493.268023069126	-4365.37448865209	-835.3383502916957
195649675.17235202	-84032844793.36496	225646850441.9869	7504987187.098488	-20490.36329458363	-4373.037658945541	-835.626340395602
195653275.17235202	-84106604868.872	225631093716.00653	7501978413.499452	-20487.456003891948	-4380.698629173053	-835.9145922116223
195656875.17235202	-84180354473.50931	225615309414.51114	7498968601.711301	-20484.54614346737	-4388.357387511424	-836.203113422332
195660475.17235202	-84254093598.012	225599497545.48526	7495957750.750092	-20481.633705569533	-4396.0139218325885	-836.4919119078305
195664075.17235202	-84327822233.0869	225583658116.95767	7492945859.603145	-20478.718682237493	-4403.668219693717	-836.7809957521537
195667675.17235202	-84401540369.41177	225567791137.00253	7489932927.228303	-20475.801065282547	-4411.32026832694	-837.0703732499359
195671275.17235202	-84475247997.63449	225551896613.7405	7486918952.553158	-20472.88084628076	-4418.97005462865	-837.3600529133357
195674875.17235202	-84548945108.37215	225535974555.34012	7483903934.474256	-20469.958016565197	-4426.617565148383	-837.6500434792399
195678475.17235202	-84622631692.2102	225520024970.01892	7480887871.856274	-20467.03256721783	-4434.262786077246	-837.9403539167573
195682075.17235202	-84696307739.70155	225504047866.04486	7477870763.531171	-20464.104489061134	-4441.9057032358905	-838.2309934350169
195685675.17235202	-84769973241.36555	225488043251.7376	7474852608.297309	-20461.173772649337	-4449.546302061987	-838.521971491281
195689275.17235202	-84843628187.68707	225472011135.46994	7471833404.918545	-20458.240408259302	-4457.184567597207	-838.8132977993869
195692875.17235202	-84917272569.11545	225455951525.66928	7468813152.12329	-20455.304385881052	-4464.820484473663	-839.1049823385332
195696475.17235202	-84990906376.06348	225439864430.81906	7465791848.60354	-20452.365695207904	-4472.454036899782	-839.3970353624284
195700075.17235202	-85064529598.90628	225423749859.4604	7462769493.013868	-20449.424325626176	-4480.085208645591	-839.689467408823
195703675.17235202	-85138142227.9802	225407607820.1936	7459746083.9703865	-20446.480266204486	-4487.7139830273745	-839.9822893094471
195707275.17235202	-85211744253.58165	225391438321.67996	7456721620.049667	-20443.533505682553	-4495.3403428917	-840.2755122003681
195710875.17235202	-85285335665.9659	225375241372.64334	7453696099.78763	-20440.584032459567	-4502.964270598741	-840.5691475327925
195714475.17235202	-85358916455.3458	225359016981.87198	7450669521.678385	-20437.63183458203	-4510.585748004903	-840.8632070843275
195718075.17235202	-85432486611.89053	225342765158.22043	7447641884.1730385	-20434.676899731086	-4518.204756444708	-841.1577029707227
195721675.17235202	-85506046125.72427	225326485910.61136	7444613185.6784525	-20431.719215209298	-4525.8212767118775	-841.4526476581315
195725275.17235202	-85579594986.92474	225310179248.0376	7441583424.555963	-20428.758767926854	-4533.4352890395885	-841.7480539758906
195728875.17235202	-85653133185.52185	225293845179.56418	7438552599.120043	-20425.79554438715	-4541.046773079854	-842.0439351298886
195732475.17235202	-85726660711.49614	225277483714.33047	7435520707.636929	-20422.829530671734	-4548.655707881979	-842.3403047165222
195736075.17235202	-85800177554.77727	225261094861.55237	7432487748.323184	-20419.860712424583	-4556.262071870057	-842.6371767372764
195739675.17235202	-85873683705.2424	225244678630.52463	7429453719.344215	-20416.889074835646	-4563.865842819451	-842.9345656139699
195743275.17235202	-85947179152.71455	225228235030.62317	7426418618.81273	-20413.914602623663	-4571.4669978322045	-843.2324862046911
195746875.17235202	-86020663886.96085	225211764071.30765	7423382444.787135	-20410.937280018177	-4579.065513311337	-843.5309538204599
195750475.17235202	-86094137897.6907	225195265762.12393	7420345195.269879	-20407.957090740743	-4586.661364933945	-843.8299842426541
195754075.17235202	-86167601174.55403	225178740112.70682	7417306868.205722	-20404.974017985245	-4594.254527623047	-844.1295937412501
195757675.17235202	-86241053707.13924	225162187132.78278	7414267461.479943	-20401.988044397287	-4601.8449755180945	-844.429799093926
195761275.17235202	-86314495484.97122	225145606832.17282	7411226972.916481	-20398.99915205261	-4609.432681944097	-844.7306176060739
195764875.17235202	-86387926497.50932	225128999220.79553	7408185400.275991	-20396.00732243447	-4617.017619379264	-845.0320671317683
195768475.17235202	-86461346734.1451	225112364308.67014	7405142741.253836	-20393.012536409937	-4624.59975942111	-845.3341660957386
195772075.17235202	-86534756184.20009	225095702105.9197	7402098993.477984	-20390.01477420504	-4632.179072750915	-845.6369335164018
195775675.17235202	-86608154836.92346	225079012622.77466	7399054154.506838	-20387.014015378714	-4639.755529096449	-845.9403890300157
195779275.17235202	-86681542681.48955	225062295869.57608	7396008221.826955	-20384.010238795458	-4647.329097192861	-846.2445529160235
195782875.17235202	-86754919706.99529	225045551856.77948	7392961192.850692	-20381.00342259662	-4654.899744741612	-846.5494461236605
195786475.17235202	-86828285902.4576	225028780594.9586	7389913064.913739	-20377.993544170273	-4662.467438367355	-846.8550902998993
195790075.17235202	-86901641256.8106	225011982094.80927	7386863835.272559	-20374.980580119525	-4670.032143572625	-847.1615078188113
195793675.17235202	-86974985758.9027	224995156367.1537	7383813501.101713	-20371.96450622924	-4677.593824690236	-847.4687218124229
195797275.17235202	-87048319397.4936	224978303422.94458	7380762059.491075	-20368.945297431044	-4685.152444833228	-847.776756203155
195800875.17235202	-87121642161.2512	224961423273.26978	7377709507.442921	-20365.922927766514	-4692.707965842232	-848.0856357379372
195804475.17235202	-87194954038.74826	224944515929.3568	7374655841.868904	-20362.89737034846	-4700.2603482300765	-848.3953860241039
195808075.17235202	-87268255018.45903	224927581402.57785	7371601059.586885	-20359.86859732015	-4707.809551123478	-848.7060335671832
195811675.17235202	-87341545088.75565	224910619704.45483	7368545157.317629	-20356.836579812378	-4715.355532201609	-849.0176058107022
195815275.17235202	-87414824237.90445	224893630846.6647	7365488131.681351	-20353.801287898204	-4722.8982476313695	-849.330131178137
195818875.17235202	-87488092454.06204	224876614841.04507	7362429979.194114	-20350.76269054526	-4730.437651999143	-849.6436391171402
195822475.17235202	-87561349725.27127	224859571699.59998	7359370696.264055	-20347.720755565413	-4737.973698238832	-849.9581601461867
195826075.17235202	-87634596039.45694	224842501434.50598	7356310279.187446	-20344.675449561688	-4745.506337555929	-850.2737259037882
195829675.17235202	-87707831384.42136	224825404058.11853	7353248724.144563	-20341.62673787221	-4753.035519347369	-850.5903692004412
195833275.17235202	-87781055747.83968	224808279582.9786	7350186027.195375	-20338.574584511036	-4760.561191116869	-850.9081240734915
195836875.17235202	-87854269117.25505	224791128021.81976	7347122184.2750225	-20335.518952105584	-4768.083298385462	-851.2270258451179
195840475.17235202	-87927471480.07347	224773949387.57538	7344057191.18908	-20332.4598018305	-4775.601784596873	-851.5471111836464
195844075.17235202	-88000662823.55846	224756743693.3863	7340991043.608599	-20329.39709333769	-4783.116591017424	-851.8684181684256
195847675.17235202	-88073843134.8254	224739510952.6089	7337923737.064899	-20326.33078468224	-4790.627656630094	-852.1909863584929
195851275.17235202	-88147012400.83571	224722251178.8235	7334855266.944119	-20323.260832243977	-4798.134918022348	-852.5148568652851
195854875.17235202	-88220170608.39064	224704964385.84317	7331785628.481486	-20320.18719064437	-4805.638309267295	-852.8400724296733
195858475.17235202	-88293317744.12477	224687650587.72308	7328714816.755304	-20317.10981265842	-4813.137761797671	-853.1666775036372
195862075.17235202	-88366453794.49922	224670309798.77014	7325642826.680643	-20314.02864912119	-4820.633204272149	-853.4947183369105
195865675.17235202	-88439578745.79445	224652942033.55334	7322569653.0027	-20310.94364882862	-4828.124562433461	-853.8242430689312
195869275.17235202	-88512692584.10277	224635547306.91443	7319495290.289822	-20307.854758432157	-4835.611758957664	-854.1553018265339
195872875.17235202	-88585795295.32042	224618125633.9793	7316419732.9261675	-20304.761922326743	-4843.094713293961	-854.4879468277816
195876475.17235202	-88658886865.13922	224600677030.1699	7313342975.103982	-20301.66508253174	-4850.573341494366	-854.8222324923596
195880075.17235202	-88731967279.03778	224583201511.21674	7310265010.815462	-20298.564178564186	-4858.047556032495	-855.1582155590685
195883675.17235202	-88805036522.27228	224565699093.1722	7307185833.844184	-20295.45914730389	-4865.517265610587	-855.495955210888
195887275.17235202	-88878094579.86668	224548169792.4244	7304105437.756065	-20292.349922849666	-4872.982374953917	-855.8355132082429
195890875.17235202	-88951141436.60251	224530613625.71194	7301023815.889837	-20289.236436366067	-4880.442784591579	-856.1769540310961
195894475.17235202	-89024177077.00792	224513030610.13943	7297940961.346981	-20286.118615919844	-4887.898390622563	-856.5203450305623
195898075.17235202	-89097201485.3463	224495420763.19385	7294856866.981105	-20282.996386305313	-4895.349084465976	-856.8657565908032
195901675.17235202	-89170214645.6041	224477784102.76187	7291771525.386716	-20279.869668857766	-4902.794752594158	-857.2132623020268
195905275.17235202	-89243216541.47807	224460120647.14825	7288684928.887351	-20276.738381253926	-4910.235276247326	-857.5629391454751
195908875.17235202	-89316207156.36171	224442430415.09512	7285597069.523016	-20273.60243729843	-4917.670531128228	-857.9148676913705
195912475.17235202	-89389186473.33087	224424713425.80255	7282507939.036887	-20270.461746695153	-4925.100387075139	-858.2691323108927
195916075.17235202	-89462154475.1286	224406969698.95023	7279417528.861224	-20267.31621480218	-4932.524707711364	-858.6258214033722
195919675.17235202	-89535111144.14905	224389199254.7206	7276325830.102437	-20264.1657423689	-4939.943350069234	-858.9850276400076
195923275.17235202	-89608056462.4203	224371402113.82324	7273232833.525239	-20261.01022525378	-4947.356164186437	-859.3468482255341
195926875.17235202	-89680990411.58633	224353578297.5208	7270138529.535828	-20257.84955412109	-4954.762992672264	-859.711385179404
195930475.17235202	-89753912972.88763	224335727827.65668	7267042908.164014	-20254.68361411473	-4962.16367024114	-860.0787456381877
195934075.17235202	-89826824127.14076	224317850726.68414	7263945959.044222	-20251.512284507127	-4969.558023210537	-860.4490421810766
195937675.17235202	-89899723854.71652	224299947017.69775	7260847671.395271	-20248.33543832101	-4976.945868960032	-860.8223931805687
195941275.17235202	-89972612135.51677	224282016724.46637	7257748033.998851	-20245.152941921486	-4984.327015347943	-861.1989231806467
195944875.17235202	-90045488948.9496	224264059871.4687	7254647035.176574	-20241.964654575728	-4991.701260081594	-861.578763305011
195948475.17235202	-90118354273.90302	224246076483.93094	7251544662.765508	-20238.7704279772	-4999.068390036834	-861.9620516982098
195952075.17235202	-90191208088.71669	224228066587.86716	7248440904.092054	-20235.570105731	-5006.428180521979	-862.3489340028137
195955675.17235202	-90264050371.15192	224210030210.12234	7245335745.944035	-20232.36352279657	-5013.780394480811	-862.7395638761163
195959275.17235202	-90336881098.35934	224191967378.41837	7242229174.540845	-20229.150504883648	-5021.124781628676	-863.1341035502277
195962875.17235202	-90409700246.84459	224173878121.40338	7239121175.501507	-20225.93086779672	-5028.461077515038	-863.5327244398582
195966475.17235202	-90482507792.43126	224155762468.70453	7236011733.810439	-20222.70441672291	-5035.789002505066	-863.9356078025944
195970075.17235202	-90555303710.22137	224137620450.98465	7232900833.780746	-20219.47094545745	-5043.1082606719465	-864.3429454570468
195973675.17235202	-90628087974.55286	224119452100.00305	7229788459.014815	-20216.230235560226	-5050.418538590628	-864.7549405648984
195977275.17235202	-90700860558.95384	224101257448.6808	7226674592.361963	-20212.982055436143	-5057.71950402256	-865.1718084836269
195980875.17235202	-90773621436.09358	224083036531.171	7223559215.872887	-20209.726159331094	-5065.010804479772	-865.5937776974858
195984475.17235202	-90846370577.72946	224064789382.9345	7220442310.750596	-20206.462286234382	-5072.292065655166	-866.0210908352607
195988075.17235202	-90919107954.65001	224046516040.82156	7217323857.2975235	-20203.19015867722	-5079.562889704278	-866.4540057843633
195991675.17235202	-90991833536.61327	224028216543.15973	7214203834.858426	-20199.90948141572	-5086.822853361854	-866.8927969120512
195995275.17235202	-91064547292.28024	224009890929.84924	7211082221.758683	-20196.619939985205	-5094.0715058743635	-867.3377564059867
195998875.17235202	-91137249189.14294	223991539242.46582	7207958995.237533	-20193.321199110826	-5101.308366727033	-867.7891957480213
