183286728.624384	152551969815.13895	83952480292.5332	8495144671.138846	-8452.777147469418	28074.052232843125	996.1764468123469
183290328.624384	152521515059.3075	84053533249.63853	8498729526.3149605	-8466.530313392404	28066.478456820834	995.4097573408166
183293928.624384	152491010806.49054	84154558929.9717	8502311621.357388	-8480.275472627796	28058.898471948516	994.6430392752973
183297528.624384	152460457085.5135	84255557311.19618	8505890956.163913	-8494.012624430676	28051.31228675735	993.8762930181858
183301128.624384	152429853925.20444	84356528371.0062	8509467530.633771	-8507.741768064901	28043.719909773394	993.1095189713842
183304728.624384	152399201354.3941	84457472087.12662	8513041344.667641	-8521.462902803094	28036.121349517576	992.342717536299
183308328.624384	152368499401.9158	84558388437.313	8516612398.167647	-8535.176027926622	28028.516614505694	991.575889113842
183311928.624384	152337748096.60544	84659277399.35156	8520180691.037356	-8548.881142725584	28020.905713248398	990.8090341044302
183315528.624384	152306947467.30142	84760138951.05911	8523746223.181775	-8562.578246498802	28013.2886542512	990.0421529079861
183319128.624384	152276097542.8447	84860973070.28308	8527308994.507349	-8576.267338553798	28005.665446014456	989.2752459239374
183322728.624384	152245198352.0787	84961779734.90152	8530869004.921961	-8589.948418206784	27998.036097033368	988.508313551218
183326328.624384	152214249923.8493	85062558922.82301	8534426254.334929	-8603.621484782652	27990.400615797964	987.741356188267
183329928.624384	152183252287.00476	85163310611.98674	8537980742.657006	-8617.286537614951	27982.75901079311	986.9743742330298
183333528.624384	152152205470.39575	85264034780.36238	8541532469.800374	-8630.943576045882	27975.11129049849	986.2073680829582
183337128.624384	152121109502.8753	85364731405.95015	8545081435.678646	-8644.592599426274	27967.45746338861	985.4403381350097
183340728.624384	152089964413.29874	85465400466.78076	8548627640.206864	-8658.233607115579	27959.797537932784	984.6732847856488
183344328.624384	152058770230.52368	85566041940.9154	8552171083.3014965	-8671.866598481849	27952.131522595126	983.9062084308462
183347928.624384	152027526983.41	85666655806.44574	8555711764.880435	-8685.491572901732	27944.459425834557	983.1391094660795
183351528.624384	151996234700.81985	85767242041.49385	8559249684.862994	-8699.10852976045	27936.781256104787	982.3719882863334
183355128.624384	151964893411.61752	85867800624.21227	8562784843.169911	-8712.717468451785	27929.09702185431	981.6048452860995
183358728.624384	151933503144.66953	85968331532.7839	8566317239.723342	-8726.31838837807	27921.40673152641	980.8376808593766
183362328.624384	151902063928.84445	86068834745.42209	8569846874.446859	-8739.911288950168	27913.71039355914	980.0704953996711
183365928.624384	151870575793.01303	86169310240.37048	8573373747.265451	-8753.496169587466	27906.008016385324	979.3032892999969
183369528.624384	151839038766.04803	86269757995.90312	8576897858.105522	-8767.073029717852	27898.299608432546	978.5360629528755
183373128.624384	151807452876.82434	86370177990.32437	8580419206.894886	-8780.641868777708	27890.585178123154	977.7688167503364
183376728.624384	151775818154.21878	86470570201.96889	8583937793.562768	-8794.20268621189	27882.864733874245	977.0015510839174
183380328.624384	151744134627.1102	86570934609.20163	8587453618.039803	-8807.755481473716	27875.138284097666	976.2342663446642
183383928.624384	151712402324.3794	86671271190.41785	8590966680.25803	-8821.300254024958	27867.405837199996	975.4669629231311
183387528.624384	151680621274.9091	86771579924.04301	8594476980.150898	-8834.837003335819	27859.66740158256	974.6996412093808
183391128.624384	151648791507.5839	86871860788.53285	8597984517.653255	-8848.36572888492	27851.922985641402	973.932301592985
183394728.624384	151616913051.29025	86972113762.3733	8601489292.701351	-8861.886430159293	27844.172597767294	973.1649444630242
183398328.624384	151584985934.91647	87072338824.08052	8604991305.232838	-8875.399106654359	27836.41624634573	972.397570208088
183401928.624384	151553010187.35266	87172535952.2008	8608490555.186764	-8888.903757873915	27828.65393975691	971.6301792162753
183405528.624384	151520985837.4907	87272705125.31062	8611987042.503574	-8902.400383330125	27820.885686375746	970.8627718751945
183409128.624384	151488912914.22418	87372846322.0166	8615480767.12511	-8915.888982543502	27813.11149457185	970.0953485719635
183412728.624384	151456791446.44846	87472959520.95547	8618971728.994602	-8929.369555042895	27805.33137270953	969.3279096932101
183416328.624384	151424621463.0605	87573044700.79407	8622459928.056675	-8942.842100365471	27797.545329147782	968.560455625072
183419928.624384	151392402992.95898	87673101840.22932	8625945364.25734	-8956.30661805671	27789.75337224029	967.7929867531972
183423528.624384	151360136065.0442	87773130917.9882	8629428037.543997	-8969.76310767038	27781.955510335418	967.0255034627439
183427128.624384	151327820708.218	87873131912.82774	8632907947.86543	-8983.211568768533	27774.151751776197	966.258006138381
183430728.624384	151295456951.3838	87973104803.535	8636385095.171812	-8996.652000921482	27766.342104900337	965.490495164288
183434328.624384	151263044823.4466	88073049568.92705	8639859479.414694	-9010.084403707793	27758.526578040208	964.7229709241552
183437928.624384	151230584353.31284	88172966187.8509	8643331100.547007	-9023.50877671427	27750.705179522836	963.9554338011843
183441528.624384	151198075569.89047	88272854639.18361	8646799958.523062	-9036.92511953594	27742.8779176699	963.1878841780881
183445128.624384	151165518502.08887	88372714901.8321	8650266053.298548	-9050.333431776035	27735.04480079773	962.4203224370907
183448728.624384	151132913178.81885	88472546954.7333	8653729384.830526	-9063.733713045987	27727.205837217294	961.6527489599281
183452328.624384	151100259628.99255	88572350776.85399	8657189953.077435	-9077.125962965409	27719.361035234204	960.8851641278479
183455928.624384	151067557881.52356	88672126347.19086	8660647757.999079	-9090.510181162079	27711.510403148695	960.11756832161
183459528.624384	151034807965.3267	88771873644.77048	8664102799.556637	-9103.886367271927	27703.653949255637	959.3499619214862
183463128.624384	151002009909.3181	88871592648.64928	8667555077.712656	-9117.254520939025	27695.79168184452	958.5823453072609
183466728.624384	150969163742.41528	88971283337.91348	8671004592.431047	-9130.614641815566	27687.923609199443	957.8147188582312
183470328.624384	150936269493.5368	89070945691.67917	8674451343.677088	-9143.96672956186	27680.04973959913	957.0470829532069
183473928.624384	150903327191.60257	89170579689.09218	8677895331.417418	-9157.31078384631	27672.1700813169	956.2794379705107
183477528.624384	150870336865.53363	89270185309.32816	8681336555.620037	-9170.6468043454	27664.28464262068	955.5117842879786
183481128.624384	150837298544.2522	89369762531.59247	8684775016.254305	-9183.974790743692	27656.393431772995	954.7441222829599
183484728.624384	150804212256.68158	89469311335.12024	8688210713.29094	-9197.294742733793	27648.496457030953	953.9764523323175
183488328.624384	150771078031.7462	89568831699.17632	8691643646.702015	-9210.606660016358	27640.593726646257	953.2087748124283
183491928.624384	150737895898.37146	89668323603.05522	8695073816.460957	-9223.910542300067	27632.685248865186	952.4410900991827
183495528.624384	150704665885.48395	89767787026.08116	8698501222.542547	-9237.206389301615	27624.7710319286	951.6733985679858
183499128.624384	150671388022.01117	89867221947.608	8701925864.922915	-9250.494200745694	27616.851084071935	950.9057005937569
183502728.624384	150638062336.8816	89966628347.01926	8705347743.57954	-9263.773976364984	27608.925413525187	950.1379965509298
183506328.624384	150604688859.02466	90066006203.72803	8708766858.49125	-9277.045715900136	27600.994028512912	949.3702868134529
183509928.624384	150571267617.37073	90165355497.17705	8712183209.638212	-9290.309419099758	27593.056937254234	948.6025717547901
183513528.624384	150537798640.85104	90264676206.83862	8715596797.001945	-9303.565085720404	27585.114147962824	947.8348517479201
183517128.624384	150504281958.3977	90363968312.2146	8719007620.565306	-9316.812715526556	27577.165668846897	947.0671271653372
183520728.624384	150470717598.9437	90463231792.83638	8722415680.31249	-9330.052308290615	27569.211508109223	946.2993983790511
183524328.624384	150437105591.42273	90562466628.26488	8725820976.229036	-9343.283863792882	27561.2516739471	945.5316657605875
183527928.624384	150403445964.76935	90661672798.09052	8729223508.301813	-9356.507381821548	27553.286174552362	944.7639296809881
183531528.624384	150369738747.91882	90760850281.9332	8732623276.51903	-9369.722862172677	27545.315018111378	943.9961905108107
183535128.624384	150335983969.80716	90859999059.44228	8736020280.870226	-9382.930304650195	27537.338212805036	943.2284486201297
183538728.624384	150302181659.37103	90959119110.29655	8739414521.346273	-9396.129709065875	27529.355766808752	942.4607043785361
183542328.624384	150268331845.5478	91058210414.20427	8742805997.939373	-9409.321075239324	27521.36768829245	941.6929581551376
183545928.624384	150234434557.27542	91157272950.90303	8746194710.643055	-9422.504402997969	27513.373985420563	940.9252103185593
183549528.624384	150200489823.49252	91256306700.15985	8749580659.452173	-9435.679692177038	27505.374666352043	940.1574612369433
183553128.624384	150166497673.13824	91355311641.7711	8752963844.362907	-9448.846942619557	27497.369739240334	939.3897112779493
183556728.624384	150132458135.1523	91454287755.5625	8756344265.37276	-9462.006154176326	27489.35921223338	938.621960808755
183560328.624384	150098371238.475	91553235021.38908	8759721922.480558	-9475.157326705912	27481.34309347362	937.8542101960556
183563928.624384	150064237012.04703	91652153419.13518	8763096815.686441	-9488.30046007463	27473.321391097983	937.0864598060647
183567528.624384	150030055484.8096	91751042928.7144	8766468944.991869	-9501.435554156533	27465.294113237876	936.3187100045141
183571128.624384	149995826685.70438	91849903530.06966	8769838310.399618	-9514.562608833396	27457.261268019196	935.5509611566544
183574728.624384	149961550643.6734	91948735203.17305	8773204911.913778	-9527.681623994706	27449.222863562307	934.7832136272549
183578328.624384	149927227387.65915	92047537928.02596	8776568749.539753	-9540.792599537643	27441.178907982052	934.015467780604
183581928.624384	149892856946.6044	92146311684.6589	8779929823.284254	-9553.895535367072	27433.129409387737	933.2477239805094
183585528.624384	149858439349.45227	92245056453.13165	8783288133.155304	-9566.990431395521	27425.07437588313	932.479982590298
183589128.624384	149823974625.1462	92343772213.5331	8786643679.162231	-9580.07728754318	27417.01381556646	931.712243972817
183592728.624384	149789462802.6299	92442458945.98128	8789996461.31567	-9593.15610373787	27408.947736530412	930.9445084904328
183596328.624384	149754903910.84732	92541116630.62337	8793346479.627558	-9606.22687991505	27400.876146862116	930.1767765050324
183599928.624384	149720297978.7426	92639745247.63564	8796693734.111135	-9619.289616017784	27392.799054643157	929.4090483780232
183603528.624384	149685645035.26013	92738344777.22343	8800038224.780943	-9632.344311996741	27384.716467949554	928.641324470333
183607128.624384	149650945109.34442	92836915199.62119	8803379951.652819	-9645.390967810174	27376.628394851767	927.8736051424106
183610728.624384	149616198229.94012	92935456495.09236	8806718914.743896	-9658.429583423907	27368.53484341469	927.1058907542258
183614328.624384	149581404425.99203	93033968643.92944	8810055114.072607	-9671.46015881133	27360.435821697647	926.3381816652698
183617928.624384	149546563726.44498	93132451626.45392	8813388549.658676	-9684.482693953367	27352.33133775439	925.5704782345551
183621528.624384	149511676160.24387	93230905423.01627	8816719221.523117	-9697.497188838483	27344.221399633087	924.8027808206162
183625128.624384	149476741756.33365	93329330013.99591	8820047129.688234	-9710.503643462658	27336.10601537633	924.0350897815096
183628728.624384	149441760543.65924	93427725379.80125	8823372274.177622	-9723.502057829377	27327.98519302112	923.2674054748137
183632328.624384	149406732551.16556	93526091500.86958	8826694655.01616	-9736.492431949615	27319.85894059887	922.4997282576298
183635928.624384	149371657807.79745	93624428357.66711	8830014272.230011	-9749.474765841824	27311.727266135404	921.7320584865816
183639528.624384	149336536342.49973	93722735930.68893	8833331125.846624	-9762.44905953192	27303.590177650938	920.9643965178159
183643128.624384	149301368184.21704	93821014200.459	8836645215.894728	-9775.415313053272	27295.447683160095	920.1967427070025
183646728.624384	149266153361.89392	93919263147.53009	8839956542.40433	-9788.373526446683	27287.29979067189	919.4290974093348
183650328.624384	149230891904.47473	94017482752.48384	8843265105.406715	-9801.32369976038	27279.146508189722	918.6614609795296
183653928.624384	149195583840.9037	94115672995.93066	8846570904.934448	-9814.26583305	27270.98784371139	917.8938337718278
183657528.624384	149160229200.12473	94213833858.50977	8849873941.021364	-9827.199926378573	27262.823805229065	917.1262161399942
183661128.624384	149124828011.0816	94311965320.8891	8853174213.702572	-9840.125979816516	27254.6544007293	916.3586084373183
183664728.624384	149089380302.7178	94410067363.76538	8856471723.014452	-9853.043993441612	27246.479638193032	915.5910110166137
183668328.624384	149053886103.9765	94508139967.86403	8859766468.994654	-9865.953967339	27238.299525595554	914.8234242302194
183671928.624384	149018345443.80054	94606183113.93916	8863058451.682093	-9878.855901601166	27230.11407090654	914.0558484299991
183675528.624384	148982758351.13242	94704196782.7736	8866347671.116955	-9891.749796327915	27221.92328209002	913.2882839673418
183679128.624384	148947124854.91428	94802180955.17882	8869634127.340685	-9904.635651626375	27213.727167104396	912.5207311931624
183682728.624384	148911444984.08786	94900135611.9949	8872917820.395992	-9917.513467610972	27205.525733902417	911.7531904579013
183686328.624384	148875718767.59448	94998060734.09059	8876198750.326849	-9930.383244403423	27197.31899043119	910.985662111525
183689928.624384	148839946234.37503	95095956302.36322	8879476917.178482	-9943.244982132717	27189.106944632174	910.2181465035264
183693528.624384	148804127413.36984	95193822297.73868	8882752320.99738	-9956.098680935105	27180.88960444117	909.4506439829249
183697128.624384	148768262333.51883	95291658701.17145	8886024961.831282	-9968.944340954087	27172.666977788325	908.6831548982668
183700728.624384	148732351023.76132	95389465493.64452	8889294839.729187	-9981.781962340398	27164.43907259813	907.9156795976253
183704328.624384	148696393513.03613	95487242656.16942	8892561954.741343	-9994.61154525199	27156.2058967894	907.1482184286008
183707928.624384	148660389830.28146	95584990169.78616	8895826306.919247	-10007.433089854028	27147.967458275296	906.3807717383215
183711528.624384	148624340004.43494	95682708015.56325	8899087896.315649	-10020.24659631887	27139.7237649633	905.6133398734432
183715128.624384	148588244064.4335	95780396174.59763	8902346722.984543	-10033.052064826052	27131.474824755223	904.84592318015
183718728.624384	148552102039.2135	95878054628.01468	8905602786.981167	-10045.849495562281	27123.2206455472	904.0785220041539
183722328.624384	148515913957.71054	95975683356.96823	8908856088.362007	-10058.638888721416	27114.961235229683	903.3111366906959
183725928.624384	148479679848.85956	96073282342.64047	8912106627.18479	-10071.42024450446	27106.696601687436	902.5437675845453
183729528.624384	148443399741.59473	96170851566.24197	8915354403.508478	-10084.19356311954	27098.426752799543	901.776415030001
183733128.624384	148407073664.84946	96268391009.01166	8918599417.39328	-10096.9588447819	27090.151696439396	901.0090793708908
183736728.624384	148370701647.55637	96365900652.21681	8921841668.900635	-10109.716089713886	27081.871440474686	900.2417609505724
183740328.624384	148334283718.6473	96463380477.15298	8925081158.093222	-10122.465298144927	27073.585992767417	899.4744601119329
183743928.624384	148297819907.05325	96560830465.14407	8928317885.03495	-10135.20647031153	27065.295361173885	898.7071771973899
183747528.624384	148261310241.7043	96658250597.5422	8931551849.790962	-10147.939606457265	27056.999553544683	897.9399125488912
183751128.624384	148224754751.5297	96755640855.72777	8934783052.427631	-10160.664706832746	27048.698577724703	897.1726665079152
183754728.624384	148188153465.45773	96853001221.1094	8938011493.012558	-10173.381771695622	27040.39244155312	896.4054394154712
183758328.624384	148151506412.4158	96950331675.12393	8941237171.61457	-10186.090801310567	27032.081152863397	895.6382316120994
183761928.624384	148114813621.3303	97047632199.23639	8944460088.30372	-10198.79179594926	27023.764719483286	894.8710434378718
183765528.624384	148078075121.12662	97144902774.93997	8947680243.151285	-10211.484755890378	27015.443149234816	894.1038752323916
183769128.624384	148041290940.7292	97242143383.75603	8950897636.229763	-10224.169681419577	27007.116449934292	893.3367273347943
183772728.624384	148004461109.06134	97339354007.23401	8954112267.612871	-10236.846572829481	26998.784629392296	892.5696000837474
183776328.624384	147967585655.04538	97436534626.95152	8957324137.375547	-10249.515430419673	26990.44769541368	891.8024938174509
183779928.624384	147930664607.6025	97533685224.51422	8960533245.593945	-10262.176254496675	26982.105655797568	891.0354088736374
183783528.624384	147893697995.65283	97630805781.55585	8963739592.34543	-10274.829045373941	26973.758518337345	890.2683455895724
183787128.624384	147856685848.11526	97727896279.73817	8966943177.708586	-10287.473803371839	26965.40629082066	889.5013043020549
183790728.624384	147819628193.9076	97824956700.75102	8970144001.763205	-10300.110528817639	26957.04898102943	888.7342853474172
183794328.624384	147782525061.9464	97921987026.3122	8973342064.59029	-10312.739222045502	26948.686596739815	887.9672890615255
183797928.624384	147745376481.1471	98018987238.16748	8976537366.272053	-10325.359883396468	26940.31914572224	887.20031577978
183801528.624384	147708182480.42377	98115957318.09064	8979729906.89191	-10337.972513218434	26931.94663574137	886.433365837115
183805128.624384	147670943088.68933	98212897247.88338	8982919686.534487	-10350.577111866154	26923.569074556133	885.6664395679998
183808728.624384	147633658334.85532	98309807009.3753	8986106705.285608	-10363.173679701214	26915.186469919692	884.899537306438
183812328.624384	147596328247.832	98406686584.42395	8989290963.232302	-10375.76221709203	26906.798829579453	884.1326593859687
183815928.624384	147558952856.52832	98503535954.91472	8992472460.462795	-10388.34272441382	26898.406161277067	883.3658061396663
183819528.624384	147521532189.85184	98600355102.76088	8995651197.066515	-10400.915202048609	26890.00847274842	882.5989779001409
183823128.624384	147484066276.70874	98697144009.90352	8998827173.134083	-10413.479650385201	26881.60577172363	881.8321749995383
183826728.624384	147446555146.00375	98793902658.31157	9002000388.757317	-10426.036069819176	26873.19806592705	881.0653977695408
183830328.624384	147408998826.64023	98890631029.98174	9005170844.029226	-10438.58446075287	26864.78536307726	880.298646541367
183833928.624384	147371397347.52005	98987329106.93852	9008338539.044014	-10451.124823595366	26856.367670887066	879.5319216457723
183837528.624384	147333750737.54358	99083996871.23416	9011503473.897072	-10463.657158762479	26847.944997063503	878.7652234130491
183841128.624384	147296059025.60968	99180634304.94865	9014665648.68498	-10476.181466676742	26839.51734930782	877.998552173027
183844728.624384	147258322240.6157	99277241390.1897	9017825063.505505	-10488.697747767399	26831.084735315486	877.2319082550733
183848328.624384	147220540411.45743	99373818109.09267	9020981718.457598	-10501.206002470384	26822.647162776193	876.4652919880932
183851928.624384	147182713567.02905	99470364443.82065	9024135613.641394	-10513.706231228314	26814.204639373835	875.6987037005299
183855528.624384	147144841736.22318	99566880376.56435	9027286749.15821	-10526.198434490474	26805.757172786525	874.932143720365
183859128.624384	147106924947.93076	99663365889.5421	9030435125.110542	-10538.682612712802	26797.304770686584	874.1656123751189
183862728.624384	147068963231.04114	99759820964.99988	9033580741.602066	-10551.15876635788	26788.847440740537	873.3991099918509
183866328.624384	147030956614.44193	99856245585.21121	9036723598.73763	-10563.626895894917	26780.38519060911	872.6326368971594
183869928.624384	146992905127.01904	99952639732.47722	9039863696.623264	-10576.087001799739	26771.91802794724	871.8661934171826
183873528.624384	146954808797.65674	100049003389.12657	9043001035.366163	-10588.539084554775	26763.445960404042	871.0997798775983
183877128.624384	146916667655.23746	100145336537.51544	9046135615.074701	-10600.983144649046	26754.968995622847	870.3333966036245
183880728.624384	146878481728.64188	100241639160.02753	9049267435.858418	-10613.419182578149	26746.487141241174	869.5670439200195
183884328.624384	146840251046.7489	100337911239.074	9052396497.828022	-10625.847198844245	26738.00040489073	868.8007221510824
183887928.624384	146801975638.43558	100434152757.09352	9055522801.09539	-10638.267193956048	26729.50879419741	868.0344316206529
183891528.624384	146763655532.57718	100530363696.55215	9058646345.773563	-10650.67916842881	26721.0123167813	867.2681726521123
183895128.624384	146725290758.04703	100626544039.94342	9061767131.976746	-10663.083122784308	26712.51098025667	866.5019455683832
183898728.624384	146686881343.7166	100722693769.78821	9064885159.820303	-10675.479057550836	26704.004792231968	865.7357506919301
183902328.624384	146648427318.4555	100818812868.63481	9068000429.420761	-10687.866973263184	26695.493760309826	864.9695883447595
183905928.624384	146609928711.13132	100914901319.05888	9071112940.895805	-10700.246870462634	26686.97789208705	864.2034588484203
183909528.624384	146571385550.6097	101010959103.66339	9074222694.364277	-10712.618749696938	26678.457195154624	863.437362524004
183913128.624384	146532797865.7544	101106986205.07864	9077329689.94617	-10724.982611520314	26669.931677097702	862.6712996921453
183916728.624384	146494165685.427	101202982605.96223	9080433927.762636	-10737.338456493428	26661.401345495615	861.9052706730218
183920328.624384	146455489038.48718	101298948288.99904	9083535407.935976	-10749.686285183381	26652.866207921856	861.1392757863549
183923928.624384	146416767953.79254	101394883236.90118	9086634130.589642	-10762.026098163702	26644.326271944083	860.3733153514096
183927528.624384	146378002460.19858	101490787432.40802	9089730095.848232	-10774.357896014326	26635.781545124126	859.607389686995
183931128.624384	146339192586.5587	101586660858.28613	9092823303.837496	-10786.681679321591	26627.232035017976	858.8414991114648
183934728.624384	146300338361.72418	101682503497.32927	9095913754.684324	-10798.997448678218	26618.67774917578	858.0756439427173
183938328.624384	146261439814.54422	101778315332.35837	9099001448.516752	-10811.3052046833	26610.118695141842	857.3098244981958
183941928.624384	146222496973.86575	101874096346.22151	9102086385.46396	-10823.604947942293	26601.55488045463	856.5440410948887
183945528.624384	146183509868.5336	101969846521.7939	9105168565.656265	-10835.896679066998	26592.986312646757	855.7782940493303
183949128.624384	146144478527.3903	102065565841.97786	9108247989.225124	-10848.180398675555	26584.412999244996	855.0125836776003
183952728.624384	146105402979.27618	102161254289.70277	9111324656.303131	-10860.456107392421	26575.834947770265	854.2469102953252
183956328.624384	146066283253.02936	102256911847.92513	9114398567.024015	-10872.723805848367	26567.25216573763	853.4812742176772
183959928.624384	146027119377.48563	102352538499.62842	9117469721.52264	-10884.983494680457	26558.664660656308	852.7156757593758
183963528.624384	145987911381.47845	102448134227.8232	9120538119.935003	-10897.235174532043	26550.072440029653	851.9501152346874
183967128.624384	145948659293.839	102543699015.54698	9123603762.398228	-10909.478846052747	26541.47551135517	851.1845929574255
183970728.624384	145909363143.3961	102639232845.86429	9126666649.05057	-10921.714509898451	26532.8738821245	850.4191092409516
183974328.624384	145870022958.97614	102734735701.8666	9129726780.03141	-10933.942166731282	26524.26755982342	849.6536643981749
183977928.624384	145830638769.40323	102830207566.6723	9132784155.481258	-10946.161817219603	26515.65655193185	848.8882587415529
183981528.624384	145791210603.49896	102925648423.42676	9135838775.541746	-10958.373462037996	26507.04086592384	848.1228925830917
183985128.624384	145751738490.08255	103021058255.30217	9138890640.355627	-10970.577101867255	26498.420509267573	847.357566234346
183988728.624384	145712222457.9707	103116437045.49765	9141939750.066778	-10982.772737394367	26489.795489425367	846.5922800064199
183992328.624384	145672662535.97766	103211784777.23915	9144986104.820192	-10994.960369312505	26481.16581385367	845.8270342099667
183995928.624384	145633058752.91516	103307101433.77946	9148029704.76198	-11007.139998321012	26472.53149000305	845.0618291551895
183999528.624384	145593411137.5924	103402386998.39818	9151070550.039371	-11019.31162512539	26463.892525318213	844.2966651518415
184003128.624384	145553719718.81604	103497641454.40169	9154108640.800707	-11031.47525043729	26455.248927237983	843.5315425092261
184006728.624384	145513984525.39017	103592864785.12314	9157143977.195442	-11043.630874974491	26446.6007031953	842.7664615361977
184010328.624384	145474205586.11627	103688056973.92245	9160176559.374142	-11055.778499460897	26437.94786061724	842.0014225411609
184013928.624384	145434382929.79324	103783218004.18625	9163206387.488482	-11067.918124626522	26429.290406924993	841.2364258320722
184017528.624384	145394516585.2173	103878347859.32787	9166233461.691244	-11080.049751207473	26420.628349533858	840.4714717164394
184021128.624384	145354606581.18198	103973446522.78734	9169257782.13632	-11092.173379945943	26411.961695853257	839.7065605013222
184024728.624384	145314652946.4782	104068513978.03134	9172279348.978703	-11104.2890115902	26403.29045328673	838.9416924933324
184028328.624384	145274655709.89413	104163550208.5532	9175298162.374489	-11116.396646894562	26394.614629231924	838.1768679986342
184031928.624384	145234614900.21524	104258555197.8729	9178314222.480877	-11128.4962866194	26385.934231080602	837.4120873229447
184035528.624384	145194530546.22424	104353528929.53694	9181327529.456163	-11140.58793153112	26377.249266218634	836.647350771534
184039128.624384	145154402676.70108	104448471387.11847	9184338083.459745	-11152.671582402147	26368.559742026	835.8826586492255
184042728.624384	145114231320.42288	104543382554.21718	9187345884.652117	-11164.747240010918	26359.86566587678	835.1180112603964
184046328.624384	145074016506.16397	104638262414.45927	9190350933.194864	-11176.814905141866	26351.16704513917	834.353408908978
184049928.624384	145033758262.69586	104733110951.4975	9193353229.25067	-11188.874578585408	26342.463887175465	833.5888518984557
184053528.624384	144993456618.7872	104827928149.0111	9196352772.983305	-11200.926261137934	26333.756199342064	832.8243405318694
184057128.624384	144953111603.20377	104922713990.70575	9199349564.557634	-11212.969953601798	26325.043988989462	832.0598751118144
184060728.624384	144912723244.7084	105017468460.31361	9202343604.139608	-11225.005656785297	26316.327263462263	831.2954559404408
184064328.624384	144872291572.06107	105112191541.59328	9205334891.896265	-11237.033371502665	26307.60603009916	830.5310833194543
184067928.624384	144831816614.01877	105206883218.32973	9208323427.99573	-11249.05309857406	26298.880296232946	829.7667575501166
184071528.624384	144791298399.33554	105301543474.33435	9211309212.607208	-11261.064838825554	26290.150069190513	829.0024789332456
184075128.624384	144750736956.76242	105396172293.44489	9214292245.900991	-11273.068593089112	26281.41535629284	828.2382477692155
184078728.624384	144710132315.0475	105490769659.52542	9217272528.04845	-11285.06436220259	26272.67616485501	827.4740643579574
184082328.624384	144669484502.93573	105585335556.46637	9220250059.222033	-11297.052147009716	26263.932502186184	826.7099289989595
184085928.624384	144628793549.16916	105679869968.18445	9223224839.595264	-11309.031948360083	26255.184375589626	825.9458419912675
184089528.624384	144588059482.48666	105774372878.62265	9226196869.342749	-11321.003767109132	26246.43179236268	825.1818036334845
184093128.624384	144547282331.62405	105868844271.75024	9229166148.640163	-11332.967604118143	26237.67475979678	824.4178142237721
184096728.624384	144506462125.31406	105963284131.56273	9232132677.664255	-11344.923460254218	26228.913285177452	823.65387405985
184100328.624384	144465598892.28622	106057692442.0818	9235096456.592846	-11356.871336390279	26220.1473757843	822.8899834389965
184103928.624384	144424692661.267	106152069187.35538	9238057485.604824	-11368.811233405044	26211.377038891016	822.1261426580493
184107528.624384	144383743460.9796	106246414351.45753	9241015764.880148	-11380.74315218302	26202.602281765376	821.3623520134049
184111128.624384	144342751320.1441	106340727918.48853	9243971294.59984	-11392.667093614495	26193.823111669233	820.5986118010197
184114728.624384	144301716267.47733	106435009872.5747	9246924074.94599	-11404.58305859552	26185.03953585853	819.83492231641
184118328.624384	144260638331.69287	106529260197.86856	9249874106.101746	-11416.491048027894	26176.251561583278	819.0712838546524
184121928.624384	144219517541.5011	106623478878.54865	9252821388.251324	-11428.391062819166	26167.459196087577	818.307696710384
184125528.624384	144178353925.60907	106717665898.81961	9255765921.579994	-11440.283103882606	26158.662446609596	817.5441611778028
184129128.624384	144137147512.72052	106811821242.91214	9258707706.27409	-11452.167172137204	26149.861320381588	816.7806775506681
184132728.624384	144095898331.53592	106905944895.08293	9261646742.520998	-11464.043268507652	26141.05582462988	816.0172461223005
184136328.624384	144054606410.75238	107000036839.61472	9264583030.509161	-11475.911393924336	26132.245966574865	815.2538671855829
184139928.624384	144013271779.06366	107094097060.81618	9267516570.428076	-11487.771549323323	26123.43175343102	814.4905410329599
184143528.624384	143971894465.16013	107188125543.02197	9270447362.46829	-11499.623735646346	26114.61319240689	813.7272679564387
184147128.624384	143930474497.72876	107282122270.5927	9273375406.821404	-11511.467953840796	26105.790290705092	812.9640482475895
184150728.624384	143889011905.4531	107376087227.91487	9276300703.680063	-11523.304204859707	26096.963055522312	812.2008821975455
184154328.624384	143847506717.01324	107470020399.40091	9279223253.237965	-11535.132489661746	26088.13149404931	811.4377700970034
184157928.624384	143805958961.08585	107563921769.4891	9282143055.68985	-11546.9528092112	26079.29561347091	810.6747122362236
184161528.624384	143764368666.34406	107657791322.6436	9285060111.231503	-11558.765164477963	26070.455420966002	809.9117089050307
184165128.624384	143722735861.45755	107751629043.35437	9287974420.05975	-11570.569556437531	26061.610923707547	809.1487603928134
184168728.624384	143681060575.0925	107845434916.13719	9290885982.37246	-11582.365986070976	26052.762128862574	808.3858669885257
184172328.624384	143639342835.91147	107939208925.53366	9293794798.368542	-11594.154454364947	26043.90904359217	807.6230289806862
184175928.624384	143597582672.5735	108032951056.11113	9296700868.247942	-11605.934962311654	26035.051675051494	806.8602466573791
184179528.624384	143555780113.73404	108126661292.46269	9299604192.211641	-11617.707510908853	26026.190030389764	806.0975203062543
184183128.624384	143513935188.04495	108220339619.20717	9302504770.461658	-11629.47210115984	26017.324116750257	805.3348502145276
184186728.624384	143472047924.15448	108313986020.98909	9305402603.201042	-11641.228734073433	26008.45394127032	804.5722366689814
184190328.624384	143430118350.7072	108407600482.47867	9308297690.633875	-11652.977410663965	25999.579511081356	803.8096799559646
184193928.624384	143388146496.34406	108501182988.37178	9311190032.965267	-11664.71813195127	25990.700833308834	803.0471803613933
184197528.624384	143346132389.70227	108594733523.38994	9314079630.401361	-11676.450898960667	25981.817915072275	802.2847381707508
184201128.624384	143304076059.41544	108688252072.28027	9316966483.149324	-11688.17571272296	25972.93076348526	801.5223536690879
184204728.624384	143261977534.11334	108781738619.81554	9319850591.417347	-11699.892574274412	25964.039385655433	800.7600271410239
184208328.624384	143219836842.42206	108875193150.79402	9322731955.414648	-11711.601484656745	25955.14378868449	799.9977588707461
184211928.624384	143177654012.96396	108968615650.03961	9325610575.351465	-11723.302444917119	25946.24397966819	799.2355491420104
184215528.624384	143135429074.35754	109062006102.40169	9328486451.43906	-11734.995456108127	25937.339965696345	798.473398238142
184219128.624384	143093162055.2176	109155364492.75517	9331359583.88971	-11746.68051928778	25928.43175385282	797.7113064420349
184222728.624384	143050852984.155	109248690806.00047	9334229972.91671	-11758.357635519495	25919.51935121554	796.9492740361534
184226328.624384	143008501889.7769	109341985027.06346	9337097618.734375	-11770.026805872083	25910.602764856478	796.1873013025313
184229928.624384	142966108800.6865	109435247140.89546	9339962521.558033	-11781.688031419742	25901.68200184167	795.4253885227729
184233528.624384	142923673745.48315	109528477132.47322	9342824681.604021	-11793.34131324204	25892.757069231193	794.663535978053
184237128.624384	142881196752.76233	109621674986.79889	9345684099.089693	-11804.9866524239	25883.827974079188	793.9017439491175
184240728.624384	142838677851.11557	109714840688.90001	9348540774.23341	-11816.624050055601	25874.89472343384	793.1400127162838
184244328.624384	142796117069.1305	109807974223.82948	9351394707.254541	-11828.253507232756	25865.957324337396	792.3783425594404
184247928.624384	142753514435.39075	109901075576.66554	9354245898.373465	-11839.875025056299	25857.01578382614	791.6167337580482
184251528.624384	142710869978.476	109994144732.51176	9357094347.811562	-11851.488604632481	25848.070108930417	790.8551865911403
184255128.624384	142668183726.96198	110087181676.49701	9359940055.791218	-11863.094247072855	25839.120306674617	790.0937013373223
184258728.624384	142625455709.42032	110180186393.7754	9362783022.53582	-11874.69195349426	25830.166384077183	789.3322782747729
184262328.624384	142582685954.4187	110273158869.52637	9365623248.269758	-11886.28172501882	25821.20834815061	788.570917681244
184265928.624384	142539874490.52072	110366099088.95451	9368460733.21842	-11897.863562773919	25812.24620590143	787.8096198340614
184269528.624384	142497021346.2859	110459007037.28967	9371295477.60819	-11909.4374678922	25803.279964330235	787.0483850101244
184273128.624384	142454126550.26968	110551882699.7869	9374127481.666452	-11921.003441511546	25794.309630431664	786.287213485907
184276728.624384	142411190131.02344	110644726061.72638	9376956745.62158	-11932.561484775077	25785.3352111944	785.5261055374577
184280328.624384	142368212117.09436	110737537108.41347	9379783269.702944	-11944.11159883113	25776.356713601177	784.7650614403999
184283928.624384	142325192537.0255	110830315825.17865	9382607054.140903	-11955.653784833252	25767.37414462877	784.0040814699323
184287528.624384	142282131419.35583	110923062197.3775	9385428099.16681	-11967.188043940185	25758.38751124801	783.2431659008294
184291128.624384	142239028792.62003	111015776210.3907	9388246405.013	-11978.71437731586	25749.39682042376	782.4823150074413
184294728.624384	142195884685.34863	111108457849.62398	9391061971.912802	-11990.232786129382	25740.40207911495	781.721529063695
184298328.624384	142152699126.06796	111201107100.5081	9393874800.100527	-12001.743271555015	25731.403294274536	780.9608083430936
184301928.624384	142109472143.30008	111293723948.49886	9396684889.811468	-12013.245834772179	25722.40047284953	780.2001531187175
184305528.624384	142066203765.56284	111386308379.07704	9399492241.281904	-12024.74047696543	25713.39362178099	779.4395636632242
184309128.624384	142022894021.36975	111478860377.74843	9402296854.749092	-12036.227199324454	25704.382748004013	778.6790402488492
184312728.624384	141979542939.23007	111571379930.04373	9405098730.451271	-12047.706003044055	25695.367858447746	777.9185831474056
184316328.624384	141936150547.64874	111663867021.51862	9407897868.627655	-12059.176889324142	25686.34896003538	777.1581926302849
184319928.624384	141892716875.1264	111756321637.75366	9410694269.518436	-12070.639859369718	25677.326059684146	776.3978689684575
184323528.624384	141849241950.1593	111848743764.35431	9413487933.36478	-12082.094914390866	25668.299164305325	775.6376124324727
184327128.624384	141805725801.23935	111941133386.95091	9416278860.408827	-12093.542055602744	25659.26828080424	774.877423292459
184330728.624384	141762168456.85406	112033490491.19864	9419067050.893686	-12104.981284225569	25650.233416080264	774.1173018181248
184334328.624384	141718569945.48657	112125815062.7775	9421852505.06344	-12116.412601484604	25641.194577026803	773.3572482787584
184337928.624384	141674930295.61554	112218107087.3923	9424635223.16314	-12127.836008610153	25632.151770531313	772.5972629432287
184341528.624384	141631249535.71524	112310366550.77266	9427415205.438799	-12139.251506837543	25623.105003475295	771.8373460799849
184345128.624384	141587527694.2555	112402593438.67291	9430192452.137403	-12150.659097407117	25614.05428273429	771.0774979570575
184348728.624384	141543764799.7016	112494787736.87216	9432966963.506899	-12162.05878156422	25604.999615177887	770.3177188420585
184352328.624384	141499960880.5144	112586949431.17424	9435738739.796196	-12173.45056055919	25595.941007669717	769.5580090021815
184355928.624384	141456115965.15024	112679078507.40767	9438507781.255165	-12184.834435647344	25586.87846706745	768.7983687042022
184359528.624384	141412230082.0609	112771174951.42564	9441274088.134636	-12196.210408088973	25577.81200022281	768.0387982144787
184363128.624384	141368303259.69366	112863238749.106	9444037660.686398	-12207.57847914932	25568.74161398155	767.2792977989518
184366728.624384	141324335526.49118	112955269886.35124	9446798499.163197	-12218.93865009858	25559.66731518348	766.5198677231456
184370328.624384	141280326910.89157	113047268349.08846	9449556603.818731	-12230.29092221188	25550.589110662448	765.7605082521675
184373928.624384	141236277441.32834	113139234123.26933	9452311974.907656	-12241.635296769271	25541.507007246346	765.0012196507087
184377528.624384	141192187146.23038	113231167194.87013	9455064612.685577	-12252.971775055721	25532.42101175711	764.2420021830446
184381128.624384	141148056054.0219	113323067549.89166	9457814517.409052	-12264.300358361097	25523.331131010716	763.4828561130352
184384728.624384	141103884193.1226	113414935174.35927	9460561689.335585	-12275.62104798016	25514.23737181719	762.7237817041249
184388328.624384	141059671591.94733	113506770054.32278	9463306128.72363	-12286.933845212547	25505.1397409806	761.9647792193438
184391928.624384	141015418278.90637	113598572175.85652	9466047835.832588	-12298.238751362764	25496.03824529906	761.2058489213072
184395528.624384	140971124282.40524	113690341525.05928	9468786810.922802	-12309.535767740177	25486.932891564724	760.4469910722163
184399128.624384	140926789630.8448	113782078088.05428	9471523054.25556	-12320.824895658996	25477.823686563792	759.6882059338586
184402728.624384	140882414352.62106	113873781850.98915	9474256566.093092	-12332.106136438266	25468.71063707651	758.9294937676082
184406328.624384	140837998476.1254	113965452800.03596	9476987346.698566	-12343.379491401858	25459.59374987717	758.1708548344258
184409928.624384	140793542029.74435	114057090921.39113	9479715396.336092	-12354.644961878454	25450.473031734105	757.4122893948596
184413528.624384	140749045041.85965	114148696201.27542	9482440715.270714	-12365.902549201539	25441.348489409695	756.6537977090454
184417128.624384	140704507540.84827	114240268625.93396	9485163303.768414	-12377.152254709388	25432.220129660367	755.8953800367068
184420728.624384	140659929555.0823	114331808181.63617	9487883162.096106	-12388.394079745056	25423.087959236593	755.1370366371558
184424328.624384	140615311112.92905	114423314854.67575	9490600290.521639	-12399.628025656366	25413.95198488289	754.378767769293
184427928.624384	140570652242.75092	114514788631.3707	9493314689.313793	-12410.854093795899	25404.81221333782	753.6205736916078
184431528.624384	140525952972.90543	114606229498.06323	9496026358.742277	-12422.072285520982	25395.668651333996	752.8624546621792
184435128.624384	140481213331.74524	114697637441.11983	9498735299.077728	-12433.28260219368	25386.52130559807	752.1044109386758
184438728.624384	140436433347.61807	114789012446.93114	9501441510.591711	-12444.485045180778	25377.370182850755	751.3464427783559
184442328.624384	140391613048.86673	114880354501.912	9504144993.556717	-12455.679615853778	25368.215289806798	750.5885504380688
184445928.624384	140346752463.82907	114971663592.50143	9506845748.246159	-12466.866315588886	25359.056633174998	749.8307341742538
184449528.624384	140301851620.83798	115062939705.1626	9509543774.934372	-12478.045145766997	25349.894219658203	749.072994242942
184453128.624384	140256910548.22137	115154182826.38275	9512239073.896614	-12489.216107773686	25340.72805595331	748.3153308997552
184456728.624384	140211929274.30215	115245392942.67326	9514931645.409061	-12500.379202999198	25331.558148751268	747.5577443999074
184460328.624384	140166907827.39825	115336570040.56958	9517621489.74881	-12511.53443283844	25322.384504737067	746.8002349982046
184463928.624384	140121846235.8225	115427714106.63121	9520308607.19387	-12522.681798690963	25313.207130589755	746.0428029490452
184467528.624384	140076744527.88278	115518825127.44168	9522992998.02317	-12533.821301960957	25304.026032982423	745.2854485064204
184471128.624384	140031602731.8818	115609903089.60854	9525674662.516548	-12544.952944057239	25294.84121858222	744.5281719239147
184474728.624384	139986420876.11728	115700947979.76332	9528353600.954758	-12556.076726393238	25285.65269405034	743.770973454706
184478328.624384	139941198988.88177	115791959784.56154	9531029813.619461	-12567.19265038699	25276.46046604203	743.013853351566
184481928.624384	139895937098.4628	115882938490.68263	9533703300.79323	-12578.300717461127	25267.26454120659	742.2568118668609
184485528.624384	139850635233.14267	115973884084.83	9536374062.759546	-12589.400929042858	25258.064926187373	741.499849252551
184489128.624384	139805293421.19858	116064796553.73093	9539042099.802795	-12600.493286563968	25248.861627621784	740.742965760192
184492728.624384	139759911690.90256	116155675884.13658	9541707412.208267	-12611.5777914608	25239.654652141282	739.9861616409344
184496328.624384	139714490070.52148	116246522062.82199	9544370000.262157	-12622.654445174254	25230.444006371377	739.2294371455247
184499928.624384	139669028588.317	116337335076.58604	9547029864.251564	-12633.723249149762	25221.22969693164	738.4727925243052
184503528.624384	139623527272.54553	116428114912.25143	9549687004.464481	-12644.784204837288	25212.011730435694	737.7162280272146
184507128.624384	139577986151.45834	116518861556.66464	9552341421.189808	-12655.837313691316	25202.790113491214	736.9597439037881
184510728.624384	139532405253.3014	116609574996.69595	9554993114.717337	-12666.882577170834	25193.564852699932	736.2033404031581
184514328.624384	139486784606.3154	116700255219.23938	9557642085.337757	-12677.919996739329	25184.335954657643	735.4470177740544
184517928.624384	139441124238.7358	116790902211.21269	9560288333.342653	-12688.949573864773	25175.103425954196	734.6907762648044
184521528.624384	139395424178.79276	116881515959.55736	9562931859.024504	-12699.971310019613	25165.867273173495	733.9346161233337
184525128.624384	139349684454.71106	116972096451.23854	9565572662.67668	-12710.985206680762	25156.62750289351	733.1785375971664
184528728.624384	139303905094.71027	117062643673.24507	9568210744.59344	-12721.991265329585	25147.38412168626	732.4225409334251
184532328.624384	139258086127.00452	117153157612.58945	9570846105.069931	-12732.989487451894	25138.13713611783	731.6666263788319
184535928.624384	139212227579.80264	117243638256.30777	9573478744.402193	-12743.979874537928	25128.886552748372	730.9107941797082
184539528.624384	139166329481.30807	117334085591.45975	9576108662.887146	-12754.962428082355	25119.63237813209	730.1550445819753
184543128.624384	139120391859.7189	117424499605.12868	9578735860.8226	-12765.937149584248	25110.37461881725	729.3993778311548
184546728.624384	139074414743.22772	117514880284.42143	9581360338.507242	-12776.904040547084	25101.11328134619	728.6437941723688
184550328.624384	139028398160.0218	117605227616.46841	9583982096.240644	-12787.86310247873	25091.848372255303	727.8882938503403
184553928.624384	138982342138.2829	117695541588.42355	9586601134.323261	-12798.814336891433	25082.579898075048	727.1328771093938
184557528.624384	138936246706.18738	117785822187.46428	9589217453.056423	-12809.75774530181	25073.307865329953	726.3775441934552
184561128.624384	138890111891.9061	117876069400.79147	9591831052.742338	-12820.693329230831	25064.032280538606	725.6222953460523
184564728.624384	138843937723.60446	117966283215.62952	9594441933.68409	-12831.621090203822	25054.753150213666	724.8671308103154
184568328.624384	138797724229.44235	118056463619.22618	9597050096.185638	-12842.54102975044	25045.470480861863	724.1120508289777
184571928.624384	138751471437.57413	118146610598.85269	9599655540.551815	-12853.453149404673	25036.184278983987	723.357055644375
184575528.624384	138705179376.14865	118236724141.80363	9602258267.088324	-12864.357450704825	25026.8945510749	722.6021454984469
184579128.624384	138658848073.30923	118326804235.39699	9604858276.10174	-12875.253935193503	25017.601303623538	721.8473206327368
184582728.624384	138612477557.19357	118416850866.97406	9607455567.899506	-12886.142604417613	25008.304543112903	721.0925812883918
184586328.624384	138566067855.93387	118506864023.8995	9610050142.78993	-12897.023459928345	24999.00427602007	720.3379277061639
184589928.624384	138519618997.65668	118596843693.56128	9612642001.082191	-12907.896503281161	24989.70050881619	719.5833601264097
184593528.624384	138473131010.48297	118686789863.3706	9615231143.08633	-12918.761736035793	24980.39324796648	718.8288787890912
184597128.624384	138426603922.52808	118776702520.76201	9617817569.11325	-12929.61915975622	24971.08249993024	718.0744839337756
184600728.624384	138380037761.9017	118866581653.19322	9620401279.474718	-12940.468776010668	24961.768271160836	717.3201757996364
184604328.624384	138333432556.7079	118956427248.14522	9622982274.48336	-12951.310586371597	24952.450568105724	716.5659546254533
184607928.624384	138286788335.045	119046239293.12216	9625560554.45266	-12962.144592415687	24943.129397206423	715.8118206496123
184611528.624384	138240105125.00577	119136017775.65141	9628136119.69696	-12972.97079572383	24933.804764898538	715.0577741101067
184615128.624384	138193382954.6772	119225762683.28346	9630708970.531462	-12983.78919788112	24924.476677611747	714.3038152445371
184618728.624384	138146621852.1405	119315474003.59195	9633279107.272215	-12994.599800476846	24915.145141769815	713.5499442901116
184622328.624384	138099821845.4713	119405151724.17363	9635846530.236128	-13005.402605104473	24905.810163790586	712.7961614836466
184625928.624384	138052982962.7394	119494795832.64836	9638411239.74096	-13016.19761336164	24896.471750085984	712.0424670615668
184629528.624384	138006105232.00885	119584406316.65906	9640973236.105316	-13026.984826850146	24887.129907062015	711.2888612599055
184633128.624384	137959188681.3379	119673983163.8717	9643532519.648657	-13037.764247175939	24877.784641118775	710.5353443143055
184636728.624384	137912233338.77905	119763526361.97528	9646089090.691288	-13048.535875949108	24868.43595865044	709.7819164600188
184640328.624384	137865239232.379	119853035898.68182	9648642949.554361	-13059.299714783872	24859.083866045272	709.0285779319073
184643928.624384	137818206390.1786	119942511761.7263	9651194096.559872	-13070.05576529857	24849.72836968562	708.2753289644432
184647528.624384	137771134840.2129	120031953938.8667	9653742532.030659	-13080.804029115647	24840.369475947926	707.5221697917093
184651128.624384	137724024610.51105	120121362417.88391	9656288256.290405	-13091.544507861649	24831.007191202716	706.7691006473991
184654728.624384	137676875729.0964	120210737186.58179	9658831269.663633	-13102.27720316721	24821.64152181461	706.0161217648175
184658328.624384	137629688223.98642	120300078232.78705	9661371572.475704	-13113.002116667047	24812.272474142315	705.2632333768812
184661928.624384	137582462123.19263	120389385544.3493	9663909165.052818	-13123.719249999938	24802.900054538637	704.5104357161186
184665528.624384	137535197454.72067	120478659109.14102	9666444047.722012	-13134.428604808725	24793.52426935047	703.7577290146709
184669128.624384	137487894246.57028	120567898915.05753	9668976220.811153	-13145.130182740297	24784.145124918807	703.0051135042914
184672728.624384	137440552526.73523	120657104950.01694	9671505684.648949	-13155.823985445579	24774.762627578733	702.2525894163473
184676328.624384	137393172323.20337	120746277201.96019	9674032439.564936	-13166.510014579524	24765.376783659438	701.5001569818185
184679928.624384	137345753663.95656	120835415658.85098	9676556485.889479	-13177.188271801104	24755.9875994842	700.747816431299
184683528.624384	137298296576.9707	120924520308.67575	9679077823.953777	-13187.858758773298	24746.595081370404	699.9955679949973
184687128.624384	137250801090.2157	121013591139.4437	9681596454.089855	-13198.521477163084	24737.19923562953	699.2434119027358
184690728.624384	137203267231.65543	121102628139.1867	9684112376.630566	-13209.176428641425	24727.80006856717	698.4913483839523
184694328.624384	137155695029.24776	121191631295.95937	9686625591.909584	-13219.823614883264	24718.397586483006	697.7393776676996
184697928.624384	137108084510.94453	121280600597.83891	9689136100.261412	-13230.463037567508	24708.991795670834	696.9874999826462
184701528.624384	137060435704.69153	121369536032.92526	9691643902.021372	-13241.094698377025	24699.582702418553	696.2357155570766
184705128.624384	137012748638.42845	121458437589.34094	9694148997.525608	-13251.718598998626	24690.17031300817	695.4840246188915
184708728.624384	136965023340.08894	121547305255.23106	9696651387.111086	-13262.334741123064	24680.7546337158	694.7324273956084
184712328.624384	136917259837.60054	121636139018.76335	9699151071.115587	-13272.943126445016	24671.335670811663	693.980924114362
184715928.624384	136869458158.88467	121724938868.12808	9701648049.877712	-13283.543756663077	24661.913430560096	693.2295150019042
184719528.624384	136821618331.85666	121813704791.53807	9704142323.736876	-13294.13663347975	24652.487919219548	692.4782002846049
184723128.624384	136773740384.42566	121902436777.22865	9706633893.033306	-13304.721758601434	24643.059143042574	691.7269801884519
184726728.624384	136725824344.4947	121991134813.45767	9709122758.108047	-13315.299133738417	24633.627108275854	690.9758549390515
184730328.624384	136677870239.96066	122079798888.50543	9711608919.302954	-13325.868760604862	24624.19182116018	690.2248247616292
184733928.624384	136629878098.71422	122168428990.6747	9714092376.960688	-13336.430640918803	24614.75328793046	689.4738898810294
184737528.624384	136581847948.63985	122257025108.29068	9716573131.424723	-13346.984776402127	24605.31151481572	688.7230505217162
184741128.624384	136533779817.61584	122345587229.70099	9719051183.03934	-13357.531168780573	24595.866508039107	687.9723069077738
184744728.624384	136485673733.51428	122434115343.27563	9721526532.149622	-13368.069819783716	24586.418273817897	687.2216592629064
184748328.624384	136437529724.20097	122522609437.407	9723999179.101463	-13378.600731144956	24576.96681836348	686.4711078104392
184751928.624384	136389347817.53552	122611069500.50981	9726469124.241556	-13389.123904601516	24567.51214788137	685.7206527733182
184755528.624384	136341128041.37125	122699495521.02115	9728936367.917397	-13399.639341894426	24558.054268571217	684.970294374111
184759128.624384	136292870423.55519	122787887487.40036	9731400910.477282	-13410.147044768511	24548.593186626786	684.2200328350067
184762728.624384	136244574991.92812	122876245388.12912	9733862752.270308	-13420.64701497239	24539.128908235976	683.4698683778169
184766328.624384	136196241774.3245	122964569211.71135	9736321893.646366	-13431.139254258454	24529.66143958082	682.7198012239753
184769928.624384	136147870798.57245	123052858946.6732	9738778334.956148	-13441.62376438287	24520.19078683748	681.9698315945387
184773528.624384	136099462092.49382	123141114581.56308	9741232076.55114	-13452.100547105558	24510.71695617625	681.2199597101871
184777128.624384	136051015683.90407	123229336104.95157	9743683118.783619	-13462.56960419019	24501.239953761557	680.4701857912239
184780728.624384	136002531600.6123	123317523505.43144	9746131462.006659	-13473.030937404179	24491.759785751965	679.7205100575767
184784328.624384	135954009870.42128	123405676771.61765	9748577106.57412	-13483.484548518665	24482.27645830018	678.9709327287972
184787928.624384	135905450521.12737	123493795892.14725	9751020052.840654	-13493.930439308511	24472.789977553042	678.2214540240617
184791528.624384	135856853580.52052	123581880855.67944	9753460301.161703	-13504.368611552289	24463.300349651534	677.4720741621719
184795128.624384	135808219076.38431	123669931650.89552	9755897851.893496	-13514.79906703227	24453.807580730783	676.7227933615545
184798728.624384	135759547036.49586	123757948266.49884	9758332705.393042	-13525.221807534419	24444.311676920053	675.9736118402623
184802328.624384	135710837488.62589	123845930691.21483	9760764862.01814	-13535.636834848381	24434.81264434276	675.2245298159738
184805928.624384	135662090460.53862	123933878913.79094	9763194322.127373	-13546.044150767473	24425.310489116466	674.4755475059945
184809528.624384	135613305979.99187	124021792922.99663	9765621086.080101	-13556.443757088675	24415.805217352878	673.7266651272564
184813128.624384	135564484074.73694	124109672707.62337	9768045154.236467	-13566.835655612618	24406.296835157857	672.9778828963188
184816728.624384	135515624772.51865	124197518256.48457	9770466526.957392	-13577.219848143575	24396.78534863141	672.2292010293686
184820328.624384	135466728101.07532	124285329558.41563	9772885204.604574	-13587.596336489456	24387.270763867702	671.4806197422207
184823928.624384	135417794088.13876	124373106602.27385	9775301187.54049	-13597.96512246179	24377.75308695505	670.7321392503183
184827528.624384	135368822761.43427	124460849376.93843	9777714476.128387	-13608.326207875725	24368.23232397593	669.983759768733
184831128.624384	135319814148.68056	124548557871.31049	9780125070.732294	-13618.679594550009	24358.70848100698	669.2354815121658
184834728.624384	135270768277.58981	124636232074.31297	9782532971.717003	-13629.025284306987	24349.181564118986	668.4873046949472
184838328.624384	135221685175.86766	124723871974.89072	9784938179.448082	-13639.363278972589	24339.651579376903	667.7392295310369
184841928.624384	135172564871.21313	124811477562.01033	9787340694.291866	-13649.693580376323	24330.11853283985	666.9912562340254
184845528.624384	135123407391.31866	124899048824.66026	9789740516.615463	-13660.01619035126	24320.582430561106	666.2433850171332
184849128.624384	135074212763.8701	124986585751.85074	9792137646.786741	-13670.33111073403	24311.043278588124	665.4956160932119
184852728.624384	135024981016.54668	125074088332.61372	9794532085.17434	-13680.638343364812	24301.501082962517	664.7479496747443
184856328.624384	134975712177.02097	125161556556.00293	9796923832.14766	-13690.937890087316	24291.95584972007	664.0003859738448
184859928.624384	134926406272.95892	125248990411.0938	9799312888.076866	-13701.22975274879	24282.407584890745	663.2529252022598
184863528.624384	134877063332.01984	125336389886.98346	9801699253.332886	-13711.513933199993	24272.85629449867	662.5055675713679
184867128.624384	134827683381.85632	125423754972.79073	9804082928.287403	-13721.790433295198	24263.301984562153	661.7583132921806
184870728.624384	134778266450.11432	125511085657.65607	9806463913.312864	-13732.059254892178	24253.744661093675	661.0111625753422
184874328.624384	134728812564.43307	125598381930.74158	9808842208.782473	-13742.320399852195	24244.1843300999	660.2641156311305
184877928.624384	134679321752.44511	125685643781.23096	9811217815.070187	-13752.573870039992	24234.620997581667	659.5171726694572
184881528.624384	134629794041.77628	125772871198.32953	9813590732.550722	-13762.819667323787	24225.054669534005	658.770333899868
184885128.624384	134580229460.04562	125860064171.26416	9815960961.599546	-13773.057793575257	24215.48535194612	658.0235995315433
184888728.624384	134530628034.86552	125947222689.28328	9818328502.59288	-13783.288250669535	24205.913050801406	657.2769697732981
184892328.624384	134480989793.84154	126034346741.65685	9820693355.907696	-13793.511040485195	24196.33777207744	656.530444833583
184895928.624384	134431314764.5725	126121436317.67632	9823055521.921715	-13803.726164904248	24186.759521746	655.784024920484
184899528.624384	134381602974.65044	126208491406.65465	9825415001.013405	-13813.93362581213	24177.178305773043	655.0377102417228
184903128.624384	134331854451.6606	126295511997.92627	9827771793.561985	-13824.13342509769	24167.594130118723	654.291501004658
184906728.624384	134282069223.18141	126382498080.84703	9830125899.947416	-13834.325564653187	24158.007000737394	653.5453974162846
184910328.624384	134232247316.7845	126469449644.79424	9832477320.550407	-13844.510046374276	24148.416923577603	652.7993996832346
184913928.624384	134182388760.03464	126556366679.16658	9834826055.752409	-13854.686872159999	24138.823904582092	652.0535080117776
184917528.624384	134132493580.48978	126643249173.38414	9837172105.935614	-13864.856043912778	24129.227949687807	651.3077226078209
184921128.624384	134082561805.70102	126730097116.88837	9839515471.482954	-13875.017563538404	24119.6290648259	650.56204367691
184924728.624384	134032593463.21257	126816910499.14204	9841856152.778101	-13885.171432946028	24110.02725592172	649.8164714242288
184928328.624384	133982588580.56178	126903689309.62926	9844194150.205467	-13895.317654048153	24100.422528894826	649.0710060546003
184931928.624384	133932547185.2791	126990433537.85542	9846529464.1502	-13905.45622876062	24090.814889658985	648.3256477724866
184935528.624384	133882469304.88808	127077143173.34723	9848862094.99818	-13915.587159002609	24081.204344122176	647.5803967819896
184939128.624384	133832354966.90535	127163818205.65262	9851192043.136024	-13925.71044669662	24071.590898186587	646.8352532868511
184942728.624384	133782204198.84062	127250458624.34077	9853519308.951084	-13935.826093768466	24061.974557748617	646.090217490453
184946328.624384	133732017028.19666	127337064419.00208	9855843892.831438	-13945.934102147268	24052.35532869889	645.3452895958184
184949928.624384	133681793482.46927	127423635579.24812	9858165795.1659	-13956.034473765441	24042.73321692224	644.600469805611
184953528.624384	133631533589.14732	127510172094.71169	9860485016.344007	-13966.127210558687	24033.108228297722	643.8557583221365
184957128.624384	133581237375.7127	127596673955.04669	9862801556.75603	-13976.212314465987	24023.480368698616	643.1111553473419
184960728.624384	133530904869.6403	127683141149.92819	9865115416.79296	-13986.28978742959	24013.84964399242	642.3666610828167
184964328.624384	133480536098.39801	127769573669.05235	9867426596.846518	-13996.359631395004	24004.216060040864	641.6222757297928
184967928.624384	133430131089.44672	127855971502.13643	9869735097.309149	-14006.421848310987	23994.579622699905	640.8779994891452
184971528.624384	133379689870.24028	127942334638.91875	9872040918.574017	-14016.476440129542	23984.940337819724	640.1338325613918
184975128.624384	133329212468.22554	128028663069.15869	9874344061.035007	-14026.5234088059	23975.29821124474	639.3897751466947
184978728.624384	133278698910.84229	128114956782.63667	9876644525.08673	-14036.56275629852	23965.6532488136	638.6458274448595
184982328.624384	133228149225.52325	128201215769.15411	9878942311.124506	-14046.594484569068	23956.00545635919	637.9019896553366
184985928.624384	133177563439.6941	128287440018.53342	9881237419.544382	-14056.618595582424	23946.354839708638	637.158261977221
184989528.624384	133126941580.77342	128373629520.61797	9883529850.743114	-14066.63509130666	23936.701404683306	636.4146446092525
184993128.624384	133076283676.17268	128459784265.27206	9885819605.11818	-14076.643973713035	23927.0451570988	635.6711377498169
184996728.624384	133025589753.2963	128545904242.38097	9888106683.067762	-14086.645244775988	23917.38610276497	634.9277415969456
185000328.624384	132974859839.54153	128631989441.85083	9890391084.990763	-14096.638906473127	23907.72424748591	634.1844563483162
185003928.624384	132924093962.29855	128718039853.60869	9892672811.286793	-14106.624960785219	23898.059597059964	633.4412822012529
185007528.624384	132873292148.95036	128804055467.60243	9894951862.35617	-14116.603409696187	23888.392157279734	632.6982193527268
185011128.624384	132822454426.87283	128890036273.80081	9897228238.599926	-14126.57425519309	23878.72193393206	631.9552679993565
185014728.624384	132771580823.43468	128975982262.19339	9899501940.419796	-14136.537499266127	23869.04893279805	631.212428337408
185018328.624384	132720671365.99744	129061893422.79054	9901772968.218222	-14146.49314390862	23859.37315965306	630.4697005627957
185021928.624384	132669726081.91547	129147769745.62341	9904041322.398348	-14156.441191117003	23849.694620266706	629.727084871082
185025528.624384	132618744998.53592	129233611220.7439	9906307003.364027	-14166.381642890823	23840.013320402868	628.9845814574783
185029128.624384	132567728143.19876	129319417838.22466	9908570011.51981	-14176.314501232722	23830.32926581969	628.2421905168451
185032728.624384	132516675543.23676	129405189588.15904	9910830347.270948	-14186.239768148433	23820.64246226958	627.4999122436925
185036328.624384	132465587225.9754	129490926460.66113	9913088011.023397	-14196.157445646768	23810.952915499212	626.7577468321804
185039928.624384	132414463218.73299	129576628445.86566	9915343003.183807	-14206.067535739612	23801.26063124953	626.0156944761188
185043528.624384	132363303548.82054	129662295533.92804	9917595324.159525	-14215.97004044191	23791.565615255753	625.2737553689685
185047128.624384	132312108243.54185	129747927715.02429	9919844974.358595	-14225.864961771667	23781.86787324737	624.5319297038412
185050728.624384	132260877330.19342	129833524979.35107	9922091954.189754	-14235.75230174993	23772.16741094815	623.7902176735
185054328.624384	132209610836.06445	129919087317.12563	9924336264.062437	-14245.63206240078	23762.46423407614	623.0486194703595
185057928.624384	132158308788.43689	130004614718.58578	9926577904.386765	-14255.50424575133	23752.75834834366	622.3071352864865
185061528.624384	132106971214.58536	130090107173.98991	9928816875.573553	-14265.36885383171	23743.049759457328	621.5657653136003
185065128.624384	132055598141.77718	130175564673.61693	9931053178.034306	-14275.22588867506	23733.338473118034	620.8245097430728
185068728.624384	132004189597.27234	130260987207.76625	9933286812.181215	-14285.075352317524	23723.624495020966	620.0833687659292
185072328.624384	131952745608.32349	130346374766.7578	9935517778.427162	-14294.917246798237	23713.90783085559	619.3423425728481
185075928.624384	131901266202.17593	130431727340.93195	9937746077.185709	-14304.751574159318	23704.188486305677	618.6014313541622
185079528.624384	131849751406.06763	130517044920.64955	9939971708.871109	-14314.578336445864	23694.466467049282	617.8606352998582
185083128.624384	131798201247.22916	130602327496.29187	9942194673.898293	-14324.397535705935	23684.741778758766	617.1199545995777
185086728.624384	131746615752.88371	130687575058.26057	9944414972.682877	-14334.209173990552	23675.014427100778	616.3793894426169
185090328.624384	131694994950.24713	130772787596.97774	9946632605.641157	-14344.013253353685	23665.284417736275	615.6389400179278
185093928.624384	131643338866.52782	130857965102.8858	9948847573.190111	-14353.809775852245	23655.551756320518	614.8986065141178
185097528.624384	131591647528.92677	130943107566.44756	9951059875.74739	-14363.598743546077	23645.81644850307	614.1583891194505
185101128.624384	131539920964.63759	131028214978.14612	9953269513.731327	-14373.380158497946	23636.078499927804	613.4182880218458
185104728.624384	131488159200.8464	131113287328.4849	9955476487.560928	-14383.154022773535	23626.337916232907	612.6783034088807
