177839655.3504	128741148601.27173	-80127180304.04901	402405376.0477891	18424.394940202787	27386.98976790322	1828.639359892663
177843255.3504	128807442514.4221	-80028569036.2241	408987070.7949243	18405.561959618622	27397.050444453165	1827.8614712370168
177846855.3504	128873668683.35359	-79929921523.4807	415566004.9606978	18386.758961200383	27407.125598383343	1827.1055189328395
177850455.3504	128939827212.81238	-79831237716.18819	422142255.5642495	18367.984192067262	27417.21386214216	1826.370430249797
177854055.3504	129005918201.43529	-79732517569.48503	428715895.88445175	18349.236009516844	27427.313952688193	1825.655199096176
177857655.3504	129071941742.13087	-79633761042.98631	435286995.6904408	18330.512872533127	27437.424665006532	1824.9588808970807
177861255.3504	129137897922.4314	-79534968100.51366	441855621.4545668	18311.81333407144	27447.54486621554	1824.280587939982
177864855.3504	129203786824.81827	-79436138709.84532	448421836.54935443	18293.13603403828	27457.67349020192	1823.6194851384257
177868455.3504	129269608527.02339	-79337272842.48482	454985701.42989963	18274.479692893896	27467.80953272954	1822.9747861705603
177872055.3504	129335363102.3085	-79238370473.44627	461547273.8029815	18255.843105813903	27477.952046973696	1822.3457499542196
177875655.3504	129401050619.72437	-79139431581.05522	468106608.7840392	18237.225137353595	27488.10013943814	1821.7316774247026
177879255.3504	129466671144.35165	-79040456146.76346	474663759.0430479	18218.624716564947	27498.252966216995	1821.1319085852483
177882855.3504	129532224737.52493	-78941444154.97673	481218774.9402271	18200.040832522063	27508.409729567964	1820.5458198035592
177886455.3504	129597711457.04129	-78842395592.89436	487771704.6524231	18181.47253021555	27518.56967476686	1819.9728213306757
177890055.3504	129663131357.3547	-78743310450.35959	494322594.29092795	18162.918906780757	27528.732087216824	1819.4123550210793
177893655.3504	129728484489.75746	-78644188719.72	500871488.01142406	18144.3791080285	27538.896289788427	1818.863892235173
177897255.3504	129793770902.54955	-78545030395.69713	507418428.1166808	18125.852325250267	27549.061640369335	1818.3269319072876
177900855.3504	129858990641.19702	-78445835475.26448	513963455.15257055	18107.337792272792	27559.227529604494	1817.8009987641203
177904455.3504	129924143748.48018	-78346603957.53345	520506607.9979219	18088.83478273956	27569.3933788097	1817.2856416800694
177908055.3504	129989230264.63228	-78247335843.64636	527047923.9486795	18070.34260759898	27579.558638043207	1816.7804321573094
177911655.3504	130054250227.46964	-78148031136.67635	533587438.79680073	18051.860612781118	27589.72278432155	1816.2849629196717
177915255.3504	130119203672.51366	-78048689841.5332	540125186.9042798	18033.388177046596	27599.88531996709	1815.7988466104784
177918855.3504	130184090633.10535	-77949311964.87515	546661201.2726579	18014.92470999292	27610.045771076053	1815.321714585446
177922455.3504	130248911140.51297	-77849897515.02582	553195513.6083465	17996.46965020493	27620.203686096964	1814.8532157926318
177926055.3504	130313665224.03328	-77750446501.89618	559728154.3840648	17978.022463537283	27630.358634510187	1814.3930157321672
177929655.3504	130378352911.0868	-77650958936.91107	566259152.8966652	17959.582641518133	27640.510205600338	1813.9407954892024
177933255.3504	130442974227.30751	-77551434832.93999	572788537.3216006	17941.14969986404	27650.658007313985	1813.4962508341043
177936855.3504	130507529196.62741	-77451874204.23184	579316334.7642645	17922.72317709721	27660.80166519579	1813.0590913844972
177940455.3504	130572017841.35631	-77352277066.35338	585842571.3084197	17904.30263325688	27670.940821396875	1812.6290398242288
177944055.3504	130636440182.25703	-77252643436.13113	592367272.0619096	17885.887648697408	27681.07513374972	1812.2058311747883
177947655.3504	130700796238.61661	-77152973331.59651	598890461.1998353	17867.477822966368	27691.204274904474	1811.7892121150992
177951255.3504	130765086028.31335	-77053266771.93393	605412162.0053661	17849.072773756445	27701.327931521897	1811.378940345972
177954855.3504	130829309567.8805	-76953523777.43173	611932396.908336	17830.67213592553	27711.445803518716	1810.9747839958218
177958455.3504	130893466872.56624	-76853744369.43578	618451187.5217717	17812.275560579885	27721.55760336141	1810.5765210645502
177962055.3504	130957557956.39072	-76753928570.30545	624968554.6764816	17793.882714215637	27731.66305540482	1810.1839389027555
177965655.3504	131021582832.19997	-76654076403.37201	631484518.4538311	17775.493277914375	27741.76189527235	1809.7968337236723
177969255.3504	131085541511.71701	-76554187892.89903	637999098.2168149	17757.10694658884	27751.85386927466	1809.4150101454595
177972855.3504	131149434005.5904	-76454263064.045	644512312.6395336	17738.72342827512	27761.938733864135	1809.0382807616527
177976455.3504	131213260323.4402	-76354301942.82767	651024179.7351717	17720.342443468035	27772.016255122595	1808.6664657377726
177980055.3504	131277020473.9018	-76254304556.09027	657534716.8825665	17701.96372449665	27782.086208279823	1808.2993924322473
177983655.3504	131340714464.66733	-76154270931.46947	664043940.8514553	17683.58701493711	27792.148377260866	1807.9368950399498
177987255.3504	131404342302.52525	-76054201097.36476	670551867.8264765	17665.212069060224	27802.202554260057	1807.5788142567892
177990855.3504	131467903993.39784	-75954095082.90947	677058513.4299988	17646.83865131139	27812.248539339937	1807.224996963914
177994455.3504	131531399542.37695	-75853952917.9431	683563892.7438478	17628.466535820713	27822.28614005342	1806.8752959302021
177998055.3504	131594828953.75806	-75753774632.98503	690068020.329992	17610.095505941223	27832.31517108762	1806.5295695318066
178001655.3504	131658192231.07262	-75653560259.20943	696570910.2502478	17591.725353813395	27842.3354539279	1806.187681487629
178005255.3504	131721489377.11903	-75553309828.42134	703072576.0850601	17573.35587995417	27852.34681654083	1805.8495006096698
178008855.3504	131784720393.99203	-75453023373.03394	709573030.951409	17554.98689286892	27862.349093074827	1805.5149005672854
178012455.3504	131847885283.11081	-75352700926.04672	716072287.5198914	17536.618208684864	27872.342123577284	1805.1837596644586
178016055.3504	131910984045.24579	-75252342521.02487	722570358.0310235	17518.24965080455	27882.325753727215	1804.8559606292454
178019655.3504	131974016680.54425	-75151948192.0793	729067254.3108054	17499.88104957815	27892.29983458236	1804.5313904146287
178023255.3504	132036983188.5548	-75051517973.84784	735562987.7855886	17481.512241993347	27902.26422233991	1804.2099400100635
178026855.3504	132099883568.25067	-74951051901.47708	742057569.496283	17463.14307138177	27912.21877810991	1803.8915042630474
178030455.3504	132162717818.05211	-74850550010.60509	748551010.1119395	17444.77338714092	27922.16336770069	1803.575981710098
178034055.3504	132225485935.8477	-74750012337.3449	755043319.9427388	17426.403044470615	27932.097861415456	1803.2632744165635
178037655.3504	132288187919.01483	-74649438918.26863	761534508.9524198	17408.03190412317	27942.02213385945	1802.9532878247305
178041255.3504	132350823764.43921	-74548829790.39236	768024586.7701747	17389.659832166344	27951.936063757028	1802.6459306097308
178044855.3504	132413393468.53365	-74448184991.16162	774513562.7020396	17371.286699758417	27961.83953377804	1802.3411145427838
178048455.3504	132475897027.25594	-74347504558.43745	781001445.7418038	17352.912382934628	27971.73243037298	1802.0387543613404
178052055.3504	132538334436.1261	-74246788530.48312	787488244.5814645	17334.536762404292	27981.61464361642	1801.738767645726
178055655.3504	132600705690.24281	-74146036945.95134	793973967.621249	17316.15972335801	27991.48606705818	1801.4410747019044
178059255.3504	132663010784.29924	-74045249843.87196	800458622.9792236	17297.781155284367	28001.346597581865	1801.1455984500099
178062855.3504	132725249712.59816	-73944427263.6403	806942218.5005133	17279.400951795593	28011.19613527029	1800.85226431832
178066455.3504	132787422469.06656	-73843569245.00578	813424761.7661473	17261.01901046167	28021.034583277436	1800.5610001423613
178070055.3504	132849529047.26953	-73742675828.06114	819906260.1015507	17242.635232652403	28030.861847706565	1800.2717360688562
178073655.3504	132911569440.42374	-73641747053.23201	826386720.5846995	17224.249523387014	28040.677837494128	1799.9844044642473
178077255.3504	132973543641.41023	-73540782961.2669	832866150.0539528	17205.86179119087	28050.482464299184	1799.6989398275407
178080855.3504	133035451642.7869	-73439783593.22763	839344555.1155795	17187.471947958908	28060.275642398003	1799.4152787072358
178084455.3504	133097293436.8003	-73338748990.48006	845821942.1509929	17169.079908825424	28070.05728858356	1799.1333596221166
178088055.3504	133159069015.39711	-73237679194.6852	852298317.3237065	17150.68559203988	28079.827322069697	1798.853122985699
178091655.3504	133220778370.23515	-73136574247.79066	858773686.5860245	17132.288918848386	28089.585664399667	1798.5745110341343
178095255.3504	133282421492.69395	-73035434192.02248	865248055.6854781	17113.889813380578	28099.33223935883	1798.297467757391
178098855.3504	133343998373.88492	-72934259069.8771	871721430.1710203	17095.4882025416	28109.066972891316	1798.021938833536
178102455.3504	133405509004.66118	-72833048924.11385	878193815.3989892	17077.084015908928	28118.78979302038	1797.7478715659588
178106055.3504	133466953375.62697	-72731803797.7475	884665216.5388502	17058.67718563374	28128.50062977234	1797.4752148233808
178109655.3504	133528331477.1468	-72630523734.04128	891135638.5787274	17040.2676463467	28138.199415103867	1797.2039189825111
178113255.3504	133589643299.35416	-72529208776.49997	897605086.3307326	17021.8553350678	28147.886082832425	1796.933935873209
178116855.3504	133650888832.15997	-72427858968.86336	904073564.4361019	17003.44019112017	28157.560568569785	1796.6652187260288
178120455.3504	133712068065.26076	-72326474355.09991	910541077.3701471	16985.02215604756	28167.222809658375	1796.3977221220262
178124055.3504	133773180988.14648	-72225054979.40065	917007629.4470301	16966.60117353539	28176.872745110377	1796.1314019447127
178127655.3504	133834227590.1081	-72123600886.1732	923473224.8243687	16948.177189335147	28186.510315549414	1795.8662153340517
178131255.3504	133895207860.24487	-72022112120.03616	929937867.5076799	16929.750151191958	28196.13546315469	1795.6021206423952
178134855.3504	133956121787.47145	-71920588725.81354	936401561.3546677	16911.32000877521	28205.74813160749	1795.339077392267
178138455.3504	134016969360.52466	-71819030748.52948	942864310.0793625	16892.886713612046	28215.34826603991	1795.0770462359012
178142055.3504	134077750567.97006	-71717438233.4031	949326117.256118	16874.450219023638	28224.935812985674	1794.8159889164529
178145655.3504	134138465398.2083	-71615811225.84357	955786986.323471	16856.010480064026	28234.51072033303	1794.5558682307992
178149255.3504	134199113839.48126	-71514149771.44525	962246920.5878694	16837.567453461485	28244.07293727953	1794.2966479938568
178152855.3504	134259695879.87799	-71412453915.98314	968705923.2272764	16819.12109756225	28253.622414288635	1794.0382930043422
178156455.3504	134320211507.34038	-71310723705.40833	975163997.2946516	16800.67137227651	28263.15910304811	1793.7807690119087
178160055.3504	134380660709.66875	-71208959185.8437	981621145.7213174	16782.218239026537	28272.682956430042	1793.5240426855942
178163655.3504	134441043474.52719	-71107160403.57973	988077371.3202143	16763.761660696906	28282.193928452463	1793.2680815835215
178167255.3504	134501359789.44875	-71005327405.07039	994532676.7890483	16745.30160158664	28291.69197424249	1793.0128541237907
178170855.3504	134561609641.84041	-70903460236.92928	1000987064.7133366	16726.838027363247	28301.177050000904	1792.7583295565112
178174455.3504	134621793018.98796	-70801558945.92578	1007440537.5693537	16708.370905018528	28310.649112968116	1792.5044779369202
178178055.3504	134681909908.06067	-70699623578.9814	1013893097.7269835	16689.90020282611	28320.108121391437	1792.25127009954
178181655.3504	134741960296.11584	-70597654183.16618	1020344747.4524795	16671.42589030059	28329.55403449362	1791.9986776333258
178185255.3504	134801944170.10323	-70495650805.69527	1026795488.9111371	16652.947938158246	28338.986812442607	1791.746672857762
178188855.3504	134861861516.86923	-70393613493.92552	1033245324.1698825	16634.466318279225	28348.406416322403	1791.4952287998628
178192455.3504	134921712323.1611	-70291542295.35231	1039694255.1997793	16615.98100367116	28357.81280810507	1791.2443191720402
178196055.3504	134981496575.63086	-70189437257.60632	1046142283.8784572	16597.49196843415	28367.205950623764	1790.9939183507968
178199655.3504	135041214260.83922	-70087298428.45058	1052589411.9924661	16578.99918772703	28376.58580754677	1790.7440013562132
178203255.3504	135100865365.25931	-69985125855.77737	1059035641.2395567	16560.502637734888	28385.952343352503	1790.4945438321922
178206855.3504	135160449875.28033	-69882919587.6055	1065480973.230892	16542.002295637783	28395.305523305437	1790.2455220274271
178210455.3504	135219967777.2111	-69780679672.07741	1071925409.4931912	16523.49813958059	28404.645313432902	1789.9969127770657
178214055.3504	135279419057.28342	-69678406157.4565	1078368951.4708095	16504.99014864395	28413.97168050273	1789.7486934850385
178217655.3504	135338803701.65543	-69576099092.12451	1084811600.5277538	16486.478302816235	28423.284592001706	1789.5008421070238
178221255.3504	135398121696.41483	-69473758524.57898	1091253357.9496403	16467.962582966567	28432.584016114793	1789.2533371340223
178224855.3504	135457373027.58199	-69371384503.43074	1097694224.9455924	16449.442970818753	28441.869921705107	1789.0061575765183
178228455.3504	135516557681.11299	-69268977077.40154	1104134202.6500833	16430.919448926154	28451.142278294585	1788.7592829491994
178232055.3504	135575675642.90256	-69166536295.32166	1110573292.1247244	16412.392000647447	28460.401056045357	1788.5126932562155
178235655.3504	135634726898.78693	-69064062206.1277	1117011494.3600016	16393.860610123214	28469.646225741748	1788.2663689769522
178239255.3504	135693711434.5466	-68961554858.86034	1123448810.2769616	16375.32526225336	28478.877758772924	1788.0202910522999
178242855.3504	135752629235.90907	-68859014302.66219	1129885240.728849	16356.785942675302	28488.095627116134	1787.7744408713959
178246455.3504	135811480288.5514	-68756440586.7757	1136320786.5026965	16338.242637742911	28497.299803320533	1787.528800258825
178250055.3504	135870264578.10281	-68653833760.541145	1142755448.320871	16319.695334506167	28506.49026049155	1787.2833514622541
178253655.3504	135928982090.14713	-68551193873.394646	1149189226.8425746	16301.144020691501	28515.6669722758	1787.03807714049
178257255.3504	135987632810.22513	-68448520974.86624	1155622122.6653032	16282.588684682814	28524.829912846497	1786.7929603519383
178260855.3504	136046216723.837	-68345815114.57801	1162054136.326266	16264.029315503116	28533.979056889362	1786.5479845434515
178264455.3504	136104733816.44449	-68243076342.24227	1168485268.3037636	16245.465902796783	28543.11437958901	1786.3031335395492
178268055.3504	136163184073.47318	-68140304707.6598	1174915519.018529	16226.898436812404	28552.235856615775	1786.0583915319958
178271655.3504	136221567480.31458	-68037500260.718094	1181344888.8350313	16208.326908386189	28561.34346411299	1785.813743069723
178275255.3504	136279884022.32828	-67934663051.38972	1187773378.0627441	16189.751308925925	28570.437178684675	1785.569173049084
178278855.3504	136338133684.84393	-67831793129.73064	1194200986.9573796	16171.171630395449	28579.51697738362	1785.3246667044248
178282455.3504	136396316453.16322	-67728890545.87864	1200627715.7220874	16152.587865299629	28588.58283769988	1785.0802095989627
178286055.3504	136454432312.56183	-67625955350.05178	1207053564.5086238	16134.000006669825	28597.63473754962	1784.8357876159596
178289655.3504	136512481248.29124	-67522987592.54687	1213478533.418488	16115.40804804982	28606.672655264323	1784.5913869501783
178293255.3504	136570463245.58063	-67419987323.737976	1219902622.5040288	16096.811983482192	28615.696569580366	1784.3469940996124
178296855.3504	136628378289.63858	-67316954594.07503	1226325831.7695212	16078.211807495127	28624.706459628902	1784.1025958574799
178300455.3504	136686226365.65486	-67213889454.08237	1232748161.1722157	16059.60751508964	28633.70230492606	1783.8581793044684
178304055.3504	136744007458.80205	-67110791954.35741	1239169610.6233594	16040.999101727199	28642.684085363493	1783.613731801226
178307655.3504	136801721554.23721	-67007662145.56929	1245590179.989191	16022.38656331774	28651.651781199173	1783.369240981086
178311255.3504	136859368637.10347	-66904500078.45757	1252009869.091909	16003.769896208041	28660.605373048507	1783.1246947430184
178314855.3504	136916948692.53157	-66801305803.83098	1258428677.710616	15985.149097170468	28669.544841875722	1782.8800812448
178318455.3504	136974461705.64139	-66698079372.56614	1264846605.5822392	15966.524163392058	28678.4701689855	1782.6353888963952
178322055.3504	137031907661.5434	-66594820835.60639	1271263652.402425	15947.895092463938	28687.38133601489	1782.3906063535383
178325655.3504	137089286545.34012	-66491530243.96059	1277679817.826414	15929.261882371062	28696.278324925464	1782.1457225115134
178329255.3504	137146598342.1275	-66388207648.70195	1284095101.4698923	15910.624531482268	28705.1611179957	1781.9007264991217
178332855.3504	137203843036.9963	-66284853100.966934	1290509502.9098203	15891.983038540619	28714.029697813603	1781.655607672831
178336455.3504	137261020615.03343	-66181466651.95414	1296923021.6852436	15873.337402654039	28722.884047269556	1781.410355611102
178340055.3504	137318131061.32321	-66078048352.92322	1303335657.2980814	15854.687623286236	28731.72414954937	1781.1649601088832
178343655.3504	137375174360.94867	-65974598255.19384	1309747409.2138963	15836.033700247877	28740.549988127543	1780.919411172269
178347255.3504	137432150498.99275	-65871116410.144646	1316158276.8626451	15817.375633688036	28749.361546760745	1780.6736990133177
178350855.3504	137489059460.53955	-65767602869.212265	1322568259.6394114	15798.713424085885	28758.15880948145	1780.4278140450197
178354455.3504	137545901230.67548	-65664057683.89032	1328977356.9051197	15780.04707224263	28766.941760591795	1780.1817468764152
178358055.3504	137602675794.49036	-65560480905.72847	1335385567.9872324	15761.376579273683	28775.7103846576	1779.9354883078536
178361655.3504	137659383137.0786	-65456872586.33147	1341792892.1804316	15742.70194660105	28784.46466650256	1779.6890293263893
178365255.3504	137716023243.5403	-65353232777.35824	1348199328.7472813	15724.023175945951	28793.20459120262	1779.4423611013124
178368855.3504	137772596098.98227	-65249561530.521	1354604876.9188766	15705.340269321641	28801.930144080485	1779.1954749798056
178372455.3504	137829101688.519	-65145858897.58438	1361009535.8954768	15686.653229026437	28810.641310700328	1778.9483624827278
178376055.3504	137885539997.27393	-65042124930.364525	1367413304.847122	15667.96205763694	28819.338076862605	1778.7010153005156
178379655.3504	137941911010.3801	-64938359680.728294	1373816182.9142375	15649.266758001453	28828.020428599044	1778.4534252892015
178383255.3504	137998214712.98135	-64834563200.59242	1380218169.2082226	15630.567333233585	28836.68835216777	1778.2055844665454
178386855.3504	138054451090.23325	-64730735541.92272	1386619262.8120263	15611.863786706015	28845.34183404857	1777.957485008273
178390455.3504	138110620127.30386	-64626876756.73328	1393019462.780708	15593.156122044458	28853.980860938274	1777.7091192444198
178394055.3504	138166721809.37485	-64522986897.08568	1399418768.141989	15574.44434312177	28862.605419746295	1777.4604796557783
178397655.3504	138222756121.64215	-64419066015.08827	1405817177.8967865	15555.728454052229	28871.215497590256	1777.2115588704405
178401255.3504	138278723049.31705	-64315114162.89541	1412214691.0197396	15537.008459185972	28879.811081791773	1776.9623496604383
178404855.3504	138334622577.62683	-64211131392.706726	1418611306.4597206	15518.284363103578	28888.39215987232	1776.7128449384747
178408455.3504	138390454691.8157	-64107117756.766426	1425007023.140336	15499.556170610798	28896.958719549246	1776.4630377547444
178412055.3504	138446219377.14557	-64003073307.36258	1431401839.9604158	15480.823886733437	28905.510748731853	1776.2129212938405
178415655.3504	138501916618.89682	-63898998096.82645	1437795755.794492	15462.08751671235	28914.048235517625	1775.9624888717462
178419255.3504	138557546402.36908	-63794892177.5318	1444188769.493266	15443.347065998605	28922.571168188533	1775.7117339329054
178422855.3504	138613108712.88196	-63690755601.89428	1450580879.8840668	15424.602540248738	28931.079535207442	1775.4606500473735
178426455.3504	138668603535.77585	-63586588422.37073	1456972085.7712967	15405.853945320161	28939.573325214627	1775.2092309080435
178430055.3504	138724030856.4125	-63482390691.45858	1463362385.93687	15387.10128726668	28948.052527024363	1774.9574703279454
178433655.3504	138779390660.1759	-63378162461.69522	1469751779.14064	15368.344572334126	28956.517129621614	1774.7053622376181
178437255.3504	138834682932.47278	-63273903785.65739	1476140264.1208177	15349.583806956109	28964.96712215882	1774.4529006825496
178440855.3504	138889907658.7334	-63169614715.96058	1482527839.5943809	15330.818997749875	28973.402493952748	1774.2000798206848
178444455.3504	138945064824.41214	-63065295305.25845	1488914504.2574747	15312.050151512274	28981.823234481435	1773.9468939199974
178448055.3504	139000154414.9882	-62960945606.24227	1495300256.7858038	15293.277275215827	28990.229333381216	1773.6933373561264
178451655.3504	139055176415.9662	-62856565671.64032	1501685095.835015	15274.500376004902	28998.62078044382	1773.4394046100729
178455255.3504	139110130812.8767	-62752155554.217354	1508069020.0410736	15255.719461191975	29006.99756561355	1773.1850902659553
178458855.3504	139165017591.277	-62647715306.77406	1514452028.0206294	15236.934538253998	29015.35967898452	1772.9303890088245
178462455.3504	139219836736.75156	-62543244982.14654	1520834118.3713772	15218.145614828849	29023.707110797983	1772.675295622532
178466055.3504	139274588234.91257	-62438744633.205734	1527215289.6724086	15199.352698711878	29032.039851439706	1772.4198049876552
178469655.3504	139329272071.4006	-62334214312.85696	1533595540.4845557	15180.555797852536	29040.357891437427	1772.1639120794719
178473255.3504	139383888231.88513	-62229654074.03937	1539974869.35073	15161.754920351083	29048.66122145837	1771.9076119659892
178476855.3504	139438436702.06506	-62125063969.72547	1546353274.7962508	15142.95007445539	29056.949832306826	1771.6508998060197
178480455.3504	139492917467.66922	-62020444052.92065	1552730755.3291705	15124.141268557809	29065.223714921787	1771.393770847306
178484055.3504	139547330514.4569	-61915794376.662636	1559107309.4405904	15105.328511192121	29073.482860374646	1771.1362204246939
178487655.3504	139601675828.21844	-61811114994.0211	1565482935.6049716	15086.511811030567	29081.727259866948	1770.8782439583474
178491255.3504	139655953394.77554	-61706405958.09715	1571857632.2804384	15067.691176880935	29089.956904728206	1770.6198369520112
178494855.3504	139710163199.98193	-61601667322.02287	1578231397.909077	15048.866617683738	29098.171786413757	1770.3609949913136
178498455.3504	139764305229.7237	-61496899138.96089	1584604230.9172258	15030.038142509442	29106.37189650269	1770.101713742113
178502055.3504	139818379469.91986	-61392101462.103935	1590976129.7157636	15011.205760555773	29114.557226695797	1769.8419889488814
178505655.3504	139872385906.52274	-61287274344.67438	1597347092.7003872	14992.369481145079	29122.7277688136	1769.581816433132
178509255.3504	139926324525.51846	-61182417839.92384	1603717118.251888	14973.52931372176	29130.88351479441	1769.3211920918802
178512855.3504	139980195312.92737	-61077532001.13276	1610086204.73642	14954.685267849756	29139.024456692438	1769.0601118961447
178516455.3504	140033998254.80444	-60972616881.609955	1616454350.5057638	14935.837353210105	29147.150586675954	1768.7985718894827
178520055.3504	140087733337.23972	-60867672534.69225	1622821553.8975854	14916.985579598535	29155.261897025484	1768.5365681865617
178523655.3504	140141400546.35867	-60762699013.744064	1629187813.2356894	14898.129956923136	29163.35838013205	1768.274096971764
178527255.3504	140194999868.3227	-60657696372.157	1635553126.8302677	14879.270495202078	29171.440028495454	1768.0111544978254
178530855.3504	140248531289.3294	-60552664663.349464	1641917492.9781432	14860.40720456137	29179.506834722615	1767.747737084505
178534455.3504	140301994795.6131	-60447603940.766304	1648280909.9630084	14841.540095232693	29187.55879152591	1767.4838411172868
178538055.3504	140355390373.44507	-60342514257.87841	1654643376.0556598	14822.669177551263	29195.595891721594	1767.2194630461122
178541655.3504	140408718009.13397	-60237395668.18234	1661004889.5142283	14803.794461953756	29203.618128228238	1766.9545993841411
178545255.3504	140461977689.02628	-60132248225.199974	1667365448.584404	14784.915958976268	29211.625494065185	1766.6892467065422
178548855.3504	140515169399.5065	-60027071982.478134	1673725051.4996572	14766.033679252336	29219.61798235109	1766.423401649312
178552455.3504	140568293126.99765	-59921866993.58825	1680083696.4814556	14747.14763351099	29227.595586302436	1766.1570609081195
178556055.3504	140621348857.96152	-59816633312.125984	1686441381.7394772	14728.257832574855	29235.558299232132	1765.89022123718
178559655.3504	140674336578.89905	-59711370991.710915	1692798105.4718187	14709.364287358301	29243.506114548112	1765.622879448151
178563255.3504	140727256276.3506	-59606080085.986176	1699153865.865201	14690.46700886562	29251.439025751984	1765.3550324090572
178566855.3504	140780107936.89627	-59500760648.618126	1705508661.0951693	14671.566008189257	29259.357026437694	1765.0866770432372
178570455.3504	140832891547.15634	-59395412733.29603	1711862489.3262908	14652.66129650807	29267.260110290237	1764.8178103283149
178574055.3504	140885607093.79144	-59290036393.73171	1718215348.7123487	14633.752885085638	29275.14827108438	1764.5484292951944
178577655.3504	140938254563.5029	-59184631683.65926	1724567237.3965316	14614.840785268598	29283.02150268343	1764.278531027077
178581255.3504	140990833943.03302	-59079198656.834694	1730918153.5116205	14595.925008485021	29290.879799038015	1764.0081126585005
178584855.3504	141043345219.16544	-58973737367.035645	1737268095.1801717	14577.005566242826	29298.7231541849	1763.7371713744
178588455.3504	141095788378.7253	-58868247868.06107	1743617060.5146966	14558.082470128222	29306.551562245826	1763.465704409189
178592055.3504	141148163408.57968	-58762730213.73094	1749965047.617838	14539.155731804187	29314.36501742638	1763.193709045861
178595655.3504	141200470295.63773	-58657184457.885925	1756312054.5825436	14520.225363008985	29322.163514014876	1762.9211826151115
178599255.3504	141252709026.85095	-58551610654.38711	1762658079.4922366	14501.291375554707	29329.947046381283	1762.6481224944794
178602855.3504	141304879589.2136	-58446008857.11571	1769003120.4209821	14482.35378132584	29337.715608976152	1762.3745261075053
178606455.3504	141356981969.76273	-58340379119.97277	1775347175.4336514	14463.412592277882	29345.469196329577	1762.1003909229105
178610055.3504	141409016155.57864	-58234721496.8789	1781690242.5860837	14444.467820435964	29353.207803050187	1761.8257144537927
178613655.3504	141460982133.78503	-58129036041.77395	1788032319.9252434	14425.519477893526	29360.931423824146	1761.550494256839
178617255.3504	141512879891.54922	-58023322808.61678	1794373405.4893768	14406.567576810992	29368.64005341418	1761.2747279315565
178620855.3504	141564709416.0825	-57917581851.38498	1800713497.3081644	14387.612129414505	29376.333686658618	1760.9984131195188
178624455.3504	141616470694.64017	-57811813224.07456	1807052593.4028707	14368.653147994657	29384.01231847047	1760.7215475036285
178628055.3504	141668163714.52203	-57706016980.69973	1813390691.786492	14349.690644905268	29391.675943836515	1760.4441288073965
178631655.3504	141719788463.0724	-57600193175.2926	1819727790.4639018	14330.724632562176	29399.324557816388	1760.166154794236
178635255.3504	141771344927.68036	-57494341861.90296	1826063887.4319916	14311.755123442063	29406.95815554172	1759.8876232667703
178638855.3504	141822833095.7801	-57388463094.59797	1832398980.679813	14292.782130081292	29414.57673221529	1759.6085320661577
178642455.3504	141874252954.85098	-57282556927.461945	1838733068.1887133	14273.805665074784	29422.18028311016	1759.328879071428
178646055.3504	141925604492.41785	-57176623414.5961	1845066147.932472	14254.8257410749	29429.768803568873	1759.0486621988346
178649655.3504	141976887696.05118	-57070662610.11828	1851398217.877433	14235.842370790357	29437.34228900265	1758.7678794012197
178653255.3504	142028102553.3673	-56964674568.162735	1857729275.9826355	14216.855566985163	29444.90073489058	1758.4865286673926
178656855.3504	142079249052.02863	-56858659342.87987	1864059320.199942	14197.865342477575	29452.44413677887	1758.2046080215207
178660455.3504	142130327179.74374	-56752616988.436	1870388348.4741652	14178.871710139068	29459.97249028008	1757.9221155225332
178664055.3504	142181336924.26773	-56646547559.01311	1876716358.7431908	14159.874682893342	29467.48579107238	1757.6390492635373
178667655.3504	142232278273.40225	-56540451108.80864	1883043348.938101	14140.874273715332	29474.984034898822	1757.3554073712464
178671255.3504	142283151214.9958	-56434327692.03523	1889369316.983294	14121.870495630244	29482.467217566635	1757.0711880054198
178674855.3504	142333955736.9438	-56328177362.92051	1895694260.796601	14102.863361712614	29489.93533494652	1756.7863893583133
178678455.3504	142384691827.18887	-56222000175.70685	1902018178.289404	14083.852885085376	29497.388382971974	1756.501009654142
178682055.3504	142435359473.72095	-56115796184.651146	1908341067.3667479	14064.839078918956	29504.826357638613	1756.2150471485538
178685655.3504	142485958664.57748	-56009565444.02461	1914662925.9274542	14045.82195643038	29512.249255003513	1755.9285001281123
178689255.3504	142536489387.84357	-55903308008.11254	1920983751.8642313	14026.801530882401	29519.65707118458	1755.6413669097913
178692855.3504	142586951631.65213	-55797023931.21409	1927303543.0637822	14007.77781558264	29527.049802359903	1755.3536458404792
178696455.3504	142637345384.18408	-55690713267.642075	1933622297.4069118	13988.750823882741	29534.42744476714	1755.0653352964935
178700055.3504	142687670633.6685	-55584376071.72274	1939940012.7686324	13969.720569177554	29541.789994702915	1754.7764336831037
178703655.3504	142737927368.3827	-55478012397.79556	1946256687.0182662	13950.68706490432	29549.13744852222	1754.4869394340658
178707255.3504	142788115576.6525	-55371622300.21303	1952572318.0195477	13931.650324541873	29556.469802637825	1754.1968510111635
178710855.3504	142838235246.8523	-55265205833.340454	1958886903.6307237	13912.610361609872	29563.78705351972	1753.9061669037608
178714455.3504	142888286367.40527	-55158763051.55574	1965200441.7046518	13893.567189668023	29571.089197694546	1753.6148856283614
178718055.3504	142938268926.78342	-55052294009.24921	1971512930.088897	13874.520822315337	29578.37623174503	1753.3230057281787
178721655.3504	142988182913.5078	-54945798760.823364	1977824366.625827	13855.471273189387	29585.64815230947	1753.0305257727118
178725255.3504	143038028316.14865	-54839277360.69273	1984134749.1527073	13836.41855596559	29592.904956081184	1752.7374443573322
178728855.3504	143087805123.3255	-54732729863.28364	1990444075.5017917	13817.362684356494	29600.146639807997	1752.4437601028762
178732455.3504	143137513323.70728	-54626156323.03401	1996752343.5004148	13798.303672111078	29607.373200291742	1752.1494716552472
178736055.3504	143187152906.01248	-54519556794.3932	2003059550.971081	13779.241533014076	29614.58463438774	1751.8545776850247
178739655.3504	143236723859.00934	-54412931331.82179	2009365695.7315526	13760.176280885295	29621.78093900431	1751.55907688708
178743255.3504	143286226171.51584	-54306279989.7914	2015670775.5949361	13741.107929578962	29628.96211110231	1751.2629679802012
178746855.3504	143335659832.39996	-54199602822.78447	2021974788.3697689	13722.036492983074	29636.128147694635	1750.9662497067231
178750455.3504	143385024830.57968	-54092899885.29413	2028277731.8601022	13702.961985018757	29643.27904584576	1750.6689208321664
178754055.3504	143434321155.0232	-53986171231.823975	2034579603.8655841	13683.884419639651	29650.414802671297	1750.3709801448815
178757655.3504	143483548794.74896	-53879416916.88789	2040880402.181542	13664.803810831285	29657.535415337527	1750.072426455701
178761255.3504	143532707738.82587	-53772636995.00988	2047180124.5990615	13645.72017261048	29664.640881060972	1749.7732585975966
178764855.3504	143581797976.37332	-53665831520.72387	2053478768.9050667	13626.633519024754	29671.73119710796	1749.4734754253454
178768455.3504	143630819496.5613	-53559000548.57354	2059776332.8823974	13607.543864151741	29678.806360794206	1749.1730758151994
178772055.3504	143679772288.6106	-53452144133.11215	2066072814.3098865	13588.45122209862	29685.86636948438	1748.8720586645625
178775655.3504	143728656341.79276	-53345262328.90236	2072368210.9624345	13569.35560700155	29692.91122059172	1748.5704228916736
178779255.3504	143777471645.43033	-53238355190.516045	2078662520.6110852	13550.257033025118	29699.9409115776	1748.268167435296
178782855.3504	143826218188.8969	-53131422772.53414	2084955741.0230982	13531.155514361799	29706.95543995117	1747.9652912544109
178786455.3504	143874895961.6172	-53024465129.54647	2091247869.9620214	13512.051065231417	29713.954803268938	1747.6617933279183
178790055.3504	143923504953.0671	-52917482316.15156	2097538905.1877618	13492.943699880627	29720.938999134414	1747.357672654342
178793655.3504	143972045152.774	-52810474386.956474	2103828844.4566565	13473.833432582393	29727.90802519771	1747.0529282515413
178797255.3504	144020516550.31653	-52703441396.57667	2110117685.521541	13454.720277635486	29734.86187915519	1746.7475591564266
178800855.3504	144068919135.32498	-52596383399.635796	2116405426.1318178	13435.604249363985	29741.8005587491	1746.4415644246815
178804455.3504	144117252897.48117	-52489300450.765564	2122692064.0335228	13416.485362116784	29748.724061767218	1746.1349431304886
178808055.3504	144165517826.51868	-52382192604.60556	2128977596.9693923	13397.363630267111	29755.6323860425	1745.8276943662613
178811655.3504	144213713912.22284	-52275059915.80309	2135262022.6789274	13378.239068212059	29762.52552945274	1745.5198172423798
178815255.3504	144261841144.43085	-52167902439.01303	2141545338.8984587	13359.11169037211	29769.403489920234	1745.2113108869319
178818855.3504	144309899513.0319	-52060720228.897644	2147827543.3612094	13339.981511190692	29776.266265411436	1744.9021744454592
178822455.3504	144357889007.96716	-51953513340.126434	2154108633.7973576	13320.848545133711	29783.113853936644	1744.5924070807064
178826055.3504	144405809619.22998	-51846281827.376	2160388607.934098	13301.712806689122	29789.94625354968	1744.2820079723765
178829655.3504	144453661336.86588	-51739025745.32986	2166667463.4957013	13282.574310366483	29796.763462347564	1743.9709763168892
178833255.3504	144501444150.97263	-51631745148.67831	2172945198.2035775	13263.43307069653	29803.565478470216	1743.6593113271442
178836855.3504	144549158051.70035	-51524440092.11826	2179221809.77633	13244.289102230758	29810.35230010014	1743.3470122322885
178840455.3504	144596803029.25162	-51417110630.35311	2185497295.929817	13225.142419541	29817.123925462132	1743.0340782774879
178844055.3504	144644379073.88147	-51309756818.092545	2191771654.377208	13205.993037219021	29823.88035282298	1742.720508723702
178847655.3504	144691886175.89755	-51202378710.05242	2198044882.82904	13186.840969876115	29830.621580491177	1742.406302847464
178851255.3504	144739324325.6601	-51094976360.95462	2204316978.993273	13167.686232142712	29837.34760681663	1742.0914599406633
178854855.3504	144786693513.5821	-50987549825.526886	2210587940.575344	13148.528838667984	29844.058430190387	1741.7759793103326
178858455.3504	144833993730.12924	-50880099158.50268	2216857765.2782245	13129.368804119464	29850.754049044353	1741.4598602784386
178862055.3504	144881224965.8201	-50772624414.621025	2223126450.80247	13110.206143182668	29857.434461851022	1741.1431021816757
178865655.3504	144928387211.22614	-50665125648.62639	2229393994.8462753	13091.040870560726	29864.09966712321	1740.8257043712645
178869255.3504	144975480456.97177	-50557602915.26852	2235660395.1055245	13071.873000974014	29870.749663413786	1740.507666212752
178872855.3504	145022504693.73447	-50450056269.30228	2241925649.2738442	13052.70254915979	29877.384449315425	1740.1889870858165
178876455.3504	145069459912.24475	-50342485765.48755	2248189755.042652	13033.529529871848	29884.004023460333	1739.869666384076
178880055.3504	145116346103.2863	-50234891458.589066	2254452710.101208	13014.353957880165	29890.60838452002	1739.5497035148983
178883655.3504	145163163257.69598	-50127273403.37626	2260714512.136663	12995.175847970551	29897.197531205027	1739.2290978992162
178887255.3504	145209911366.36395	-50019631654.62314	2266975158.834107	12975.995214944322	29903.771462264707	1738.9078489713445
178890855.3504	145256590420.23364	-49911966267.108154	2273234647.8766184	12956.812073617955	29910.33017648697	1738.5859561788004
178894455.3504	145303200410.30185	-49804277295.614044	2279492976.945309	12937.626438822772	29916.873672698046	1738.2634189821274
178898055.3504	145349741327.6188	-49696564794.927704	2285750143.7193723	12918.438325404604	29923.40194976227	1737.9402368547214
178901655.3504	145396213163.28824	-49588828819.84005	2292006145.8761287	12899.24774822348	29929.91500658182	1737.6164092826605
178905255.3504	145442615908.46735	-49481069425.14588	2298260981.0910716	12880.054722153314	29936.412842096535	1737.2919357645362
178908855.3504	145488949554.36694	-49373286665.64375	2304514647.037911	12860.859262081589	29942.895455283655	1736.9668158112895
178912455.3504	145535214092.25143	-49265480596.13582	2310767141.388618	12841.661382909058	29949.362845157626	1736.641048946048
178916055.3504	145581409513.43887	-49157651271.427734	2317018461.8134694	12822.461099549442	29955.815010769868	1736.314634703966
178919655.3504	145627535809.3011	-49049798746.32849	2323268605.98109	12803.258426929133	29962.25195120858	1735.9875726320683
178923255.3504	145673592971.26358	-48941923075.6503	2329517571.5584946	12784.053379986904	29968.673665598515	1735.659862289095
178926855.3504	145719580990.80573	-48834024314.20845	2335765356.21113	12764.845973673624	29975.080153100786	1735.331503245349
178930455.3504	145765499859.46072	-48726102516.821205	2342011957.6029177	12745.63622295197	29981.47141291265	1735.0024950825484
178934055.3504	145811349568.81564	-48618157738.30963	2348257373.3962927	12726.424142796146	29987.84744426733	1734.6728373936778
178937655.3504	145857130110.5115	-48510190033.497505	2354501601.2522454	12707.209748191619	29994.208246433787	1734.342529782844
178941255.3504	145902841476.2433	-48402199457.21117	2360744638.8303604	12687.993054134835	30000.553818716555	1734.0115718651334
178944855.3504	145948483657.75995	-48294186064.279396	2366986483.7888565	12668.77407563296	30006.88416045553	1733.6799632664731
178948455.3504	145994056646.86453	-48186149909.53329	2373227133.784625	12649.552827703616	30013.199271025795	1733.3477036234915
178952055.3504	146039560435.41412	-48078091047.80612	2379466586.4732685	12630.32932537461	30019.49914983742	1733.014792583384
178955655.3504	146084995015.31998	-47970009533.933235	2385704839.5091376	12611.103583683698	30025.783796335283	1732.6812298037783
178959255.3504	146130360378.54745	-47861905422.75191	2391941890.545369	12591.875617678312	30032.053209998903	1732.347014952604
178962855.3504	146175656517.11615	-47753778769.10123	2398177737.2339234	12572.645442415323	30038.30739034224	1732.012147707963
178966455.3504	146220883423.09982	-47645629627.82197	2404412377.2256193	12553.413072960791	30044.54633691354	1731.6766277580025
178970055.3504	146266041088.62653	-47537458053.75648	2410645808.1701717	12534.178524389725	30050.770049295137	1731.340454800789
178973655.3504	146311129505.8786	-47429264101.748535	2416878027.716225	12514.941811785839	30056.978527103307	1731.003628544186
178977255.3504	146356148667.09268	-47321047826.64324	2423109033.511391	12495.70295024132	30063.171769988083	1730.6661487057322
178980855.3504	146401098564.55975	-47212809283.28691	2429338823.2022805	12476.461954856599	30069.34977763309	1730.3280150125217
178984455.3504	146445979190.62518	-47104548526.52692	2435567394.434539	12457.21884074011	30075.512549755396	1729.9892272010873
178988055.3504	146490790537.68875	-46996265611.2116	2441794744.852881	12437.973623008078	30081.660086105327	1729.6497850172836
178991655.3504	146535532598.20465	-46887960592.19015	2448020872.1011224	12418.726316784283	30087.79238646632	1729.3096882161744
178995255.3504	146580205364.68155	-46779633524.312454	2454245773.822213	12399.476937199846	30093.90945065477	1728.9689365619192
178998855.3504	146624808829.68262	-46671284462.42902	2460469447.658272	12380.225499393013	30100.01127851986	1728.6275298276635
179002455.3504	146669342985.8255	-46562913461.39085	2466691891.2506146	12360.972018508932	30106.097869943424	1728.2854677954292
179006055.3504	146713807825.78238	-46454520576.04927	2472913102.23979	12341.716509699452	30112.169224839778	1727.9427502560088
179009655.3504	146758203342.28003	-46346105861.2559	2479133078.2656083	12322.458988122908	30118.225343155584	1727.5993770088585
179013255.3504	146802529528.09976	-46237669371.86247	2485351816.9671736	12303.199468943913	30124.266224869698	1727.255347861995
179016855.3504	146846786376.0775	-46129211162.72075	2491569315.9829144	12283.937967333157	30130.291869993023	1726.910662631893
179020455.3504	146890973879.10385	-46020731288.68238	2497785572.950613	12264.674498467208	30136.302278568364	1726.5653211433846
179024055.3504	146935092030.124	-45912229804.59882	2504000585.5074363	12245.409077528308	30142.29745067029	1726.2193232295597
179027655.3504	146979140822.1378	-45803706765.3212	2510214351.2899647	12226.14171970418	30148.277386404985	1725.8726687316685
179031255.3504	147023120248.19983	-45695162225.70019	2516426867.934222	12206.872440187835	30154.242085910126	1725.525357499025
179034855.3504	147067030301.41934	-45586596240.58592	2522638133.0757046	12187.601254177383	30160.191549354728	1725.1773893889124
179038455.3504	147110870974.96036	-45478008864.827866	2528848144.3494077	12168.328176875839	30166.12577693902	1724.8287642664893
179042055.3504	147154642262.04156	-45369400153.27471	2535056899.389856	12149.053223490939	30172.044768894313	1724.479482004698
179045655.3504	147198344155.93646	-45260770160.77426	2541264395.8311305	12129.776409234957	30177.948525482854	1724.1295424841733
179049255.3504	147241976649.9733	-45152118942.173325	2547470631.3068967	12110.497749324524	30183.83704699771	1723.7789455931534
179052855.3504	147285539737.5351	-45043446552.31758	2553675603.450431	12091.217258980447	30189.710333762632	1723.427691227392
179056455.3504	147329033412.05972	-44934753046.051506	2559879309.8946476	12071.934953427532	30195.568386131938	1723.0757792900713
179060055.3504	147372457667.03983	-44826038478.21825	2566081748.2721257	12052.650847894407	30201.411204490374	1722.7232096917166
179063655.3504	147415812496.0229	-44717302903.65949	2572282916.2151356	12033.364957613356	30207.238789252995	1722.3699823501122
179067255.3504	147459097892.61124	-44608546377.21541	2578482811.3556643	12014.07729782014	30213.051140865045	1722.0160971902176
179070855.3504	147502313850.46207	-44499768953.72448	2584681431.3254414	11994.787883753832	30218.848259801838	1721.661554144087
179074455.3504	147545460363.2874	-44390970688.02344	2590878773.7559648	11975.49673065665	30224.630146568627	1721.3063531507873
179078055.3504	147588537424.85425	-44282151634.94714	2597074836.2785254	11956.203853773794	30230.396801700495	1720.95049415632
179081655.3504	147631545028.98434	-44173311849.328476	2603269616.524232	11936.909268353276	30236.14822576224	1720.5939771135415
179085255.3504	147674483169.55444	-44064451385.99823	2609463112.124036	11917.61298964577	30241.88441934825	1720.236801982087
179088855.3504	147717351840.49615	-43955570299.784996	2615655320.7087555	11898.315032904446	30247.6053830824	1719.8789687282936
179092455.3504	147760151035.79602	-43846668645.515076	2621846239.9091	11879.015413384814	30253.31111761792	1719.5204773251257
179096055.3504	147802880749.4955	-43737746478.01237	2628035867.3556924	11859.714146344568	30259.001623637312	1719.1613277521014
179099655.3504	147845540975.691	-43628803852.09825	2634224200.6790943	11840.411247043437	30264.676901852214	1718.8015199952188
179103255.3504	147888131708.53384	-43519840822.59151	2640411237.509828	11821.106730743028	30270.336953003298	1718.4410540468843
179106855.3504	147930652942.2303	-43410857444.30818	2646596975.4784	11801.800612706676	30275.98177786017	1718.0799299058424
179110455.3504	147973104671.04156	-43301853772.06151	2652781412.2153244	11782.492908199303	30281.61137722125	1717.7181475771051
179114055.3504	148015486889.28387	-43192829860.66179	2658964545.3511434	11763.183632487262	30287.22575191368	1717.3557070718834
179117655.3504	148057799591.32834	-43083785764.916306	2665146372.516451	11743.872800838197	30292.824902793207	1716.9926084075196
179121255.3504	148100042771.6011	-42974721539.629196	2671326891.341914	11724.560428520901	30298.408830744087	1716.6288516074194
179124855.3504	148142216424.58322	-42865637239.60137	2677506099.4582963	11705.246530805172	30303.97753667898	1716.264436700987
179128455.3504	148184320544.81076	-42756532919.6304	2683683994.4964757	11685.931122961676	30309.531021538845	1715.8993637235596
179132055.3504	148226355126.87473	-42647408634.51042	2689860574.0874696	11666.614220261801	30315.069286292848	1715.5336327163427
179135655.3504	148268320165.42114	-42538264439.03203	2696035835.8624535	11647.29583797753	30320.592331938256	1715.1672437263471
179139255.3504	148310215655.151	-42429100387.98217	2702209777.4527826	11627.9759913813	30326.10015950034	1714.8001968063265
179142855.3504	148352041590.82025	-42319916536.144066	2708382396.4900126	11608.654695745865	30331.592770032283	1714.432492014716
179146455.3504	148393797967.23984	-42210712938.29708	2714553690.6059194	11589.331966344173	30337.07016461507	1714.064129415571
179150055.3504	148435484779.27573	-42101489649.216644	2720723657.432519	11570.007818449225	30342.53234435741	1713.6951090785076
179153655.3504	148477102021.84882	-41992246723.67415	2726892294.602089	11550.682267333954	30347.97931039563	1713.325431078643
179157255.3504	148518649689.935	-41882984216.436844	2733059599.747186	11531.35532827109	30353.411063893585	1712.955095496538
179160855.3504	148560127778.56516	-41773702182.26774	2739225570.500668	11512.027016533033	30358.82760604257	1712.5841024181382
179164455.3504	148601536282.82516	-41664400675.9255	2745390204.4957104	11492.697347391737	30364.22893806122	1712.2124519347185
179168055.3504	148642875197.85583	-41555079752.16436	2751553499.3658276	11473.366336118574	30369.61506119542	1711.8401441428266
179171655.3504	148684144518.853	-41445739465.734024	2757715452.7448907	11454.033997984217	30374.985976718224	1711.4671791442277
179175255.3504	148725344241.0674	-41336379871.37956	2763876062.267146	11434.700348258522	30380.341685929758	1711.0935570458496
179178855.3504	148766474359.80487	-41227001023.84132	2770035325.567235	11415.365402210398	30385.682190157135	1710.7192779597299
179182455.3504	148807534870.42606	-41117602977.85479	2776193240.280211	11396.029175107697	30391.007490754368	1710.344342002962
179186055.3504	148848525768.34668	-41008185788.15058	2782349804.041558	11376.691682217088	30396.31758910228	1709.9687492976436
179189655.3504	148889447049.03738	-40898749509.45426	2788505014.487208	11357.352938803951	30401.612486608425	1709.5924999708238
179193255.3504	148930298708.02374	-40789294196.48629	2794658869.25356	11338.012960132255	30406.89218470699	1709.2155941544536
179196855.3504	148971080740.88632	-40679819903.96191	2800811365.9774966	11318.671761464442	30412.15668485873	1708.838031985334
179200455.3504	149011793143.2606	-40570326686.59106	2806962502.296401	11299.329358061317	30417.405988550876	1708.459813605068
179204055.3504	149052435910.83698	-40460814599.07828	2813112275.848175	11279.985765181937	30422.640097297037	1708.0809391600098
179207655.3504	149093009039.36084	-40351283696.122604	2819260684.2712564	11260.640998083498	30427.859012637145	1707.7014088012183
179211255.3504	149133512524.63242	-40241734032.417496	2825407725.204634	11241.295072021228	30433.06273613736	1707.321222684408
179214855.3504	149173946362.50693	-40132165662.65071	2831553396.2878666	11221.948002248277	30438.25126938998	1706.940380969902
179218455.3504	149214310548.89444	-40022578641.50424	2837697695.1610975	11202.599804015608	30443.424614013384	1706.5588838225863
179222055.3504	149254605079.75998	-39912973023.6542	2843840619.4650726	11183.250492571893	30448.582771651934	1706.1767314118626
179225655.3504	149294829951.1234	-39803348863.77073	2849982166.841155	11163.900083163406	30453.72574397591	1705.7939239116047
179229255.3504	149334985159.0595	-39693706216.517914	2856122334.931342	11144.54859103392	30458.853532681413	1705.4104615001118
179232855.3504	149375070699.6979	-39584045136.553696	2862261121.378281	11125.196031424603	30463.966139490316	1705.0263443600654
179236455.3504	149415086569.22308	-39474365678.52976	2868398523.8252845	11105.842419573917	30469.063566150162	1704.6415726784862
179240055.3504	149455032763.87442	-39364667897.09147	2874534539.9163456	11086.487770717516	30474.145814434105	1704.2561466466898
179243655.3504	149494909279.9461	-39254951846.87773	2880669167.2961545	11067.132100088143	30479.21288614082	1703.8700664602445
179247255.3504	149534716113.7872	-39145217582.52096	2886802403.610113	11047.775422915536	30484.264783094448	1703.4833323189303
179250855.3504	149574453261.8015	-39035465158.646935	2892934246.5043497	11028.417754426326	30489.3015071445	1703.0959444266962
179254455.3504	149614120720.44775	-38925694629.87475	2899064693.625734	11009.059109843938	30494.323060165803	1702.70790299162
179258055.3504	149653718486.23935	-38815906050.816696	2905193742.6218925	10989.6995043885	30499.329444058418	1702.3192082258674
179261655.3504	149693246555.74457	-38706099476.07818	2911321391.1412225	10970.338953276743	30504.320660747562	1701.9298603456527
179265255.3504	149732704925.58643	-38596274960.25762	2917447636.8329077	10950.977471721906	30509.29671218355	1701.5398595711988
179268855.3504	149772093592.4427	-38486432557.94639	2923572477.346931	10931.615074933647	30514.257600341716	1701.1492061266983
179272455.3504	149811412553.0459	-38376572323.72869	2929695910.3340893	10912.251778117943	30519.20332722234	1700.7579002402754
179276055.3504	149850661804.18335	-38266694312.18149	2935817933.4460087	10892.887596477003	30524.133894850587	1700.3659421439477
179279655.3504	149889841342.697	-38156798577.87441	2941938544.335157	10873.522545209176	30529.049305276425	1699.9733320735888
179283255.3504	149928951165.48352	-38046885175.36966	2948057740.654857	10854.156639508861	30533.94956057457	1699.5800702688914
179286855.3504	149967991269.49435	-37936954159.22192	2954175520.0593033	10834.789894566413	30538.834662844405	1699.18615697333
179290455.3504	150006961651.73553	-37827005583.97827	2960291880.2035723	10815.422325568059	30543.704614209924	1698.7915924341257
179294055.3504	150045862309.2678	-37717039504.178116	2966406818.7436376	10796.053947695811	30548.55941681966	1698.3963769022096
179297655.3504	150084693239.2065	-37607055974.35307	2972520333.3363824	10776.684776127373	30553.3990728466	1698.0005106321883
179301255.3504	150123454438.72168	-37497055049.026886	2978632421.639613	10757.314826036058	30558.223584488158	1697.6039938823085
179304855.3504	150162145905.03793	-37387036782.715355	2984743081.312073	10737.944112590705	30563.03295396607	1697.206826914423
179308455.3504	150200767635.4345	-37277001229.92623	2990852310.013454	10718.57265095559	30567.82718352635	1696.8090099939561
179312055.3504	150239319627.24518	-37166948445.15914	2996960105.4044094	10699.200456290342	30572.606275439222	1696.410543389871
179315655.3504	150277801877.85834	-37056878482.905495	3003066465.146568	10679.827543749863	30577.370231999044	1696.0114273746353
179319255.3504	150316214384.71692	-36946791397.64839	3009171386.9025445	10660.453928484243	30582.11905552426	1695.611662224189
179322855.3504	150354557145.31833	-36836687243.86255	3015274868.3359547	10641.079625638678	30586.85274835733	1695.2112482179123
179326455.3504	150392830157.21457	-36726566076.014206	3021376907.1114254	10621.70465035339	30591.57131286466	1694.8101856385924
179330055.3504	150431033418.01212	-36616427948.56104	3027477500.894608	10602.32901776354	30596.274751436547	1694.4084747723934
179333655.3504	150469166925.37186	-36506272915.95209	3033576647.3521895	10582.952742999165	30600.963066487115	1694.006115908824
179337255.3504	150507230677.00925	-36396101032.62764	3039674344.151906	10563.575841185077	30605.63626045425	1693.6031093407069
179340855.3504	150545224670.6941	-36285912353.019165	3045770588.9625525	10544.1983274408	30610.29433579954	1693.1994553641475
179344455.3504	150583148904.25064	-36175706931.54925	3051865379.4539967	10524.820216880487	30614.937295008218	1692.7951542785052
179348055.3504	150621003375.5576	-36065484822.63146	3057958713.2971897	10505.441524612845	30619.565140589097	1692.3902063863625
179351655.3504	150658788082.54794	-35955246080.67032	3064050588.1641774	10486.062265741053	30624.177875074503	1691.9846119934955
179355255.3504	150696503023.2091	-35844990760.06117	3070141001.7281127	10466.682455362692	30628.77550102023	1691.5783714088452
179358855.3504	150734148195.58286	-35734718915.190125	3076229951.6632657	10447.30210856967	30633.358021005464	1691.1714849444884
179362455.3504	150771723597.76523	-35624430600.43396	3082317435.6450357	10427.921240448139	30637.925437632737	1690.763952915609
179366055.3504	150809229227.9066	-35514125870.16005	3088403451.3499627	10408.539866078432	30642.47775352786	1690.3557756404705
179369655.3504	150846665084.21158	-35403804778.726265	3094487996.455737	10389.158000534986	30647.01497133986	1689.9469534403875
179373255.3504	150884031164.93912	-35293467380.480896	3100571068.6412125	10369.775658886265	30651.537093740943	1689.5374866396983
179376855.3504	150921327468.4023	-35183113729.76259	3106652665.586415	10350.39285619469	30656.044123426407	1689.1273755657382
179380455.3504	150958553992.96854	-35072743880.90022	3112732784.972554	10331.009607516573	30660.536063114607	1688.7166205488122
179384055.3504	150995710737.05933	-34962357888.21287	3118811424.4820347	10311.625927902036	30665.012915546886	1688.305221922168
179387655.3504	151032797699.15036	-34851955806.009674	3124888581.7984653	10292.24183239495	30669.47468348752	1687.8931800219702
179391255.3504	151069814877.77155	-34741537688.589806	3130964254.606671	10272.85733603286	30673.92136972366	1687.480495187275
179394855.3504	151106762271.50684	-34631103590.24234	3137038440.592702	10253.472453846916	30678.352977065286	1687.0671677600026
179398455.3504	151143639878.9943	-34520653565.24621	3143111137.4438453	10234.087200861806	30682.769508345136	1686.6531980849136
179402055.3504	151180447698.9261	-34410187667.8701	3149182342.848633	10214.701592095687	30687.17096641866	1686.238586509583
179405655.3504	151217185730.04843	-34299705952.37239	3155252054.496854	10195.315642560117	30691.55735416396	1685.8233333843755
179409255.3504	151253853971.1616	-34189208473.001038	3161320270.0795636	10175.929367259989	30695.92867448174	1685.407439062421
179412855.3504	151290452421.11978	-34078695283.99353	3167386987.289094	10156.54278119346	30700.28493029524	1684.99090389959
179416455.3504	151326981078.83124	-33968166439.576786	3173452203.8190618	10137.155899351894	30704.6261245502	1684.5737282544699
179420055.3504	151363439943.25815	-33857621993.96708	3179515917.364381	10117.768736719787	30708.95226021478	1684.1559124883408
179423655.3504	151399829013.41663	-33747062001.36996	3185578125.621269	10098.381308274707	30713.263340279533	1683.737456965153
179427255.3504	151436148288.3767	-33636486515.98017	3191638826.287261	10078.993628987231	30717.55936775733	1683.318362051502
179430855.3504	151472397767.26227	-33525895591.98157	3197698017.0612144	10059.605713820873	30721.840345683326	1682.8986281166074
179434455.3504	151508577449.2511	-33415289283.547047	3203755695.643321	10040.21757773203	30726.106277114883	1682.4782555322888
179438055.3504	151544687333.57477	-33304667644.838444	3209811859.7351165	10020.829235669913	30730.35716513154	1682.0572446729436
179441655.3504	151580727419.51868	-33194030730.006477	3215866507.0394883	10001.440702576487	30734.593012834943	1681.6355959155253
179445255.3504	151616697706.422	-33083378593.190662	3221919635.260686	9982.051993386407	30738.813823348806	1681.2133096395207
179448855.3504	151652598193.67764	-32972711288.519222	3227971242.104329	9962.66312302696	30743.019599818846	1680.7903862269284
179452455.3504	151688428880.73227	-32862028870.10902	3234021325.277417	9943.274106417997	30747.210345412743	1680.3668260622374
179456055.3504	151724189767.08624	-32751331392.065475	3240069882.488339	9923.88495847188	30751.38606332008	1679.9426295324056
179459655.3504	151759880852.29355	-32640618908.482487	3246116911.44688	9904.495694093415	30755.546756752294	1679.517797026839
179463255.3504	151795502135.96185	-32529891473.442352	3252162409.8642316	9885.106328179798	30759.692428942628	1679.09232893737
179466855.3504	151831053617.75244	-32419149141.015686	3258206375.453001	9865.716875620552	30763.82308314607	1678.6662256582379
179470455.3504	151866535297.3802	-32308391965.261353	3264248805.927219	9846.327351297468	30767.93872263932	1678.2394875860673
179474055.3504	151901947174.61353	-32197620000.22638	3270289699.0023475	9826.937770084549	30772.03935072072	1677.812115119849
179477655.3504	151937289249.27438	-32086833299.945877	3276329052.3952904	9807.54814684795	30776.12497071021	1677.384108660919
179481255.3504	151972561521.23822	-31976031918.44297	3282366863.8243995	9788.15849644592	30780.19558594929	1676.9554686129395
179484855.3504	152007763990.434	-31865215909.72871	3288403131.009484	9768.768833728745	30784.251199800947	1676.5261953818786
179488455.3504	152042896656.8441	-31754385327.80201	3294437851.6718187	9749.379173538693	30788.291815649634	1676.096289375991
179492055.3504	152077959520.5043	-31643540226.64955	3300471023.5341535	9729.989530709956	30792.31743690119	1675.6657510057998
179495655.3504	152112952581.5038	-31532680660.245724	3306502644.320719	9710.599920068593	30796.328066982816	1675.2345806840763
179499255.3504	152147875839.9852	-31421806682.55254	3312532711.757235	9691.210356432477	30800.323709343007	1674.8027788258214
179502855.3504	152182729296.14432	-31310918347.519558	3318561223.5709214	9671.820854611238	30804.304367451517	1674.3703458482476
179506455.3504	152217512950.23035	-31200015709.083805	3324588177.4905024	9652.431429406208	30808.270044799305	1673.93728217076
179510055.3504	152252226802.54575	-31089098821.169704	3330613571.246217	9633.042095610366	30812.22074489848	1673.5035882149382
179513655.3504	152286870853.4462	-30978167737.688995	3336637402.569824	9613.652868008287	30816.15647128227	1673.0692644045187
179517255.3504	152321445103.34058	-30867222512.540665	3342659669.1946144	9594.263761376085	30820.077227504946	1672.6343111653762
179520855.3504	152355949552.69098	-30756263199.610863	3348680368.855414	9574.874790481363	30823.983017141807	1672.1987289255069
179524455.3504	152390384202.01263	-30645289852.77283	3354699499.2885933	9555.485970083157	30827.873843789104	1671.76251811501
179528055.3504	152424749051.87387	-30534302525.88683	3360717058.2320757	9536.097314931883	30831.749711064014	1671.325679166071
179531655.3504	152459044102.89612	-30423301272.800053	3366733043.425344	9516.70883976929	30835.610622604574	1670.8882125129446
179535255.3504	152493269355.75388	-30312286147.34657	3372747452.6094475	9497.3205593284	30839.456582069648	1670.4501185919373
179538855.3504	152527424811.17462	-30201257203.34723	3378760283.5270104	9477.932488333465	30843.287593138873	1670.011397841391
179542455.3504	152561510469.93887	-30090214494.609604	3384771533.9222383	9458.544641499911	30847.103659512613	1669.572050701666
179546055.3504	152595526332.88007	-29979158074.927906	3390781201.540926	9439.157033534288	30850.904784911916	1669.1320776151247
179549655.3504	152629472400.88458	-29868087998.082916	3396789284.130464	9419.769679134219	30854.690973078457	1668.691479026115
179553255.3504	152663348674.89172	-29757004317.841908	3402795779.4398465	9400.382592988353	30858.462227774504	1668.250255380955
179556855.3504	152697155155.89362	-29645907087.95857	3408800685.2196774	9380.995789776312	30862.218552782866	1667.8084071279156
179560455.3504	152730891844.93524	-29534796362.172935	3414803999.2221785	9361.609284168642	30865.959951906843	1667.365934717206
179564055.3504	152764558743.11435	-29423672194.211315	3420805719.201195	9342.223090826765	30869.68642897019	1666.9228386009574
179567655.3504	152798155851.58148	-29312534637.786213	3426805842.9122033	9322.837224402929	30873.39798781707	1666.4791192332075
179571255.3504	152831683171.53992	-29201383746.596256	3432804368.112319	9303.451699540163	30877.094632311982	1666.034777069885
179574855.3504	152865140704.2456	-29090219574.326126	3438801292.5603013	9284.066530872225	30880.776366339764	1665.5898125687943
179578455.3504	152898528451.00717	-28979042174.646484	3444796614.0165606	9264.681733023557	30884.443193805502	1665.1442261896009
179582055.3504	152931846413.18588	-28867851601.213894	3450790330.2431664	9245.297320609234	30888.095118634516	1664.6980183938163
179585655.3504	152965094592.1956	-28756647907.67075	3456782439.0038524	9225.91330823492	30891.73214477229	1664.2511896447825
179589255.3504	152998272989.50272	-28645431147.645206	3462772938.064023	9206.52971049682	30895.354276184447	1663.803740407658
179592855.3504	153031381606.62622	-28534201374.75111	3468761825.190762	9187.146541981634	30898.9615168567	1663.3556711494039
179596455.3504	153064420445.13754	-28422958642.58792	3474749098.152836	9167.763817266512	30902.553870794796	1662.9069823387674
179600055.3504	153097389506.66058	-28311703004.74064	3480734754.7207026	9148.381550919006	30906.131342024484	1662.4576744462702
179603655.3504	153130288792.87167	-28200434514.77974	3486718792.6665173	9128.999757497026	30909.69393459146	1662.0077479441923
179607255.3504	153163118305.49954	-28089153226.261097	3492701209.764138	9109.61845154879	30913.24165256134	1661.557203306559
179610855.3504	153195878046.32526	-27977859192.725914	3498682003.789133	9090.237647612787	30916.774500019594	1661.1060410091268
179614455.3504	153228568017.18222	-27866552467.700645	3504661172.5187855	9070.857360217724	30920.292481071512	1660.65426152937
179618055.3504	153261188219.95612	-27755233104.696938	3510638713.732101	9051.477603882491	30923.795599842168	1660.2018653464663
179621655.3504	153293738656.58487	-27643901157.211548	3516614625.209813	9032.098393116108	30927.28386047636	1659.7488529412844
179625255.3504	153326219329.05862	-27532556678.726276	3522588904.7343903	9012.719742417687	30930.757267138582	1659.29522479637
179628855.3504	153358630239.41974	-27421199722.707897	3528561550.09004	8993.341666276381	30934.215824012972	1658.8409813959322
179632455.3504	153390971389.76266	-27309830342.608086	3534532559.0627174	8973.964179171353	30937.659535303264	1658.3861232258314
179636055.3504	153423242782.23398	-27198448591.86335	3540501929.440128	8954.587295571719	30941.088405232753	1657.9306507735657
179639655.3504	153455444419.03235	-27087054523.894955	3546469659.0117354	8935.211029936516	30944.502438044252	1657.474564528258
179643255.3504	153487576302.40842	-26975648192.10886	3552435745.5687685	8915.835396714656	30947.901638000047	1657.0178649806433
179646855.3504	153519638434.66492	-26864229649.895645	3558400186.904224	8896.460410344882	30951.286009381845	1656.560552623056
179650455.3504	153551630818.15646	-26752798950.63044	3564362980.812875	8877.086085255725	30954.655556490747	1656.1026279494183
179654055.3504	153583553455.2896	-26641356147.672855	3570324125.0912747	8857.712435865471	30958.010283647192	1655.644091455226
179657655.3504	153615406348.52283	-26529901294.366917	3576283617.537764	8838.339476582107	30961.350195190924	1655.184943637538
