185102419.715712	131521361006.78569	131058728979.7009	9954061133.2105	-14376.735723621903	23632.61992656089	613.2343390306146
185106019.715712	131469587168.45436	131143788877.49051	9956267445.297312	-14386.506535820605	23622.878406963024	612.494617458726
185109619.715712	131417778168.7838	131228813701.07742	9958471094.595787	-14396.269801318893	23613.134259347164	611.7550122073744
185113219.715712	131365934034.93842	131313803441.01091	9960672081.525017	-14406.025522187254	23603.387489339282	611.0155234644886
185116819.715712	131314054794.07512	131398758087.86055	9962870406.504766	-14415.773700499056	23593.638102559682	610.2761514176535
185120419.715712	131262140473.3434	131483677632.21594	9965066069.95548	-14425.514338330551	23583.88610462299	609.5368962541096
185124019.715712	131210191099.88522	131568562064.68713	9967259072.298279	-14435.247437760872	23574.131501138145	608.7977581607536
185127619.715712	131158206700.8351	131653411375.90419	9969449413.954947	-14444.973000872022	23564.374297708404	608.0587373241386
185131219.715712	131106187303.32005	131738225556.51746	9971637095.347948	-14454.691029748836	23554.614499931344	607.3198339304753
185134819.715712	131054132934.4595	131823004597.1972	9973822116.9004	-14464.401526479021	23544.852113398887	606.5810481656308
185138419.715712	131002043621.3655	131907748488.6341	9976004479.036116	-14474.104493153129	23535.087143697267	605.8423802151308
185142019.715712	130949919391.14235	131992457221.53874	9978184182.17955	-14483.799931864518	23525.319596407055	605.1038302641581
185145619.715712	130897760270.88708	132077130786.64182	9980361226.75584	-14493.487844709387	23515.549477103155	604.3653984975555
185149219.715712	130845566287.68898	132161769174.69409	9982535613.190773	-14503.168233786757	23505.776791354805	603.6270850998227
185152819.715712	130793337468.6298	132246372376.46652	9984707341.91082	-14512.841101198446	23496.001544725586	602.8888902551195
185156419.715712	130741073840.78378	132330940382.74979	9986876413.343096	-14522.506449049059	23486.223742773404	602.1508141472654
185160019.715712	130688775431.2176	132415473184.35474	9989042827.915384	-14532.164279446004	23476.44339105055	601.4128569597406
185163619.715712	130636442266.99022	132499970772.1123	9991206586.056131	-14541.814594499483	23466.6604951036	600.675018875683
185167219.715712	130584074375.15309	132584433136.8731	9993367688.194435	-14551.457396322432	23456.875060473536	599.9373000778943
185170819.715712	130531671782.75	132668860269.5079	9995526134.760052	-14561.0926870306	23447.08709269564	599.1997007488345
185174419.715712	130479234516.81726	132753252160.90736	9997681926.183407	-14570.720468742455	23437.296597299595	598.4622210706275
185178019.715712	130426762604.38333	132837608801.98193	9999835062.89556	-14580.340743579229	23427.503579809407	597.7248612250569
185181619.715712	130374256072.46918	132921930183.66205	10001985545.32824	-14589.953513664892	23417.708045743442	596.9876213935694
185185219.715712	130321714948.08809	133006216296.89801	10004133373.913832	-14599.558781126147	23407.910000614454	596.2505017572742
185188819.715712	130269139258.24565	133090467132.65985	10006278549.08535	-14609.156548092418	23398.109449929518	595.513502496943
185192419.715712	130216529029.93985	133174682681.93747	10008421071.276478	-14618.746816695835	23388.30639919011	594.7766237930116
185196019.715712	130163884290.1609	133258862935.74054	10010560940.92154	-14628.329589071243	23378.50085389207	594.0398658255787
185199619.715712	130111205065.89146	133343007885.09857	10012698158.455519	-14637.90486735619	23368.692819525586	593.3032287744071
185203219.715712	130058491384.10632	133427117521.06079	10014832724.31403	-14647.472653690906	23358.882301575246	592.5667128189241
185206819.715712	130005743271.77269	133511191834.6962	10016964638.93335	-14657.032950218309	23349.069305519988	591.8303181382212
185210419.715712	129952960755.84995	133595230817.09337	10019093902.750372	-14666.585759083984	23339.25383683315	591.094044911056
185214019.715712	129900143863.28989	133679234459.3608	10021220516.202663	-14676.131082436183	23329.435900982447	590.3578933158507
185217619.715712	129847292621.03645	133763202752.62642	10023344479.728416	-14685.668922425813	23319.61550342997	589.621863530694
185221219.715712	129794407056.02585	133847135688.03804	10025465793.76647	-14695.19928120645	23309.792649632192	588.8859557333399
185224819.715712	129741487195.18658	133931033256.76285	10027584458.756294	-14704.722160934269	23299.96734504	588.1501701012105
185228419.715712	129688533065.43939	134014895449.98788	10029700475.138008	-14714.23756376811	23290.139595098648	587.4145068113936
185232019.715712	129635544693.69717	134098722258.91971	10031813843.352362	-14723.745491869442	23280.309405247786	586.6789660406445
185235619.715712	129582522106.865	134182513674.78427	10033924563.840734	-14733.245947402324	23270.476780921475	585.9435479653866
185239219.715712	129529465331.84032	134266269688.82744	10036032637.045155	-14742.738932533444	23260.641727548154	585.2082527617108
185242819.715712	129476374395.51263	134349990292.31429	10038138063.408278	-14752.224449432075	23250.804250550686	584.473080605377
185246419.715712	129423249324.76369	134433675476.52956	10040240843.37338	-14761.702500270098	23240.964355346325	583.7380316718137
185250019.715712	129370090146.46739	134517325232.7774	10042340977.38439	-14771.173087221965	23231.122047346726	583.0031061361184
185253619.715712	129316896887.48975	134600939552.38156	10044438465.885849	-14780.63621246471	23221.277331957976	582.2683041730581
185257219.715712	129263669574.68906	134684518426.68515	10046533309.322935	-14790.091878177938	23211.43021458056	581.5336259570701
185260819.715712	129210408234.9157	134768061847.05066	10048625508.141447	-14799.540086543799	23201.58070060938	580.799071662262
185264419.715712	129157112895.01213	134851569804.86009	10050715062.787815	-14808.980839747008	23191.728795433737	580.064641462411
185268019.715712	129103783581.81303	134935042291.5148	10052801973.709097	-14818.414139974819	23181.874504437394	579.3303355309671
185271619.715712	129050420322.14526	135018479298.43549	10054886241.352968	-14827.839989417022	23172.0178329985	578.59615404105
185275219.715712	128997023142.82764	135101880817.06229	10056967866.167732	-14837.258390265932	23162.15878648965	577.8620971654524
185278819.715712	128943592070.67102	135185246838.85458	10059046848.602306	-14846.6693447164	23152.297370277847	577.1281650766374
185282419.715712	128890127132.47867	135268577355.29108	10061123189.106234	-14856.072854965762	23142.433589724547	576.3943579467431
185286019.715712	128836628355.04565	135351872357.86983	10063196888.129677	-14865.46892321387	23132.567450185637	575.660675947578
185289619.715712	128783095765.1593	135435131838.1081	10065267946.12342	-14874.857551663083	23122.698957011427	574.9271192506258
185293219.715712	128729529389.5988	135518355787.54239	10067336363.53885	-14884.238742518228	23112.828115546676	574.1936880270423
185296819.715712	128675929255.13562	135601544197.72845	10069402140.827984	-14893.612497986618	23102.95493113058	573.4603824476582
185300419.715712	128622295388.5331	135684697060.24136	10071465278.44345	-14902.978820278051	23093.07940909678	572.7272026829778
185304019.715712	128568627816.54678	135767814366.67522	10073525776.838486	-14912.337711604769	23083.201554773375	571.9941489031809
185307619.715712	128514926565.92407	135850896108.64334	10075583636.46694	-14921.689174181483	23073.321373482893	571.2612212781219
185311219.715712	128461191663.40448	135933942277.77835	10077638857.783278	-14931.033210225356	23063.43887054234	570.5284199773298
185314819.715712	128407423135.7196	136016952865.73166	10079691441.242565	-14940.369821955974	23053.554051263167	569.7957451700119
185318419.715712	128353621009.59296	136099927864.17413	10081741387.300495	-14949.69901159537	23043.66692095127	569.0631970250487
185322019.715712	128299785311.73996	136182867264.79564	10083788696.413347	-14959.020781368003	23033.777484907016	568.3307757109986
185325619.715712	128245916068.86826	136265771059.30493	10085833369.038015	-14968.335133500736	23023.885748425244	567.5984813960976
185329219.715712	128192013307.67725	136348639239.43011	10087875405.631998	-14977.64207022285	23013.99171679526	566.8663142482573
185332819.715712	128138077054.85849	136431471796.91801	10089914806.653404	-14986.941593766027	23004.095395300814	566.1342744350687
185336419.715712	128084107337.09528	136514268723.53479	10091951572.560936	-14996.23370636434	22994.196789220157	565.4023621237989
185340019.715712	128030104181.06308	136597030011.06525	10093985703.813896	-15005.518410254255	22984.295903826012	564.6705774813954
185343619.715712	127976067613.42923	136679755651.31342	10096017200.872202	-15014.795707674593	22974.392744385565	563.9389206744833
185347219.715712	127921997660.85292	136762445636.10226	10098046064.196354	-15024.065600866586	22964.48731616048	563.2073918693659
185350819.715712	127867894349.98537	136845099957.27359	10100072294.247463	-15033.328092073789	22954.579624406924	562.4759912320277
185354419.715712	127813757707.46968	136927718606.68805	10102095891.487226	-15042.583183542125	22944.669674375553	561.744718928133
185358019.715712	127759587759.94084	137010301576.22543	10104116856.377943	-15051.830877519877	22934.757471311477	561.0135751230241
185361619.715712	127705384534.02579	137092848857.78423	10106135189.38251	-15061.071176257654	22924.84302045433	560.282559981726
185365219.715712	127651148056.34335	137175360443.28168	10108150890.964405	-15070.304082008384	22914.92632703824	559.5516736689445
185368819.715712	127596878353.5042	137257836324.65408	10110163961.587715	-15079.529597027351	22905.007396291818	558.8209163490658
185372419.715712	127542575452.11095	137340276493.85645	10112174401.717108	-15088.747723572129	22895.086233438178	558.0902881861581
185376019.715712	127488239378.75798	137422680942.86255	10114182211.81784	-15097.95846390261	22885.162843694943	557.3597893439716
185379619.715712	127433870160.03159	137505049663.665	10116187392.355764	-15107.161820280991	22875.237232274245	556.6294199859389
185383219.715712	127379467822.51	137587382648.27518	10118189943.79732	-15116.357794971758	22865.309404382715	555.8991802751754
185386819.715712	127325032392.76314	137669679888.72302	10120189866.609522	-15125.546390241674	22855.3793652215	555.1690703744795
185390419.715712	127270563897.35283	137751941377.05746	10122187161.259983	-15134.727608359804	22845.447119986256	554.439090446333
185394019.715712	127216062362.83275	137834167105.3459	10124181828.216894	-15143.901451597452	22835.51267386718	553.7092406529025
185397619.715712	127161527815.74844	137916357065.67447	10126173867.949038	-15153.067922228205	22825.57603204896	552.9795211560374
185401219.715712	127106960282.63713	137998511250.148	10128163280.925768	-15162.227022527904	22815.63719971083	552.2499321172725
185404819.715712	127052359790.02791	138080629650.88998	10130150067.617025	-15171.378754774643	22805.69618202653	551.5204736978271
185408419.715712	126997726364.44165	138162712260.04242	10132134228.49333	-15180.523121248734	22795.752984164345	550.791146058606
185412019.715712	126943060032.3911	138244759069.766	10134115764.025778	-15189.660124232749	22785.807611287088	550.0619493602002
185415619.715712	126888360820.38062	138326770072.23987	10136094674.686047	-15198.78976601146	22775.86006855211	549.332883762886
185419219.715712	126833628754.90651	138408745259.6619	10138070960.946384	-15207.91204887187	22765.910361111288	548.6039494266266
185422819.715712	126778863862.45673	138490684624.2484	10140044623.279623	-15217.026975103197	22755.95849411105	547.8751465110713
185426419.715712	126724066169.51099	138572588158.23422	10142015662.159159	-15226.13454699686	22746.004472692373	547.1464751755572
185430019.715712	126669235702.54077	138654455853.87265	10143984078.058971	-15235.23476684646	22736.048301990766	546.4179355791083
185433619.715712	126614372488.00935	138736287703.43555	10145949871.453604	-15244.32763694779	22726.089987136304	545.6895278804374
185437219.715712	126559476552.3717	138818083699.21317	10147913042.818176	-15253.41315959884	22716.129533253592	544.9612522379444
185440819.715712	126504547922.07445	138899843833.51425	10149873592.628376	-15262.49133709976	22706.166945461817	544.2331088097183
185444419.715712	126449586623.55602	138981568098.66595	10151831521.360455	-15271.562171752863	22696.202228874703	543.5050977535369
185448019.715712	126394592683.24646	139063256487.01373	10153786829.491236	-15280.625665862623	22686.23538860056	542.7772192268679
185451619.715712	126339566127.56766	139144908990.92157	10155739517.49811	-15289.681821735663	22676.26642974223	542.0494733868675
185455219.715712	126284506982.9331	139226525602.7717	10157689585.859034	-15298.730641680753	22666.29535739715	541.3218603903833
185458819.715712	126229415275.7479	139308106314.96472	10159637035.05252	-15307.772128008797	22656.322176657322	540.5943803939522
185462419.715712	126174291032.40901	139389651119.91968	10161581865.557657	-15316.806283032836	22646.34689260931	539.8670335538022
185466019.715712	126119134279.3049	139471160010.07367	10163524077.854088	-15325.833109068008	22636.369510334265	539.1398200258526
185469619.715712	126063945042.81569	139552632977.8823	10165463672.422007	-15334.852608431602	22626.3900349079	538.4127399657135
185473219.715712	126008723349.3134	139634070015.81927	10167400649.742186	-15343.864783442961	22616.408471400548	537.6857935286887
185476819.715712	125953469225.16133	139715471116.37677	10169335010.295948	-15352.8696364236	22606.424824877085	536.9589808697709
185480419.715712	125898182696.71477	139796836272.06488	10171266754.565166	-15361.867169697043	22596.43910039701	536.2323021436495
185484019.715712	125842863790.32037	139878165475.41214	10173195883.032284	-15370.85738558896	22586.45130301439	535.5057575047036
185487619.715712	125787512532.3166	139959458718.9652	10175122396.180292	-15379.840286427087	22576.461437777896	534.7793471070065
185491219.715712	125732128949.03339	140040715995.28876	10177046294.492727	-15388.8158745412	22566.469509730796	534.0530711043257
185494819.715712	125676713066.79237	140121937296.96588	10178967578.4537	-15397.78415226317	22556.47552391096	533.3269296501222
185498419.715712	125621264911.90678	140203122616.59766	10180886248.547853	-15406.745121926922	22546.479485350854	532.6009228975511
185502019.715712	125565784510.68137	140284271946.80316	10182802305.260387	-15415.698785868402	22536.481399077562	531.8750509994632
185505619.715712	125510271889.41258	140365385280.21976	10184715749.077057	-15424.645146425624	22526.48127011277	531.1493141084036
185509219.715712	125454727074.38834	140446462609.50275	10186626580.484158	-15433.58420593863	22516.47910347278	530.4237123766127
185512819.715712	125399150091.88824	140527503927.32556	10188534799.968542	-15442.515966749485	22506.474904168506	529.6982459560274
185516419.715712	125343540968.18341	140608509226.37958	10190440408.017597	-15451.440431202262	22496.46867720549	528.9729149982808
185520019.715712	125287899729.53639	140689478499.37424	10192343405.119265	-15460.35760164307	22486.460427583883	528.2477196547014
185523619.715712	125232226402.20155	140770411739.037	10194243791.76203	-15469.267480420014	22476.450160298464	527.5226600763158
185527219.715712	125176521012.42456	140851308938.11316	10196141568.434914	-15478.170069883185	22466.437880338668	526.7977364138474
185530819.715712	125120783586.44275	140932170089.36615	10198036735.627487	-15487.065372384684	22456.42359268851	526.072948817717
185534419.715712	125065014150.48495	141012995185.5773	10199929293.829863	-15495.95339027858	22446.407302326683	525.348297438044
185538019.715712	125009212730.77145	141093784219.54565	10201819243.532682	-15504.834125920925	22436.38901422649	524.6237824246451
185541619.715712	124953379353.51418	141174537184.08844	10203706585.227139	-15513.707581669747	22426.368733355896	523.8994039270368
185545219.715712	124897514044.91646	141255254072.0405	10205591319.404959	-15522.573759885026	22416.346464677492	523.175162094434
185548819.715712	124841616831.17322	141335934876.25464	10207473446.558395	-15531.432662928692	22406.32221314853	522.4510570757517
185552419.715712	124785687738.47073	141416579589.60168	10209352967.180256	-15540.284293164648	22396.295983720905	521.7270890196032
185556019.715712	124729726792.98697	141497188204.96994	10211229881.76387	-15549.128652958716	22386.267781341157	521.0032580743039
185559619.715712	124673734020.89114	141577760715.2657	10213104190.8031	-15557.965744678655	22376.2376109505	520.2795643878674
185563219.715712	124617709448.3441	141658297113.41306	10214975894.79235	-15566.79557069417	22366.205477484782	519.5560081080099
185566819.715712	124561653101.49814	141738797392.35382	10216844994.226545	-15575.618133376855	22356.17138587455	518.832589382149
185570419.715712	124505565006.49695	141819261545.04752	10218711489.601145	-15584.433435100244	22346.135341044974	518.1093083574024
185574019.715712	124449445189.47574	141899689564.47137	10220575381.412134	-15593.241478239757	22336.09734791593	517.3861651805905
185577619.715712	124393293676.56108	141980081443.6204	10222436670.156038	-15602.042265172739	22326.057411401947	516.6631599982362
185581219.715712	124337110493.87105	142060437175.50732	10224295356.329891	-15610.835798278395	22316.015536412222	515.9402929565642
185584819.715712	124280895667.51518	142140756753.16232	10226151440.431269	-15619.622079937846	22305.971727850643	515.2175642015031
185588419.715712	124224649223.5944	142221040169.6334	10228004922.95826	-15628.401112534062	22295.92599061579	514.4949738786854
185592019.715712	124168371188.20097	142301287417.98624	10229855804.409489	-15637.172898451912	22285.8783296009	513.7725221334447
185595619.715712	124112061587.41869	142381498491.30386	10231704085.28409	-15645.937440078109	22275.82874969391	513.0502091108215
185599219.715712	124055720447.32268	142461673382.68713	10233549766.081724	-15654.694739801238	22265.77725577745	512.3280349555591
185602819.715712	123999347793.97952	142541812085.2545	10235392847.302584	-15663.444800011723	22255.723852728843	511.60599981210595
185606419.715712	123942943653.44719	142621914592.1417	10237233329.447363	-15672.187623101836	22245.668545420118	510.8841038246164
185610019.715712	123886508051.77484	142701980896.5023	10239071213.01728	-15680.923211465695	22235.611338717972	510.162347136948
185613619.715712	123830041015.00337	142782010991.50702	10240906498.514076	-15689.651567499226	22225.552237483866	509.440729892668
185617219.715712	123773542569.1648	142862004870.34454	10242739186.44001	-15698.372693600206	22215.491246573896	508.7192522350458
185620819.715712	123717012740.28252	142941962526.2206	10244569277.297848	-15707.086592168205	22205.428370838912	507.9979143070597
185624419.715712	123660451554.3713	143021883952.3586	10246396771.59087	-15715.793265604614	22195.36361512447	507.2767162513944
185628019.715712	123603859037.43738	143101769141.99936	10248221669.822874	-15724.492716312627	22185.29698427084	506.5556582104418
185631619.715712	123547235215.47829	143181618088.401	10250043972.498173	-15733.18494669722	22175.228483113016	505.83474032630164
185635219.715712	123490580114.48271	143261430784.8392	10251863680.121582	-15741.869959165186	22165.158116480692	505.1139627407808
185638819.715712	123433893760.43092	143341207224.60687	10253680793.198433	-15750.547756125068	22155.085889198326	504.3933255953955
185642419.715712	123377176179.29433	143420947401.01434	10255495312.234566	-15759.218339987205	22145.011806085076	503.6728290313704
185646019.715712	123320427397.03583	143500651307.38947	10257307237.736326	-15767.881713163712	22134.935871954836	502.9524731896383
185649619.715712	123263647439.60947	143580318937.07706	10259116570.210566	-15776.53787806844	22124.85809161624	502.23225821084236
185653219.715712	123206836332.96078	143659950283.4394	10260923310.164648	-15785.186837117002	22114.77846987268	501.5121842353362
185656819.715712	123149994103.02637	143739545339.8562	10262727458.106436	-15793.828592726793	22104.69701152224	500.79225140318107
185660419.715712	123093120775.73436	143819104099.72418	10264529014.54429	-15802.463147316894	22094.613721357815	500.07245985415136
185664019.715712	123036216377.004	143898626556.45752	10266327979.987087	-15811.090503308165	22084.52860416699	499.35280972773063
185667619.715712	122979280932.74594	143978112703.48746	10268124354.944204	-15819.710663123182	22074.441664732145	498.633301163114
185671219.715712	122922314468.86201	144057562534.2626	10269918139.925505	-15828.323629186234	22064.352907830376	497.9139342992084
185674819.715712	122865317011.24536	144136976042.24866	10271709335.441366	-15836.929403923335	22054.262338233566	497.19470927463135
185678419.715712	122808288585.78041	144216353220.92844	10273497942.002657	-15845.527989762206	22044.169960708354	496.4756262277148
185682019.715712	122751229218.34286	144295694063.80194	10275283960.120747	-15854.119389132255	22034.07578001616	495.75668529650244
185685619.715712	122694138934.79951	144374998564.3864	10277067390.307495	-15862.703604464608	22023.979800913115	495.0378866187492
185689219.715712	122637017761.00864	144454266716.21613	10278848233.07527	-15871.280638192075	22013.882028150187	494.3192303319254
185692819.715712	122579865722.81955	144533498512.84247	10280626488.936922	-15879.850492749134	22003.782466473083	493.6007165732138
185696419.715712	122522682846.07292	144612693947.83374	10282402158.405794	-15888.413170571941	21993.681120622303	492.88234547951237
185700019.715712	122465469156.60059	144691853014.7756	10284175241.995735	-15896.968674098338	21983.577995333104	492.1641171874312
185703619.715712	122408224680.22565	144770975707.27048	10285945740.221067	-15905.517005767808	21973.47309533557	491.4460318332978
185707219.715712	122350949442.76236	144850062018.938	10287713653.59662	-15914.058168021502	21963.366425354525	490.7280895531524
185710819.715712	122293643470.01625	144929111943.41473	10289478982.637705	-15922.592163302219	21953.25799010963	490.01029048275205
185714419.715712	122236306787.78404	145008125474.35413	10291241727.860111	-15931.118994054397	21943.147794315304	489.29263475756915
185718019.715712	122178939421.85355	145087102605.42676	10293001889.780132	-15939.638662724108	21933.03584268078	488.5751225127914
185721619.715712	122121541398.00397	145166043330.32	10294759468.914541	-15948.151171759057	21922.922139910086	487.8577538833245
185725219.715712	122064112742.00552	145244947642.73837	10296514465.780594	-15956.65652360858	21912.806690702066	487.14052900378937
185728819.715712	122006653479.61969	145323815536.403	10298266880.89603	-15965.154720723607	21902.68949975036	486.4234480085252
185732419.715712	121949163636.59908	145402647005.05212	10300016714.779076	-15973.6457655567	21892.570571743425	485.7065110315881
185736019.715712	121891643238.68744	145481442042.44073	10301763967.94844	-15982.129660562017	21882.449911364525	484.98971820675183
185739619.715712	121834092311.6199	145560200642.3407	10303508640.92331	-15990.6064081953	21872.32752329175	484.2730696675095
185743219.715712	121776510881.12239	145638922798.54083	10305250734.22335	-15999.076010913912	21862.203412198003	483.5565655470706
185746819.715712	121718898972.9122	145717608504.8466	10306990248.368711	-16007.538471176773	21852.077582751022	482.84020597836565
185750419.715712	121661256612.69788	145796257755.08023	10308727183.880016	-16015.99379144438	21841.950039613374	482.1239910940441
185754019.715712	121603583826.17885	145874870543.08093	10310461541.278366	-16024.441974178819	21831.82078744244	481.4079210264735
185757619.715712	121545880639.04585	145953446862.70453	10312193321.085344	-16032.883021843729	21821.689830890446	480.69199590774286
185761219.715712	121488147076.98071	146031986707.82367	10313922523.822998	-16041.316936904313	21811.55717460446	479.9762158696607
185764819.715712	121430383165.6563	146110490072.32758	10315649150.01386	-16049.743721827326	21801.42282322638	479.2605810437562
185768419.715712	121372588930.73677	146188956950.1223	10317373200.180925	-16058.163379081057	21791.28678139297	478.5450915612804
185772019.715712	121314764397.87715	146267387335.1306	10319094674.847672	-16066.575911135355	21781.1490537358	477.82974755320384
185775619.715712	121256909592.72385	146345781221.2918	10320813574.538038	-16074.981320461582	21771.009644881335	477.11454915022074
185779219.715712	121199024540.91418	146424138602.5619	10322529899.776434	-16083.37960953263	21760.868559450882	476.3994964827465
185782819.715712	121141109268.07654	146502459472.9135	10324243651.08775	-16091.770780822932	21750.725802060584	475.684589680918
185786419.715712	121083163799.83061	146580743826.33588	10325954828.997334	-16100.154836808402	21740.58137732148	474.9698288745967
185790019.715712	121025188161.78693	146658991656.8349	10327663434.031	-16108.53177996649	21730.43528983944	474.25521419336536
185793619.715712	120967182379.54726	146737202958.43298	10329369466.715029	-16116.901612776128	21720.287544215233	473.5407457665315
185797219.715712	120909146478.7044	146815377725.16898	10331072927.576178	-16125.264337717752	21710.138145044468	472.82642372312534
185800819.715712	120851080484.84215	146893515951.09854	10332773817.141653	-16133.619957273293	21699.987096917655	472.1122481919017
185804419.715712	120792984423.5355	146971617630.29355	10334472135.939127	-16141.96847392615	21689.83440442018	471.3982193013401
185808019.715712	120734858320.35037	147049682756.8426	10336167884.496742	-16150.309890161203	21679.680072132283	470.6843371796444
185811619.715712	120676702200.84384	147127711324.85068	10337861063.343098	-16158.644208464819	21669.524104629123	469.9706019547434
185815219.715712	120618516090.56398	147205703328.43915	10339551673.007244	-16166.971431324793	21659.366506480736	469.25701375429264
185818819.715712	120560300015.04984	147283658761.74603	10341239714.018711	-16175.291561230413	21649.20728225204	468.5435727056719
185822419.715712	120502053999.83165	147361577618.9255	10342925186.90746	-16183.604600672394	21639.046436502857	467.8302789359882
185826019.715712	120443778070.43059	147439459894.14844	10344608092.203934	-16191.91055214292	21628.883973787903	467.11713257207464
185829619.715712	120385472252.3588	147517305581.60196	10346288430.43902	-16200.209418135588	21618.719898656793	466.40413374049064
185833219.715712	120327136571.1196	147595114675.48938	10347966202.144058	-16208.501201145438	21608.554215654072	465.69128256752475
185836819.715712	120268771052.20712	147672887170.03064	10349641407.850847	-16216.785903668948	21598.386929319164	464.9785791791908
185840419.715712	120210375721.10674	147750623059.4619	10351314048.091642	-16225.063528204002	21588.21804418642	464.26602370123214
185844019.715712	120151950603.29465	147828322338.0357	10352984123.399141	-16233.334077249903	21578.04756478509	463.55361625911917
185847619.715712	120093495724.23811	147905985000.0207	10354651634.306498	-16241.59755330736	21567.875495639368	462.84135697805203
185851219.715712	120035011109.39546	147983611039.70203	10356316581.347328	-16249.853958878486	21557.70184126836	462.1292459829591
185854819.715712	119976496784.2158	148061200451.38092	10357978965.055668	-16258.103296466794	21547.526606186097	461.41728339849794
185858419.715712	119917952774.13947	148138753229.3751	10359638785.966036	-16266.34556857718	21537.349794901525	460.7054693490559
185862019.715712	119859379104.59763	148216269368.0182	10361296044.613375	-16274.580777715932	21527.171411918556	459.9938039587505
185865619.715712	119800775801.01247	148293748861.66028	10362950741.533081	-16282.80892639071	21516.991461736005	459.2822873514292
185869219.715712	119742142888.79715	148371191704.66745	10364602877.260994	-16291.030017110535	21506.80994884765	458.5709196506708
185872819.715712	119683480393.3558	148448597891.42212	10366252452.333399	-16299.244052385815	21496.62687774219	457.8597009797841
185876419.715712	119624788340.08351	148525967416.3227	10367899467.287031	-16307.451034728303	21486.4422529033	457.14863146181017
185880019.715712	119566066754.36624	148603300273.78394	10369543922.659058	-16315.650966651112	21476.256078809573	456.43771121952074
185883619.715712	119507315661.58109	148680596458.23642	10371185818.98709	-16323.843850668702	21466.068359934594	455.726940375421
185887219.715712	119448535087.09589	148757855964.12714	10372825156.809185	-16332.029689296869	21455.879100746846	455.01631905174634
185890819.715712	119389725056.26956	148835078785.91882	10374461936.663834	-16340.208485052739	21445.688305709846	454.30584737046775
185894419.715712	119330885594.45192	148912264918.0905	10376096159.089968	-16348.380240454795	21435.49597928202	453.5955254532866
185898019.715712	119272016726.98369	148989414355.13727	10377727824.626957	-16356.544958022812	21425.30212591678	452.88535342163914
185901619.715712	119213118479.19656	149066527091.57013	10379356933.814613	-16364.702640277897	21415.10675006251	452.1753313966946
185905219.715712	119154190876.41306	149143603121.91608	10380983487.193167	-16372.853289742467	21404.909856162565	451.4654594993567
185908819.715712	119095233943.94678	149220642440.71814	10382607485.303305	-16380.99690894025	21394.71144865528	450.75573785026364
185912419.715712	119036247707.10197	149297645042.5354	10384228928.686132	-16389.133500396263	21384.51153197396	450.0461665697874
185916019.715712	118977232191.17413	149374610921.9427	10385847817.883194	-16397.263066636824	21374.31011054692	449.33674577803663
185919619.715712	118918187421.44943	149451540073.53094	10387464153.436464	-16405.385610189533	21364.10718879744	448.6274755948543
185923219.715712	118859113423.20494	149528432491.90695	10389077935.88835	-16413.50113358328	21353.90277114381	447.9183561398195
185926819.715712	118800010221.70877	149605288171.6934	10390689165.781689	-16421.60963934822	21343.696861999295	447.2093875322472
185930419.715712	118740877842.2198	149682107107.5288	10392297843.65974	-16429.71113001579	21333.489465772174	446.50056989118923
185934019.715712	118681716309.98776	149758889294.0677	10393903970.066206	-16437.805608118684	21323.28058686572	445.79190333543374
185937619.715712	118622525650.25337	149835634725.98032	10395507545.5452	-16445.893076190863	21313.070229678215	445.08338798350565
185941219.715712	118563305888.24815	149912343397.95273	10397108570.641273	-16453.973536767528	21302.858398602948	444.3750239536686
185944819.715712	118504057049.19458	149989015304.68683	10398707045.899397	-16462.046992385127	21292.645098028228	443.6668113639229
185948419.715712	118444779158.30591	150065650440.90042	10400302971.864965	-16470.11344558137	21282.43033233737	442.95875033200724
185952019.715712	118385472240.78622	150142248801.3268	10401896349.083797	-16478.17289889517	21272.21410590872	442.25084097539946
185955619.715712	118326136321.83064	150218810380.71533	10403487178.102139	-16486.225354866696	21261.996423115634	441.54308341131525
185959219.715712	118266771426.62494	150295335173.83087	10405075459.46665	-16494.270816037326	21251.777288326517	440.83547775671013
185962819.715712	118207377580.34586	150371823175.4541	10406661193.724419	-16502.309284949657	21241.556705904768	440.1280241282787
185966419.715712	118147954808.16096	150448274380.38144	10408244381.422945	-16510.340764147506	21231.33468020886	439.42072264245536
185970019.715712	118088503135.22867	150524688783.4249	10409825023.110153	-16518.36525617589	21221.111215592267	438.7135734154151
185973619.715712	118029022586.69806	150601066379.4122	10411403119.334385	-16526.38276358103	21210.88631640353	438.00657656307277
185977219.715712	117969513187.70937	150677407163.18677	10412978670.644398	-16534.39328891033	21200.659986986226	437.2997322010848
185980819.715712	117909974963.39334	150753711129.60745	10414551677.589361	-16542.396834712406	21190.432231678977	436.59304044484765
185984419.715712	117850407938.87178	150829978273.54895	10416122140.718863	-16550.393403537033	21180.203054815454	435.88650140950074
185988019.715712	117790812139.25719	150906208589.90143	10417690060.58291	-16558.38299793517	21169.972460724395	435.1801152099243
185991619.715712	117731187589.65295	150982402073.57068	10419255437.731918	-16566.365620458957	21159.740453729588	434.4738819607411
185995219.715712	117671534315.15309	151058558719.47797	10420818272.716705	-16574.341273661696	21149.507038149877	433.767801776316
185998819.715712	117611852340.84268	151134678522.56024	10422378566.08852	-16582.309960097846	21139.27221829919	433.0618747707575
186002419.715712	117552141691.79745	151210761477.7697	10423936318.399006	-16590.27168232302	21129.0359984865	432.3561010579165
186006019.715712	117492402393.08395	151286807580.07455	10425491530.200226	-16598.226442893985	21118.79838301587	431.6504807513875
186009619.715712	117432634469.75948	151362816824.45786	10427044202.04464	-16606.174244368645	21108.559376186437	430.94501396450937
186013219.715712	117372837946.8723	151438789205.91858	10428594334.485126	-16614.11508930605	21098.31898229241	430.2397008103651
186016819.715712	117313012849.46129	151514724719.47107	10430141928.07497	-16622.04898026638	21088.077205623096	429.5345414017814
186020419.715712	117253159202.55612	151590623360.1449	10431686983.367851	-16629.975919810924	21077.83405046287	428.8295358513309
186024019.715712	117193277031.17723	151666485122.98535	10433229500.917864	-16637.895910502128	21067.589521091202	428.12468427133
186027619.715712	117133366360.33603	151742310003.05286	10434769481.279505	-16645.808954903514	21057.34362178267	427.41998677384237
186031219.715712	117073427215.03442	151818097995.4234	10436306925.007668	-16653.715055579753	21047.096356806942	426.7154434706762
186034819.715712	117013459620.26523	151893849095.18823	10437841832.657661	-16661.614215096582	21036.847730428777	426.011054473386
186038419.715712	116953463601.01205	151969563297.45386	10439374204.785177	-16669.506436020853	21026.597746908054	425.306819893274
186042019.715712	116893439182.24913	152045240597.34247	10440904041.946327	-16677.391720920517	21016.346410499737	424.60273984138735
186045619.715712	116833386388.94156	152120880989.99115	10442431344.697605	-16685.270072364612	21006.093725453935	423.8988144285217
186049219.715712	116773305246.04517	152196484470.5525	10443956113.595913	-16693.141492923245	20995.839696015842	423.1950437652199
186052819.715712	116713195778.5065	152272051034.19424	10445478349.198544	-16701.005985167612	20985.5843264258	422.49142796177284
186056419.715712	116653058011.26286	152347580676.0996	10446998052.063198	-16708.863551669976	20975.32762091924	421.787967128219
186060019.715712	116592891969.2423	152423073391.4668	10448515222.747965	-16716.71419500366	20965.069583726745	421.0846613743457
186063619.715712	116532697677.36354	152498529175.50946	10450029861.811321	-16724.55791774306	20954.81021907401	420.38151080968896
186067219.715712	116472475160.53616	152573948023.45627	10451541969.812151	-16732.394722463614	20944.549531181878	419.6785155435342
186070819.715712	116412224443.66032	152649329930.55115	10453051547.309725	-16740.22461174181	20934.287524266325	418.97567568491627
186074419.715712	116351945551.62704	152724674892.05322	10454558594.863703	-16748.047588155183	20924.024202538458	418.27299134262
186078019.715712	116291638509.31798	152799982903.2367	10456063113.034138	-16755.86365428231	20913.759570204544	417.57046262517986
186081619.715712	116231303341.60544	152875253959.39105	10457565102.381483	-16763.672812702796	20903.493631465968	416.86808964088056
186085219.715712	116170940073.35263	152950488055.82065	10459064563.466566	-16771.47506599727	20893.22639051931	416.16587249775887
186088819.715712	116110548729.41328	153025685187.84515	10460561496.850607	-16779.270416747386	20882.95785155627	415.4638113036017
186092419.715712	116050129334.632	153100845350.79926	10462055903.095219	-16787.058867535816	20872.68801876372	414.76190616594795
186096019.715712	115989681913.8439	153175968540.03268	10463547782.762398	-16794.840420946235	20862.4168963237	414.06015719208796
186099619.715712	115929206491.87495	153251054750.91022	10465037136.414526	-16802.61507956334	20852.144488413385	413.3585644890642
186103219.715712	115868703093.54173	153326103978.8117	10466523964.614374	-16810.38284597281	20841.870799205153	412.6571281636713
186106819.715712	115808171743.6515	153401116219.13193	10468008267.925087	-16818.14372276133	20831.595832866537	411.9558483224573
186110419.715712	115747612467.0023	153476091467.28076	10469490046.910202	-16825.89771251657	20821.319593560263	411.25472507172356
186114019.715712	115687025288.38272	153551029718.68298	10470969302.133636	-16833.644817827186	20811.042085444213	410.55375851752365
186117619.715712	115626410232.57214	153625930968.77835	10472446034.15969	-16841.385041282807	20800.76331267147	409.852948765666
186121219.715712	115565767324.34062	153700795213.0216	10473920243.553041	-16849.118385474052	20790.4832793903	409.1522959217127
186124819.715712	115505096588.44873	153775622446.8823	10475391930.87874	-16856.844852992483	20780.20198974416	408.45180009098044
186128419.715712	115444398049.64796	153850412665.84506	10476861096.702236	-16864.56444643064	20769.919447871696	407.75146137854057
186132019.715712	115383671732.68024	153925165865.4093	10478327741.589336	-16872.27716838203	20759.635657906758	407.0512798892192
186135619.715712	115322917662.27826	153999882041.0893	10479791866.106236	-16879.983021441083	20749.350623978382	406.35125572759813
186139219.715712	115262135863.1654	154074561188.41412	10481253470.819492	-16887.682008203203	20739.064350210847	405.6513889980155
186142819.715712	115201326360.05563	154149203302.92792	10482712556.296062	-16895.374131264725	20728.776840723596	404.95167980456415
186146419.715712	115140489177.65363	154223808380.1894	10484169123.103256	-16903.059393222917	20718.488099631322	404.25212825109475
186150019.715712	115079624340.65463	154298376415.77228	10485623171.808762	-16910.737796676	20708.198131043893	403.55273444121235
186153619.715712	115018731873.74463	154372907405.2649	10487074702.980648	-16918.409344223073	20697.906939066437	402.85349847828223
186157219.715712	114957811801.60022	154447401344.2704	10488523717.187344	-16926.074038464205	20687.61452779929	402.1544204654251
186160819.715712	114896864148.88853	154521858228.40683	10489970214.997663	-16933.731882000364	20677.320901338	401.4555005055189
186164419.715712	114835888940.26753	154596278053.3067	10491414196.980772	-16941.38287743341	20667.026063773374	400.756738701201
186168019.715712	114774886200.38565	154670660814.61755	10492855663.70622	-16949.027027366134	20656.730019191422	400.05813515486597
186171619.715712	114713855953.88194	154745006508.00137	10494294615.743921	-16956.664334402216	20646.43277167342	399.35968996866717
186175219.715712	114652798225.38629	154819315129.13498	10495731053.664152	-16964.29480114623	20636.13432529586	398.6614032445175
186178819.715712	114591713039.51895	154893586673.70975	10497164978.037556	-16971.91843020363	20625.834684130503	397.96327508408916
186182419.715712	114530600420.8909	154967821137.43185	10498596389.435152	-16979.535224180778	20615.53385224435	397.2653055888129
186186019.715712	114469460394.10384	155042018516.0219	10500025288.428316	-16987.145185684894	20605.23183369964	396.56749485988064
186189619.715712	114408292983.74982	155116178805.21536	10501451675.588785	-16994.748317324083	20594.92863255388	395.8698429982436
186193219.715712	114347098214.41179	155190302000.76205	10502875551.488665	-17002.34462170731	20584.62425285985	395.1723501046147
186196819.715712	114285876110.6631	155264388098.42657	10504296916.700418	-17009.934101444414	20574.318698665564	394.4750162794663
186200419.715712	114224626697.06784	155338437093.9879	10505715771.79688	-17017.516759146085	20564.01197401433	393.7778416230331
186204019.715712	114163349998.18059	155412448983.23975	10507132117.351229	-17025.092597423863	20553.704082944703	393.0808262353112
186207619.715712	114102046038.54655	155486423761.99026	10508545953.937016	-17032.66161889016	20543.39502949053	392.3839702160578
186211219.715712	114040714842.7016	155560361426.06204	10509957282.128147	-17040.223826158195	20533.084817680927	391.68727366479357
186214819.715712	113979356435.1721	155634261971.29233	10511366102.498882	-17047.77922184205	20522.77345154029	390.9907366808005
186218419.715712	113917970840.47508	155708125393.53278	10512772415.623846	-17055.32780855664	20512.460935088307	390.2943593631235
186222019.715712	113856558083.11809	155781951688.64944	10514176222.078014	-17062.869588917696	20502.147272339957	389.59814181057186
186225619.715712	113795118187.59933	155855740852.5229	10515577522.43672	-17070.40456554178	20491.8324673055	388.90208412171694
186229219.715712	113733651178.40756	155929492881.0481	10516976317.275646	-17077.932741046265	20481.516523990496	388.20618639489487
186232819.715712	113672157080.02205	156003207770.13446	10518372607.170835	-17085.45411804935	20471.19944639582	387.5104487282052
186236419.715712	113610635916.91269	156076885515.7058	10519766392.69868	-17092.968699170033	20460.88123851762	386.81487121951193
186240019.715712	113549087713.53993	156150526113.7003	10521157674.435923	-17100.47648702812	20450.561904347367	386.1194539664437
186243619.715712	113487512494.35484	156224129560.07037	10522546452.959663	-17107.9774842442	20440.24144787185	385.42419706639544
186247219.715712	113425910283.799	156297695850.78296	10523932728.847342	-17115.471693439675	20429.919873073173	384.72910061652624
186250819.715712	113364281106.30457	156371224981.8192	10525316502.676758	-17122.959117236725	20419.59718392873	384.034164713761
186254419.715712	113302624986.29424	156444716949.17474	10526697775.026052	-17130.439758258315	20409.273384411274	383.33938945479076
186258019.715712	113240941948.18124	156518171748.8593	10528076546.473717	-17137.913619128187	20398.948478488855	382.64477493607336
186261619.715712	113179232016.36955	156591589376.89697	10529452817.598598	-17145.38070247086	20388.622470124872	381.95032125383284
186265219.715712	113117495215.25339	156664969829.32605	10530826588.979868	-17152.84101091161	20378.295363278048	381.25602850406017
186268819.715712	113055731569.21773	156738313102.19916	10532197861.19706	-17160.294547076497	20367.967161902427	380.56189678251326
186272419.715712	112993941102.63802	156811619191.583	10533566634.830048	-17167.741313592313	20357.637869947426	379.8679261847193
186276019.715712	112932123839.88028	156884888093.5588	10534932910.459051	-17175.18131308663	20347.30749135778	379.1741168059711
186279619.715712	112870279805.30106	156958119804.22153	10536296688.664625	-17182.61454818775	20336.976030073572	378.48046874133104
186283219.715712	112808409023.2474	157031314319.6808	10537657970.02768	-17190.041021524725	20326.643490030252	377.7869820856299
186286819.715712	112746511518.05702	157104471636.06006	10539016755.129452	-17197.460735727345	20316.309875158604	377.09365693346746
186290419.715712	112684587314.05801	157177591749.4969	10540373044.55152	-17204.873693426136	20305.975189384793	376.4004933792127
186294019.715712	112622636435.56898	157250674656.14322	10541726838.87581	-17212.279897252356	20295.639436630325	375.7074915170028
186297619.715712	112560658906.89928	157323720352.16498	10543078138.684586	-17219.679349837977	20285.30262081209	375.0146514407472
186301219.715712	112498654752.3485	157396728833.7421	10544426944.56044	-17227.07205381569	20274.964745842328	374.3219732441233
186304819.715712	112436623996.20694	157469700097.06873	10545773257.086308	-17234.45801181892	20264.625815628668	373.62945702057993
186308419.715712	112374566662.75539	157542634138.353	10547117076.845467	-17241.837226481788	20254.285834074108	372.93710286333635
186312019.715712	112312482776.26517	157615530953.81708	10548458404.421516	-17249.209700439107	20243.94480507703	372.2449108653835
186315619.715712	112250372360.99792	157688390539.69727	10549797240.3984	-17256.575436326417	20233.602732531188	371.5528811194825
186319219.715712	112188235441.20613	157761212892.24374	10551133585.36039	-17263.934436779935	20223.25962032574	370.8610137181678
186322819.715712	112126072041.13249	157833998007.7207	10552467439.892096	-17271.286704436578	20212.915472345227	370.1693087537441
186326419.715712	112063882185.0104	157906745882.40637	10553798804.578453	-17278.632241933938	20202.57029246959	369.47776631829026
186330019.715712	112001665897.06358	157979456512.59286	10555127680.004734	-17285.971051910306	20192.224084574158	368.78638650365576
186333619.715712	111939423201.50648	158052129894.5863	10556454066.756535	-17293.303137004623	20181.876852529676	368.0951694014652
186337219.715712	111877154122.54385	158124766024.70673	10557777965.419786	-17300.628499856517	20171.528600202295	367.40411510311503
186340819.715712	111814858684.37102	158197364899.28802	10559099376.58075	-17307.947143106303	20161.17933145355	366.7132236997751
186344419.715712	111752536911.17383	158269926514.6781	10560418300.826008	-17315.259069394917	20150.829050140426	366.02249528238997
186348019.715712	111690188827.12856	158342450867.23862	10561734738.742476	-17322.56428136397	20140.4777601153	365.33192994167825
186351619.715712	111627814456.402	158414937953.3451	10563048690.917387	-17329.862781655745	20130.125465225978	364.64152776813273
186355219.715712	111565413823.15144	158487387769.38705	10564360157.938314	-17337.154572913143	20119.772169315693	363.95128885202126
186358819.715712	111502986951.52469	158559800311.76758	10565669140.393139	-17344.439657779727	20109.417876223102	363.26121328338706
186362419.715712	111440533865.65996	158632175576.90384	10566975638.87008	-17351.71803889969	20099.062589782297	362.5713011520482
186366019.715712	111378054589.68593	158704513561.2266	10568279653.95767	-17358.989718917866	20088.7063138228	361.8815525475986
186369619.715712	111315549147.7219	158776814261.1805	10569581186.244762	-17366.25470047971	20078.349052169582	361.191967559409
186373219.715712	111253017563.8775	158849077673.22397	10570880236.320543	-17373.512986231308	20067.990808643044	360.5025462766256
186376819.715712	111190459862.25282	158921303793.82904	10572176804.774506	-17380.764578819362	20057.631587059044	359.8132887881716
186380419.715712	111127876066.9386	158993492619.48166	10573470892.196476	-17388.00948089119	20047.27139122889	359.1241951827475
186384019.715712	111065266202.01587	159065644146.68137	10574762499.176588	-17395.247695094724	20036.910224959327	358.43526554883044
186387619.715712	111002630291.5562	159137758371.9414	10576051626.305298	-17402.4792240785	20026.54809205259	357.7464999746762
186391219.715712	110939968359.62158	159209835291.78873	10577338274.173382	-17409.70407049165	20016.184996306347	357.05789854831744
186394819.715712	110877280430.26453	159281874902.76398	10578622443.371931	-17416.92223698392	20005.820941513735	356.369461357565
186398419.715712	110814566527.528	159353877201.42133	10579904134.492346	-17424.13372620562	19995.455931463388	355.6811884900099
186402019.715712	110751826675.44543	159425842184.32874	10581183348.12635	-17431.338540807672	19985.089969939363	354.9930800330201
186405619.715712	110689060898.04057	159497769848.06766	10582460084.86598	-17438.53668344157	19974.72306072124	354.3051360737434
186409219.715712	110626269219.3278	159569660189.23322	10583734345.303583	-17445.7281567594	19964.35520758405	353.6173566991073
186412819.715712	110563451663.3119	159641513204.43408	10585006130.031818	-17452.9129634138	19953.986414298324	352.9297419958192
186416419.715712	110500608253.98807	159713328890.2925	10586275439.643663	-17460.091106057993	19943.616684630066	352.24229205036545
186420019.715712	110437739015.3419	159785107243.44434	10587542274.732397	-17467.26258734577	19933.246022340776	351.5550069490138
186423619.715712	110374843971.34953	159856848260.53876	10588806635.891611	-17474.42740993146	19922.874431187454	350.8678867778128
186427219.715712	110311923145.9776	159928551938.23874	10590068523.715216	-17481.585576469974	19912.50191492261	350.180931622592
186430819.715712	110248976563.18307	160000218273.2206	10591327938.797419	-17488.737089616756	19902.12847729422	349.49414156896137
186434419.715712	110186004246.91325	160071847262.1741	10592584881.732735	-17495.881952027812	19891.754122045808	348.80751670231325
186438019.715712	110123006221.10617	160143438901.80258	10593839353.116	-17503.020166359674	19881.378852916372	348.12105710782157
186441619.715712	110059982509.69	160214993188.82294	10595091353.542341	-17510.15173526944	19871.002673640432	347.4347628704419
186445219.715712	109996933136.58353	160286510119.96515	10596340883.607197	-17517.2766614147	19860.62558794805	346.7486340749141
186448819.715712	109933858125.69594	160357989691.97293	10597587943.906311	-17524.394947453606	19850.24759956478	346.0626708057591
186452419.715712	109870757500.92682	160429431901.60327	10598832535.03573	-17531.506596044826	19839.868712211697	345.37687314728146
186456019.715712	109807631286.16615	160500836745.62656	10600074657.591806	-17538.61160984754	19829.48892960544	344.69124118357007
186459619.715712	109744479505.29446	160572204220.82657	10601314312.171188	-17545.709991521457	19819.108255458144	344.00577499849624
186463219.715712	109681302182.18259	160643534324.0004	10602551499.37083	-17552.801743726774	19808.726693477496	343.3204746757158
186466819.715712	109618099340.69182	160714827051.95865	10603786219.787989	-17559.88686912423	19798.344247366706	342.6353402986689
186470419.715712	109554871004.67386	160786082401.52487	10605018474.020212	-17566.96537037503	19787.960920824567	341.9503719505813
186474019.715712	109491617197.97087	160857300369.53647	10606248262.665365	-17574.037250140915	19777.57671754536	341.26556971446144
186477619.715712	109428337944.41545	160928480952.8436	10607475586.321592	-17581.10251108408	19767.191641218964	340.58093367310573
186481219.715712	109365033267.8305	160999624148.31	10608700445.587347	-17588.161155867234	19756.80569553079	339.896463909094
186484819.715712	109301703192.02942	161070729952.81262	10609922841.06137	-17595.213187153568	19746.41888416181	339.21216050479296
186488419.715712	109238347740.81595	161141798363.2416	10611142773.34271	-17602.258607606753	19736.031210788555	338.52802354235484
186492019.715712	109174966937.98442	161212829376.5003	10612360243.030704	-17609.29741989092	19725.642679083143	337.8440531037197
186495619.715712	109111560807.31935	161283822989.50537	10613575250.724983	-17616.329626670697	19715.253292713216	337.1602492706123
186499219.715712	109048129372.59581	161354779199.18665	10614787797.025476	-17623.355230611163	19704.863055342048	336.47661212454665
186502819.715712	108984672657.57915	161425698002.48706	10615997882.532402	-17630.374234377872	19694.471970628423	335.7931417468218
186506419.715712	108921190686.02527	161496579396.36273	10617205507.846272	-17637.386640636818	19684.08004222677	335.1098382185271
186510019.715712	108857683481.68037	161567423377.78302	10618410673.567892	-17644.39245205447	19673.687273787047	334.42670162053724
186513619.715712	108794151068.2811	161638229943.73035	10619613380.298355	-17651.391671297744	19663.29366895483	333.7437320335166
186517219.715712	108730593469.55446	161708999091.2002	10620813628.639042	-17658.384301033984	19652.899231371284	333.0609295379186
186520819.715712	108667010709.21786	161779730817.20123	10622011419.191633	-17665.37034393099	19642.503964673157	332.37829421398396
186524419.715712	108603402810.97914	161850425118.75528	10623206752.558086	-17672.34980265701	19632.107872492797	331.69582614174345
186528019.715712	108539769798.53653	161921081992.897	10624399629.340652	-17679.3226798807	19621.71095845817	331.0135254010176
186531619.715712	108476111695.57864	161991701436.67426	10625590050.141867	-17686.288978271165	19611.31322619284	330.3313920714164
186535219.715712	108412428525.7844	162062283447.148	10626778015.564554	-17693.248700497923	19600.91467931596	329.64942623233935
186538819.715712	108348720312.82327	162132828021.39218	10627963526.211824	-17700.20184923092	19590.515321442334	328.9676279629772
186542419.715712	108284987080.3549	162203335156.4936	10629146582.687067	-17707.148427140513	19580.11515618235	328.2859973423105
186546019.715712	108221228852.02959	162273804849.55212	10630327185.593958	-17714.088436897473	19569.714187142043	327.6045344491117
186549619.715712	108157445651.4878	162344237097.6808	10631505335.536467	-17721.021881172986	19559.312417923044	326.92323936194316
186553219.715712	108093637502.36049	162414631898.00528	10632681033.118828	-17727.948762638618	19548.909852122637	326.24211215916046
186556819.715712	108029804428.26898	162484989247.6645	10633854278.945568	-17734.86908396637	19538.506493333727	325.5611529189095
186560419.715712	107965946452.82492	162555309143.81006	10635025073.621494	-17741.782847828596	19528.102345144856	324.88036171912927
186564019.715712	107902063599.63039	162625591583.60657	10636193417.75169	-17748.690056898082	19517.697411140216	324.1997386375509
186567619.715712	107838155892.27779	162695836564.23157	10637359311.941519	-17755.590713847978	19507.29169489961	323.51928375169774
186571219.715712	107774223354.34999	162766044082.8755	10638522756.796629	-17762.48482135182	19496.885199998527	322.83899713888707
186574819.715712	107710266009.42015	162836214136.74146	10639683752.922937	-17769.372382083522	19486.477930008088	322.15887887622875
186578419.715712	107646283881.05191	162906346723.0457	10640842300.92665	-17776.253398717374	19476.069888495065	321.4789290406267
186582019.715712	107582276992.79913	162976441839.01706	10641998401.414236	-17783.12787392804	19465.6610790219	320.7991477087785
186585619.715712	107518245368.20615	163046499481.8973	10643152054.992449	-17789.995810390537	19455.251505146676	320.1195349571762
186589219.715712	107454189030.80762	163116519648.94107	10644303262.268314	-17796.85721078026	19444.84117042316	319.44009086210554
186592819.715712	107390108004.12856	163186502337.41562	10645452023.849136	-17803.712077772965	19434.430078400786	318.760815499648
186596419.715712	107326002311.6845	163256447544.60107	10646598340.342484	-17810.56041404473	19424.01823262466	318.08170894568025
186600019.715712	107261871976.98112	163326355267.79022	10647742212.356203	-17817.40222227202	19413.605636635562	317.4027712758733
186603619.715712	107197717023.51462	163396225504.28885	10648883640.49842	-17824.23750513163	19403.192293969936	316.72400256569426
186607219.715712	107133537474.7714	163466058251.41504	10650022625.37752	-17831.066265300688	19392.778208159943	316.04540289040676
186610819.715712	107069333354.2285	163535853506.5	10651159167.602163	-17837.888505456674	19382.363382733416	315.36697232507026
186614419.715712	107005104685.35292	163605611266.8874	10652293267.781279	-17844.704228277395	19371.94782121386	314.68871094454016
186618019.715712	106940851491.60243	163675331529.9337	10653424926.524076	-17851.513436440993	19361.53152712051	314.0106188234698
186621619.715712	106876573796.42487	163745014293.00784	10654554144.44001	-17858.31613262592	19351.114503968274	313.3326960363089
186625219.715712	106812271623.25871	163814659553.49158	10655680922.138828	-17865.11231951096	19340.696755267792	312.6549426573058
186628819.715712	106747944995.53236	163884267308.77933	10656805260.230522	-17871.901999775222	19330.27828452536	311.977358760504
186632419.715712	106683593936.66501	163953837556.27795	10657927159.325369	-17878.685176098123	19319.859095243035	311.29994441974776
186636019.715712	106619218470.06596	164023370293.40704	10659046620.0339	-17885.461851159365	19309.43919091856	310.6226997086782
186639619.715712	106554818619.135	164092865517.5987	10660163642.966917	-17892.232027638995	19299.018575045404	309.9456247007352
186643219.715712	106490394407.26205	164162323226.2977	10661278228.735477	-17898.995708217342	19288.59725111275	309.2687194691574
186646819.715712	106425945857.8277	164231743416.96124	10662390377.950914	-17905.75289557503	19278.175222605518	308.5919840869833
186650419.715712	106361472994.2026	164301126087.05914	10663500091.224812	-17912.50359239297	19267.752493004344	307.91541862705026
186654019.715712	106296975839.7479	164370471234.07367	10664607369.169022	-17919.24780135238	19257.32906578561	307.2390231619954
186657619.715712	106232454417.81503	164439778855.49982	10665712212.395658	-17925.98552513477	19246.90494442141	306.5627977642554
186661219.715712	106167908751.74591	164509048948.84473	10666814621.517094	-17932.716766421887	19236.48013237961	305.88674250606863
186664819.715712	106103338864.87259	164578281511.62827	10667914597.145956	-17939.441527895808	19226.054633123793	305.2108574594729
186668419.715712	106038744780.51758	164647476541.3827	10669012139.895138	-17946.159812238842	19215.6284501133	304.5351426963075
186672019.715712	105974126521.99382	164716634035.6527	10670107250.377794	-17952.871622133604	19205.201586803236	303.8595982882127
186675619.715712	105909484112.60437	164785753991.99548	10671199929.207325	-17959.576960262944	19194.774046644423	303.1842243066298
186679219.715712	105844817575.64284	164854836407.9805	10672290176.9974	-17966.275829309998	19184.345833083476	302.50902082280265
186682819.715712	105780126934.393	164923881281.18973	10673377994.361935	-17972.968231958137	19173.91694956277	301.83398790777676
186686419.715712	105715412212.12918	164992888609.21753	10674463381.915104	-17979.654170891008	19163.48739952043	301.15912563240016
186690019.715712	105650673432.11581	165061858389.67056	10675546340.27134	-17986.33364879249	19153.057186390342	300.4844340673229
186693619.715712	105585910617.60788	165130790620.16797	10676626870.045326	-17993.00666834672	19142.6263136022	299.8099132829989
186697219.715712	105521123791.85057	165199685298.34103	10677704971.852	-17999.67323223807	19132.194784581447	299.1355633496846
186700819.715712	105456312978.07935	165268542421.83353	10678780646.306547	-18006.333343151156	19121.76260274931	298.46138433744
186704419.715712	105391478199.5202	165337361988.30154	10679853894.024418	-18012.987003770835	19111.329771522815	297.7873763161289
186708019.715712	105326619479.38933	165406143995.41333	10680924715.621296	-18019.634216782175	19100.89629431476	297.11353935541956
186711619.715712	105261736840.89325	165474888440.84955	10681993111.713133	-18026.274984870488	19090.46217453374	296.439873524784
186715219.715712	105196830307.22893	165543595322.30295	10683059082.916113	-18032.909310721298	19080.027415584143	295.76637889349917
186718819.715712	105131899901.58356	165612264637.47882	10684122629.846687	-18039.537197020367	19069.592020866166	295.09305553064684
186722419.715712	105066945647.13464	165680896384.09436	10685183753.12154	-18046.158646453652	19059.1559937758	294.41990350511395
186726019.715712	105001967567.05008	165749490559.8792	10686242453.357613	-18052.77366170733	19048.71933770483	293.7469228855929
186729619.715712	104936965684.48817	165818047162.5751	10687298731.172085	-18059.382245467783	19038.282056040895	293.0741137405822
186733219.715712	104871940022.59727	165886566189.93604	10688352587.182396	-18065.98440042161	19027.84415216738	292.40147613838553
186736819.715712	104806890604.51643	165955047639.72815	10689404022.006216	-18072.580129255588	19017.405629463556	291.7290101471142
186740419.715712	104741817453.37476	166023491509.7296	10690453036.261467	-18079.169434656716	19006.96649130448	291.05671583468506
186744019.715712	104676720592.29182	166091897797.73102	10691499630.566322	-18085.752319312167	18996.526741061032	290.3845932688223
186747619.715712	104611600044.37744	166160266501.5348	10692543805.53918	-18092.3287859093	18986.08638209994	289.71264251705725
186751219.715712	104546455832.73172	166228597618.95572	10693585561.7987	-18098.89883713569	18975.645417783726	289.04086364672804
186754819.715712	104481287980.44524	166296891147.82047	10694624899.963776	-18105.46247567905	18965.203851470804	288.36925672498194
186758419.715712	104416096510.59882	166365147085.96796	10695661820.653542	-18112.019704227318	18954.761686515383	287.6978218187729
186762019.715712	104350881446.26357	166433365431.24908	10696696324.487373	-18118.57052546856	18944.31892626754	287.02655899486416
186765619.715712	104285642810.50098	166501546181.52673	10697728412.08488	-18125.114942091044	18933.875574073194	286.3554683198271
186769219.715712	104220380626.36281	166569689334.67603	10698758084.06593	-18131.652956783193	18923.431633274096	285.68454986004156
186772819.715712	104155094916.89122	166637794888.58398	10699785341.050611	-18138.184572233597	18912.987107207882	285.01380368169714
186776419.715712	104089785705.1186	166705862841.1496	10700810183.659256	-18144.709791131005	18902.541999208028	284.3432298507927
186780019.715712	104024453014.06772	166773893190.28394	10701832612.512432	-18151.228616164317	18892.09631260388	283.672828433137
186783619.715712	103959096866.75163	166841885933.91006	10702852628.23095	-18157.7410500226	18881.650050720633	283.00259949434786
186787219.715712	103893717286.17375	166909841069.9628	10703870231.435844	-18164.24709539504	18871.203216879378	282.33254309985483
186790819.715712	103828314295.3278	166977758596.38916	10704885422.7484	-18170.746754970998	18860.755814397064	281.66265931489704
186794419.715712	103762887917.19771	167045638511.14804	10705898202.790123	-18177.240031439964	18850.307846586515	280.99294820452434
186798019.715712	103697438174.75787	167113480812.2102	10706908572.18276	-18183.726927491567	18839.85931675643	280.32340983359785
186801619.715712	103631965090.97302	167181285497.55823	10707916531.548288	-18190.20744581557	18829.41022821142	279.65404426679106
186805219.715712	103566468688.79803	167249052565.18683	10708922081.508923	-18196.681589101852	18818.960584251952	278.98485156858726
186808819.715712	103500948991.17828	167316782013.10233	10709925222.687103	-18203.149360040446	18808.510388174418	278.3158318032836
186812419.715712	103435406021.04938	167384473839.3231	10710925955.705502	-18209.610761321488	18798.059643271066	277.646985034988
186816019.715712	103369839801.33713	167452128041.8792	10711924281.187029	-18216.06579563524	18787.608352830077	276.97831132762167
186819619.715712	103304250354.95796	167519744618.8127	10712920199.75481	-18222.51446567208	18777.156520135515	276.3098107449184
186823219.715712	103238637704.81822	167587323568.17743	10713913712.032215	-18228.956774122504	18766.704148467354	275.641483350424
186826819.715712	103173001873.81488	167654864888.03888	10714904818.642834	-18235.392723677105	18756.25124110148	274.97332920749966
186830419.715712	103107342884.83517	167722368576.47443	10715893520.210487	-18241.822317026574	18745.79780130971	274.3053483793192
186834019.715712	103041660760.7565	167789834631.57336	10716879817.359219	-18248.24555686174	18735.34383235974	273.63754092886916
186837619.715712	102975955524.44676	167857263051.43634	10717863710.713306	-18254.66244587348	18724.88933751523	272.9699069189523
186841219.715712	102910227198.76402	167924653834.17627	10718845200.89724	-18261.072986752817	18714.43432003574	272.30244641218394
186844819.715712	102844475806.5567	167992006977.91736	10719824288.535751	-18267.47718219082	18703.978783176753	271.63515947099575
186848419.715712	102778701370.66353	168059322480.79578	10720800974.253786	-18273.875034878678	18693.52273018971	270.9680461576329
186852019.715712	102712903913.9136	168126600340.9593	10721775258.676516	-18280.266547507646	18683.06616432196	270.30110653415636
186855619.715712	102647083459.12631	168193840556.56732	10722747142.429335	-18286.651722769064	18672.60908881682	269.6343406624436
186859219.715712	102581240029.11131	168261043125.79108	10723716626.13786	-18293.03056335435	18662.151506913524	268.96774860418634
186862819.715712	102515373646.66855	168328208046.8133	10724683710.427933	-18299.403071954996	18651.693421847274	268.30133042089346
186866419.715712	102449484334.5884	168395335317.82846	10725648395.925615	-18305.769251262558	18641.23483684921	267.6350861738895
186870019.715712	102383572115.65138	168462424937.04257	10726610683.257181	-18312.12910396867	18630.77575514642	266.96901592431584
186873619.715712	102317637012.62851	168529476902.6733	10727570573.049137	-18318.482632765015	18620.31617996199	266.3031197331315
186877219.715712	102251679048.28094	168596491212.95	10728528065.928205	-18324.829840343347	18609.85611451491	265.6373976611113
186880819.715712	102185698245.36029	168663467866.1134	10729483162.521317	-18331.170729395475	18599.395562020178	264.97184976884853
186884419.715712	102119694626.6083	168730406860.41595	10730435863.45563	-18337.505302613252	18588.934525688743	264.30647611675386
186888019.715712	102053668214.75723	168797308194.12158	10731386169.358515	-18343.83356268858	18578.47300872754	263.641276765056
186891619.715712	101987619032.52945	168864171865.50586	10732334080.857569	-18350.155512313428	18568.011014339456	262.9762517738013
186895219.715712	101921547102.63788	168930997872.85577	10733279598.580593	-18356.471154179773	18557.548545723403	262.3114012028566
186898819.715712	101855452447.78545	168997786214.46985	10734222723.155605	-18362.78049097966	18547.085606074223	261.64672511190474
186902419.715712	101789335090.66563	169064536888.6581	10735163455.210844	-18369.083525405167	18536.622198582783	260.98222356044965
186906019.715712	101723195053.96216	169131249893.742	10736101795.37476	-18375.380260148377	18526.15832643594	260.31789660781476
186909619.715712	101657032360.34895	169197925228.05463	10737037744.276009	-18381.670697901427	18515.693992816523	259.65374431314115
186913219.715712	101590847032.49045	169264562889.94037	10737971302.543476	-18387.954841356484	18505.229200903374	258.9897667353912
186916819.715712	101524639093.0411	169331162877.755	10738902470.806234	-18394.23269320571	18494.763953871345	258.3259639333477
186920419.715712	101458408564.64606	169397725189.8659	10739831249.693596	-18400.504256141314	18484.29825489128	257.66233596561335
