177839655.3504	-0.005235718150701498	0.002792488744388444	-0.00021923115988551205
177843255.3504	-0.0052271354768971354	0.0027967084878030876	-0.00021298218423324288
177846855.3504	-0.0052190558622766765	0.0028005359730995574	-0.00020704095432045022
177850455.3504	-0.005211447444059842	0.002803995635254628	-0.0002013882010041975
177854055.3504	-0.0052042808345915325	0.0028071100199288674	-0.00019600614778309027
177857655.3504	-0.005197528893158575	0.0028098999568239693	-0.00019087837354431707
177861255.3504	-0.005191166522056229	0.0028123847146959936	-0.0001859896898662772
177864855.3504	-0.00518517048399638	0.0028145821402167683	-0.00018132603113401878
177868455.3504	-0.005179519238336119	0.0028165087825845676	-0.0001768743559562616
177872055.3504	-0.005174192793936351	0.0028181800055366107	-0.00017262255857077537
177875655.3504	-0.005169172576743726	0.002819610088202577	-0.00016855938909495838
177879255.3504	-0.005164441310431587	0.002820812316055678	-0.00016467438162348237
177882855.3504	-0.005159982908644771	0.002821799063060324	-0.00016095778930015376
177886455.3504	-0.005155782377573795	0.0028225818659798293	-0.00015740052559943206
177890055.3504	-0.005151825727739069	0.0028231714916900803	-0.00015399411114597693
177893655.3504	-0.005148099894001009	0.002823577998243788	-0.0001507306254815498
177897255.3504	-0.005144592662928728	0.002823810790341415	-0.00014760266325865933
177900855.3504	-0.0051412926067618886	0.0028238786697884193	-0.000144603294401432
177904455.3504	-0.005138189023288604	0.002823789881451442	-0.00014172602782705493
177908055.3504	-0.005135271881040077	0.002823552155167761	-0.0001389647783678313
177911655.3504	-0.0051325317692698215	0.002823172744011198	-0.00013631383657422452
177915255.3504	-0.005129959852244903	0.0028226584592730515	-0.0001337678411147931
177918855.3504	-0.005127547827428487	0.002822015702477149	-0.00013132175352031803
177922455.3504	-0.005125287887178706	0.0028212504947136975	-0.00012897083504662417
177926055.3504	-0.005123172683629135	0.0028203685035461707	-0.00012671062545484505
177929655.3504	-0.005121195296451572	0.0028193750677185073	-0.0001245369235291504
177933255.3504	-0.0051193492032333985	0.0028182752198662574	-0.00012244576917093682
177936855.3504	-0.0051176282522291195	0.0028170737074143214	-0.00012043342692475476
177940455.3504	-0.005116026637270837	0.00281577501182519	-0.00011849637080654076
177944055.3504	-0.005114538874643679	0.0028143833663452165	-0.00011663127031733151
177947655.3504	-0.005113159781751895	0.0028129027723816365	-0.0001148349775375461
177951255.3504	-0.005111884457418512	0.0028113370146299684	-0.00011310451520729525
177954855.3504	-0.005110708263676845	0.0028096896750599205	-0.0001114370657072701
177958455.3504	-0.005109626808925742	0.0028079641458572885	-0.00010982996086311113
177962055.3504	-0.005108635932332844	0.0028061636414101797	-0.00010828067250351566
177965655.3504	-0.0051077316893810695	0.0028042912094195785	-0.00010678680370888833
177969255.3504	-0.005106910338463261	0.0028023497412066334	-0.00010534608069330939
177972855.3504	-0.005106168328438914	0.0028003419812826147	-0.00010395634526784744
177976455.3504	-0.00510550228707455	0.0027982705362411962	-0.00010261554783798677
177980055.3504	-0.005104909010296737	0.002796137883027585	-0.00010132174089226635
177983655.3504	-0.005104385452192842	0.00279394637663384	-0.00010007307294308404
177987255.3504	-0.005103928715700584	0.0027916982572657044	-9.886778288396947e-05
177990855.3504	-0.005103536043932541	0.0027893956570218966	-9.770419473097144e-05
177994455.3504	-0.005103204812086474	0.0027870406061236462	-9.658071271838046e-05
177998055.3504	-0.005102932519896642	0.0027846350387286944	-9.549581672180021e-05
178001655.3504	-0.0051027167845850065	0.0027821807983612105	-9.444805798373212e-05
178005255.3504	-0.0051025553342747875	0.0027796796429864355	-9.34360551189802e-05
178008855.3504	-0.005102446001831991	0.0027771332497563872	-9.245849037912357e-05
178012455.3504	-0.00510238671910327	0.0027745432194507813	-9.151410615697087e-05
178016055.3504	-0.005102375511521268	0.0027719110806354217	-9.06017017135069e-05
178019655.3504	-0.005102410493050786	0.0027692382935584165	-8.97201301112587e-05
178023255.3504	-0.005102489861451324	0.002766526253802961	-8.886829533930431e-05
178026855.3504	-0.0051026118938335705	0.002763776295713971	-8.804514961633801e-05
178030455.3504	-0.005102774942489088	0.002760989695614418	-8.724969085927317e-05
178034055.3504	-0.005102977430974143	0.00275816767482603	-8.648096030584523e-05
178037655.3504	-0.005103217850430098	0.0027553114025078537	-8.573804028057388e-05
178041255.3504	-0.005103494756124131	0.002752421998325125	-8.50200520942943e-05
178044855.3504	-0.005103806764195325	0.0027495005349599806	-8.432615406816058e-05
178048455.3504	-0.005104152548592257	0.00274654804047463	-8.365553967377293e-05
178052055.3504	-0.005104530838189293	0.002743565500536834	-8.300743578165325e-05
178055655.3504	-0.005104940414069761	0.002740553860516785	-8.238110101093575e-05
178059255.3504	-0.005105380106965022	0.002737514027463834	-8.177582417359113e-05
178062855.3504	-0.005105848794839298	0.002734446871970882	-8.119092280708324e-05
178066455.3504	-0.005106345400610776	0.0027313532299336582	-8.062574178968363e-05
178070055.3504	-0.005106868890000342	0.0027282339042116323	-8.007965203323825e-05
178073655.3504	-0.005107418269499737	0.0027250896661968047	-7.955204924837866e-05
178077255.3504	-0.005107992584451683	0.0027219212572961613	-7.904235277770026e-05
178080855.3504	-0.005108590917234911	0.0027187293903331916	-7.855000449258679e-05
178084455.3504	-0.0051092123855475844	0.0027155147508735036	-7.807446774978553e-05
178088055.3504	-0.0051098561407831086	0.0027122779984791686	-7.761522640403522e-05
178091655.3504	-0.005110521366492603	0.002709019767896183	-7.717178387333215e-05
178095255.3504	-0.00511120727692885	0.002705740670179063	-7.674366225364604e-05
178098855.3504	-0.0051119131156667505	0.0027024412937563798	-7.633040148010647e-05
178102455.3504	-0.005112638154295777	0.0026991222054407464	-7.593155853189767e-05
178106055.3504	-0.005113381691180104	0.0026957839513865236	-7.55467066782772e-05
178109655.3504	-0.005114143050282483	0.002692427057998369	-7.517543476327685e-05
178113255.3504	-0.005114921580048085	0.0026890520327934324	-7.481734652686807e-05
178116855.3504	-0.005115716652344875	0.0026856593652199285	-7.44720599604452e-05
178120455.3504	-0.005116527661457258	0.0026822495274345924	-7.413920669467401e-05
178124055.3504	-0.005117354023129918	0.0026788229750413215	-7.381843141785449e-05
178127655.3504	-0.005118195173659075	0.0026753801477932587	-7.350939132306861e-05
178131255.3504	-0.005119050569028382	0.0026719214702603314	-7.321175558248852e-05
178134855.3504	-0.005119919684087096	0.0026684473524642084	-7.292520484734067e-05
178138455.3504	-0.0051208020117680456	0.0026649581904824504	-7.264943077208341e-05
178142055.3504	-0.005121697062343313	0.0026614543670235775	-7.23841355614942e-05
178145655.3504	-0.005122604362715486	0.0026579362519746318	-7.21290315393809e-05
178149255.3504	-0.005123523455742564	0.002654404202922727	-7.188384073776118e-05
178152855.3504	-0.005124453899594744	0.0026508585656519986	-7.16482945054078e-05
178156455.3504	-0.005125395267141328	0.002647299674617276	-7.142213313470935e-05
178160055.3504	-0.0051263471453661434	0.0026437278533956903	-7.120510550588297e-05
178163655.3504	-0.005127309134810009	0.002640143415117412	-7.099696874761611e-05
178167255.3504	-0.0051282808490387966	0.0026365466628766087	-7.079748791328027e-05
178170855.3504	-0.005129261914135752	0.002632937890123648	-7.060643567189045e-05
178174455.3504	-0.005130251968216831	0.002629317381039524	-7.042359201307189e-05
178178055.3504	-0.00513125066096783	0.00262568541089341	-7.024874396528156e-05
178181655.3504	-0.005132257653202249	0.002622042246384231	-7.008168532662918e-05
178185255.3504	-0.005133272616438793	0.002618388145967032	-6.992221640765342e-05
178188855.3504	-0.005134295232497517	0.002614723360164937	-6.977014378543907e-05
178192455.3504	-0.005135325193113698	0.0026110481318674097	-6.962528006851779e-05
178196055.3504	-0.005136362199568571	0.002607362696615509	-6.94874436720103e-05
178199655.3504	-0.0051374059623359785	0.002603667282874757	-6.935645860250252e-05
178203255.3504	-0.005138456200744354	0.0025999621122962846	-6.923215425217553e-05
178206855.3504	-0.005139512642653062	0.0025962473999667666	-6.911436520173578e-05
178210455.3504	-0.0051405750241425435	0.002592523354647722	-6.900293103172394e-05
178214055.3504	-0.005141643089217582	0.00258879017900471	-6.889769614179121e-05
178217655.3504	-0.005142716589522976	0.0025850480698268704	-6.879850957755699e-05
178221255.3504	-0.005143795284071142	0.002581297218237301	-6.870522486469793e-05
178224855.3504	-0.005144878938980983	0.002577537809894694	-6.861769984991177e-05
178228455.3504	-0.005145967327227534	0.002573770025186627	-6.853579654844261e-05
178232055.3504	-0.005147060228401893	0.002569994039414955	-6.845938099785081e-05
178235655.3504	-0.005148157428480925	0.0025662100229735924	-6.838832311774424e-05
178239255.3504	-0.005149258719606299	0.002562418141519123	-6.832249657518695e-05
178242855.3504	-0.005150363899872432	0.0025586185561344943	-6.826177865552995e-05
178246455.3504	-0.0051514727731229145	0.0025548114234861612	-6.820605013841224e-05
178250055.3504	-0.005152585148755078	0.0025509968959749668	-6.815519517870078e-05
178253655.3504	-0.0051537008415322464	0.00254717512188103	-6.810910119213373e-05
178257255.3504	-0.005154819671403434	0.002543346245502918	-6.80676587454763e-05
178260855.3504	-0.005155941463330066	0.0025395104072913803	-6.803076145096256e-05
178264455.3504	-0.005157066047119453	0.0025356677439778465	-6.799830586485315e-05
178268055.3504	-0.005158193257264738	0.0025318183886979613	-6.797019138991359e-05
178271655.3504	-0.005159322932790941	0.0025279624711103325	-6.794632018164798e-05
178275255.3504	-0.005160454917106966	0.0025241001175107525	-6.792659705811421e-05
178278855.3504	-0.005161589057863223	0.002520231450942045	-6.791092941318376e-05
178282455.3504	-0.005162725206814589	0.002516356591299747	-6.7899227133067e-05
178286055.3504	-0.0051638632196886105	0.002512475655433813	-6.789140251599776e-05
178289655.3504	-0.005165002956058581	0.002508588757246492	-6.78873701949136e-05
178293255.3504	-0.00516614427922137	0.002504696007786558	-6.788704706301684e-05
178296855.3504	-0.005167287056079779	0.002500797515340043	-6.789035220209937e-05
178300455.3504	-0.005168431157029226	0.002496893385517612	-6.78972068134976e-05
178304055.3504	-0.0051695764558485876	0.0024929837213387355	-6.790753415158715e-05
178307655.3504	-0.005170722829595013	0.0024890686233127795	-6.792125945969542e-05
178311255.3504	-0.005171870158502576	0.002485148189517154	-6.79383099083438e-05
178314855.3504	-0.005173018325884541	0.0024812225156726317	-6.795861453570931e-05
178318455.3504	-0.005174167218039195	0.0024772916952159585	-6.798210419023341e-05
178322055.3504	-0.005175316724158985	0.002473355819369859	-6.800871147527236e-05
178325655.3504	-0.005176466736242922	0.002469414977210555	-6.803837069571618e-05
178329255.3504	-0.005177617149012065	0.002465469255732891	-6.807101780649457e-05
178332855.3504	-0.005178767859827974	0.00246151873991316	-6.81065903628913e-05
178336455.3504	-0.0051799187686140296	0.0024575635127697267	-6.814502747260039e-05
178340055.3504	-0.0051810697777794745	0.0024536036554215356	-6.81862697494454e-05
178343655.3504	-0.005182220792146094	0.0024496392471445843	-6.823025926870937e-05
178347255.3504	-0.005183371718877444	0.0024456703654264574	-6.827693952399744e-05
178350855.3504	-0.00518452246741044	0.002441697086018954	-6.832625538558147e-05
178354455.3504	-0.005185672949389379	0.0024377194829889575	-6.837815306016558e-05
178358055.3504	-0.005186823078602108	0.0024337376287675294	-6.843258005202052e-05
178361655.3504	-0.005187972770918409	0.002429751594197378	-6.84894851254267e-05
178365255.3504	-0.00518912194423042	0.0024257614485786888	-6.854881826838371e-05
178368855.3504	-0.005190270518395082	0.002421767259713448	-6.861053065753352e-05
178372455.3504	-0.00519141841517847	0.0024177690939482664	-6.86745746242509e-05
178376055.3504	-0.005192565558201992	0.002413767016215785	-6.874090362185911e-05
178379655.3504	-0.005193711872890353	0.0024097610900747097	-6.880947219392822e-05
178383255.3504	-0.005194857286421234	0.002405751377748534	-6.888023594361124e-05
178386855.3504	-0.005196001727676588	0.002401737940162971	-6.89531515039838e-05
178390455.3504	-0.005197145127195568	0.002397720836982194	-6.902817650934999e-05
178394055.3504	-0.005198287417128929	0.0023937001266438706	-6.910526956747627e-05
178397655.3504	-0.005199428531194937	0.002389675866393089	-6.918439023271847e-05
178401255.3504	-0.005200568404636659	0.0023856481123151712	-6.926549898001393e-05
178404855.3504	-0.005201706974180641	0.0023816169193674477	-6.934855717970125e-05
178408455.3504	-0.005202844177996896	0.002377582341410019	-6.943352707314304e-05
178412055.3504	-0.005203979955660136	0.002373544431235529	-6.952037174911695e-05
178415655.3504	-0.005205114248112242	0.0023695032405980057	-6.960905512095263e-05
178419255.3504	-0.005206246997625925	0.0023654588202408028	-6.969954190438601e-05
178422855.3504	-0.005207378147769475	0.0023614112199236413	-6.979179759610347e-05
178426455.3504	-0.005208507643372644	0.0023573604884488323	-6.988578845294971e-05
178430055.3504	-0.005209635430493584	0.002353306673686675	-6.998148147178793e-05
178433655.3504	-0.005210761456386776	0.0023492498226000656	-7.007884436997025e-05
178437255.3504	-0.005211885669471939	0.0023451899812683497	-7.017784556641387e-05
178440855.3504	-0.005213008019303952	0.002341127194910462	-7.027845416325107e-05
178444455.3504	-0.005214128456543587	0.0023370615079073244	-7.038063992804e-05
178448055.3504	-0.005215246932929223	0.0023329929638236033	-7.048437327651106e-05
178451655.3504	-0.005216363401249341	0.002328921605428767	-7.058962525583548e-05
178455255.3504	-0.00521747781531589	0.002324847474717547	-7.069636752839543e-05
178458855.3504	-0.005218590129938426	0.002320770612929767	-7.08045723560372e-05
178462455.3504	-0.005219700300899013	0.0023166910605695716	-7.091421258479633e-05
178466055.3504	-0.005220808284927895	0.0023126088574241003	-7.102526163007258e-05
178469655.3504	-0.005221914039679855	0.0023085240425816003	-7.113769346224171e-05
178473255.3504	-0.005223017523711276	0.002304436654448997	-7.125148259269352e-05
178476855.3504	-0.005224118696457889	0.0023003467307689666	-7.136660406027342e-05
178480455.3504	-0.005225217518213139	0.0022962543086364902	-7.148303341812368e-05
178484055.3504	-0.0052263139501072114	0.00229215942451494	-7.160074672090335e-05
178487655.3504	-0.005227407954086626	0.0022880621142516862	-7.171972051237713e-05
178491255.3504	-0.005228499492894453	0.0022839624130932654	-7.183993181336509e-05
178494855.3504	-0.005229588530051072	0.0022798603557001016	-7.196135811003204e-05
178498455.3504	-0.005230675029835484	0.0022757559761608114	-7.208397734251663e-05
178502055.3504	-0.005231758957267159	0.002271649308006098	-7.220776789387884e-05
178505655.3504	-0.005232840278088395	0.0022675403842222527	-7.233270857936463e-05
178509255.3504	-0.005233918958747162	0.002263429237264267	-7.245877863596922e-05
178512855.3504	-0.005234994966380453	0.0022593158990685865	-7.25859577122966e-05
178516455.3504	-0.00523606826879806	0.002255200401065495	-7.271422585869987e-05
178520055.3504	-0.005237138834466851	0.0022510827741911575	-7.284356351770015e-05
178523655.3504	-0.0052382066324954376	0.0022469630488993315	-7.297395151466659e-05
178527255.3504	-0.0052392716326192836	0.0022428412551727364	-7.310537104875657e-05
178530855.3504	-0.005240333805186221	0.0022387174225341304	-7.323780368410451e-05
178534455.3504	-0.005241393121142389	0.002234591580057069	-7.337123134125534e-05
178538055.3504	-0.005242449552018487	0.002230463756376367	-7.35056362888248e-05
178541655.3504	-0.005243503069916491	0.002226333979698288	-7.364100113539571e-05
178545255.3504	-0.005244553647496638	0.002222202277810429	-7.377730882162464e-05
178548855.3504	-0.005245601257964846	0.0022180686780913735	-7.391454261257043e-05
178552455.3504	-0.005246645875060399	0.0022139332075200493	-7.405268609022149e-05
178556055.3504	-0.0052476874730440085	0.002209795892684858	-7.419172314622839e-05
178559655.3504	-0.005248726026686178	0.0022056567597925473	-7.433163797482807e-05
178563255.3504	-0.005249761511255869	0.002201515834676848	-7.447241506595699e-05
178566855.3504	-0.005250793902509479	0.0021973731428068855	-7.46140391985468e-05
178570455.3504	-0.005251823176680096	0.002193228709295364	-7.475649543399483e-05
178574055.3504	-0.005252849310467043	0.0021890825589065315	-7.489976910980909e-05
178577655.3504	-0.005253872281025706	0.0021849347160639437	-7.50438458334199e-05
178581255.3504	-0.005254892065957587	0.0021807852048580136	-7.51887114761488e-05
178584855.3504	-0.00525590864330068	0.0021766340490533744	-7.533435216733918e-05
178588455.3504	-0.00525692199152003	0.002172481272096044	-7.548075428863535e-05
178592055.3504	-0.005257932089498561	0.0021683268971203944	-7.56279044684121e-05
178595655.3504	-0.005258938916528162	0.0021641709469559663	-7.577578957634497e-05
178599255.3504	-0.005259942452300972	0.0021600134441340847	-7.592439671812119e-05
178602855.3504	-0.0052609426769008785	0.00215585441089431	-7.607371323028507e-05
178606455.3504	-0.0052619395707952646	0.00215169386919073	-7.622372667521465e-05
178610055.3504	-0.0052629331148269405	0.002147531840698087	-7.637442483622457e-05
178613655.3504	-0.005263923290206284	0.002143368346817749	-7.652579571279473e-05
178617255.3504	-0.005264910078503583	0.0021392034086835324	-7.667782751591763e-05
178620855.3504	-0.005265893461641554	0.002135037047167371	-7.683050866356114e-05
178624455.3504	-0.005266873421888069	0.00213086928288485	-7.698382777624813e-05
178628055.3504	-0.005267849941849038	0.002126700136200599	-7.713777367274154e-05
178631655.3504	-0.0052688230044615	0.0021225296272335487	-7.729233536584048e-05
178635255.3504	-0.005269792592986841	0.002118357775862055	-7.744750205827811e-05
178638855.3504	-0.005270758691004222	0.002114184601728904	-7.76032631387211e-05
178642455.3504	-0.005271721282404139	0.0021100101242461818	-7.775960817786697e-05
178646055.3504	-0.005272680351382142	0.002105834362600032	-7.791652692463751e-05
178649655.3504	-0.005273635882432728	0.0021016573357552975	-7.807400930246412e-05
178653255.3504	-0.0052745878603433416	0.0020974790624600373	-7.823204540566398e-05
178656855.3504	-0.0052755362701885815	0.0020932995612499552	-7.839062549590403e-05
178660455.3504	-0.005276481097324473	0.002089118850452691	-7.854973999874985e-05
178664055.3504	-0.005277422327382939	0.002084936948192038	-7.870937950029743e-05
178667655.3504	-0.005278359946266362	0.002080753872392034	-7.886953474388564e-05
178671255.3504	-0.0052792939401423026	0.002076569640780968	-7.903019662688854e-05
178674855.3504	-0.005280224295438329	0.002072384270895291	-7.91913561975814e-05
178678455.3504	-0.005281150998836963	0.002068197780083418	-7.935300465208336e-05
178682055.3504	-0.00528207403727077	0.002064010185509468	-7.95151333313719e-05
178685655.3504	-0.00528299339791752	0.0020598215041568754	-7.96777337183657e-05
178689255.3504	-0.005283909068195521	0.0020556317528319643	-7.98407974350792e-05
178692855.3504	-0.005284821035759002	0.0020514409481673865	-8.000431623984132e-05
178696455.3504	-0.005285729288493647	0.0020472491066255245	-8.016828202458001e-05
178700055.3504	-0.005286633814512197	0.0020430562445017805	-8.033268681216903e-05
178703655.3504	-0.005287534602150193	0.0020388623779278143	-8.049752275383842e-05
178707255.3504	-0.005288431639961783	0.0020346675228746884	-8.06627821266418e-05
178710855.3504	-0.005289324916715628	0.002030471695155943	-8.08284573309837e-05
178714455.3504	-0.00529021442139092	0.002026274910430606	-8.099454088820422e-05
178718055.3504	-0.00529110014317348	0.0020220771842061314	-8.11610254382168e-05
178721655.3504	-0.005291982071451949	0.0020178785318412653	-8.132790373720248e-05
178725255.3504	-0.005292860195814049	0.0020136789685488523	-8.149516865535381e-05
178728855.3504	-0.0052937345060429415	0.0020094785093985705	-8.166281317467163e-05
178732455.3504	-0.005294604992113678	0.002005277169319616	-8.183083038681205e-05
178736055.3504	-0.005295471644189705	0.0020010749631033105	-8.199921349097967e-05
178739655.3504	-0.0052963344526194564	0.0019968719054056635	-8.216795579186998e-05
178743255.3504	-0.005297193407933046	0.0019926680107498697	-8.233705069765741e-05
178746855.3504	-0.005298048500838982	0.001988463293528749	-8.250649171802755e-05
178750455.3504	-0.005298899722221002	0.001984257768007137	-8.26762724622539e-05
178754055.3504	-0.005299747063134961	0.001980051448324223	-8.284638663731645e-05
178757655.3504	-0.005300590514805769	0.0019758443484958195	-8.30168280460623e-05
178761255.3504	-0.005301430068624434	0.0019716364824166085	-8.318759058540715e-05
178764855.3504	-0.00530226571614512	0.001967427863862308	-8.335866824457488e-05
178768455.3504	-0.005303097449082332	0.0019632185064918234	-8.353005510337753e-05
178772055.3504	-0.005303925259308089	0.001959008423849314	-8.370174533053071e-05
178775655.3504	-0.00530474913884922	0.0019547976293662474	-8.387373318200782e-05
178779255.3504	-0.005305569079884685	0.0019505861363633885	-8.404601299942763e-05
178782855.3504	-0.005306385074742953	0.0019463739580527504	-8.42185792084789e-05
178786455.3504	-0.005307197115899465	0.0019421611075395096	-8.439142631737754e-05
178790055.3504	-0.0053080051959741095	0.001937947597823869	-8.4564548915357e-05
178793655.3504	-0.005308809307728781	0.00193373344180288	-8.473794167119156e-05
178797255.3504	-0.00530960944406499	0.0019295186522722435	-8.49115993317509e-05
178800855.3504	-0.005310405598021494	0.0019253032419280444	-8.508551672058474e-05
178804455.3504	-0.005311197762772023	0.0019210872233684716	-8.525968873653958e-05
178808055.3504	-0.0053119859316230105	0.00191687060909549	-8.543411035240096e-05
178811655.3504	-0.005312770098011398	0.001912653411516478	-8.560877661356883e-05
178815255.3504	-0.005313550255502479	0.0019084356429458324	-8.578368263675738e-05
178818855.3504	-0.005314326397787783	0.00190421731560654	-8.595882360872363e-05
178822455.3504	-0.00531509851868301	0.0018999984416317101	-8.613419478502211e-05
178826055.3504	-0.005315866612125991	0.0018957790330660796	-8.630979148878573e-05
178829655.3504	-0.0053166306721747335	0.0018915591018674898	-8.648560910953253e-05
178833255.3504	-0.0053173906930054264	0.001887338659908316	-8.666164310199522e-05
178836855.3504	-0.005318146668910606	0.0018831177189768979	-8.683788898497765e-05
178840455.3504	-0.005318898594297211	0.0018788962907788974	-8.701434234023234e-05
178844055.3504	-0.005319646463684817	0.0018746743869386706	-8.719099881136258e-05
178847655.3504	-0.005320390271703815	0.0018704520190005807	-8.736785410274647e-05
178851255.3504	-0.00532113001309367	0.0018662291984303033	-8.754490397848331e-05
178854855.3504	-0.00532186568270118	0.0018620059366160897	-8.772214426136026e-05
178858455.3504	-0.0053225972754788195	0.0018577822448700154	-8.7899570831842e-05
178862055.3504	-0.005323324786483062	0.0018535581344291947	-8.807717962707917e-05
178865655.3504	-0.005324048210872785	0.00184933361645698	-8.825496663993721e-05
178869255.3504	-0.0053247675439076604	0.001845108702044126	-8.84329279180449e-05
178872855.3504	-0.005325482780946612	0.001840883402209933	-8.861105956286256e-05
178876455.3504	-0.005326193917446292	0.001836657727903377	-8.878935772876755e-05
178880055.3504	-0.005326900948959569	0.0018324316900041975	-8.896781862215931e-05
178883655.3504	-0.00532760387113409	0.001828205299323984	-8.914643850058167e-05
178887255.3504	-0.00532830267971082	0.0018239785666072242	-8.932521367186235e-05
178890855.3504	-0.00532899737052264	0.0018197515025323414	-8.950414049327008e-05
178894455.3504	-0.005329687939492976	0.0018155241177127076	-8.968321537068769e-05
178898055.3504	-0.005330374382634425	0.0018112964226976312	-8.986243475780213e-05
178901655.3504	-0.005331056696047436	0.001807068427973333	-9.004179515530956e-05
178905255.3504	-0.005331734875919012	0.0018028401439639011	-9.022129311013708e-05
178908855.3504	-0.005332408918521415	0.0017986115810322187	-9.04009252146785e-05
178912455.3504	-0.005333078820210939	0.001794382749480888	-9.058068810604601e-05
178916055.3504	-0.005333744577426651	0.001790153659553121	-9.076057846533585e-05
178919655.3504	-0.005334406186689199	0.0017859243214336192	-9.094059301690742e-05
178923255.3504	-0.005335063644599631	0.0017816947452494415	-9.112072852767828e-05
178926855.3504	-0.005335716947838223	0.0017774649410708416	-9.130098180643072e-05
178930455.3504	-0.0053363660931633515	0.0017732349189121031	-9.148134970313287e-05
178934055.3504	-0.005337011077410361	0.001769004688732345	-9.166182910827214e-05
178937655.3504	-0.005337651897490479	0.0017647742604363257	-9.18424169522017e-05
178941255.3504	-0.005338288550389737	0.0017605436438752186	-9.202311020449962e-05
178944855.3504	-0.005338921033167914	0.00175631284884738	-9.220390587333943e-05
178948455.3504	-0.005339549342957483	0.0017520818850990962	-9.238480100487337e-05
178952055.3504	-0.005340173476962626	0.0017478507623253257	-9.256579268262704e-05
178955655.3504	-0.005340793432458207	0.0017436194901704171	-9.274687802690495e-05
178959255.3504	-0.0053414092067888014	0.0017393880782288155	-9.292805419420795e-05
178962855.3504	-0.005342020797367726	0.0017351565360457604	-9.31093183766613e-05
178966455.3504	-0.005342628201676115	0.0017309248731179675	-9.329066780145345e-05
178970055.3504	-0.005343231417261968	0.0017266930988942936	-9.347209973028534e-05
178973655.3504	-0.005343830441739242	0.0017224612227763915	-9.365361145882893e-05
178977255.3504	-0.005344425272786978	0.0017182292541193577	-9.383520031619829e-05
178980855.3504	-0.005345015908148398	0.0017139972022323592	-9.401686366442729e-05
178984455.3504	-0.00534560234563005	0.0017097650763792495	-9.41985988979594e-05
178988055.3504	-0.0053461845831009715	0.0017055328857791849	-9.438040344314562e-05
178991655.3504	-0.0053467626184918425	0.00170130063960721	-9.456227475775184e-05
178995255.3504	-0.005347336449794169	0.001697068346994846	-9.474421033047575e-05
178998855.3504	-0.005347906075059493	0.0016928360170306678	-9.492620768047142e-05
179002455.3504	-0.005348471492398598	0.0016886036587608615	-9.510826435688405e-05
179006055.3504	-0.00534903269998072	0.0016843712811897783	-9.529037793839186e-05
179009655.3504	-0.005349589696032816	0.0016801388932804783	-9.547254603275724e-05
179013255.3504	-0.005350142478838781	0.0016759065039552584	-9.565476627638458e-05
179016855.3504	-0.005350691046738744	0.0016716741220961788	-9.583703633388844e-05
179020455.3504	-0.005351235398128331	0.0016674417565455736	-9.601935389766686e-05
179024055.3504	-0.005351775531457949	0.0016632094161065502	-9.62017166874844e-05
179027655.3504	-0.005352311445232104	0.0016589771095434885	-9.63841224500609e-05
179031255.3504	-0.005352843138008706	0.0016547448455825203	-9.65665689586694e-05
179034855.3504	-0.0053533706083984	0.001650512632912009	-9.674905401273953e-05
179038455.3504	-0.005353893855063899	0.001646280480183014	-9.693157543746898e-05
179042055.3504	-0.00535441287671934	0.0016420483960097483	-9.71141310834417e-05
179045655.3504	-0.005354927672129638	0.0016378163889700307	-9.729671882625209e-05
179049255.3504	-0.005355438240109864	0.001633584467605726	-9.747933656613712e-05
179052855.3504	-0.005355944579524621	0.0016293526404231775	-9.766198222761359e-05
179056455.3504	-0.005356446689287429	0.0016251209158936336	-9.78446537591224e-05
179060055.3504	-0.0053569445683601565	0.001620889302453668	-9.802734913267938e-05
179063655.3504	-0.005357438215752397	0.0016166578085055844	-9.821006634353139e-05
179067255.3504	-0.005357927630520916	0.001612426442417827	-9.839280340981891e-05
179070855.3504	-0.005358412811769066	0.0016081952125253662	-9.857555837224418e-05
179074455.3504	-0.005358893758646251	0.0016039641271300995	-9.875832929374603e-05
179078055.3504	-0.00535937047034735	0.0015997331945012204	-9.89411142591782e-05
179081655.3504	-0.005359842946112197	0.0015955024228756028	-9.91239113749961e-05
179085255.3504	-0.005360311185225038	0.0015912718204581624	-9.930671876894604e-05
179088855.3504	-0.0053607751870140205	0.0015870413954222205	-9.948953458976218e-05
179092455.3504	-0.005361234950850664	0.0015828111559098587	-9.96723570068669e-05
179096055.3504	-0.00536169047614937	0.001578581110032268	-9.985518421007724e-05
179099655.3504	-0.005362141762366912	0.001574351265870088	-0.00010003801440931628
179103255.3504	-0.005362588809001956	0.0015701216314737468	-0.00010022084583432891
179106855.3504	-0.0053630316155945795	0.0015658922148637934	-0.00010040367673440321
179110455.3504	-0.005363470181725781	0.0015616630240312115	-0.00010058650537809514
179114055.3504	-0.005363904507017039	0.0015574340669377473	-0.00010076933005295958
179117655.3504	-0.005364334591129838	0.0015532053515162239	-0.00010095214906528479
179121255.3504	-0.005364760433765222	0.0015489768856708417	-0.00010113496073983152
179124855.3504	-0.005365182034663344	0.0015447486772774835	-0.00010131776341957654
179128455.3504	-0.005365599393603049	0.0015405207341840153	-0.00010150055546546082
179132055.3504	-0.00536601251040142	0.001536293064210572	-0.00010168333525614103
179135655.3504	-0.005366421384913365	0.0015320656751498462	-0.00010186610118774592
179139255.3504	-0.00536682601703121	0.0015278385747673744	-0.00010204885167363674
179142855.3504	-0.005367226406684265	0.0015236117708018052	-0.00010223158514417078
179146455.3504	-0.005367622553838458	0.001519385270965182	-0.00010241430004647024
179150055.3504	-0.005368014458495892	0.0015151590829431986	-0.00010259699484419309
179153655.3504	-0.00536840212069449	0.0015109332143954718	-0.00010277966801730946
179157255.3504	-0.0053687855405075945	0.0015067076729557939	-0.00010296231806188039
179160855.3504	-0.005369164718043594	0.0015024824662323917	-0.00010314494348984127
179164455.3504	-0.00536953965344554	0.0014982576018081693	-0.00010332754282878748
179168055.3504	-0.005369910346890787	0.001494033087240957	-0.00010351011462176491
179171655.3504	-0.005370276798590631	0.0014898089300637543	-0.00010369265742706303
179175255.3504	-0.0053706390087899505	0.0014855851377849657	-0.00010387516981801145
179178855.3504	-0.005370996977766856	0.0014813617178886305	-0.00010405765038277996
179182455.3504	-0.0053713507058323375	0.001477138677834655	-0.00010424009772418163
179186055.3504	-0.005371700193329934	0.001472916025059037	-0.00010442251045947894
179189655.3504	-0.005372045440635391	0.0014686937669740848	-0.00010460488722019343
179193255.3504	-0.0053723864481563305	0.0014644719109686395	-0.00010478722665191825
179196855.3504	-0.0053727232163319275	0.0014602504644082828	-0.00010496952741413308
179200455.3504	-0.005373055745632592	0.0014560294346355532	-0.00010515178818002332
179204055.3504	-0.005373384036559632	0.0014518088289701449	-0.00010533400763630037
179207655.3504	-0.005373708089644977	0.0014475886547091193	-0.00010551618448302669
179211255.3504	-0.005374027905450841	0.0014433689191271008	-0.00010569831743344217
179214855.3504	-0.00537434348456943	0.0014391496294764697	-0.00010588040521379357
179218455.3504	-0.0053746548276226505	0.0014349307929875622	-0.00010606244656316758
179222055.3504	-0.005374961935261802	0.0014307124168688535	-0.00010624444023332452
179225655.3504	-0.005375264808167297	0.0014264945083071491	-0.00010642638498853706
179229255.3504	-0.005375563447048377	0.0014222770744677649	-0.0001066082796054296
179232855.3504	-0.005375857852642824	0.0014180601224947104	-0.00010679012287282097
179236455.3504	-0.005376148025716688	0.0014138436595108636	-0.00010697191359156946
179240055.3504	-0.005376433967064008	0.0014096276926181448	-0.00010715365057441985
179243655.3504	-0.005376715677506556	0.0014054122288976924	-0.00010733533264585382
179247255.3504	-0.005376993157893545	0.0014011972754100221	-0.00010751695864194112
179250855.3504	-0.005377266409101411	0.0013969828391952066	-0.0001076985274101951
179254455.3504	-0.005377535432033504	0.0013927689272730237	-0.00010788003780942782
179258055.3504	-0.00537780022761987	0.001388555546643128	-0.00010806148870961029
179261655.3504	-0.005378060796816992	0.001384342704285202	-0.00010824287899173236
179265255.3504	-0.005378317140607534	0.0013801304071591129	-0.00010842420754766627
179268855.3504	-0.005378569260000093	0.0013759186622050636	-0.00010860547328003155
179272455.3504	-0.005378817156028993	0.0013717074763437494	-0.00010878667510206267
179276055.3504	-0.005379060829754	0.0013674968564764945	-0.00010896781193747735
179279655.3504	-0.00537930028226012	0.0013632868094854062	-0.00010914888272034881
179283255.3504	-0.005379535514657363	0.001359077342233514	-0.00010932988639497831
179286855.3504	-0.005379766528080509	0.0013548684615649104	-0.00010951082191577019
179290455.3504	-0.0053799933236888834	0.001350660174304888	-0.00010969168824710895
179294055.3504	-0.00538021590266615	0.0013464524872600786	-0.0001098724843632381
179297655.3504	-0.005380434266220064	0.0013422454072185834	-0.00011005320924814039
179301255.3504	-0.005380648415582299	0.0013380389409501092	-0.00011023386189542081
179304855.3504	-0.005380858352008184	0.0013338330952060917	-0.00011041444130819005
179308455.3504	-0.005381064076776537	0.0013296278767198273	-0.0001105949464989508
179312055.3504	-0.005381265591189438	0.0013254232922066012	-0.00011077537648948534
179315655.3504	-0.005381462896572022	0.0013212193483638029	-0.0001109557303107442
179319255.3504	-0.00538165599427228	0.001317016051871053	-0.00011113600700273776
179322855.3504	-0.005381844885660871	0.0013128134093903243	-0.00011131620561442833
179326455.3504	-0.005382029572130914	0.0013086114275660545	-0.00011149632520362426
179330055.3504	-0.005382210055097795	0.001304410113025267	-0.0001116763648368756
179333655.3504	-0.005382386335998978	0.0013002094723776794	-0.00011185632358937111
179337255.3504	-0.005382558416293817	0.0012960095122158204	-0.00011203620054483718
179340855.3504	-0.005382726297463366	0.0012918102391151376	-0.00011221599479543774
179344455.3504	-0.0053828899810101985	0.0012876116596341075	-0.00011239570544167596
179348055.3504	-0.00538304946845822	0.001283413780314339	-0.00011257533159229712
179351655.3504	-0.0053832047613525	0.0012792166076806839	-0.00011275487236419329
179355255.3504	-0.00538335586125908	0.0012750201482413365	-0.000112934326882309
179358855.3504	-0.005383502769764806	0.0012708244084879343	-0.00011311369427954821
179362455.3504	-0.005383645488477156	0.0012666293948956618	-0.00011329297369668315
179366055.3504	-0.005383784019024071	0.0012624351139233474	-0.00011347216428226409
179369655.3504	-0.005383918363053775	0.001258241572013558	-0.00011365126519253006
179373255.3504	-0.005384048522234626	0.0012540487755926988	-0.0001138302755913217
179376855.3504	-0.005384174498254938	0.0012498567310711035	-0.0001140091946499947
179380455.3504	-0.005384296292822829	0.0012456654448431287	-0.00011418802154733472
179384055.3504	-0.005384413907666043	0.0012414749232872435	-0.00011436675546947327
179387655.3504	-0.005384527344531816	0.0012372851727661194	-0.0001145453956098052
179391255.3504	-0.005384636605186697	0.0012330961996267183	-0.00011472394116890692
179394855.3504	-0.005384741691416406	0.001228908010200378	-0.00011490239135445609
179398455.3504	-0.005384842605025688	0.0012247206108029023	-0.00011508074538115266
179402055.3504	-0.005384939347838144	0.001220534007734637	-0.00011525900247063984
179405655.3504	-0.005385031921696088	0.0012163482072805574	-0.00011543716185142773
179409255.3504	-0.005385120328460409	0.001212163215710348	-0.00011561522275881709
179412855.3504	-0.005385204570010424	0.0012079790392784866	-0.00011579318443482456
179416455.3504	-0.005385284648243721	0.0012037956842243147	-0.00011597104612810845
179420055.3504	-0.005385360565076022	0.001199613156772121	-0.00011614880709389581
179423655.3504	-0.005385432322441066	0.0011954314631312185	-0.00011632646659391112
179427255.3504	-0.005385499922290429	0.0011912506094960145	-0.00011650402389630481
179430855.3504	-0.00538556336659343	0.0011870706020460909	-0.00011668147827558392
179434455.3504	-0.005385622657336964	0.0011828914469462714	-0.00011685882901254257
179438055.3504	-0.00538567779652538	0.0011787131503466952	-0.0001170360753941944
179441655.3504	-0.005385728786180343	0.0011745357183828885	-0.00011721321671370533
179445255.3504	-0.005385775628340727	0.001170359157175835	-0.00011739025227032777
179448855.3504	-0.005385818325062451	0.0011661834728320416	-0.0001175671813693349
179452455.3504	-0.005385856878418368	0.0011620086714436075	-0.0001177440033219566
179456055.3504	-0.0053858912904981475	0.00115783475908829	-0.00011792071744531608
179459655.3504	-0.005385921563408134	0.0011536617418295722	-0.0001180973230623673
179463255.3504	-0.005385947699271234	0.0011494896257167252	-0.00011827381950183305
179466855.3504	-0.005385969700226786	0.0011453184167848711	-0.0001184502060981442
179470455.3504	-0.00538598756843045	0.0011411481210550493	-0.00011862648219137956
179474055.3504	-0.0053860013060540776	0.0011369787445342744	-0.00011880264712720679
179477655.3504	-0.005386010915285601	0.0011328102932155993	-0.00011897870025682385
179481255.3504	-0.005386016398328906	0.001128642773078173	-0.00011915464093690105
179484855.3504	-0.0053860177574037325	0.0011244761900873026	-0.00011933046852952494
179488455.3504	-0.00538601499474554	0.0011203105501945074	-0.00011950618240214111
179492055.3504	-0.005386008112605405	0.0011161458593375781	-0.00011968178192749958
179495655.3504	-0.005385997113249922	0.0011119821234406363	-0.00011985726648360019
179499255.3504	-0.00538598199896106	0.0011078193484141826	-0.00012003263545363812
179502855.3504	-0.005385962772036081	0.0011036575401551579	-0.00012020788822595115
179506455.3504	-0.0053859394347874215	0.0010994967045469947	-0.00012038302419396706
179510055.3504	-0.0053859119895425835	0.0010953368474596688	-0.00012055804275615173
179513655.3504	-0.005385880438644029	0.0010911779747497527	-0.0001207329433159582
179517255.3504	-0.005385844784449079	0.0010870200922604688	-0.00012090772528177618
179520855.3504	-0.005385805029329792	0.0010828632058217337	-0.00012108238806688191
179524455.3504	-0.005385761175672891	0.0010787073212502167	-0.00012125693108938965
179528055.3504	-0.005385713225879628	0.0010745524443493803	-0.0001214313537722027
179531655.3504	-0.005385661182365715	0.001070398580909536	-0.00012160565554296599
179535255.3504	-0.0053856050475611945	0.0010662457367078845	-0.00012177983583401821
179538855.3504	-0.005385544823910367	0.0010620939175085692	-0.00012195389408234562
179542455.3504	-0.005385480513871671	0.001057943129062716	-0.0001221278297295362
179546055.3504	-0.005385412119917597	0.0010537933771084856	-0.0001223016422217338
179549655.3504	-0.005385339644534592	0.0010496446673711097	-0.00012247533100959341
179553255.3504	-0.005385263090222959	0.0010454970055629403	-0.00012264889554823688
179556855.3504	-0.005385182459496774	0.0010413503973834945	-0.0001228223352972095
179560455.3504	-0.005385097754883777	0.001037204848519493	-0.0001229956497204367
179564055.3504	-0.0053850089789252925	0.0010330603646449038	-0.0001231688382861811
179567655.3504	-0.005384916134176131	0.0010289169514209834	-0.00012334190046700102
179571255.3504	-0.005384819223204508	0.0010247746144963171	-0.00012351483573970855
179574855.3504	-0.0053847182485919414	0.0010206333595068596	-0.00012368764358532878
179578455.3504	-0.005384613212933175	0.0010164931920759745	-0.00012386032348905919
179582055.3504	-0.005384504118836085	0.0010123541178144741	-0.00012403287494022983
179585655.3504	-0.005384390968921595	0.001008216142320656	-0.0001242052974322639
179589255.3504	-0.0053842737658235905	0.0010040792711803433	-0.00012437759046263856
179592855.3504	-0.005384152512188827	0.0009999435099669188	-0.00012454975353284666
179596455.3504	-0.005384027210676851	0.0009958088642413644	-0.00012472178614835865
179600055.3504	-0.0053838978639599265	0.0009916753395522982	-0.0001248936878185854
179603655.3504	-0.0053837644747229295	0.0009875429414360067	-0.00012506545805684074
179607255.3504	-0.0053836270456632945	0.0009834116754164847	-0.00012523709638030518
179610855.3504	-0.005383485579490905	0.0009792815470054663	-0.00012540860230998965
179614455.3504	-0.0053833400789280225	0.0009751525617024589	-0.00012557997537069985
179618055.3504	-0.005383190546709225	0.0009710247249947837	-0.00012575121509100142
179621655.3504	-0.0053830369855813	0.0009668980423576006	-0.00012592232100318453
179625255.3504	-0.005382879398303177	0.0009627725192539456	-0.0001260932926432301
179628855.3504	-0.005382717787645862	0.0009586481611347646	-0.00012626412955077566
179632455.3504	-0.005382552156392333	0.000954524973438941	-0.00012643483126908186
179636055.3504	-0.005382382507337493	0.0009504029615933316	-0.0001266053973449995
179639655.3504	-0.0053822088432880725	0.0009462821310127953	-0.00012677582732893673
179643255.3504	-0.005382031167062568	0.0009421624871002259	-0.00012694612077482703
179646855.3504	-0.005381849481491148	0.0009380440352465776	-0.0001271162772400969
179650455.3504	-0.005381663789415614	0.0009339267808309028	-0.00012728629628563505
179654055.3504	-0.005381474093689287	0.000929810729220374	-0.00012745617747576078
179657655.3504	-0.005381280397176957	0.0009256958857703151	-0.00012762592037819325
