194180875.17235202	0.0005380241264884674	-0.0023201233191959343	-8.806226865460259e-05
194184475.17235202	0.0005387161632969031	-0.00231968203809451	-8.802379753989927e-05
194188075.17235202	0.0005394079396346257	-0.0023192407210561134	-8.798534700828943e-05
194191675.17235202	0.0005400994557921488	-0.0023187993680072183	-8.794691714813629e-05
194195275.17235202	0.0005407907120607842	-0.0023183579788728747	-8.790850804864067e-05
194198875.17235202	0.0005414817087326324	-0.002317916553576741	-8.787011979982147e-05
194202475.17235202	0.0005421724461005653	-0.002317475092041088	-8.783175249249814e-05
194206075.17235202	0.0005428629244582313	-0.00231703359418677	-8.779340621829605e-05
194209675.17235202	0.000543553144100069	-0.0023165920599331805	-8.775508106967226e-05
194213275.17235202	0.0005442431053213415	-0.0023161504891982205	-8.771677713994732e-05
194216875.17235202	0.0005449328084181562	-0.0023157088818982745	-8.767849452332639e-05
194220475.17235202	0.0005456222536874775	-0.0023152672379482186	-8.764023331490512e-05
194224075.17235202	0.0005463114414271271	-0.002314825557261432	-8.760199361066391e-05
194227675.17235202	0.0005470003719357823	-0.0023143838397497976	-8.75637755074618e-05
194231275.17235202	0.000547689045512975	-0.0023139420853236867	-8.752557910303831e-05
194234875.17235202	0.0005483774624591025	-0.0023135002938919225	-8.748740449602729e-05
194238475.17235202	0.0005490656230754446	-0.002313058465361748	-8.744925178597926e-05
194242075.17235202	0.0005497535276641856	-0.0023126165996387982	-8.741112107338485e-05
194245675.17235202	0.0005504411765284331	-0.0023121746966270813	-8.737301245969128e-05
194249275.17235202	0.0005511285699722316	-0.0023117327562289874	-8.733492604730992e-05
194252875.17235202	0.0005518157083005672	-0.0023112907783452894	-8.729686193961528e-05
194256475.17235202	0.0005525025918193667	-0.0023108487628751384	-8.725882024094285e-05
194260075.17235202	0.0005531892208355017	-0.0023104067097160473	-8.722080105659278e-05
194263675.17235202	0.0005538755956567958	-0.0023099646187638525	-8.718280449284316e-05
194267275.17235202	0.0005545617165920423	-0.0023095224899126786	-8.714483065697236e-05
194270875.17235202	0.0005552475839510283	-0.0023090803230549073	-8.710687965728427e-05
194274475.17235202	0.000555933198044557	-0.0023086381180811607	-8.706895160312769e-05
194278075.17235202	0.0005566185591844653	-0.0023081958748803126	-8.703104660490533e-05
194281675.17235202	0.0005573036676836278	-0.002307753593339489	-8.699316477407184e-05
194285275.17235202	0.000557988523855955	-0.0023073112733440677	-8.695530622312873e-05
194288875.17235202	0.0005586731280163915	-0.0023068689147776452	-8.691747106562692e-05
194292475.17235202	0.000559357480480924	-0.00230642651752199	-8.687965941618388e-05
194296075.17235202	0.0005600415815666088	-0.0023059840814569953	-8.684187139051522e-05
194299675.17235202	0.0005607254315916088	-0.0023055416064606624	-8.680410710546712e-05
194303275.17235202	0.0005614090308752217	-0.0023050990924091052	-8.676636667903512e-05
194306875.17235202	0.000562092379737887	-0.0023046565391765562	-8.672865023036171e-05
194310475.17235202	0.0005627754785011682	-0.0023042139466353446	-8.669095787972478e-05
194314075.17235202	0.0005634583274877532	-0.0023037713146558648	-8.66532897485398e-05
194317675.17235202	0.0005641409270214956	-0.00230332864310662	-8.661564595937957e-05
194321275.17235202	0.0005648232774273862	-0.002302885931854076	-8.657802663598457e-05
194324875.17235202	0.0005655053790316385	-0.0023024431807626773	-8.65404319033283e-05
194328475.17235202	0.0005661872321616513	-0.002302000389694833	-8.650286188758285e-05
194332075.17235202	0.0005668688371461265	-0.0023015575585108687	-8.646531671622965e-05
194335675.17235202	0.0005675501943149566	-0.0023011146870690925	-8.642779651793629e-05
194339275.17235202	0.0005682313039993047	-0.0023006717752257454	-8.639030142263656e-05
194342875.17235202	0.0005689121665316055	-0.002300228822834973	-8.635283156153163e-05
194346475.17235202	0.0005695927822455476	-0.002299785829748806	-8.631538706707649e-05
194350075.17235202	0.0005702731514760948	-0.0022993427958170995	-8.627796807300894e-05
194353675.17235202	0.0005709532745595401	-0.002298899720887497	-8.624057471440107e-05
194357275.17235202	0.0005716331518335457	-0.002298456604805411	-8.620320712769386e-05
194360875.17235202	0.0005723127836371546	-0.0022980134474140275	-8.616586545070001e-05
194364475.17235202	0.0005729921703107835	-0.002297570248554311	-8.61285498225898e-05
194368075.17235202	0.0005736713121962152	-0.002297127008064991	-8.609126038388329e-05
194371675.17235202	0.0005743502096366068	-0.002296683725782519	-8.605399727646423e-05
194375275.17235202	0.00057502886297652	-0.0022962404015410163	-8.601676064361413e-05
194378875.17235202	0.0005757072725619594	-0.002295797035172228	-8.597955063005336e-05
194382475.17235202	0.0005763854387404064	-0.0022953536265054903	-8.594236738197305e-05
194386075.17235202	0.0005770633618608428	-0.002294910175367728	-8.590521104705074e-05
194389675.17235202	0.0005777410422737562	-0.0022944666815834466	-8.586808177445072e-05
194393275.17235202	0.0005784184803311432	-0.0022940231449747285	-8.583097971482092e-05
194396875.17235202	0.0005790956763865121	-0.0022935795653612062	-8.579390502029792e-05
194400475.17235202	0.0005797726307949021	-0.002293135942560024	-8.575685784452767e-05
194404075.17235202	0.0005804493439129089	-0.002292692276385772	-8.5719838342699e-05
194407675.17235202	0.0005811258160987258	-0.002292248566650455	-8.568284667158249e-05
194411275.17235202	0.0005818020477121714	-0.002291804813163445	-8.564588298956091e-05
194414875.17235202	0.0005824780391147186	-0.002291361015731484	-8.560894745664623e-05
194418475.17235202	0.0005831537906695015	-0.0022909171741586705	-8.557204023448194e-05
194422075.17235202	0.0005838293027413193	-0.0022904732882464618	-8.553516148634148e-05
194425675.17235202	0.0005845045756966449	-0.002290029357793635	-8.549831137713496e-05
194429275.17235202	0.0005851796099036414	-0.002289585382596241	-8.546149007343316e-05
194432875.17235202	0.0005858544057321963	-0.0022891413624475335	-8.542469774350824e-05
194436475.17235202	0.0005865289635539656	-0.002288697297137915	-8.538793455737936e-05
194440075.17235202	0.0005872032837424103	-0.0022882531864549076	-8.535120068684578e-05
194443675.17235202	0.0005878773666728209	-0.0022878090301831546	-8.531449630549832e-05
194447275.17235202	0.0005885512127223234	-0.0022873648281044353	-8.527782158871257e-05
194450875.17235202	0.0005892248222698784	-0.002286920579997653	-8.524117671364437e-05
194454475.17235202	0.0005898981956962915	-0.002286476285638761	-8.520456185925033e-05
194458075.17235202	0.0005905713333842487	-0.002286031944800674	-8.516797720633552e-05
194461675.17235202	0.0005912442357183606	-0.0022855875572532014	-8.51314229376021e-05
194465275.17235202	0.0005919169030852032	-0.0022851431227630713	-8.509489923766904e-05
194468875.17235202	0.0005925893358733448	-0.0022846986410939205	-8.505840629308901e-05
194472475.17235202	0.0005932615344733926	-0.002284254112006143	-8.502194429242297e-05
194476075.17235202	0.0005939334992779678	-0.0022838095352570695	-8.49855134261572e-05
194479675.17235202	0.0005946052306817223	-0.002283364910600786	-8.494911388676175e-05
194483275.17235202	0.0005952767290813861	-0.0022829202377881662	-8.49127458687113e-05
194486875.17235202	0.0005959479948757268	-0.002282475516566721	-8.487640956848382e-05
194490475.17235202	0.0005966190284657141	-0.002282030746680615	-8.484010518468927e-05
194494075.17235202	0.0005972898302544828	-0.002281585927870574	-8.480383291805233e-05
194497675.17235202	0.0005979604006473733	-0.0022811410598738793	-8.476759297144004e-05
194501275.17235202	0.0005986307400519729	-0.002280696142424372	-8.473138554988618e-05
194504875.17235202	0.0005993008488781271	-0.0022802511752524454	-8.46952108605919e-05
194508475.17235202	0.000599970727537932	-0.002279806158084976	-8.465906911293032e-05
194512075.17235202	0.0006006403764457615	-0.002279361090645247	-8.462296051848e-05
194515675.17235202	0.0006013097960183166	-0.0022789159726528617	-8.458688529108193e-05
194519275.17235202	0.0006019789866746881	-0.0022784708038236967	-8.455084364689745e-05
194522875.17235202	0.0006026479488364108	-0.002278025583869884	-8.451483580444708e-05
194526475.17235202	0.0006033166829274846	-0.0022775803124997964	-8.447886198462445e-05
194530075.17235202	0.0006039851893743845	-0.0022771349894180263	-8.444292241069842e-05
194533675.17235202	0.0006046534686060666	-0.002276689614325338	-8.440701730832138e-05
194537275.17235202	0.0006053215210539916	-0.002276244186918604	-8.437114690555648e-05
194540875.17235202	0.0006059893471521664	-0.002275798706890722	-8.433531143292509e-05
194544475.17235202	0.0006066569473372016	-0.002275353173930551	-8.429951112346416e-05
194548075.17235202	0.0006073243220483693	-0.002274907587722859	-8.426374621277834e-05
194551675.17235202	0.0006079914717276457	-0.002274461947948289	-8.422801693907519e-05
194555275.17235202	0.0006086583968197382	-0.002274016254283336	-8.419232354318261e-05
194558875.17235202	0.0006093250977720983	-0.0022735705064003105	-8.415666626855747e-05
194562475.17235202	0.0006099915750349382	-0.002273124703967299	-8.412104536130015e-05
194566075.17235202	0.0006106578290612577	-0.002272678846648082	-8.408546107018681e-05
194569675.17235202	0.0006113238603068956	-0.0022722329341020634	-8.404991364672216e-05
194573275.17235202	0.000611989669230588	-0.0022717869659841746	-8.4014403345203e-05
194576875.17235202	0.0006126552562940365	-0.00227134094194483	-8.397893042277775e-05
194580475.17235202	0.000613320621961952	-0.0022708948616298693	-8.394349513948469e-05
194584075.17235202	0.0006139857667020854	-0.0022704487246805556	-8.390809775826807e-05
194587675.17235202	0.0006146506909852354	-0.002270002530733529	-8.387273854498062e-05
194591275.17235202	0.0006153153952852656	-0.0022695562794207698	-8.383741776839781e-05
194594875.17235202	0.0006159798800791405	-0.0022691099703694958	-8.380213570026122e-05
194598475.17235202	0.0006166441458469928	-0.0022686636032020484	-8.3766892615355e-05
194602075.17235202	0.0006173081930722084	-0.002268217177535797	-8.373168879159227e-05
194605675.17235202	0.0006179720222414953	-0.0022677706929830786	-8.369652451007439e-05
194609275.17235202	0.0006186356338449132	-0.0022673241491512055	-8.36614000551003e-05
194612875.17235202	0.0006192990283758747	-0.0022668775456424614	-8.362631571415058e-05
194616475.17235202	0.0006199622063311692	-0.0022664308820540442	-8.359127177791024e-05
194620075.17235202	0.0006206251682110358	-0.0022659841579778903	-8.355626854036304e-05
194623675.17235202	0.0006212879145192278	-0.0022655373730005846	-8.352130629885885e-05
194627275.17235202	0.0006219504457629611	-0.002265090526703406	-8.348638535403837e-05
194630875.17235202	0.0006226127624531767	-0.002264643618662016	-8.345150601013085e-05
194634475.17235202	0.0006232748651044604	-0.0022641966484466215	-8.341666857481595e-05
194638075.17235202	0.000623936754235145	-0.0022637496156217877	-8.338187335935523e-05
194641675.17235202	0.0006245984303673339	-0.002263302519746559	-8.334712067855545e-05
194645275.17235202	0.0006252598940269017	-0.002262855360374177	-8.331241085083243e-05
194648875.17235202	0.0006259211457435615	-0.002262408137052127	-8.327774419823434e-05
194652475.17235202	0.0006265821860509297	-0.0022619608493220146	-8.324312104651789e-05
194656075.17235202	0.0006272430154866107	-0.002261513496719385	-8.320854172525095e-05
194659675.17235202	0.0006279036345922823	-0.0022610660787736447	-8.31740065678906e-05
194663275.17235202	0.0006285640439137563	-0.002260618595008049	-8.313951591181815e-05
194666875.17235202	0.0006292242440010153	-0.0022601710449397	-8.310507009835203e-05
194670475.17235202	0.000629884235408236	-0.00225972342807947	-8.307066947276838e-05
194674075.17235202	0.0006305440186938293	-0.0022592757439318786	-8.303631438435104e-05
194677675.17235202	0.0006312035944205052	-0.0022588279919949386	-8.300200518647e-05
194681275.17235202	0.0006318629631553634	-0.0022583801717600376	-8.296774223667229e-05
194684875.17235202	0.0006325221254699842	-0.002257932282711849	-8.293352589676487e-05
194688475.17235202	0.0006331810819405083	-0.0022574843243282757	-8.289935653287631e-05
194692075.17235202	0.0006338398331476938	-0.0022570362960804015	-8.286523451549853e-05
194695675.17235202	0.000634498379676958	-0.0022565881974324206	-8.283116021951992e-05
194699275.17235202	0.0006351567221184183	-0.002256140027841537	-8.279713402426647e-05
194702875.17235202	0.0006358148610669489	-0.0022556917867578422	-8.27631563135626e-05
194706475.17235202	0.0006364727971222537	-0.0022552434736241678	-8.272922747581183e-05
194710075.17235202	0.0006371305308889637	-0.002254795087875969	-8.269534790409004e-05
194713675.17235202	0.0006377880629767352	-0.002254346628941224	-8.266151799623499e-05
194717275.17235202	0.000638445394000336	-0.002253898096240349	-8.262773815491899e-05
194720875.17235202	0.0006391025245797141	-0.002253449489186128	-8.259400878770224e-05
194724475.17235202	0.0006397594553400487	-0.0022530008071836413	-8.256033030707353e-05
194728075.17235202	0.0006404161869117944	-0.0022525520496301417	-8.252670313049478e-05
194731675.17235202	0.000641072719930743	-0.0022521032159149245	-8.249312768046619e-05
194735275.17235202	0.0006417290550381114	-0.0022516543054191696	-8.245960438461923e-05
194738875.17235202	0.000642385192880656	-0.002251205317515797	-8.242613367582911e-05
194742475.17235202	0.0006430411341107933	-0.002250756251569343	-8.239271599232563e-05
194746075.17235202	0.0006436968793867036	-0.0022503071069358742	-8.235935177777815e-05
194749675.17235202	0.0006443524293723965	-0.002249857882962912	-8.232604148134363e-05
194753275.17235202	0.0006450077847377485	-0.0022494085789893582	-8.229278555769256e-05
194756875.17235202	0.0006456629461585418	-0.0022489591943453567	-8.225958446704834e-05
194760475.17235202	0.0006463179143165481	-0.002248509728352117	-8.222643867528182e-05
194764075.17235202	0.0006469726898996769	-0.0022480601803217103	-8.219334865406363e-05
194767675.17235202	0.0006476272736021391	-0.0022476105495568954	-8.216031488102422e-05
194771275.17235202	0.0006482816661245549	-0.002247160835351032	-8.212733783983797e-05
194774875.17235202	0.000648935868173968	-0.0022467110369880413	-8.209441802021483e-05
194778475.17235202	0.0006495898804639148	-0.002246261153742287	-8.206155591795705e-05
194782075.17235202	0.0006502437037146724	-0.0022458111848783673	-8.20287520352011e-05
194785675.17235202	0.000650897338653054	-0.0022453611296510832	-8.199600688021376e-05
194789275.17235202	0.0006515507860127692	-0.0022449109873050924	-8.19633209677659e-05
194792875.17235202	0.0006522040465344119	-0.002244460757074829	-8.193069481910813e-05
194796475.17235202	0.0006528571209657251	-0.002244010438184169	-8.189812896225873e-05
194800075.17235202	0.0006535100100615864	-0.00224356002984662	-8.1865623931899e-05
194803675.17235202	0.0006541627145842064	-0.002243109531264953	-8.183318026961087e-05
194807275.17235202	0.0006548152353031993	-0.0022426589416311158	-8.180079852392393e-05
194810875.17235202	0.0006554675729956151	-0.002242208260126164	-8.176847925032278e-05
194814475.17235202	0.0006561197284460391	-0.002241757485920054	-8.173622301135292e-05
194818075.17235202	0.0006567717024467586	-0.0022413066181713424	-8.170403037680767e-05
194821675.17235202	0.0006574234957979511	-0.002240855656026963	-8.167190192391438e-05
194825275.17235202	0.0006580751093078339	-0.002240404598622073	-8.163983823746441e-05
194828875.17235202	0.0006587265437927724	-0.002239953445079965	-8.160783990988816e-05
194832475.17235202	0.0006593778000773655	-0.0022395021945119673	-8.157590754131321e-05
194836075.17235202	0.0006600288789945336	-0.0022390508460172734	-8.154404173964554e-05
194839675.17235202	0.0006606797813856362	-0.0022385993986826953	-8.151224312069458e-05
194843275.17235202	0.0006613305081006238	-0.0022381478515824055	-8.148051230833355e-05
194846875.17235202	0.0006619810599982097	-0.0022376962037776804	-8.144884993467147e-05
194850475.17235202	0.0006626314379460392	-0.002237244454316705	-8.141725664020977e-05
194854075.17235202	0.0006632816428208467	-0.0022367926022344186	-8.138573307397161e-05
194857675.17235202	0.0006639316755085849	-0.0022363406465523645	-8.135427989360618e-05
194861275.17235202	0.0006645815369045428	-0.002235888586278526	-8.132289776548788e-05
194864875.17235202	0.0006652312279134654	-0.00223543642040711	-8.129158736482948e-05
194868475.17235202	0.0006658807494496936	-0.002234984147918284	-8.126034937582473e-05
194872075.17235202	0.0006665301024373283	-0.002234531767777894	-8.122918449181846e-05
194875675.17235202	0.0006671792878104191	-0.002234079278937193	-8.119809341549109e-05
194879275.17235202	0.0006678283065131572	-0.002233626680332606	-8.116707685903687e-05
194882875.17235202	0.0006684771595000619	-0.0022331739708855505	-8.113613554432013e-05
194886475.17235202	0.0006691258477361381	-0.0022327211495022513	-8.110527020300495e-05
194890075.17235202	0.0006697743721970133	-0.002232268215073543	-8.107448157667145e-05
194893675.17235202	0.0006704227338690695	-0.002231815166474619	-8.104377041694267e-05
194897275.17235202	0.0006710709337495991	-0.0022313620025647203	-8.101313748564362e-05
194900875.17235202	0.0006717189728469952	-0.0022309087221868036	-8.098258355500073e-05
194904475.17235202	0.0006723668521809843	-0.0022304553241672244	-8.095210940786781e-05
194908075.17235202	0.0006730145727828741	-0.002230001807315492	-8.092171583794608e-05
194911675.17235202	0.0006736621356957702	-0.002229548170424059	-8.089140364996291e-05
194915275.17235202	0.00067430954197474	-0.0022290944122681433	-8.086117365979932e-05
194918875.17235202	0.0006749567926869246	-0.0022286405316054524	-8.0831026694594e-05
194922475.17235202	0.0006756038889116744	-0.002228186527175846	-8.080096359288772e-05
194926075.17235202	0.0006762508317407794	-0.0022277323977009573	-8.077098520485875e-05
194929675.17235202	0.0006768976222787999	-0.002227278141883875	-8.074109239262506e-05
194933275.17235202	0.0006775442616433207	-0.0022268237584088173	-8.071128603048349e-05
194936875.17235202	0.0006781907509650383	-0.0022263692459407007	-8.06815670050312e-05
194940475.17235202	0.0006788370913882274	-0.0022259146031251725	-8.065193621548144e-05
194944075.17235202	0.0006794832840706963	-0.0022254598285880805	-8.062239457369811e-05
194947675.17235202	0.0006801293301841224	-0.0022250049209353137	-8.059294300445098e-05
194951275.17235202	0.0006807752309140912	-0.002224549878752454	-8.056358244546516e-05
194954875.17235202	0.0006814209874606351	-0.0022240947006040923	-8.053431384799829e-05
194958475.17235202	0.0006820666010382823	-0.0022236393850336615	-8.050513817684589e-05
194962075.17235202	0.0006827120728763975	-0.0022231839305630473	-8.047605641065847e-05
194965675.17235202	0.0006833574042195526	-0.0022227283356921895	-8.044706954228748e-05
194969275.17235202	0.0006840025963277638	-0.002222272598898799	-8.041817857897905e-05
194972875.17235202	0.0006846476504766439	-0.0022218167186380854	-8.038938454249245e-05
194976475.17235202	0.0006852925679575904	-0.0022213606933423643	-8.036068846927884e-05
194980075.17235202	0.000685937350078071	-0.0022209045214205705	-8.03320914107731e-05
194983675.17235202	0.0006865819981619843	-0.002220448201257731	-8.030359443375552e-05
194987275.17235202	0.0006872265135500318	-0.0022199917312145084	-8.027519862070491e-05
194990875.17235202	0.0006878708976000457	-0.0022195351096268136	-8.024690507008889e-05
194994475.17235202	0.0006885151516872627	-0.0022190783348054787	-8.021871489659153e-05
194998075.17235202	0.0006891592772045681	-0.0022186214050359007	-8.019062923131824e-05
195001675.17235202	0.0006898032755627518	-0.0022181643185776173	-8.016264922203042e-05
195005275.17235202	0.0006904471481908105	-0.0022177070736637988	-8.01347760334403e-05
195008875.17235202	0.000691090896536301	-0.002217249668500691	-8.010701084756357e-05
195012475.17235202	0.0006917345220657286	-0.0022167921012670564	-8.007935486409735e-05
195016075.17235202	0.0006923780262649361	-0.00221633437011367	-8.005180930078392e-05
195019675.17235202	0.0006930214106394705	-0.00221587647316287	-8.00243753937343e-05
195023275.17235202	0.0006936646767149141	-0.002215418408508136	-7.999705439771248e-05
195026875.17235202	0.0006943078260371973	-0.0022149601742136437	-7.996984758640658e-05
195030475.17235202	0.0006949508601729228	-0.002214501768313761	-7.994275625272654e-05
195034075.17235202	0.0006955937807097241	-0.0022140431888124433	-7.991578170915336e-05
195037675.17235202	0.0006962365892566731	-0.002213584433682586	-7.988892528814503e-05
195041275.17235202	0.0006968792874447292	-0.0022131255008653655	-7.986218834257294e-05
195044875.17235202	0.0006975218769271962	-0.0022126663882696537	-7.983557224614779e-05
195048475.17235202	0.0006981643593801563	-0.00221220709377149	-7.98090783938004e-05
195052075.17235202	0.0006988067365028686	-0.0022117476152136084	-7.9782708202016e-05
195055675.17235202	0.0006994490100181365	-0.0022112879504049155	-7.975646310915024e-05
195059275.17235202	0.000700091181672682	-0.002210828097119857	-7.973034457578191e-05
195062875.17235202	0.0007007332532375706	-0.00221036805309766	-7.970435408514358e-05
195066475.17235202	0.0007013752265087087	-0.0022099078160415075	-7.967849314362837e-05
195070075.17235202	0.0007020171033074083	-0.002209447383617801	-7.965276328131966e-05
195073675.17235202	0.0007026588854809297	-0.0022089867534555623	-7.962716605246911e-05
195077275.17235202	0.0007033005749029742	-0.0022085259231459384	-7.960170303589573e-05
195080875.17235202	0.0007039421734741075	-0.002208064890241539	-7.95763758353649e-05
195084475.17235202	0.0007045836831221864	-0.0022076036522555584	-7.955118608003088e-05
195088075.17235202	0.0007052251058028517	-0.0022071422066610173	-7.952613542489776e-05
195091675.17235202	0.0007058664435000667	-0.0022066805508903853	-7.95012255512073e-05
195095275.17235202	0.000706507698226744	-0.0022062186823337874	-7.947645816730257e-05
195098875.17235202	0.0007071488720253586	-0.0022057565983390442	-7.94518350089543e-05
195102475.17235202	0.0007077899669686024	-0.0022052942962103948	-7.942735784009044e-05
195106075.17235202	0.0007084309851599966	-0.0022048317732079785	-7.940302845327253e-05
195109675.17235202	0.0007090719287341464	-0.0022043690265470413	-7.93788486699347e-05
195113275.17235202	0.0007097127998575934	-0.0022039060533970666	-7.93548203411568e-05
195116875.17235202	0.0007103536007293382	-0.002203442850880814	-7.933094534817386e-05
195120475.17235202	0.000710994333581396	-0.002202979416073255	-7.930722560293818e-05
195124075.17235202	0.0007116350006795469	-0.002202515746000533	-7.928366304883968e-05
195127675.17235202	0.0007122756043241612	-0.0022020518376390233	-7.926025966145294e-05
195131275.17235202	0.0007129161468509332	-0.002201587687914477	-7.923701744917996e-05
195134875.17235202	0.0007135566306315024	-0.0022011232937011595	-7.921393845379092e-05
195138475.17235202	0.0007141970580740363	-0.0022006586518208784	-7.919102475095592e-05
195142075.17235202	0.00071483743162388	-0.0022001937590418914	-7.916827845086604e-05
195145675.17235202	0.0007154777537643168	-0.0021997286120776947	-7.914570169897607e-05
195149275.17235202	0.000716118027017434	-0.0021992632075858204	-7.912329667683007e-05
195152875.17235202	0.0007167582539450159	-0.0021987975421666707	-7.910106560289333e-05
195156475.17235202	0.000717398437149402	-0.0021983316123624173	-7.907901073333049e-05
195160075.17235202	0.0007180385792742865	-0.002197865414655926	-7.905713436271593e-05
195163675.17235202	0.0007186786830054772	-0.0021973989454696606	-7.903543882471382e-05
195167275.17235202	0.0007193187510716661	-0.002196932201164468	-7.901392649278952e-05
195170875.17235202	0.0007199587862452742	-0.0021964651780382698	-7.899259978100735e-05
195174475.17235202	0.0007205987913433844	-0.002195997872324659	-7.897146114492597e-05
195178075.17235202	0.0007212387692287528	-0.00219553028019145	-7.895051308256163e-05
195181675.17235202	0.0007218787228108524	-0.002195062397739291	-7.892975813536028e-05
195185275.17235202	0.00072251865504689	-0.0021945942210003047	-7.890919888912448e-05
195188875.17235202	0.0007231585689427758	-0.0021941257459367897	-7.88888379748789e-05
195192475.17235202	0.0007237984675540554	-0.002193656968439874	-7.88686780697052e-05
195196075.17235202	0.0007244383539868575	-0.00219318788432807	-7.884872189761151e-05
195199675.17235202	0.0007250782313989233	-0.0021927184893456826	-7.882897223050528e-05
195203275.17235202	0.0007257181030007463	-0.002192248779161068	-7.88094318892941e-05
195206875.17235202	0.0007263579720568134	-0.002191778749364869	-7.879010374507313e-05
195210475.17235202	0.0007269978418868757	-0.0021913083954682964	-7.877099072031115e-05
195214075.17235202	0.0007276377158671721	-0.0021908377129015505	-7.875209578995054e-05
195217675.17235202	0.000728277597431566	-0.002190366697012321	-7.873342198239628e-05
195221275.17235202	0.0007289174900726363	-0.002189895343064197	-7.871497238048286e-05
195224875.17235202	0.0007295573973428462	-0.0021894236462348224	-7.8696750122568e-05
195228475.17235202	0.0007301973228558805	-0.0021889516016137347	-7.867875840385382e-05
195232075.17235202	0.0007308372702881422	-0.0021884792042001213	-7.866100047785342e-05
195235675.17235202	0.0007314772433802353	-0.002188006448900875	-7.864347965775321e-05
195239275.17235202	0.0007321172459383153	-0.002187533330528965	-7.862619931755347e-05
195242875.17235202	0.000732757281835548	-0.00218705984380143	-7.860916289340191e-05
195246475.17235202	0.0007333973550138695	-0.002186585983336617	-7.859237388538809e-05
195250075.17235202	0.0007340374694847222	-0.0021861117436534827	-7.857583585785081e-05
195253675.17235202	0.0007346776293312376	-0.0021856371191679618	-7.855955244176051e-05
195257275.17235202	0.0007353178387093538	-0.0021851621041912143	-7.854352733562928e-05
195260875.17235202	0.0007359581018497843	-0.002184686692926714	-7.852776430747334e-05
195264475.17235202	0.0007365984230599563	-0.002184210879468321	-7.851226719645226e-05
195268075.17235202	0.0007372388067255817	-0.002183734657797369	-7.849703991445724e-05
195271675.17235202	0.0007378792573124621	-0.002183258021780406	-7.848208644770036e-05
195275275.17235202	0.0007385197793682571	-0.0021827809651669495	-7.846741085824924e-05
195278875.17235202	0.0007391603775242149	-0.0021823034815868295	-7.845301728563243e-05
195282475.17235202	0.0007398010564970137	-0.0021818255645471327	-7.84389099486355e-05
195286075.17235202	0.0007404418210908137	-0.0021813472074290684	-7.842509314728407e-05
195289675.17235202	0.0007410826761994584	-0.0021808684034849584	-7.841157126490125e-05
195293275.17235202	0.0007417236268086994	-0.002180389145835377	-7.839834877012337e-05
195296875.17235202	0.0007423646779983593	-0.002179909427466317	-7.838543021883587e-05
195300475.17235202	0.0007430058349444286	-0.0021794292412262123	-7.837282025607168e-05
195304075.17235202	0.0007436471029211787	-0.0021789485798227276	-7.83605236179707e-05
195307675.17235202	0.0007442884873033887	-0.0021784674358193085	-7.834854513388483e-05
195311275.17235202	0.0007449299935687473	-0.002177985801631573	-7.833688972865444e-05
195314875.17235202	0.0007455716273004207	-0.0021775036695236517	-7.832556242502175e-05
195318475.17235202	0.0007462133941897221	-0.0021770210316045405	-7.831456834610469e-05
195322075.17235202	0.0007468553000388014	-0.0021765378798244777	-7.830391271785507e-05
195325675.17235202	0.0007474973507633086	-0.002176054205971283	-7.829360087148156e-05
195329275.17235202	0.0007481395523950309	-0.0021755700016665605	-7.828363824586243e-05
195332875.17235202	0.0007487819110845765	-0.0021750852583616934	-7.827403039002988e-05
195336475.17235202	0.0007494244331041856	-0.002174599967333599	-7.826478296580563e-05
195340075.17235202	0.0007500671248507314	-0.0021741141196802943	-7.825590175062753e-05
195343675.17235202	0.0007507099928489172	-0.002173627706316332	-7.82473926405496e-05
195347275.17235202	0.0007513530437546076	-0.0021731407179682097	-7.823926165333548e-05
195350875.17235202	0.0007519962843581951	-0.002172653145169799	-7.823151493154818e-05
195354475.17235202	0.0007526397215879306	-0.0021721649782577286	-7.822415874558356e-05
195358075.17235202	0.000753283362513215	-0.00217167620736666	-7.821719949667248e-05
195361675.17235202	0.0007539272143479371	-0.0021711868224242865	-7.821064371996532e-05
195365275.17235202	0.0007545712844540085	-0.0021706968131459926	-7.820449808784474e-05
195368875.17235202	0.0007552155803452003	-0.002170206169029197	-7.819876941355599e-05
195372475.17235202	0.000755860109691273	-0.0021697148793475346	-7.819346465509482e-05
195376075.17235202	0.0007565048803222333	-0.002169222933145062	-7.818859091915874e-05
195379675.17235202	0.000757149900232495	-0.002168730319230622	-7.818415546492874e-05
195383275.17235202	0.0007577951775848503	-0.0021682370261722414	-7.818016570763598e-05
195386875.17235202	0.0007584407207144619	-0.002167743042291174	-7.817662922220387e-05
195390475.17235202	0.0007590865381333272	-0.002167248355655251	-7.817355374744815e-05
195394075.17235202	0.0007597326385352966	-0.0021667529540716334	-7.817094719087984e-05
195397675.17235202	0.0007603790308008207	-0.002166256825079887	-7.816881763313373e-05
195401275.17235202	0.000761025724001174	-0.0021657599559455256	-7.816717333175784e-05
195404875.17235202	0.0007616727274054836	-0.002165262333651561	-7.816602272794229e-05
195408475.17235202	0.0007623200504840929	-0.0021647639448924153	-7.81653744493578e-05
195412075.17235202	0.0007629677029149049	-0.0021642647760661588	-7.81652373159855e-05
195415675.17235202	0.0007636156945883123	-0.0021637648132667134	-7.816562034467813e-05
195419275.17235202	0.000764264035613026	-0.002163264042274634	-7.816653275484535e-05
195422875.17235202	0.000764912736321822	-0.002162762448549577	-7.81679839735227e-05
195426475.17235202	0.0007655618072778996	-0.002162260017220954	-7.816998364142003e-05
195430075.17235202	0.0007662112592815393	-0.0021617567330783536	-7.81725416192289e-05
195433675.17235202	0.0007668611033767174	-0.0021612525805625197	-7.817566799366582e-05
195437275.17235202	0.0007675113508576216	-0.0021607475437564173	-7.817937308332888e-05
195440875.17235202	0.0007681620132752829	-0.0021602416063757493	-7.818366744474157e-05
195444475.17235202	0.0007688131024445294	-0.0021597347517585725	-7.818856187885051e-05
195448075.17235202	0.0007694646304513883	-0.0021592269628542323	-7.819406743802542e-05
195451675.17235202	0.0007701166096609132	-0.0021587182222119975	-7.820019543342892e-05
195455275.17235202	0.0007707690527252978	-0.002158208511969646	-7.820695744255845e-05
195458875.17235202	0.0007714219725921568	-0.0021576978138420555	-7.821436531684369e-05
195462475.17235202	0.0007720753825129107	-0.002157186109109558	-7.822243118930386e-05
195466075.17235202	0.0007727292960513149	-0.0021566733786058325	-7.82311674823709e-05
195469675.17235202	0.0007733837270922463	-0.0021561596027051036	-7.824058691602522e-05
195473275.17235202	0.0007740386898508619	-0.0021556447613086333	-7.825070251635622e-05
195476875.17235202	0.0007746941988822237	-0.002155128833830633	-7.82615276245767e-05
195480475.17235202	0.0007753502690913783	-0.0021546117991837767	-7.827307590643659e-05
195484075.17235202	0.0007760069157438389	-0.0021540936357644465	-7.82853613619342e-05
195487675.17235202	0.0007766641544763476	-0.00215357432143773	-7.829839833522807e-05
195491275.17235202	0.000777322001307873	-0.0021530538335220247	-7.831220152472969e-05
195494875.17235202	0.0007779804726508287	-0.0021525321487730615	-7.832678599342827e-05
195498475.17235202	0.0007786395853226223	-0.0021520092433671197	-7.834216717958297e-05
195502075.17235202	0.0007792993565576432	-0.0021514850928833927	-7.83583609079118e-05
195505675.17235202	0.0007799598040198803	-0.002150959672285582	-7.83753834013802e-05
195509275.17235202	0.0007806209458161761	-0.002150432955902878	-7.839325129356425e-05
195512875.17235202	0.0007812828005100548	-0.00214990491741052	-7.841198164147132e-05
195516475.17235202	0.0007819453871359812	-0.0021493755298100017	-7.843159193866422e-05
195520075.17235202	0.0007826087252138666	-0.0021488447654087507	-7.845210012857672e-05
195523675.17235202	0.0007832728347638066	-0.00214831259579899	-7.847352461807829e-05
195527275.17235202	0.0007839377363212165	-0.002147778991835491	-7.849588429151438e-05
195530875.17235202	0.0007846034509527186	-0.0021472439236120753	-7.851919852555344e-05
195534475.17235202	0.0007852700002730992	-0.0021467073604370525	-7.854348720505448e-05
195538075.17235202	0.0007859374064633108	-0.002146169270808006	-7.856877073981333e-05
195541675.17235202	0.0007866056922890415	-0.002145629622386161	-7.859507008168988e-05
195545275.17235202	0.0007872748811191862	-0.002145088381970209	-7.862240674157599e-05
195548875.17235202	0.0007879449969443574	-0.0021445455154690237	-7.865080280647562e-05
195552475.17235202	0.0007886160643970552	-0.0021440009878730074	-7.868028095815133e-05
195556075.17235202	0.0007892881087736435	-0.002143454763224341	-7.87108644933778e-05
195559675.17235202	0.0007899611560532025	-0.002142906804584911	-7.874257734189533e-05
195563275.17235202	0.0007906352329228965	-0.0021423570740045274	-7.87754440896076e-05
195566875.17235202	0.0007913103668008428	-0.002141805532485661	-7.880949000031922e-05
195570475.17235202	0.0007919865858607176	-0.0021412521399501263	-7.884474103810632e-05
195574075.17235202	0.0007926639190561211	-0.002140696855204324	-7.88812238895611e-05
195577675.17235202	0.0007933423961478342	-0.002140139635900335	-7.891896598937636e-05
195581275.17235202	0.0007940220477302984	-0.002139580438497689	-7.895799554471037e-05
195584875.17235202	0.0007947029052591518	-0.0021390192182231945	-7.899834156064194e-05
195588475.17235202	0.0007953850010808954	-0.0021384559290279367	-7.904003386788555e-05
195592075.17235202	0.0007960683684643823	-0.0021378905235423817	-7.908310315220825e-05
195595675.17235202	0.0007967530416333612	-0.002137322953030525	-7.912758098460063e-05
195599275.17235202	0.0007974390557997097	-0.002136753167343115	-7.917349985186772e-05
195602875.17235202	0.0007981264471974999	-0.0021361811148692023	-7.922089318793993e-05
195606475.17235202	0.00079881525311839	-0.002135606742485215	-7.926979540655304e-05
195610075.17235202	0.0007995055119487622	-0.002135029995501131	-7.932024193574868e-05
195613675.17235202	0.0008001972632088759	-0.002134450817603881	-7.937226925436422e-05
195617275.17235202	0.0008008905475939398	-0.0021338691507983938	-7.942591493029263e-05
195620875.17235202	0.0008015854070169377	-0.0021332849353466695	-7.948121766022694e-05
195624475.17235202	0.0008022818846530271	-0.00213269810970491	-7.953821731069661e-05
195628075.17235202	0.0008029800249854751	-0.002132108610458382	-7.959695496043301e-05
195631675.17235202	0.0008036798738533181	-0.0021315163722534464	-7.965747294434987e-05
195635275.17235202	0.0008043814785010462	-0.0021309213277261687	-7.971981489953111e-05
195638875.17235202	0.0008050848876306362	-0.0021303234074272486	-7.97840258135519e-05
195642475.17235202	0.0008057901514561754	-0.0021297225397432567	-7.98501520752982e-05
195646075.17235202	0.0008064973217611404	-0.0021291186508144654	-7.991824152822578e-05
195649675.17235202	0.0008072064519582851	-0.0021285116644495024	-7.998834352590776e-05
195653275.17235202	0.0008079175971520213	-0.002127901502036892	-8.006050898971343e-05
195656875.17235202	0.0008086308142032609	-0.0021272880824530515	-8.013479046865733e-05
195660475.17235202	0.0008093461617968663	-0.002126671321966143	-8.021124220168279e-05
195664075.17235202	0.0008100637005120303	-0.0021260511341349634	-8.028992018282679e-05
195667675.17235202	0.0008107834928960499	-0.0021254274297024187	-8.037088222973973e-05
195671275.17235202	0.0008115056035418965	-0.0021248001164835446	-8.045418805586949e-05
195674875.17235202	0.0008122300991698134	-0.0021241690992484887	-8.053989934631984e-05
195678475.17235202	0.0008129570487129059	-0.002123534279600897	-8.062807983716031e-05
195682075.17235202	0.0008136865234064829	-0.002122895555851693	-8.071879539791905e-05
195685675.17235202	0.0008144185968810056	-0.00212225282288742	-8.081211411729612e-05
195689275.17235202	0.000815153345258787	-0.0021216059720316287	-8.090810639256942e-05
195692875.17235202	0.0008158908472551911	-0.0021209548908981525	-8.100684502359971e-05
195696475.17235202	0.0008166311842853617	-0.0021202994632363247	-8.110840531220273e-05
195700075.17235202	0.0008173744405773013	-0.0021196395687696325	-8.121286516708777e-05
195703675.17235202	0.0008181207032909732	-0.0021189750830282244	-8.132030521384924e-05
195707275.17235202	0.00081887006264209	-0.002118305877171543	-8.14308089098333e-05
195710875.17235202	0.0008196226120310144	-0.0021176318178003205	-8.154446266433652e-05
195714475.17235202	0.0008203784481798502	-0.0021169527667707095	-8.166135596302897e-05
195718075.17235202	0.0008211376712743542	-0.0021162685809816566	-8.17815815018264e-05
195721675.17235202	0.0008219003851115711	-0.002115579112166265	-8.190523532206142e-05
195725275.17235202	0.0008226666972597662	-0.002114884206661329	-8.203241695984831e-05
195728875.17235202	0.0008234367192266006	-0.0021141837051684574	-8.216322960217608e-05
195732475.17235202	0.0008242105666312455	-0.002113477442505418	-8.229778024622306e-05
195736075.17235202	0.0008249883593898248	-0.002112765247343392	-8.243617987105498e-05
195739675.17235202	0.0008257702219100567	-0.0021120469419313396	-8.257854361761191e-05
195743275.17235202	0.0008265562832937799	-0.0021113223418062444	-8.272499097600819e-05
195746875.17235202	0.0008273466775494975	-0.0021105912554868346	-8.287564598244586e-05
195750475.17235202	0.0008281415438175579	-0.0021098534841492286	-8.303063742821925e-05
195754075.17235202	0.0008289410266092315	-0.002109108821284291	-8.319009908170543e-05
195757675.17235202	0.0008297452760596643	-0.002108357052336949	-8.33541699229985e-05
195761275.17235202	0.0008305544481942598	-0.0021075979543270767	-8.352299439062136e-05
195764875.17235202	0.0008313687052086027	-0.002106831295450598	-8.36967226405026e-05
195768475.17235202	0.0008321882157629324	-0.0021060568346585417	-8.387551081841093e-05
195772075.17235202	0.0008330131552929383	-0.002105274321211538	-8.405952134774617e-05
195775675.17235202	0.0008338437063387891	-0.00210448349420768	-8.424892323455196e-05
195779275.17235202	0.0008346800588940607	-0.0021036840820822644	-8.444389239120725e-05
195782875.17235202	0.000835522410775688	-0.002102875802078448	-8.46446119796253e-05
195786475.17235202	0.0008363709680156748	-0.0021020583596878606	-8.485127277438059e-05
195790075.17235202	0.0008372259452752765	-0.002101231448059665	-8.50640735463423e-05
195793675.17235202	0.0008380875662827618	-0.0021003947473757193	-8.528322146788834e-05
195797275.17235202	0.0008389560642965081	-0.002099547924188621	-8.5508932541548e-05
195800875.17235202	0.0008398316825957485	-0.0020986906307190667	-8.574143205449349e-05
195804475.17235202	0.0008407146750017009	-0.0020978225041089807	-8.598095506156095e-05
195808075.17235202	0.0008416053064316842	-0.0020969431656274857	-8.622774689915839e-05
195811675.17235202	0.0008425038534885107	-0.0020960522198273557	-8.648206373193411e-05
195815275.17235202	0.0008434106050869621	-0.0020951492536498088	-8.674417313354385e-05
195818875.17235202	0.0008443258631191682	-0.0020942338354748378	-8.701435470294348e-05
195822475.17235202	0.0008452499431609895	-0.002093305514113005	-8.729290071824286e-05
195826075.17235202	0.000846183175222568	-0.002092363817732919	-8.758011683138464e-05
195829675.17235202	0.0008471259045470968	-0.002091408252717661	-8.787632280795854e-05
195833275.17235202	0.0008480784924628039	-0.002090438302443334	-8.818185331710391e-05
195836875.17235202	0.0008490413172928948	-0.0020894534259746187	-8.849705877573548e-05
195840475.17235202	0.0008500147753276038	-0.0020884530566737517	-8.882230625019721e-05
195844075.17235202	0.0008509992818614972	-0.002087436600719891	-8.915798041729551e-05
195847675.17235202	0.000851995272299255	-0.0020864034355328478	-8.950448458753468e-05
195851275.17235202	0.0008530032033352704	-0.002085352908089299	-8.986224179657995e-05
195854875.17235202	0.0008540235542148363	-0.002084284333115896	-9.023169597409157e-05
195858475.17235202	0.000855056828085352	-0.0020831969911495386	-9.06133131976961e-05
195862075.17235202	0.0008561035534418688	-0.0020820901264705536	-9.100758303170846e-05
195865675.17235202	0.0008571642856749334	-0.0020809629448945853	-9.141501995887748e-05
195869275.17235202	0.0008582396087446434	-0.0020798146113638082	-9.183616493975754e-05
195872875.17235202	0.0008593301369543316	-0.0020786442474256817	-9.22715870484056e-05
195876475.17235202	0.0008604365168771243	-0.0020774509284844666	-9.272188525956858e-05
195880075.17235202	0.0008615594294035831	-0.0020762336808644376	-9.31876903450105e-05
195883675.17235202	0.0008626995919507077	-0.0020749914786455676	-9.366966692064894e-05
195887275.17235202	0.0008638577608466052	-0.0020737232402629614	-9.416851565469044e-05
195890875.17235202	0.0008650347338917332	-0.0020724278248344546	-9.468497564265757e-05
195894475.17235202	0.0008662313531221168	-0.0020711040282014965	-9.521982696977506e-05
195898075.17235202	0.0008674485077940682	-0.00206975057866498	-9.577389347670009e-05
195901675.17235202	0.0008686871376056336	-0.0020683661323879277	-9.634804574284462e-05
195905275.17235202	0.000869948236173081	-0.002066949268429547	-9.694320430578283e-05
195908875.17235202	0.0008712328547868695	-0.002065498483371508	-9.756034314066234e-05
195912475.17235202	0.0008725421064770379	-0.0020640121854964143	-9.820049342768497e-05
195916075.17235202	0.0008738771704207824	-0.00206248868847727	-9.886474763749725e-05
195919675.17235202	0.0008752392967259707	-0.0020609262045342127	-9.955426396480072e-05
195923275.17235202	0.0008766298116254191	-0.0020593228370094263	-0.00010027027114173416
195926875.17235202	0.0008780501231197411	-0.0020576765723037396	-0.00010101407366581904
195930475.17235202	0.0008795017271112555	-0.0020559852711097633	-0.00010178705748226268
195934075.17235202	0.0008809862140786769	-0.0020542466588675296	-0.00010259069616737115
195937675.17235202	0.0008825052763497935	-0.002052458315359943	-0.00010342655766678667
195941275.17235202	0.0008840607160373676	-0.0020506176633571876	-0.0001042963116492099
195944875.17235202	0.0008856544537103374	-0.002048721956210325	-0.00010520173754222647
195948475.17235202	0.0008872885378793537	-0.0020467682642842655	-0.0001061447333227633
195952075.17235202	0.000888965155383223	-0.002044753460107279	-0.0001071273251416766
195955675.17235202	0.0008906866427722697	-0.002042674202097892	-0.00010815167787099137
195959275.17235202	0.0008924554987968901	-0.0020405269167106783	-0.0001092201066742317
195962875.17235202	0.0008942743981258117	-0.002038307778819378	-0.00011033508971584271
195966475.17235202	0.0008961462064366941	-0.0020360126901314436	-0.00011149928214292674
195970075.17235202	0.0008980739970429718	-0.00203363725540147	-0.00011271553149182041
195973675.17235202	0.0009000610692417146	-0.00203117675618336	-0.00011398689469091744
195977275.17235202	0.0009021109685904572	-0.002028626121829181	-0.0001153166568514641
195980875.17235202	0.0009042275093443424	-0.0020259798974062004	-0.00011670835205924555
195984475.17235202	0.0009064147993147803	-0.0020232322081568874	-0.0001181657864077965
195988075.17235202	0.0009086772674476949	-0.0020203767200690135	-0.00011969306354903707
195991675.17235202	0.0009110196944675844	-0.002017406596053034	-0.00012129461308386992
195995275.17235202	0.0009134472469919475	-0.002014314447144529	-0.00012297522217058046
195998875.17235202	0.0009159655155853331	-0.002011092278065278	-0.00012474007078837899
