185102419.715712	131521361006.78569	131058728979.7009	9954061133.2105	-14376.690008190311	23632.600029493515	613.2785664709089
185106019.715712	131469587332.40923	131143788805.84686	9956267604.117779	-14386.46116502717	23622.858502120092	612.538623676016
185109619.715712	131417778495.45499	131228813557.7633	9958471411.441021	-14396.224773963084	23613.114347362403	611.7987975931455
185113219.715712	131365934523.09169	131313803226.00177	9960672555.600727	-14405.98083707077	23603.367570845177	611.0590884090825
185116819.715712	131314055442.48058	131398757801.13403	9962871037.018068	-14415.729356425834	23593.61817818746	610.3194963102696
185120419.715712	131262141280.77542	131483677273.75209	9965066856.114887	-14425.47033410676	23583.86617500261	609.5800214828082
185124019.715712	131210192065.12251	131568561634.46815	9967260013.313694	-14435.203772194896	23574.111566898322	608.8406641124582
185127619.715712	131158207822.66063	131653410873.91458	9969450509.037668	-14444.929672774457	23564.354359476605	608.1014243846386
185131219.715712	131106188580.52104	131738224982.74391	9971638343.710657	-14454.648037932504	23554.594558333803	607.362302484428
185134819.715712	131054134365.82751	131823003951.62883	9973823517.757172	-14464.358869758948	23544.832169060584	606.6232985965651
185138419.715712	131002045205.69627	131907747771.2621	9976006031.602388	-14474.062170346531	23535.06719724195	605.8844129054484
185142019.715712	130949921127.236	131992456432.35661	9978185885.672148	-14483.757941790824	23525.299648457243	605.1456455951371
185145619.715712	130897762157.54782	132077129925.64532	9980363080.39295	-14493.446186190213	23515.529528280134	604.4069968493517
185149219.715712	130845568323.72534	132161768241.88124	9982537616.19196	-14503.126905645899	23505.75684227864	603.6684668514736
185152819.715712	130793339652.85457	132246371371.83742	9984709493.496998	-14512.800102261881	23495.981596015114	602.930055784546
185156419.715712	130741076172.01393	132330939306.3069	9986878712.736546	-14522.465778144951	23486.203795046258	602.1917638312742
185160019.715712	130688777908.27428	132415472036.10275	9989045274.339739	-14532.123935404688	23476.423444923123	601.4535911740261
185163619.715712	130636444888.69884	132499969552.05801	9991209178.736372	-14541.774576153446	23466.640551191107	600.715537994832
185167219.715712	130584077140.34325	132584431845.02565	9993370426.356894	-14551.417702506345	23456.85511938996	599.9776044753855
185170819.715712	130531674690.25552	132668858905.87859	9995529017.632404	-14561.05331658127	23447.06715505378	599.2397907970441
185174419.715712	130479237565.47604	132753250725.50963	9997684952.99466	-14570.681420498851	23437.276663711033	598.5020971408285
185178019.715712	130426765793.03757	132837607294.83151	9999838232.876062	-14580.302016382466	23427.483650884536	597.7645236874241
185181619.715712	130374259399.96518	132921928604.77682	10001988857.70967	-14589.915106358223	23417.688122091477	597.0270706171808
185185219.715712	130321718413.27632	133006214646.29802	10004136827.929182	-14599.520692554961	23407.890082843394	596.2897381101134
185188819.715712	130269142859.98076	133090465410.36736	10006282143.968952	-14609.118777104233	23398.089538646207	595.552526345902
185192419.715712	130216532767.08058	133174680887.97693	10008424806.263979	-14618.709362140306	23388.286495000197	594.8154355038928
185196019.715712	130163888161.57019	133258861070.13861	10010564815.249903	-14628.292449800143	23378.480957400017	594.0784657630974
185199619.715712	130111209070.4363	133343005947.88405	10012702171.36301	-14637.868042223407	23368.672931334695	593.3416173021942
185203219.715712	130058495520.6579	133427115512.26465	10014836875.04023	-14647.436141552438	23358.86242228764	592.6048902995285
185206819.715712	130005747539.20627	133511189754.35152	10016968926.719131	-14656.996749932261	23349.049435736633	591.8682849331126
185210419.715712	129952965153.04495	133595228665.2355	10019098326.837925	-14666.549869510563	23339.233977153846	591.1318013806261
185214019.715712	129900148389.12978	133679232236.02715	10021225075.83546	-14676.095502437696	23329.416052005832	590.395439819417
185217619.715712	129847297274.4088	133763200457.85663	10023349174.151226	-14685.63365086666	23319.595665753528	589.659200426501
185221219.715712	129794411835.82234	133847133321.8738	10025470622.225346	-14695.164316953102	23309.77282385226	588.9230833785628
185224819.715712	129741492100.30295	133931030819.24812	10027589420.498577	-14704.687502855302	23299.947531751757	588.1870888519557
185228419.715712	129688538094.7754	134014892941.1687	10029705569.412315	-14714.203210734171	23290.11979489613	587.4512170227026
185232019.715712	129635549846.1567	134098719678.8442	10031819069.408588	-14723.711442753238	23280.289618723895	586.7154680664962
185235619.715712	129582527381.35602	134182511023.50285	10033929920.930054	-14733.21220107864	23270.457008667963	585.979842158699
185239219.715712	129529470727.27477	134266266966.39246	10036038124.42	-14742.705487879124	23260.621970155655	585.2443394743439
185242819.715712	129476379910.80652	134349987498.78033	10038143680.322348	-14752.191305326027	23250.78450860869	584.5089601881348
185246419.715712	129423254958.83704	134433672611.95331	10040246589.081642	-14761.669655593274	23240.9446294432	583.7737044744467
185250019.715712	129370095898.24425	134517322297.21768	10042346851.143059	-14771.14054085737	23231.102338069722	583.0385725073261
185253619.715712	129316902755.89825	134600936545.89925	10044444466.952398	-14780.60396329739	23221.257639893214	582.3035644604912
185257219.715712	129263675558.66129	134684515349.34323	10046539436.956087	-14790.059925094973	23211.410540313045	581.5686805073327
185260819.715712	129210414333.38773	134768058698.91429	10048631761.601171	-14799.50842843431	23201.561044723003	580.8339208209138
185264419.715712	129157119106.92409	134851566585.99649	10050721441.335325	-14808.949475502144	23191.709158511294	580.0992855739706
185268019.715712	129103789906.10901	134935039001.99329	10052808476.606838	-14818.383068487752	23181.854887060555	579.3647749389127
185271619.715712	129050426757.77324	135018475938.3275	10054892867.864626	-14827.809209582943	23171.998235747844	578.6303890878231
185275219.715712	128997029688.73964	135101877386.44128	10056974615.558218	-14837.227900982049	23162.13920994465	577.8961281924593
185278819.715712	128943598725.82317	135185243337.79614	10059053720.137764	-14846.639144881918	23152.277815016892	577.1619924242527
185282419.715712	128890133895.83086	135268573783.87288	10061130182.05403	-14856.042943481903	23142.414056324928	576.42798195431
185286019.715712	128836635225.56181	135351868716.17159	10063204001.758396	-14865.439298983858	23132.547939223543	575.6940969534126
185289619.715712	128783102741.80724	135435128126.21161	10065275179.70286	-14874.828213592125	23122.679469061975	574.9603375920176
185293219.715712	128729536471.35037	135518352005.53157	10067343716.340029	-14884.209689513535	23112.8086511839	574.226704040258
185296819.715712	128675936440.9665	135601540345.68929	10069409612.123125	-14893.583728957386	23102.93549092743	573.4931964679432
185300419.715712	128622302677.42299	135684693138.2618	10071472867.505978	-14902.95033413545	23093.05999362514	572.7598150445589
185304019.715712	128568635207.47919	135767810374.84532	10073533482.943027	-14912.309507261954	23083.182164604044	572.0265599392677
185307619.715712	128514934057.8865	135850892047.05527	10075591458.889324	-14921.66125055358	23073.302009185616	571.2934313209099
185311219.715712	128461199255.38835	135933938146.52617	10077646795.800524	-14931.00556622945	23063.419532685784	570.5604293580033
185314819.715712	128407430826.72014	136016948664.91168	10079699494.132889	-14940.342456511127	23053.534740414936	569.8275542187436
185318419.715712	128353628798.60928	136099923593.8846	10081749554.343288	-14949.671923622596	23043.64763767792	569.0948060710051
185322019.715712	128299793197.77519	136182862925.13676	10083796976.88919	-14958.993969790266	23033.75822977405	568.3621850823408
185325619.715712	128245924050.92924	136265766650.37912	10085841762.228672	-14968.308597242956	23023.8665219971	567.6296914199828
185329219.715712	128192021384.77481	136348634761.34164	10087883910.820406	-14977.615808211893	23013.972519635332	566.8973252508428
185332819.715712	128138085226.00722	136431467249.77333	10089923423.123669	-14986.915604930697	23004.07622797146	566.1650867415121
185336419.715712	128084115601.31374	136514264107.4422	10091960299.598335	-14996.207989635377	22994.17765228269	565.4329760582627
185340019.715712	128030112537.37358	136597025326.13525	10093994540.704878	-15005.492964564326	22984.276797840696	564.7009933670467
185343619.715712	127976076060.85791	136679750897.65846	10096026146.904367	-15014.77053195831	22974.373669911634	563.9691388334974
185347219.715712	127922006198.42982	136762440813.83675	10098055118.658468	-15024.040694060455	22964.46827375615	563.237412622929
185350819.715712	127867902976.74432	136845095066.51395	10100081456.42944	-15033.303453116254	22954.560614629372	562.5058149003379
185354419.715712	127813766422.44833	136927713647.55281	10102105160.680134	-15042.558811373543	22944.65069778092	561.7743458304022
185358019.715712	127759596562.18068	137010296548.83499	10104126231.873999	-15051.806771082503	22934.738528454902	561.0430055774826
185361619.715712	127705393422.57208	137092843762.261	10106144670.475069	-15061.047334495652	22924.824111889928	560.3117943056222
185365219.715712	127651157030.24515	137175355279.7502	10108160476.947973	-15070.28050386783	22914.9074533191	559.5807121785475
185368819.715712	127596887411.81436	137257831093.24077	10110173651.757925	-15079.506281456202	22904.98855797003	558.8497593596683
185372419.715712	127542584593.8861	137340271194.68971	10112184195.370728	-15088.72466952024	22895.06743106482	558.118936012078
185376019.715712	127488248603.05853	137422675576.07283	10114192108.252771	-15097.93567032172	22885.144077820092	557.3882422985548
185379619.715712	127433879465.92177	137505044229.38467	10116197390.871033	-15107.13928612472	22875.218503446966	556.6576783815609
185383219.715712	127379477209.05771	137587377146.63855	10118200043.69307	-15116.335519195602	22865.290713151084	555.9272444232436
185386819.715712	127325041859.04012	137669674319.8665	10120200067.187025	-15125.52437180301	22855.360712132595	555.1969405854353
185390419.715712	127270573442.43456	137751935741.11926	10122197461.821623	-15134.705846217863	22845.428505586173	554.4667670296543
185394019.715712	127216071985.79845	137834161402.4663	10124192228.06617	-15143.879944713344	22835.49409870101	553.7367239171045
185397619.715712	127161537515.681	137916351295.99573	10126184366.39055	-15153.046669564896	22825.55749666082	553.0068114086765
185401219.715712	127106970058.62323	137998505413.8143	10128173877.26523	-15162.206023050212	22815.618704643843	552.2770296649475
185404819.715712	127052369641.15794	138080623748.0474	10130160761.16125	-15171.35800744923	22805.677727822855	551.5473788461815
185408419.715712	126997736289.80975	138162706290.83905	10132145018.550224	-15180.50262504412	22795.73457136516	550.8178591123301
185412019.715712	126943070031.09505	138244753034.35187	10134126649.90435	-15189.639878119287	22785.789240432598	550.0884706230328
185415619.715712	126888370891.52197	138326763970.767	10136105655.696394	-15198.76976896135	22775.841740181546	549.3592135376169
185419219.715712	126833638897.59045	138408739092.28418	10138082036.399696	-15207.892299859146	22765.892075762924	548.6300880150986
185422819.715712	126778874075.79218	138490678391.12167	10140055792.488169	-15217.007473103713	22755.940252322194	547.9010942141826
185426419.715712	126724076452.61055	138572581859.51624	10142026924.436295	-15226.115290988293	22745.98627499937	547.1722322932632
185430019.715712	126669246054.52074	138654449489.72318	10143995432.719126	-15235.215755808314	22736.030148929007	546.4435024104237
185433619.715712	126614382907.98964	138736281274.0162	10145961317.812284	-15244.308869861392	22726.071879240222	545.7149047234377
185437219.715712	126559487039.47589	138818077204.68753	10147924580.19196	-15253.394635447314	22716.111471056684	544.9864393897692
185440819.715712	126504558475.42982	138899837274.04776	10149885220.334904	-15262.47305486804	22706.14892949662	544.2581065665726
185444419.715712	126449597242.29349	138981561474.42596	10151843238.71844	-15271.54413042769	22696.184259672817	543.5299064106933
185448019.715712	126394603366.50063	139063249798.16962	10153798635.82045	-15280.607864432537	22686.217466692633	542.8018390786683
185451619.715712	126339576874.47667	139144902237.6445	10155751412.119383	-15289.664259191	22676.24855565799	542.073904726726
185455219.715712	126284517792.63876	139226518785.2348	10157701568.094246	-15298.713317013639	22666.27753166538	541.3461035107872
185458819.715712	126229426147.39572	139308099433.34305	10159649104.22461	-15307.755040213142	22656.304399805867	540.6184355864648
185462419.715712	126174301965.14801	139389644174.39008	10161594020.990604	-15316.789431104326	22646.329165165098	539.8909011090648
185466019.715712	126119145272.28777	139471153000.815	10163536318.872917	-15325.816492004122	22636.351832823293	539.1635002335861
185469619.715712	126063956095.19879	139552625905.07526	10165475998.352795	-15334.836225231573	22626.372407855255	538.4362331147213
185473219.715712	126008734460.25653	139634062879.64648	10167413059.912037	-15343.84863310782	22616.39089533038	537.7090999068567
185476819.715712	125953480393.82805	139715463917.02264	10169347504.033003	-15352.853717956104	22606.407300312643	536.9821007640732
185480419.715712	125898193922.27208	139796829009.71582	10171279331.198603	-15361.851482101752	22596.421627860615	536.2552358401456
185484019.715712	125842875071.93896	139878158150.25638	10173208541.8923	-15370.84192787217	22586.43388302746	535.5285052885442
185487619.715712	125787523869.17065	139959451331.1928	10175135136.59811	-15379.82505759684	22576.444070860947	534.8019092624344
185491219.715712	125732140340.30072	140040708545.09183	10177059115.800602	-15388.800873607304	22566.452196403436	534.0754479146772
185494819.715712	125676724511.65434	140121929784.5382	10178980479.984892	-15397.769378237172	22556.458264691897	533.3491213978297
185498419.715712	125621276409.54828	140203115042.13492	10180899229.636646	-15406.730573822097	22546.462280757903	532.6229298641452
185502019.715712	125565796060.29088	140284264310.50302	10182815365.242077	-15415.684462699779	22536.46424962764	531.8968734655741
185505619.715712	125510283490.18208	140365377582.28162	10184728887.287943	-15424.631047209958	22526.4641763219	531.1709523537634
185509219.715712	125454738725.5134	140446454850.12793	10186639796.261549	-15433.570329694398	22516.4620658561	530.4451666800576
185512819.715712	125399161792.5679	140527496106.7172	10188548092.650745	-15442.50231249689	22506.45792324027	529.7195165954993
185516419.715712	125343552717.62022	140608501344.74268	10190453776.943924	-15451.42699796324	22496.45175347906	528.9940022508289
185520019.715712	125287911526.93655	140689470556.91565	10192356849.63002	-15460.344388441263	22486.44356157176	528.2686237964854
185523619.715712	125232238246.77461	140770403735.9654	10194257311.198507	-15469.25448628077	22476.433352512267	527.5433813826066
185527219.715712	125176532903.38367	140851300874.63913	10196155162.139402	-15478.157293833572	22466.421131289124	526.8182751590298
185530819.715712	125120795523.00452	140932161965.70206	10198050402.94326	-15487.052813453463	22456.4069028855	526.0933052752913
185534419.715712	125065026131.86949	141012987001.93726	10199943034.101171	-15495.941047496219	22446.390672279213	525.3684718806278
185538019.715712	125009224756.20241	141093775976.14578	10201833056.104767	-15504.821998319585	22436.372444442703	524.643775123976
185541619.715712	124953391422.21861	141174528881.14655	10203720469.446209	-15513.695668283275	22426.35222434307	523.9192151539731
185545219.715712	124897526156.12495	141255245709.7763	10205605274.618198	-15522.562059748961	22416.330016942054	523.1947921189578
185548819.715712	124841628984.11978	141335926454.8897	10207487472.113966	-15531.421175080266	22406.305827196044	522.4705061669696
185552419.715712	124785699932.3929	141416571109.35925	10209367062.427277	-15540.273016642757	22396.279660056083	521.7463574457497
185556019.715712	124729739027.12563	141497179666.0752	10211244046.05243	-15549.117586803937	22386.25152046787	521.0223461027416
185559619.715712	124673746294.49074	141577752117.94562	10213118423.484247	-15557.954887933241	22376.221413371768	520.2984722850911
185563219.715712	124617721760.6525	141658288457.8964	10214990195.218088	-15566.784922402028	22366.18934370279	519.5747361396466
185566819.715712	124561665451.76659	141738788678.87112	10216859361.749836	-15575.60769258357	22356.155316390625	518.8511378129598
185570419.715712	124505577393.98018	141819252773.83115	10218725923.575901	-15584.42320085305	22346.11933635963	518.1276774512856
185574019.715712	124449457613.43188	141899680735.75555	10220589881.19322	-15593.231449587554	22336.081408528826	517.404355200583
185577619.715712	124393306136.25174	141980072557.64108	10222451235.099255	-15602.032441166062	22326.041537811914	516.6811712065149
185581219.715712	124337122988.56122	142060428232.50223	10224309985.79199	-15610.826177969444	22315.999729117273	515.9581256144489
185584819.715712	124280908196.47322	142140747753.37106	10226166133.769936	-15619.612662380448	22305.955987347963	515.2352185694573
185588419.715712	124224661786.09209	142221031113.29733	10228019679.532122	-15628.3918967837	22295.910317401725	514.5124502163176
185592019.715712	124168383783.51353	142301278305.34842	10229870623.578098	-15637.163883565692	22285.86272417099	513.7898206995129
185595619.715712	124112074214.82469	142381489322.60928	10231718966.407936	-15645.928625114777	22275.813212542882	513.0673301632323
185599219.715712	124055733106.10411	142461664158.1825	10233564708.522224	-15654.686123821159	22265.76178739921	512.3449787513713
185602819.715712	123999360483.42172	142541802805.18817	10235407850.422068	-15663.436382076892	22255.708453616488	511.6227666075316
185606419.715712	123942956372.83884	142621905256.764	10237248392.60909	-15672.179402275871	22245.65321606593	510.9006938750222
185610019.715712	123886520800.40814	142701971506.0652	10239086335.585432	-15680.915186813821	22235.596079613446	510.1787606968594
185613619.715712	123830053792.1737	142782001546.26437	10240921679.853745	-15689.643738088294	22225.53704911966	509.45696721576707
185617219.715712	123773555374.17094	142861995370.55182	10242754425.917192	-15698.36505849866	22215.4761294399	508.73531357417716
185620819.715712	123717025572.42667	142941952972.13516	10244584574.279455	-15707.079150446107	22205.41332542421	508.01379991423005
185624419.715712	123660464412.959	143021874344.2395	10246412125.444723	-15715.78601633362	22195.34864191735	507.29242637777475
185628019.715712	123603871921.77745	143101759480.1074	10248237079.917694	-15724.48565856599	22185.282083758797	506.57119310636944
185631619.715712	123547248124.88283	143181608372.99878	10250059438.203577	-15733.1780795498	22175.21365578275	505.85010024128167
185635219.715712	123490593048.2673	143261421016.19104	10251879200.808088	-15741.863281693411	22165.143362818137	505.1291479234888
185638819.715712	123433906717.91435	143341197402.97888	10253696368.237452	-15750.541267406972	22155.07120968861	504.4083362936783
185642419.715712	123377189159.7988	143420937526.67438	10255510940.998396	-15759.212039102398	22144.997201212558	503.6876654922482
185646019.715712	123320440399.88675	143500641380.60696	10257322919.598158	-15767.875599193369	22134.921342203103	502.96713565930725
185649619.715712	123263660464.13564	143580308958.12338	10259132304.544474	-15776.531950095325	22124.843637468104	502.24674693467546
185653219.715712	123206849378.49419	143659940252.58765	10260939096.345585	-15785.181094225458	22114.764091810164	501.5264994578843
185656819.715712	123150007168.90244	143739535257.38107	10262743295.510235	-15793.823034002702	22104.682710026627	500.80639336817717
185660419.715712	123093133861.29169	143819093965.90225	10264544902.547667	-15802.457771847732	22094.599496909592	500.0864288045097
185664019.715712	123036229481.58455	143898616371.567	10266343917.967625	-15811.085310182953	22084.514457245903	499.36660590555005
185667619.715712	122979294055.69489	143978102467.80832	10268140342.28035	-15819.705651432494	22074.42759581716	498.6469248096793
185671219.715712	122922327609.52783	144057552248.07648	10269934175.996584	-15828.318798022203	22064.338917399724	497.92738565499195
185674819.715712	122865330168.9798	144136965705.83893	10271725419.627562	-15836.92475237964	22054.248426764716	497.2079885792959
185678419.715712	122808301759.93846	144216342834.58026	10273514073.685015	-15845.523516934069	22044.15612867802	496.4887337201131
185682019.715712	122751242408.28273	144295683627.8022	10275300138.681171	-15854.115094116449	22034.062027900287	495.7696212146799
185685619.715712	122694152139.88275	144374988079.02362	10277083615.12875	-15862.699486359434	22023.966129186938	495.0506511999472
185689219.715712	122637030980.59995	144454256181.78052	10278864503.540964	-15871.276696097362	22013.868437288173	494.331823812581
185692819.715712	122579878956.28694	144533487929.62598	10280642804.431517	-15879.84672576625	22003.768956948967	493.6131391889625
185696419.715712	122522696092.7876	144612683316.13013	10282418518.314604	-15888.409577803784	21993.667692909075	492.89459746518884
185700019.715712	122465482415.937	144691842334.88016	10284191645.704908	-15896.965254649318	21983.564649903037	492.17619877707307
185703619.715712	122408237951.56143	144770964979.48035	10285962187.117603	-15905.513758743862	21973.45983266018	491.45794326014465
185707219.715712	122350962725.47841	144850051243.5519	10287730143.068348	-15914.055092530078	21963.353245904622	490.73983104964975
185710819.715712	122293656763.49664	144929101120.73312	10289495514.07329	-15922.589258452275	21953.24489435527	490.0218622805518
185714419.715712	122236320091.41605	145008114604.6792	10291258300.64906	-15931.1162589564	21943.134782725836	489.3040370875314
185718019.715712	122178952735.02773	145087091689.06232	10293018503.312773	-15939.63609649003	21933.02291572483	488.58635560498726
185721619.715712	122121554720.11395	145166032367.57162	10294776122.58203	-15948.148773502373	21922.909298055558	487.86881796703597
185725219.715712	122064126072.4482	145244936633.91315	10296531158.97491	-15956.65429244425	21912.793934416146	487.1514243075127
185728819.715712	122006666817.79509	145323804481.80988	10298283613.00998	-15965.152655768097	21902.676829499524	486.4341747599714
185732419.715712	121949176981.91046	145402635905.00165	10300033485.206278	-15973.643865927961	21892.557987993434	485.7170694576854
185736019.715712	121891656590.54126	145481430897.24515	10301780776.083328	-15982.127925379482	21882.437414580436	485.0001085336472
185739619.715712	121834105669.42563	145560189452.31393	10303525486.161133	-15990.604836579898	21872.31511393791	484.2832921205695
185743219.715712	121776524244.29283	145638911563.9984	10305267615.960169	-15999.07460198803	21862.191090738066	483.566620350885
185746819.715712	121718912340.86331	145717597226.10577	10307007166.00139	-16007.537224064283	21852.06534964793	482.85009335674704
185750419.715712	121661269984.84862	145796246432.46	10308744136.806227	-16015.992705270635	21841.93789532937	482.13371127002983
185754019.715712	121603597201.95145	145874859176.90186	10310478528.896582	-16024.441048070632	21831.808732439076	481.4174742223289
185757619.715712	121545894017.86563	145953435453.28885	10312210342.794832	-16032.882254929378	21821.677865628582	480.7013823449613
185761219.715712	121488160458.27612	146031975255.49524	10313939579.023827	-16041.316328313538	21811.54529954426	479.985435768966
185764819.715712	121430396548.85898	146110478577.412	10315666238.106886	-16049.74327069132	21801.41103882733	479.26963462510435
185768419.715712	121372602315.28139	146188945412.94678	10317390320.567802	-16058.163084532476	21791.27508811385	478.55397904386024
185772019.715712	121314777783.20163	146267375756.02396	10319111826.930834	-16066.575772308295	21781.137452034738	477.8384691554406
185775619.715712	121256922978.26909	146345769600.58453	10320830757.720709	-16074.981336491595	21770.998135215763	477.12310508977555
185779219.715712	121199037926.12424	146424126940.58615	10322547113.462624	-16083.379779556717	21760.857142277546	476.407886976519
185782819.715712	121141122652.39865	146502447770.0031	10324260894.682238	-16091.771103979516	21750.714477835572	475.69281494504884
185786419.715712	121083177182.71498	146580732082.8263	10325972101.90568	-16100.155312237363	21740.570146500195	474.97788912446725
185790019.715712	121025201542.68697	146658979873.06317	10327680735.65954	-16108.532406809127	21730.424152876625	474.2631096436011
185793619.715712	120967195757.9194	146737191134.7378	10329386796.470875	-16116.90239017518	21720.276501564953	473.54847663100236
185797219.715712	120909159854.00818	146815365861.89075	10331090284.867199	-16125.265264817384	21710.12719716014	472.83399021494824
185800819.715712	120851093856.5402	146893504048.57916	10332791201.376492	-16133.621033219084	21699.976244252026	472.1196505234418
185804419.715712	120792997791.0935	146971605688.87668	10334489546.527191	-16141.969697865108	21689.823647425324	471.4054576842121
185808019.715712	120734871683.2371	147049670776.8734	10336185320.848194	-16150.311261241754	21679.669411259645	470.69141182471446
185811619.715712	120676715558.5311	147127699306.67603	10337878524.868856	-16158.645725836786	21669.513540329473	469.9775130721312
185815219.715712	120618529442.52663	147205691272.40756	10339569159.118994	-16166.973094139432	21659.356039204195	469.2637615533716
185818819.715712	120560313360.76585	147283646668.20755	10341257224.128874	-16175.29336864037	21649.196912448082	468.5501573950722
185822419.715712	120502067338.78198	147361565488.2319	10342942720.429222	-16183.606551831728	21639.036164620313	467.8367007235975
185826019.715712	120443791402.09924	147439447726.65298	10344625648.551218	-16191.912646207076	21628.87380027496	467.12339166504006
185829619.715712	120385485576.23288	147517293377.65952	10346306009.026497	-16200.21165426142	21618.709823961002	466.41023034522084
185833219.715712	120327149886.68915	147595102435.4566	10347983802.387142	-16208.503578491192	21608.544240222327	465.69721688968957
185836819.715712	120268784358.96533	147672874894.26566	10349659029.165691	-16216.78842139425	21598.377053597735	464.9843514237251
185840419.715712	120210389018.5497	147750610748.32446	10351331689.895132	-16225.06618546987	21588.208268620936	464.2716340723358
185844019.715712	120151963890.92154	147828309991.88712	10353001785.1089	-16233.336873218737	21578.037889820567	463.5590649602598
185847619.715712	120093509001.55112	147905972619.224	10354669315.340881	-16241.600487142941	21567.86592172018	462.84664421196527
185851219.715712	120035024375.89969	147983598624.62177	10356334281.12541	-16249.857029745972	21557.69236883825	462.134371951651
185854819.715712	119976510039.41953	148061188002.38333	10357996682.997267	-16258.106503532708	21547.517235688185	461.4222483032466
185858419.715712	119917966017.55383	148138740746.82782	10359656521.491676	-16266.348911009421	21537.340526778327	460.71027339041274
185862019.715712	119859392335.73682	148216256852.29062	10361313797.144308	-16274.584254683758	21527.162246611948	459.99844733654163
185865619.715712	119800789019.39366	148293736313.12332	10362968510.491278	-16282.812537064741	21516.98239968726	459.28677026475737
185869219.715712	119742156093.94049	148371179123.69366	10364620662.069141	-16291.033760662762	21506.800990497417	458.57524229791613
185872819.715712	119683493584.78441	148448585278.3856	10366270252.414896	-16299.247927989574	21496.618023530522	457.8638635586067
185876419.715712	119624801517.32347	148525954771.59915	10367917282.065983	-16307.455041558287	21486.433503269625	457.15263416915053
185880019.715712	119566079916.94669	148603287597.75055	10369561751.56028	-16315.655103883359	21476.247434192726	456.4415542516025
185883619.715712	119507328809.034	148680583751.27213	10371203661.436106	-16323.848117480595	21466.059820772785	455.7306239277509
185887219.715712	119448548218.95628	148757843226.61227	10372843012.232218	-16332.034084867137	21455.87066747772	455.0198433191179
185890819.715712	119389738172.07538	148835066018.23547	10374479804.487808	-16340.213008561459	21445.67997877041	454.3092125469599
185894419.715712	119330898693.74405	148912252120.62228	10376114038.742506	-16348.384891083362	21435.487759108702	453.5987317322677
185898019.715712	119272029809.30597	148989401528.26926	10377745715.536375	-16356.549734953967	21425.29401294541	452.8884009957672
185901619.715712	119213131544.09573	149066514235.68903	10379374835.409914	-16364.707542695709	21415.09874472833	452.1782204579194
185905219.715712	119154203923.43887	149143590237.4102	10381001398.904055	-16372.85831683233	21404.90195890022	451.46819023892084
185908819.715712	119095246972.65182	149220629527.97733	10382625406.560162	-16381.002059888877	21394.703659898834	450.758310458704
185912419.715712	119036260717.04193	149297632101.951	10384246858.920029	-16389.138774391693	21384.503852156897	450.0485812369375
185916019.715712	118977245181.90744	149374597953.90768	10385865756.52588	-16397.268462868407	21374.30254010213	449.33900269302654
185919619.715712	118918200392.53748	149451527078.43985	10387482099.920374	-16405.391127847943	21364.099728157238	448.6295749461134
185923219.715712	118859126374.2121	149528419470.15585	10389095889.646591	-16413.50677186049	21353.895420739926	447.92029811507734
185926819.715712	118800023152.20221	149605275123.6799	10390707126.248043	-16421.615397437523	21343.689622262893	447.2111723185353
185930419.715712	118740890751.76962	149682094033.65216	10392315810.268667	-16429.717007111776	21333.48233713384	446.5021976748422
185934019.715712	118681729198.16704	149758876194.72858	10393921942.252827	-16437.811603417245	21323.27356975547	445.793374302091
185937619.715712	118622538516.63802	149835621601.581	10395525522.745308	-16445.899188889183	21313.0633245255	445.08470231811344
185941219.715712	118563318732.41699	149912330248.89703	10397126552.291325	-16453.979766064094	21302.851605836655	444.37618184048006
185944819.715712	118504069870.72926	149989002131.38013	10398725031.436508	-16462.053337479723	21292.638418076673	443.6678129865006
185948419.715712	118444791956.791	150065637243.74954	10400320960.726915	-16470.119905675052	21282.42376562831	442.95959587322454
185952019.715712	118385485015.80922	150142235580.74026	10401914340.709024	-16478.1794731903	21272.207652869354	442.25153061744106
185955619.715712	118326149072.9818	150218797137.10306	10403505171.92973	-16486.232042566902	21261.990084172605	441.5436173356797
185959219.715712	118266784153.49745	150295321907.6044	10405093454.936348	-16494.277616347525	21251.7710639059	440.8358561442106
185962819.715712	118207390282.53575	150371809887.02652	10406679190.276615	-16502.316197076045	21241.55059643211	440.1282471590447
185966419.715712	118147967485.2671	150448261070.1673	10408262378.49868	-16510.347787297545	21231.328686109136	439.4207904959342
185970019.715712	118088515786.85275	150524675451.8403	10409843020.151112	-16518.372389558317	21221.105337289922	438.71348627037304
185973619.715712	118029035212.44478	150601053026.8748	10411421115.78289	-16526.390006405843	21210.88055432246	438.00633459759683
185977219.715712	117969525787.18607	150677393790.11566	10412996665.943415	-16534.4006403888	21200.654341549776	437.29933559258353
185980819.715712	117909987536.21036	150753697736.4234	10414569671.182495	-16542.404294057054	21190.42670330996	436.59248937005367
185984419.715712	117850420484.64218	150829964860.67413	10416140132.050356	-16550.400969961644	21180.197643936146	435.8857960444706
185988019.715712	117790824657.5969	150906195157.75958	10417708049.09763	-16558.390670654786	21169.96716775653	435.17925573004106
185991619.715712	117731200080.18066	150982388622.587	10419273422.875362	-16566.37339868987	21159.73527909437	434.4728685407151
185995219.715712	117671546777.49046	151058545250.07925	10420836253.935009	-16574.349156621443	21149.501982267982	433.7666345901869
185998819.715712	117611864774.61406	151134665035.1747	10422396542.828434	-16582.317947005213	21139.267281590757	433.0605539918948
186002419.715712	117552154096.63002	151210747972.82727	10423954290.107908	-16590.279772398033	21129.031181371152	432.35462685902155
186006019.715712	117492414768.60771	151286794058.00632	10425509496.326113	-16598.234635357912	21118.793685912704	431.64885330449493
186009619.715712	117432646815.60728	151362803285.69672	10427062162.03613	-16606.18253844399	21108.554799514022	430.9432334409879
186013219.715712	117372850262.67969	151438775650.89883	10428612287.791452	-16614.123484216547	21098.314526468803	430.23776738091897
186016819.715712	117313025134.86662	151514711148.62845	10430159874.145971	-16622.05747523699	21088.072871065826	429.5324552364525
186020419.715712	117253171457.2006	151590609773.9168	10431704921.653988	-16629.98451406785	21077.82983758896	428.82729711949906
186024019.715712	117193289254.7049	151666471521.81055	10433247430.8702	-16637.904603272782	21067.58543031717	428.1222931417158
186027619.715712	117133378552.39352	151742296387.37167	10434787402.349709	-16645.81774541654	21057.33965352451	427.41744341450664
186031219.715712	117073439375.2713	151818084365.6776	10436324836.648018	-16653.723943064997	21047.092511480136	426.71274804902276
186034819.715712	117013471748.33377	151893835451.82114	10437859734.32103	-16661.623198785117	21036.84400844831	426.0082071561629
186038419.715712	116953475696.56728	151969549640.91037	10439392095.925043	-16669.51551514497	21026.594148688404	425.3038208465735
186042019.715712	116893451244.94888	152045226928.06873	10440921922.016758	-16677.400894713704	21016.34293645489	424.59958923064937
186045619.715712	116833398418.44641	152120867308.43497	10442449213.153269	-16685.279340061566	21006.090375997363	423.8955124185337
186049219.715712	116773317242.01842	152196470777.16312	10443973969.892067	-16693.15085375987	20995.83647156053	423.1915905201186
186052819.715712	116713207740.61423	152272037329.42252	10445496192.79104	-16701.01543838101	20985.581227384228	422.4878236450453
186056419.715712	116653069939.17387	152347566960.3977	10447015882.40847	-16708.873096498446	20975.324647703404	421.7842119027045
186060019.715712	116592903862.62814	152423059665.28845	10448533039.30303	-16716.7238306867	20965.066736748144	421.0807554022368
186063619.715712	116532709535.89854	152498515439.3098	10450047664.033787	-16724.56764352135	20954.807498743663	420.3774542525328
186067219.715712	116472486983.89732	152573934277.69202	10451559757.1602	-16732.404537579027	20944.54693791031	419.67430856223376
186070819.715712	116412236231.52742	152649316175.68045	10453069319.242117	-16740.23451543741	20934.285058463574	418.97131843973165
186074419.715712	116351957303.68253	152724661128.53568	10454576350.839777	-16748.057579675213	20924.02186461409	418.2684839931696
186078019.715712	116291650225.24701	152799969131.53342	10456080852.513807	-16755.87373287219	20913.757360567633	417.5658053304421
186081619.715712	116231315021.096	152875240179.96454	10457582824.825226	-16763.68297760913	20903.49155052513	416.86328255919557
186085219.715712	116170951716.09528	152950474269.135	10459082268.335432	-16771.485316467828	20893.224438682664	416.16091578682847
186088819.715712	116110560335.10138	153025671394.3659	10460579183.606216	-16779.280752031118	20882.95602923147	415.45870512049163
186092419.715712	116050140902.9615	153100831550.99338	10462073571.199755	-16787.069286882837	20872.686326357947	414.7566506670887
186096019.715712	115989693444.51357	153175954734.3686	10463565431.678604	-16794.85092360783	20862.415334243655	414.0547525332765
186099619.715712	115929217984.58617	153251040939.85785	10465054765.605705	-16802.62566479195	20852.143057065325	413.35301082546505
186103219.715712	115868714547.9986	153326090162.8424	10466541573.544386	-16810.39351302204	20841.869498994856	412.6514256498183
186106819.715712	115808183159.56084	153401102398.71854	10468025856.05835	-16818.154470885944	20831.594664199325	411.9499971122541
186110419.715712	115747623844.07355	153476077642.89755	10469507613.711685	-16825.908540972483	20821.318556840986	411.2487253184448
186114019.715712	115687036626.32806	153551015890.8057	10470986847.068861	-16833.655725871467	20811.041181077275	410.5476103738174
186117619.715712	115626421531.1064	153625917137.8842	10472463556.694723	-16841.39602817368	20800.762541060813	409.84665238355393
186121219.715712	115565778583.18123	153700781379.5892	10473937743.154495	-16849.12945047087	20790.482640939408	409.1458514525917
186124819.715712	115505107807.3159	153775608611.3918	10475409407.013779	-16856.85599535576	20780.20148485607	408.44520768562387
186128419.715712	115444409228.26445	153850398828.77798	10476878548.838552	-16864.575665422024	20769.91907694899	407.74472118709934
186132019.715712	115383682870.77153	153925152027.24863	10478345169.195171	-16872.2884632643	20759.635421351577	407.04439206122356
186135619.715712	115322928759.5725	153999868202.31946	10479809268.650364	-16879.994391478165	20749.350522192428	406.3442204119585
186139219.715712	115262146919.39333	154074547349.5211	10481270847.771233	-16887.69345266015	20739.064383595356	405.64420634302303
186142819.715712	115201337374.95067	154149189464.39896	10482729907.125254	-16895.38564940772	20728.777009679383	404.9443499578935
186146419.715712	115140500150.9518	154223794542.51334	10484186447.280273	-16903.070984319267	20718.488404558746	404.2446513598037
186150019.715712	115079635272.09465	154298362579.43927	10485640468.804512	-16910.749459994124	20708.1985723429	403.5451106517454
186153619.715712	115018742763.0678	154372893570.7666	10487091972.266558	-16918.421079032538	20697.90751713652	402.8457279364686
186157219.715712	114957822648.55045	154447387512.09998	10488540958.235369	-16926.08584403568	20687.6152430395	402.14650331648187
186160819.715712	114896874953.21245	154521844399.05875	10489987427.280273	-16933.743757605625	20677.321754146982	401.44743689405266
186164419.715712	114835899701.71428	154596264227.277	10491431379.970966	-16941.394822345366	20667.027054549322	400.74852877120765
186168019.715712	114774896918.70703	154670646992.40356	10492872816.877508	-16949.039040858792	20656.73114833212	400.04977904973305
186171619.715712	114713866628.83244	154744992690.10196	10494311738.570328	-16956.676415750688	20646.434039576216	399.35118783117485
186175219.715712	114652808856.72285	154819301316.05035	10495748145.620218	-16964.30694962673	20636.13573235769	398.65275521683935
186178819.715712	114591723627.00122	154893572865.94165	10497182038.598335	-16971.93064509349	20625.836230747867	397.95448130779323
186182419.715712	114530610964.28114	154967807335.48334	10498613418.0762	-16979.547504758408	20615.535538813336	397.256366204864
186186019.715712	114469470893.1668	155042004720.39758	10500042284.625698	-16987.157531229812	20605.233660615926	396.5584100086403
186189619.715712	114408303438.25299	155116165016.42114	10501468638.81907	-16994.760727116893	20594.930600212727	395.8606128194723
186193219.715712	114347108624.12512	155190288219.30536	10502892481.228926	-17002.357095029714	20584.626361656094	395.1629747374718
186196819.715712	114285886475.3592	155264374324.81616	10504313812.428228	-17009.946637579196	20574.320948993645	394.46549586251285
186200419.715712	114224637016.52185	155338423328.73404	10505732632.990303	-17017.52935737712	20564.014366268268	393.76817629423175
186204019.715712	114163360272.17026	155412435226.85406	10507148943.488834	-17025.10525703611	20553.706617518124	393.0710161320276
186207619.715712	114102056266.85222	155486410014.98578	10508562744.49786	-17032.674339169644	20543.397706776646	392.3740154750625
186211219.715712	114040725025.10612	155560347688.95328	10509974036.59178	-17040.23660639203	20533.087638072553	391.677174422262
186214819.715712	113979366571.46095	155634248244.59515	10511382820.345345	-17047.79206131843	20522.77641542984	390.9804930723153
186218419.715712	113917980930.43625	155708111677.76447	10512789096.333662	-17055.340706564813	20512.464042867792	390.2839715236756
186222019.715712	113856568126.54216	155781937984.3287	10514192865.132195	-17062.882544747994	20502.15052440099	389.5876098745603
186225619.715712	113795128184.2794	155855727160.16986	10515594127.316755	-17070.417578485598	20491.8358640393	388.8914082229516
186229219.715712	113733661128.13927	155929479201.18433	10516992883.463512	-17077.945810396064	20481.520065787896	388.19536666659656
186232819.715712	113672166982.6036	156003194103.28287	10518389134.148985	-17085.46724309865	20471.203133647246	387.4994853030075
186236419.715712	113610645772.14487	156076871862.39072	10519782879.950043	-17092.981879213414	20460.885071613124	386.8037642294623
186240019.715712	113549097521.22603	156150512474.44742	10521174121.443903	-17100.489721361213	20450.565883676616	386.10820354300483
186243619.715712	113487522254.30067	156224115935.4069	10522562859.208134	-17107.990772163703	20440.24557382412	385.4128033404451
186247219.715712	113425919995.81291	156297682241.23743	10523949093.82065	-17115.485034243327	20429.924146037345	384.71756371835966
186250819.715712	113364290770.19743	156371211387.9216	10525332825.859716	-17122.972510223317	20419.60160429333	384.0224847730919
186254419.715712	113302634601.87947	156444703371.45633	10526714055.903942	-17130.453202727684	20409.277952564426	383.32756660075233
186258019.715712	113240951515.27481	156518158187.8528	10528092784.532284	-17137.927114381215	20398.95319481832	382.632809297219
186261619.715712	113179241534.7898	156591575833.13654	10529469012.32404	-17145.394247809465	20388.627335018027	381.93821295813774
186265219.715712	113117504684.8213	156664956303.34723	10530842739.858854	-17152.85460563876	20378.300377121894	381.24377767892236
186268819.715712	113055740989.75676	156738299594.53885	10532213967.716715	-17160.308190496184	20367.97232508361	380.5495035547552
186272419.715712	112993950473.97414	156811605702.7796	10533582696.47795	-17167.75500500957	20357.643182852207	379.8553906805872
186276019.715712	112932133161.84195	156884874624.1519	10534948926.723228	-17175.195051807517	20347.312954372057	379.16143915113855
186279619.715712	112870289077.71922	156958106354.75232	10536312659.033564	-17182.628333519355	20336.981643582883	378.46764906089857
186283219.715712	112808418245.95555	157031300890.69165	10537673893.990307	-17190.054852775163	20326.649254419764	377.7740205041263
186286819.715712	112746520690.89104	157104458228.09482	10539032632.175146	-17197.47461220576	20316.315790813132	377.0805535748509
186290419.715712	112684596436.85631	157177578363.1009	10540388874.17011	-17204.887614442683	20305.98125668878	376.3872483668716
186294019.715712	112622645508.17253	157250661291.86307	10541742620.557566	-17212.293862118207	20295.64565596787	375.6941049737583
186297619.715712	112560667929.15138	157323707010.54865	10543093871.920212	-17219.693357865326	20285.30899256692	375.0011234888518
186301219.715712	112498663724.09506	157396715515.33902	10544442628.841087	-17227.08610431775	20274.97127039783	374.30830400526423
186304819.715712	112436632917.2963	157469686802.42966	10545788891.903563	-17234.472104109904	20264.63249336787	373.6156466158791
186308419.715712	112374575533.0383	157542620868.0301	10547132661.691345	-17241.851359876913	20254.29266537969	372.9231514133518
186312019.715712	112312491595.59485	157615517708.3639	10548473938.788473	-17249.22387425461	20243.95179033132	372.2308184901099
186315619.715712	112250381129.23018	157688377319.66867	10549812723.77932	-17256.589649879526	20233.609872116183	371.5386479383535
186319219.715712	112188244158.19905	157761199698.196	10551149017.248587	-17263.948689388882	20223.26691462308	370.84663985005534
186322819.715712	112126080706.74675	157833984840.2115	10552482819.781307	-17271.30099542059	20212.922921736215	370.1547943169613
186326419.715712	112063890799.10904	157906732741.9947	10553814131.962845	-17278.646570613244	20202.57789733518	369.46311143059063
186330019.715712	112001674459.51218	157979443399.83914	10555142954.378893	-17285.985417606113	20192.23184529498	368.7715912822364
186333619.715712	111939431712.17294	158052116810.0523	10556469287.615473	-17293.317539039144	20181.884769486012	368.0802339629655
186337219.715712	111877162581.2986	158124752968.95557	10557793132.25893	-17300.642937552955	20171.536673774084	367.38903956361935
186340819.715712	111814867091.0869	158197351872.88422	10559114488.895943	-17307.961615788823	20161.187562020423	366.6980081748138
186344419.715712	111752545265.72609	158269913518.18747	10560433358.11351	-17315.273576388685	20150.83743808166	366.00713988693985
186348019.715712	111690197129.3949	158342437901.2284	10561749740.498959	-17322.57882199514	20140.486305809853	365.3164347901636
186351619.715712	111627822706.26254	158414925018.3839	10563063636.639936	-17329.877355251425	20130.13416905248	364.62589297442673
186355219.715712	111565422020.48874	158487374866.0448	10564375047.124418	-17337.169178801436	20119.781031652445	363.93551452944683
186358819.715712	111502995096.22365	158559787440.61566	10565683972.5407	-17344.4542952897	20109.42689744808	363.2452995447177
186362419.715712	111440541957.60794	158632162738.51486	10566990413.4774	-17351.732707361385	20099.071770273156	362.55524810950953
186366019.715712	111378062628.77277	158704500756.17465	10568294370.523455	-17359.004417662287	20088.71565395688	361.8653603128694
186369619.715712	111315557133.83972	158776801490.041	10569595844.268126	-17366.269428838834	20078.358552323894	361.17563624362145
186373219.715712	111253025496.9209	158849064936.5736	10570894835.30099	-17373.52774353807	20068.000469194292	360.48607599036717
186376819.715712	111190467742.11885	158921291092.24597	10572191344.211943	-17380.779364407663	20057.64140838361	359.7966796414858
186380419.715712	111127883893.52658	158993479953.54532	10573485371.5912	-17388.02429409589	20047.281373702845	359.10744728513464
186384019.715712	111065273975.2276	159065631516.97256	10574776918.029293	-17395.262535251633	20036.92036895844	358.4183790092493
186387619.715712	111002638011.29584	159137745779.04233	10576065984.11707	-17402.494090524386	20026.5583979523	357.729474901544
186391219.715712	110939976025.7957	159209822736.28287	10577352570.445692	-17409.71896256424	20016.1954644818	357.04073504951185
186394819.715712	110877288042.78207	159281862385.23618	10578636677.606638	-17416.93715402187	20005.831572339775	356.35215954042536
186398419.715712	110814574086.30026	159353864722.45786	10579918306.1917	-17424.148667548558	19995.466725314534	355.6637484613364
186402019.715712	110751834180.38606	159425829744.51712	10581197456.79298	-17431.353505796156	19985.10092718986	354.97550189907685
186405619.715712	110689068349.06569	159497757447.99683	10582474130.002897	-17438.55167141711	19974.734181745007	354.28741994025864
186409219.715712	110626276616.35583	159569647829.49344	10583748326.414179	-17445.74316706443	19964.366492754718	353.5995026712742
186412819.715712	110563459006.26361	159641500885.61694	10585020046.619862	-17452.927995391707	19953.99786398922	352.91175017829664
186416419.715712	110500615542.7866	159713316612.99094	10586289291.213297	-17460.106159053095	19943.628299214233	352.2241625472803
186420019.715712	110437746249.91284	159785095008.25256	10587556060.78814	-17467.27766070331	19933.257802190965	351.53673986396075
186423619.715712	110374851151.62077	159856836068.05252	10588820355.938356	-17474.442502997626	19922.886376676117	350.8494822138553
186427219.715712	110311930271.8793	159928539789.05496	10590082177.25822	-17481.600688591876	19912.514026421897	350.16238968226327
186430819.715712	110248983634.64777	160000206167.93756	10591341525.342312	-17488.752220142433	19902.140755176013	349.4754623542661
186434419.715712	110186011263.87595	160071835201.3915	10592598400.785517	-17495.89710030622	19891.766566681683	348.7887003147279
186438019.715712	110123013183.50404	160143426886.12146	10593852804.183025	-17503.035331740706	19881.391464677636	348.1021036482958
186441619.715712	110059989417.4627	160214981218.84546	10595104736.130333	-17510.166917103885	19871.015452898115	347.4156724393999
186445219.715712	109996939989.673	160286498196.29507	10596354197.223238	-17517.291859054283	19860.63853507288	346.7294067722538
186448819.715712	109933864924.04643	160357977815.2152	10597601188.057844	-17524.410160250958	19850.26071492722	346.0433067308551
186452419.715712	109870764244.48491	160429420072.36423	10598845709.230553	-17531.52182335349	19839.881996181935	345.3573723989852
186456019.715712	109807637974.8808	160500824964.51385	10600087761.338068	-17538.626851021974	19829.502382553375	344.6716038602101
186459619.715712	109744486139.11688	160572192488.4492	10601327344.977398	-17545.72524591702	19819.12187775341	343.98600119788034
186463219.715712	109681308761.06635	160643522640.96872	10602564460.745846	-17552.817010699742	19808.74048548945	343.30056449513154
186466819.715712	109618105864.59279	160714815418.88422	10603799109.241014	-17559.902148031768	19798.358209464444	342.6152938348846
186470419.715712	109554877473.55026	160786070819.02078	10605031291.060806	-17566.980660575216	19787.975053376893	341.93018929984595
186474019.715712	109491623611.7832	160857288838.2169	10606261006.803421	-17574.05255099271	19777.591020920838	341.245250972508
186477619.715712	109428344303.12646	160928469473.32422	10607488257.067356	-17581.117821947355	19767.206115785877	340.56047893514926
186481219.715712	109365039571.40533	160999612721.20776	10608713042.4514	-17588.17647610275	19756.820341657163	339.87587326983476
186484819.715712	109301709440.43549	161070718578.7458	10609935363.554644	-17595.228516122977	19746.433702215407	339.19143405841635
186488419.715712	109238353934.02301	161141787042.82977	10611155220.976465	-17602.27394467259	19736.04620113688	338.5071613825329
186492019.715712	109174973075.9644	161212818110.36444	10612372615.31654	-17609.31276441662	19725.657842093427	337.82305532361073
186495619.715712	109111566890.04657	161283811778.2677	10613587547.174833	-17616.34497802057	19715.26862875246	337.1391159628638
186499219.715712	109048135400.04681	161354768043.4707	10614800017.151608	-17623.37058815041	19704.878564776962	336.455343381294
186502819.715712	108984678629.73285	161425686902.91772	10616010025.847412	-17630.389597472564	19694.487653825498	335.7717376596917
186506419.715712	108921196602.86278	161496568353.56625	10617217573.863087	-17637.402008653917	19684.095899552216	335.0882988786356
186510019.715712	108857689343.1851	161567412392.3869	10618422661.799763	-17644.407824361806	19673.703305606843	334.4050271184934
186513619.715712	108794156874.43874	161638219016.3634	10619625290.258862	-17651.407047264016	19663.309875634703	333.72192245942205
186517219.715712	108730599220.35297	161708988222.4926	10620825459.842089	-17658.399680028775	19652.915613276702	333.0389849813678
186520819.715712	108667016404.64749	161779720007.7845	10622023171.15144	-17665.38572532475	19642.520522169354	332.35621476406675
186524419.715712	108603408451.0324	161850414369.2621	10623218424.789198	-17672.36518582105	19632.12460594477	331.67361188704507
186528019.715712	108539775383.20815	161921071303.96152	10624411221.35793	-17679.338064187203	19621.727868230657	330.9911764296193
186531619.715712	108476117224.8656	161991690808.93192	10625601561.46049	-17686.30436309317	19611.330312650338	330.30890847089665
186535219.715712	108412433999.68602	162062272881.2355	10626789445.700014	-17693.26408520934	19600.931942822746	329.6268080897752
186538819.715712	108348725731.34103	162132817517.94748	10627974874.679924	-17700.21723320651	19590.53276236243	328.94487536494427
186542419.715712	108284992443.49266	162203324716.15607	10629157849.003923	-17707.163809755897	19580.13277487955	328.26311037488483
186546019.715712	108221234159.79332	162273794472.9625	10630338369.276	-17714.10381752913	19569.731983979895	327.58151319786964
186549619.715712	108157450903.88577	162344226785.48093	10631516436.100418	-17721.037259198238	19559.330393264885	326.9000839119635
186553219.715712	108093642699.4032	162414621650.83853	10632692050.081728	-17727.964137435654	19548.92800633156	326.2188225950238
186556819.715712	108029809569.96915	162484979066.17535	10633865211.824759	-17734.88445491421	19538.524826772595	325.53772932470054
186560419.715712	107965951539.19753	162555299028.64444	10635035921.934616	-17741.798214307124	19528.12085817631	324.8568041784367
186564019.715712	107902068630.69263	162625581535.41168	10636204181.016685	-17748.705418288013	19517.716104126655	324.1760472334686
186567619.715712	107838160868.04913	162695826583.6559	10637369989.676632	-17755.60606953087	19507.310568203236	323.49545856682613
186571219.715712	107774228274.85208	162766034170.5688	10638533348.520393	-17762.500170710075	19496.9042539813	322.81503825533315
186574819.715712	107710270874.67688	162836204293.3549	10639694258.154188	-17769.387724500382	19486.497165031753	322.13478637560763
186578419.715712	107646288691.08932	162906336949.23163	10640852719.184507	-17776.268733576915	19476.089304921145	321.454703004062
186582019.715712	107582281747.64557	162976432135.4292	10642008732.218119	-17783.14320061517	19465.680677211698	320.7747882169036
186585619.715712	107518250067.89214	163046489849.1907	10643162297.862062	-17790.011128291004	19455.271285461287	320.0950420901345
186589219.715712	107454193675.3659	163116510087.77194	10644313416.723652	-17796.872519280634	19444.861133223465	319.41546469955244
186592819.715712	107390112593.59413	163186492848.4416	10645462089.410473	-17803.727376260635	19434.450224047447	318.7360561207506
186596419.715712	107326006846.09444	163256438128.48102	10646608316.530386	-17810.575701907932	19424.038561478126	318.0568164291182
186600019.715712	107261876456.37479	163326345925.18442	10647752098.691519	-17817.417498899795	19413.626149056072	317.3777456998406
186603619.715712	107197721447.93353	163396216235.85864	10648893436.50227	-17824.252769913845	19403.212990317537	316.6988440078997
186607219.715712	107133541844.25937	163466049057.82336	10650032330.57131	-17831.081517628034	19392.799088794458	316.0201114280742
186610819.715712	107069337668.83136	163535844388.41086	10651168781.507576	-17837.903744720654	19382.384448014465	315.3415480349398
186614419.715712	107005108945.11891	163605602224.9662	10652302789.920275	-17844.719453870326	19371.969071500876	314.6631539028698
186618019.715712	106940855696.5818	163675322564.84702	10653434356.418879	-17851.528647756	19361.55296277271	313.9849291060349
186621619.715712	106876577946.67017	163745005405.4237	10654563481.613129	-17858.331329056953	19351.13612534468	313.30687371840384
186625219.715712	106812275718.82448	163814650744.07925	10655690166.113031	-17865.127500452774	19340.718562727212	312.6289878137437
186628819.715712	106747949036.47557	163884258578.20932	10656814410.528856	-17871.91716462337	19330.300278426435	311.95127146562004
186632419.715712	106683597923.04463	163953828905.2221	10657936215.47114	-17878.700324248955	19319.88127594419	311.2737247473972
186636019.715712	106619222401.9432	164023361722.53848	10659055581.550682	-17885.476982010063	19309.461558778028	310.5963477322386
186639619.715712	106554822496.57318	164092857027.5919	10660172509.378544	-17892.247140587515	19299.04113042123	309.9191404931072
186643219.715712	106490398230.32678	164162314817.82828	10661286999.566051	-17899.010802662444	19288.61999436279	309.2421031027655
186646819.715712	106425949626.5866	164231735090.70624	10662399052.72479	-17905.76797091627	19278.198154087437	308.56523563377607
186650419.715712	106361476708.72556	164301117843.69684	10663508669.466608	-17912.51864803071	19267.775613075617	307.88853815850166
186654019.715712	106296979500.10693	164370463074.2837	10664615850.40361	-17919.26283668776	19257.352374803522	307.2120107491057
186657619.715712	106232458024.08434	164439770779.9629	10665720596.148167	-17926.000539569715	19246.92844274308	306.5356534775522
186661219.715712	106167912304.00174	164509040958.24304	10666822907.3129	-17932.731759359132	19236.503820361955	305.8594664156067
186664819.715712	106103342363.19344	164578273606.64526	10667922784.510696	-17939.456498738855	19226.07851112356	305.1834496348357
186668419.715712	106038748224.98409	164647468722.70306	10669020228.354694	-17946.174760391994	19215.65251848705	304.50760320660777
186672019.715712	105974129912.68866	164716626303.96243	10670115239.458292	-17952.886547001926	19205.225845907346	303.8319272020932
186675619.715712	105909487449.6125	164785746347.9818	10671207818.435143	-17959.5918612523	19194.798496835112	303.1564216922647
186679219.715712	105844820859.05125	164854828852.332	10672297965.899155	-17966.29070582701	19184.370474716776	302.48108674789745
186682819.715712	105780130164.29094	164923873814.59625	10673385682.46449	-17972.983083410225	19173.94178299453	301.80592243956954
186686419.715712	105715415388.60788	164992881232.37018	10674470968.745567	-17979.668996686352	19163.512425106335	301.1309288376621
186690019.715712	105650676555.26875	165061851103.26175	10675553825.357054	-17986.34844834005	19153.08240448592	300.4561060123597
186693619.715712	105585913687.53056	165130783424.89133	10676634252.913872	-17993.021441056222	19142.651724562784	299.7814540336507
186697219.715712	105521126808.64066	165199678194.89157	10677712252.031195	-17999.687977520014	19132.220388762216	299.1069729713272
186700819.715712	105456315941.8367	165268535410.90747	10678787823.324448	-18006.348060416807	19121.78840050528	298.4326628949858
186704419.715712	105391481110.34671	165337355070.59634	10679860967.409306	-18013.001692432215	19111.355763208827	297.7585238740275
186708019.715712	105326622337.38902	165406137171.6278	10680931684.901691	-18019.64887625208	19100.922480285495	297.08455597765817
186711619.715712	105261739646.1723	165474881711.68375	10681999976.417778	-18026.289614562465	19090.48855514372	296.4107592748888
186715219.715712	105196833059.89555	165543588688.45828	10683065842.573986	-18032.923910049667	19080.053991187728	295.7371338345357
186718819.715712	105131902601.74811	165612258099.6578	10684129283.986984	-18039.55176540019	19069.618791817556	295.06367972522094
186722419.715712	105066948294.9096	165680889943.00095	10685190301.273687	-18046.173183300754	19059.182960429036	294.39039701537246
186726019.715712	105001970162.55005	165749484216.21854	10686248895.051256	-18052.78816643829	19048.746500413814	293.7172857732245
186729619.715712	104936968227.82974	165818040917.05362	10687305065.937098	-18059.396717499934	19038.30941515934	293.04434606681775
186733219.715712	104871942513.89932	165886560043.26144	10688358814.548862	-18065.998839173026	19027.871708048886	292.37157796399975
186736819.715712	104806893043.89975	165955041592.6094	10689410141.504444	-18072.5945341451	19017.433382461546	291.6989815324251
186740419.715712	104741819840.9623	166023485562.87704	10690459047.421982	-18079.18380510389	19006.99444177223	291.0265568395556
186744019.715712	104676722928.20859	166091891951.85608	10691505532.919855	-18085.76665473732	18996.554889351675	290.354303952661
186747619.715712	104611602328.75055	166160260757.35034	10692549598.616688	-18092.343085733497	18986.114728566452	289.68222293881865
186751219.715712	104546458065.69044	166228591977.17575	10693591245.131342	-18098.91310078072	18975.673962778965	289.0103138649143
186754819.715712	104481290162.12085	166296885609.16037	10694630473.082922	-18105.476702567456	18965.232595347454	288.338576797642
186758419.715712	104416098641.12465	166365141651.14432	10695667283.090773	-18112.033893782358	18954.790629626004	287.6670118035048
186762019.715712	104350883525.77507	166433360100.97977	10696701675.774475	-18118.58467711425	18944.34806896454	286.9956189488145
186765619.715712	104285644839.13565	166501540956.53094	10697733651.75385	-18125.12905525212	18933.904916708838	286.3243982996924
186769219.715712	104220382604.26025	166569684215.67416	10698763211.648958	-18131.667030885124	18923.46117620053	285.65334992206925
186772819.715712	104155096844.19305	166637789876.2977	10699790356.080093	-18138.198606702583	18913.016850777098	284.9824738816858
186776419.715712	104089787581.96855	166705857936.30185	10700815085.66779	-18144.723785393966	18902.57194377189	284.3117702440928
186780019.715712	104024454840.61154	166773888393.59894	10701837401.032812	-18151.242569648904	18892.126458514114	283.6412390746516
186783619.715712	103959098643.13718	166841881246.11322	10702857302.796165	-18157.754962157174	18881.680398328845	282.9708804385341
186787219.715712	103893719012.55089	166909836491.78098	10703874791.579086	-18164.260965608704	18871.23376653703	282.3006944007232
186790819.715712	103828315971.84843	166977754128.55035	10704889868.003046	-18170.760582693558	18860.78656645549	281.6306810260131
186794419.715712	103762889544.0159	167045634154.38147	10705902532.689747	-18177.253816101947	18850.338801396923	280.96084037900954
186798019.715712	103697439752.02968	167113476567.2464	10706912786.261126	-18183.740668524213	18839.890474669915	280.29117252413
186801619.715712	103631966618.85648	167181281365.12906	10707920629.339348	-18190.22114265083	18829.44158957893	279.62167752560407
186805219.715712	103566470167.45332	167249048546.0253	10708926062.546814	-18196.695241172405	18818.99214942433	278.95235544747374
186808819.715712	103500950420.76753	167316778107.9428	10709929086.506151	-18203.162966779662	18808.542157502365	278.2832063535936
186812419.715712	103435407401.73677	167384470048.90115	10710929701.840218	-18209.624322163454	18798.091617105176	277.61423030763115
186816019.715712	103369841133.28899	167452124366.93173	10711927909.1721	-18216.07931001475	18787.640531520818	276.9454273730671
186819619.715712	103304251638.34247	167519741060.07782	10712923709.125113	-18222.52793302463	18777.18890403324	276.27679761319564
186823219.715712	103238638939.80579	167587320126.39444	10713917102.3228	-18228.970193884285	18766.7367379223	275.60834109112466
186826819.715712	103173003060.57785	167654861563.94846	10714908089.38893	-18235.406095285016	18756.28403646377	274.94005786977607
186830419.715712	103107344023.54785	167722365370.81848	10715896670.947498	-18241.835639918223	18745.83080292934	274.2719480118861
186834019.715712	103041661851.59532	167789831545.09497	10716882847.622726	-18248.258830475414	18735.377040586616	273.6040115800054
186837619.715712	102975956567.59009	167857260084.88007	10717866620.03906	-18254.675669648183	18724.922752699127	272.9362486364997
186841219.715712	102910228194.39229	167924650988.28766	10718847988.82117	-18261.08616012822	18714.467942526328	272.2686592435497
186844819.715712	102844476754.85237	167992004253.44342	10719826954.59395	-18267.49030460731	18704.012613323604	271.6012434631514
186848419.715712	102778702271.8111	168059319878.48468	10720803517.982515	-18273.888105777314	18693.556768342274	270.93400135711653
186852019.715712	102712904768.09952	168126597861.56046	10721777679.612206	-18280.279566330188	18683.100410829593	270.26693298707283
186855619.715712	102647084266.53903	168193838200.8315	10722749440.10858	-18286.664688957953	18672.643544028764	269.60003841446417
186859219.715712	102581240789.9413	168261040894.4702	10723718800.09742	-18293.043476352716	18662.186171178924	268.93331770055084
186862819.715712	102515374361.10834	168328205940.6606	10724685760.204727	-18299.415931206648	18651.728295515168	268.26677090640993
186866419.715712	102449485002.83243	168395333337.59842	10725650321.056723	-18305.782056211992	18641.26992026854	267.6003980929355
186870019.715712	102383572737.8962	168462423083.49094	10726612483.279846	-18312.141854061058	18630.81104866604	266.93419932083896
186873619.715712	102317637589.07254	168529475176.55707	10727572247.500755	-18318.49532744621	18620.35168393063	266.2681746506492
186877219.715712	102251679579.1247	168596489615.02734	10728529614.346325	-18324.842479059876	18609.891829281227	265.602324142713
186880819.715712	102185698730.8062	168663466397.14386	10729484584.44365	-18331.183311594537	18599.431487932725	264.9366478571951
186884419.715712	102119695066.86089	168730405521.16028	10730437158.420036	-18337.517827742722	18588.970663095984	264.2711458540788
186888019.715712	102053668610.02289	168797306985.34183	10731387336.90301	-18343.84603019701	18578.50935797784	263.6058181931658
186891619.715712	101987619383.01666	168864170787.96524	10732335120.52031	-18350.167921650027	18568.047575781107	262.94066493407695
186895219.715712	101921547408.55698	168930996927.3188	10733280509.899889	-18356.48350479443	18557.585319704576	262.2756861362521
186898819.715712	101855452709.34888	168997785401.70227	10734223505.669916	-18362.792782322922	18547.122592943033	261.6108818589505
186902419.715712	101789335308.08775	169064536209.42697	10735164108.458769	-18369.095756928236	18536.659398687247	260.94625216125127
186906019.715712	101723195227.45927	169131249348.81564	10736102318.895042	-18375.39243130314	18526.195740123978	260.2817971020534
186909619.715712	101657032490.13942	169197924818.2025	10737038137.60754	-18381.68280814042	18515.731620435985	259.61751674007616
186913219.715712	101590847118.79448	169264562615.93326	10737971565.225277	-18387.966890132895	18505.267042802032	258.9534111338592
186916819.715712	101524639136.08104	169331162740.36496	10738902602.37748	-18394.244679973395	18494.802010396877	258.2894803417632
186920419.715712	101458408564.64601	169397725189.86618	10739831249.693584	-18400.516180354774	18484.336526391297	257.6257244219696
