181471037.533056	-0.004853089088387192	-0.0009071002005529438	-0.00019173846805725105
181474637.533056	-0.004851366733123426	-0.0009101400671245016	-0.00019182004388629557
181478237.533056	-0.004849642443542064	-0.0009131772719597513	-0.0001919014435465885
181481837.533056	-0.0048479162239033445	-0.0009162118143543819	-0.00019198266712800057
181485437.533056	-0.004846188078465339	-0.0009192436936110248	-0.0001920637147206996
181489037.533056	-0.004844458011483898	-0.0009222729090392381	-0.00019214458641514883
181492637.533056	-0.004842726027212667	-0.0009252994599554989	-0.00019222528230210584
181496237.533056	-0.004840992129903065	-0.0009283233456831913	-0.00019230580247262194
181499837.533056	-0.004839256323804281	-0.0009313445655525952	-0.00019238614701804047
181503437.533056	-0.004837518613163254	-0.0009343631189008748	-0.00019246631602999592
181507037.533056	-0.004835779002224667	-0.0009373790050720698	-0.00019254630960041313
181510637.533056	-0.004834037495230934	-0.0009403922234170808	-0.00019262612782150552
181514237.533056	-0.004832294096422193	-0.0009434027732936614	-0.00019270577078577447
181517837.533056	-0.004830548810036294	-0.0009464106540664073	-0.0001927852385860083
181521437.533056	-0.004828801640308779	-0.0009494158651067422	-0.00019286453131528065
181525037.533056	-0.0048270525914728924	-0.000952418405792911	-0.0001929436490669501
181528637.533056	-0.004825301667759548	-0.0009554182755099655	-0.00019302259193465827
181532237.533056	-0.004823548873397329	-0.0009584154736497561	-0.00019310136001232927
181535837.533056	-0.0048217942126124805	-0.0009614099996109192	-0.00019317995339416852
181539437.533056	-0.004820037689628889	-0.0009644018527988676	-0.00019325837217466123
181543037.533056	-0.004818279308668086	-0.0009673910326257784	-0.0001933366164485721
181546637.533056	-0.004816519073949222	-0.0009703775385105829	-0.00019341468631094315
181550237.533056	-0.004814756989689073	-0.0009733613698789565	-0.00019349258185709375
181553837.533056	-0.004812993060102015	-0.0009763425261633061	-0.00019357030318261853
181557437.533056	-0.0048112272894000226	-0.0009793210068027606	-0.00019364785038338692
181561037.533056	-0.00480945968179266	-0.0009822968112431598	-0.00019372522355554173
181564637.533056	-0.00480769024148706	-0.0009852699389370418	-0.00019380242279549807
181568237.533056	-0.004805918972687941	-0.0009882403893436366	-0.0001938794481999426
181571837.533056	-0.004804145879597557	-0.0009912081619288494	-0.0001939562998658316
181575437.533056	-0.004802370966415725	-0.0009941732561652532	-0.00019403297789039097
181579037.533056	-0.004800594237339787	-0.0009971356715320764	-0.000194109482371114
181582637.533056	-0.00479881569656463	-0.0010000954075151942	-0.0001941858134057615
181586237.533056	-0.004797035348282645	-0.0010030524636071138	-0.0001942619710923596
181589837.533056	-0.004795253196683737	-0.0010060068393069647	-0.0001943379555291992
181593437.533056	-0.004793469245955312	-0.00100895853412049	-0.00019441376681483501
181597037.533056	-0.004791683500282268	-0.0010119075475600312	-0.00019448940504808416
181600637.533056	-0.004789895963846969	-0.001014853879144519	-0.00019456487032802513
181604237.533056	-0.004788106640829263	-0.0010177975283994622	-0.000194640162753997
181607837.533056	-0.004786315535406458	-0.001020738494856937	-0.00019471528242559835
181611437.533056	-0.004784522651753309	-0.0010236767780555745	-0.00019479022944268585
181615037.533056	-0.004782727994042005	-0.001026612377540547	-0.00019486500390537332
181618637.533056	-0.004780931566442178	-0.0010295452928635641	-0.00019493960591403117
181622237.533056	-0.004779133373120877	-0.0010324755235828524	-0.00019501403556928463
181625837.533056	-0.004777333418242563	-0.0010354030692631513	-0.0001950882929720134
181629437.533056	-0.004775531705969102	-0.0010383279294756977	-0.00019516237822335002
181633037.533056	-0.004773728240459751	-0.001041250103798216	-0.00019523629142467934
181636637.533056	-0.004771923025871148	-0.0010441695918149058	-0.00019531003267763712
181640237.533056	-0.004770116066357308	-0.0010470863931164329	-0.0001953836020841092
181643837.533056	-0.00476830736606961	-0.0010500005072999156	-0.00019545699974623054
181647437.533056	-0.0047664969291567865	-0.0010529119339689145	-0.0001955302257663839
181651037.533056	-0.004764684759764916	-0.0010558206727334213	-0.0001956032802471992
181654637.533056	-0.004762870862037407	-0.0010587267232098456	-0.0001956761632915522
181658237.533056	-0.0047610552401150105	-0.0010616300850210085	-0.00019574887500256385
181661837.533056	-0.004759237898135771	-0.0010645307577961235	-0.0001958214154835987
181665437.533056	-0.004757418840235063	-0.0010674287411707954	-0.00019589378483826473
181669037.533056	-0.004755598070545539	-0.0010703240347869983	-0.00019596598317041125
181672637.533056	-0.004753775593197158	-0.0010732166382930732	-0.00019603801058412914
181676237.533056	-0.0047519514123171465	-0.0010761065513437123	-0.0001961098671837486
181679837.533056	-0.00475012553203001	-0.0010789937735999503	-0.00019618155307383927
181683437.533056	-0.004748297956457513	-0.0010818783047291506	-0.0001962530683592081
181687037.533056	-0.004746468689718672	-0.001084760144404998	-0.00019632441314489942
181690637.533056	-0.0047446377359297515	-0.0010876392923074836	-0.00019639558753619312
181694237.533056	-0.004742805099204239	-0.0010905157481228924	-0.00019646659163860403
181697837.533056	-0.004740970783652862	-0.0010933895115438005	-0.00019653742555788073
181701437.533056	-0.004739134793383563	-0.001096260582269059	-0.00019660808940000487
181705037.533056	-0.004737297132501484	-0.001099128960003778	-0.00019667858327118947
181708637.533056	-0.004735457805108988	-0.0011019946444593256	-0.00019674890727787886
181712237.533056	-0.004733616815305611	-0.0011048576353533074	-0.00019681906152674658
181715837.533056	-0.004731774167188079	-0.0011077179324095626	-0.00019688904612469527
181719437.533056	-0.004729929864850298	-0.00111057553535815	-0.00019695886117885534
181723037.533056	-0.004728083912383332	-0.0011134304439353348	-0.00019702850679658343
181726637.533056	-0.004726236313875415	-0.0011162826578835806	-0.0001970979830854626
181730237.533056	-0.004724387073411928	-0.0011191321769515388	-0.0001971672901533002
181733837.533056	-0.004722536195075386	-0.0011219790008940313	-0.00019723642810812704
181737437.533056	-0.004720683682945447	-0.0011248231294720469	-0.00019730539705819705
181741037.533056	-0.0047188295410989034	-0.001127664562452728	-0.00019737419711198605
181744637.533056	-0.004716973773609644	-0.0011305032996093548	-0.00019744282837819006
181748237.533056	-0.0047151163845486855	-0.001133339340721338	-0.0001975112909657248
181751837.533056	-0.004713257377984139	-0.001136172685574209	-0.00019757958498372536
181755437.533056	-0.004711396757981209	-0.0011390033339596024	-0.00019764771054154396
181759037.533056	-0.004709534528602183	-0.0011418312856752504	-0.00019771566774874993
181762637.533056	-0.004707670693906438	-0.0011446565405249709	-0.0001977834567151285
181766237.533056	-0.004705805257950399	-0.0011474790983186495	-0.00019785107755067942
181769837.533056	-0.004703938224787574	-0.001150298958872238	-0.00019791853036561682
181773437.533056	-0.004702069598468506	-0.0011531161220077345	-0.00019798581527036743
181777037.533056	-0.004700199383040793	-0.0011559305875531768	-0.0001980529323755702
181780637.533056	-0.004698327582549066	-0.0011587423553426292	-0.00019811988179207506
181784237.533056	-0.004696454201034979	-0.0011615514252161707	-0.00019818666363094207
181787837.533056	-0.004694579242537215	-0.001164357797019884	-0.00019825327800344046
181791437.533056	-0.004692702711091459	-0.0011671614706058446	-0.00019831972502104767
181795037.533056	-0.00469082461073041	-0.0011699624458321094	-0.0001983860047954487
181798637.533056	-0.004688944945483758	-0.0011727607225627045	-0.00019845211743853478
181802237.533056	-0.004687063719378173	-0.0011755563006676118	-0.0001985180630624024
181805837.533056	-0.004685180936437316	-0.0011783491800227638	-0.00019858384177935296
181809437.533056	-0.00468329660068182	-0.0011811393605100264	-0.00019864945370189145
181813037.533056	-0.004681410716129262	-0.001183926842017186	-0.00019871489894272485
181816637.533056	-0.004679523286794203	-0.0011867116244379484	-0.00019878017761476298
181820237.533056	-0.0046776343166881305	-0.0011894937076719141	-0.0001988452898311157
181823837.533056	-0.004675743809819481	-0.001192273091624579	-0.0001989102357050932
181827437.533056	-0.004673851770193624	-0.0011950497762073134	-0.00019897501535020442
181831037.533056	-0.004671958201812845	-0.0011978237613373569	-0.00019903962888015648
181834637.533056	-0.004670063108676356	-0.0012005950469378061	-0.0001991040764088537
181838237.533056	-0.004668166494780276	-0.0012033636329376023	-0.0001991683580503966
181841837.533056	-0.004666268364117624	-0.0012061295192715203	-0.00019923247391908088
181845437.533056	-0.004664368720678315	-0.0012088927058801582	-0.00019929642412939673
181849037.533056	-0.004662467568449149	-0.0012116531927099249	-0.00019936020879602758
181852637.533056	-0.00466056491141381	-0.001214410979713032	-0.0001994238280338498
181856237.533056	-0.004658660753552851	-0.0012171660668474776	-0.0001994872819579309
181859837.533056	-0.004656755098843689	-0.0012199184540770402	-0.00019955057068352908
181863437.533056	-0.004654847951260609	-0.0012226681413712668	-0.00019961369432609273
181867037.533056	-0.0046529393147747376	-0.0012254151287054563	-0.00019967665300125846
181870637.533056	-0.004651029193354051	-0.0012281594160606568	-0.000199739446824851
181874237.533056	-0.004649117590963364	-0.0012309010034236474	-0.00019980207591288208
181877837.533056	-0.004647204511564315	-0.0012336398907869294	-0.00019986454038154914
181881437.533056	-0.004645289959115373	-0.0012363760781487177	-0.00019992684034723509
181885037.533056	-0.0046433739375718285	-0.0012391095655129262	-0.00019998897592650694
181888637.533056	-0.00464145645088577	-0.0012418403528891568	-0.0002000509472361148
181892237.533056	-0.004639537503006098	-0.0012445684402926883	-0.00020011275439299115
181895837.533056	-0.00463761709787851	-0.0012472938277444678	-0.00020017439751425015
181899437.533056	-0.004635695239445492	-0.0012500165152710958	-0.0002002358767171863
181903037.533056	-0.004633771931646309	-0.001252736502904814	-0.00020029719211927364
181906637.533056	-0.00463184717841701	-0.0012554537906835	-0.0002003583438381653
181910237.533056	-0.00462992098369041	-0.0012581683786506493	-0.0002004193319916922
181913837.533056	-0.004627993351396081	-0.001260880266855365	-0.00020048015669786178
181917437.533056	-0.004626064285460361	-0.0012635894553523512	-0.0002005408180748582
181921037.533056	-0.0046241337898063365	-0.001266295944201896	-0.00020060131624104083
181924637.533056	-0.004622201868353828	-0.0012689997334698621	-0.00020066165131494293
181928237.533056	-0.004620268525019397	-0.0012717008232276748	-0.00020072182341527163
181931837.533056	-0.0046183337637163355	-0.0012743992135523124	-0.00020078183266090664
181935437.533056	-0.004616397588354654	-0.0012770949045262916	-0.00020084167917089942
181939037.533056	-0.004614460002841076	-0.0012797878962376589	-0.00020090136306447241
181942637.533056	-0.004612521011079045	-0.0012824781887799783	-0.0002009608844610183
181946237.533056	-0.004610580616968692	-0.001285165782252316	-0.0002010202434800985
181949837.533056	-0.004608638824406854	-0.001287850676759239	-0.00020107944024144362
181953437.533056	-0.004606695637287049	-0.001290532872410791	-0.0002011384748649511
181957037.533056	-0.004604751059499477	-0.0012932123693224894	-0.00020119734747068535
181960637.533056	-0.004602805094931025	-0.0012958891676153137	-0.00020125605817887703
181964237.533056	-0.004600857747465228	-0.0012985632674156885	-0.00020131460710992116
181967837.533056	-0.004598909020982298	-0.0013012346688554782	-0.00020137299438437729
181971437.533056	-0.004596958919359099	-0.0013039033720719738	-0.00020143122012296864
181975037.533056	-0.004595007446469144	-0.0013065693772078796	-0.00020148928444658047
181978637.533056	-0.004593054606182587	-0.001309232684411305	-0.00020154718747625997
181982237.533056	-0.004591100402366219	-0.0013118932938357526	-0.0002016049293332152
181985837.533056	-0.004589144838883456	-0.0013145512056401026	-0.00020166251013881384
181989437.533056	-0.004587187919594348	-0.0013172064199886105	-0.0002017199300145835
181993037.533056	-0.004585229648355558	-0.0013198589370508878	-0.00020177718908220943
181996637.533056	-0.004583270029020358	-0.001322508757001895	-0.00020183428746353485
182000237.533056	-0.004581309065438623	-0.0013251558800219283	-0.0002018912252805592
182003837.533056	-0.0045793467614568375	-0.0013278003062966123	-0.00020194800265543815
182007437.533056	-0.004577383120918071	-0.0013304420360168842	-0.00020200461971048197
182011037.533056	-0.004575418147661988	-0.0013330810693789861	-0.00020206107656815545
182014637.533056	-0.004573451845524826	-0.001335717406584452	-0.0002021173733510761
182018237.533056	-0.004571484218339406	-0.001338351047840099	-0.0002021735101820146
182021837.533056	-0.004569515269935118	-0.0013409819933580113	-0.0002022294871838924
182025437.533056	-0.0045675450041379176	-0.0013436102433555365	-0.00020228530447978236
182029037.533056	-0.0045655734247703195	-0.0013462357980552687	-0.00020234096219290702
182032637.533056	-0.004563600535651395	-0.0013488586576850395	-0.0002023964604466379
182036237.533056	-0.004561626340596762	-0.001351478822477906	-0.0002024517993644949
182039837.533056	-0.00455965084341858	-0.0013540962926721404	-0.00020250697907014516
182043437.533056	-0.004557674047925551	-0.0013567110685112184	-0.0002025619996874026
182047037.533056	-0.004555695957922906	-0.001359323150243809	-0.00020261686134022687
182050637.533056	-0.004553716577212402	-0.0013619325381237608	-0.0002026715641527223
182054237.533056	-0.004551735909592322	-0.001364539232410092	-0.0002027261082491376
182057837.533056	-0.004549753958857463	-0.001367143233366981	-0.00020278049375386473
182061437.533056	-0.004547770728799132	-0.001369744541263753	-0.0002028347207914384
182065037.533056	-0.004545786223205141	-0.0013723431563748673	-0.00020288878948653466
182068637.533056	-0.004543800445859806	-0.0013749390789799104	-0.00020294269996397083
182072237.533056	-0.0045418134005439275	-0.001377532309363576	-0.00020299645234870387
182075837.533056	-0.0045398250910348	-0.0013801228478156659	-0.00020305004676583066
182079437.533056	-0.00453783552110621	-0.0013827106946310693	-0.0002031034833405866
182083037.533056	-0.004535844694528402	-0.001385295850109753	-0.00020315676219834442
182086637.533056	-0.0045338526150681124	-0.0013878783145567538	-0.00020320988346461438
182090237.533056	-0.004531859286488532	-0.001390458088282163	-0.00020326284726504272
182093837.533056	-0.00452986471254932	-0.0013930351716011187	-0.0002033156537254114
182097437.533056	-0.004527868897006588	-0.00139560956483379	-0.00020336830297163684
182101037.533056	-0.004525871843612901	-0.0013981812683053695	-0.0002034207951297697
182104637.533056	-0.004523873556117263	-0.0014007502823460598	-0.0002034731303259936
182108237.533056	-0.004521874038265127	-0.0014033166072910637	-0.00020352530868662482
182111837.533056	-0.004519873293798372	-0.0014058802434805731	-0.0002035773303381114
182115437.533056	-0.004517871326455303	-0.0014084411912597536	-0.00020362919540703212
182119037.533056	-0.004515868139970662	-0.0014109994509787411	-0.00020368090402009633
182122637.533056	-0.0045138637380756	-0.0014135550229926236	-0.00020373245630414254
182126237.533056	-0.004511858124497682	-0.0014161079076614326	-0.00020378385238613772
182129837.533056	-0.004509851302960885	-0.0014186581053501352	-0.00020383509239317734
182133437.533056	-0.004507843277185588	-0.0014212056164286154	-0.00020388617645248434
182137037.533056	-0.004505834050888562	-0.0014237504412716697	-0.00020393710469140706
182140637.533056	-0.004503823627782978	-0.0014262925802589956	-0.00020398787723742025
182144237.533056	-0.004501812011578395	-0.0014288320337751772	-0.00020403849421812367
182147837.533056	-0.004499799205980752	-0.0014313688022096753	-0.00020408895576124112
182151437.533056	-0.004497785214692364	-0.0014339028859568182	-0.00020413926199461987
182155037.533056	-0.004495770041411929	-0.0014364342854157898	-0.00020418941304622986
182158637.533056	-0.004493753689834506	-0.0014389630009906185	-0.00020423940904416296
182162237.533056	-0.0044917361636515225	-0.0014414890330901665	-0.00020428925011663237
182165837.533056	-0.004489717466550763	-0.0014440123821281182	-0.0002043389363919713
182169437.533056	-0.00448769760221638	-0.0014465330485229735	-0.00020438846799863348
182173037.533056	-0.0044856765743288545	-0.0014490510326980273	-0.00020443784506519053
182176637.533056	-0.004483654386565037	-0.0014515663350813694	-0.0002044870677203329
182180237.533056	-0.004481631042598108	-0.0014540789561058658	-0.00020453613609286813
182183837.533056	-0.004479606546097589	-0.0014565888962091518	-0.0002045850503117206
182187437.533056	-0.0044775809007293384	-0.0014590961558336214	-0.00020463381050593078
182191037.533056	-0.004475554110155542	-0.0014616007354264116	-0.00020468241680465376
182194637.533056	-0.004473526178034712	-0.0014641026354393963	-0.0002047308693371595
182198237.533056	-0.004471497108021682	-0.0014666018563291743	-0.00020477916823283138
182201837.533056	-0.004469466903767605	-0.0014690983985570563	-0.0002048273136211659
182205437.533056	-0.004467435568919943	-0.0014715922625890545	-0.00020487530563177171
182209037.533056	-0.004465403107122468	-0.001474083448895873	-0.00020492314439436891
182212637.533056	-0.004463369522015266	-0.001476571957952896	-0.0002049708300387887
182216237.533056	-0.004461334817234704	-0.0014790577902401732	-0.0002050183626949717
182219837.533056	-0.004459298996413462	-0.0014815409462424138	-0.00020506574249296846
182223437.533056	-0.004457262063180506	-0.0014840214264489739	-0.00020511296956293813
182227037.533056	-0.004455224021161089	-0.0014864992313538428	-0.0002051600440351476
182230637.533056	-0.004453184873976752	-0.0014889743614556349	-0.00020520696603997112
182234237.533056	-0.004451144625245307	-0.0014914468172575752	-0.0002052537357078895
182237837.533056	-0.004449103278580848	-0.0014939165992674933	-0.00020530035316948964
182241437.533056	-0.004447060837593731	-0.0014963837079978051	-0.00020534681855546307
182245037.533056	-0.004445017305890593	-0.00149884814396551	-0.00020539313199660657
182248637.533056	-0.0044429726870743175	-0.0015013099076921711	-0.00020543929362382016
182252237.533056	-0.004440926984744056	-0.0015037689997039127	-0.00020548530356810738
182255837.533056	-0.004438880202495208	-0.001506225420531402	-0.00020553116196057414
182259437.533056	-0.004436832343919427	-0.0015086791707098416	-0.00020557686893242814
182263037.533056	-0.004434783412604609	-0.0015111302507789586	-0.00020562242461497825
182266637.533056	-0.0044327334121348925	-0.0015135786612829932	-0.00020566782913963389
182270237.533056	-0.00443068234609065	-0.0015160244027706848	-0.00020571308263790406
182273837.533056	-0.004428630218048493	-0.0015184674757952668	-0.00020575818524139748
182277437.533056	-0.004426577031581258	-0.0015209078809144518	-0.00020580313708182076
182281037.533056	-0.004424522790258008	-0.0015233456186904205	-0.00020584793829097857
182284637.533056	-0.004422467497644023	-0.0015257806896898122	-0.00020589258900077282
182288237.533056	-0.004420411157300806	-0.0015282130944837139	-0.00020593708934320165
182291837.533056	-0.004418353772786069	-0.0015306428336476481	-0.0002059814394503592
182295437.533056	-0.004416295347653739	-0.0015330699077615649	-0.0002060256394544348
182299037.533056	-0.00441423588545395	-0.0015354943174098307	-0.00020606968948771247
182302637.533056	-0.004412175389733026	-0.0015379160631812123	-0.00020611358968256944
182306237.533056	-0.004410113864033503	-0.0015403351456688733	-0.00020615734017147646
182309837.533056	-0.004408051311894108	-0.0015427515654703597	-0.00020620094108699666
182313437.533056	-0.004405987736849761	-0.0015451653231875904	-0.00020624439256178496
182317037.533056	-0.004403923142431571	-0.0015475764194268456	-0.0002062876947285875
182320637.533056	-0.004401857532166834	-0.0015499848547987595	-0.0002063308477202409
182324237.533056	-0.004399790909579021	-0.0015523906299183005	-0.00020637385166967091
182327837.533056	-0.004397723278187794	-0.0015547937454047738	-0.00020641670670989328
182331437.533056	-0.004395654641508983	-0.0015571942018818004	-0.00020645941297401158
182335037.533056	-0.004393585003054591	-0.0015595919999773103	-0.00020650197059521723
182338637.533056	-0.004391514366332794	-0.001561987140323532	-0.00020654437970678874
182342237.533056	-0.004389442734847934	-0.0015643796235569796	-0.00020658664044209094
182345837.533056	-0.004387370112100516	-0.0015667694503184455	-0.0002066287529345746
182349437.533056	-0.004385296501587205	-0.0015691566212529858	-0.00020667071731777527
182353037.533056	-0.004383221906800826	-0.0015715411370099137	-0.00020671253372531322
182356637.533056	-0.004381146331230356	-0.0015739229982427837	-0.00020675420229089225
182360237.533056	-0.004379069778360931	-0.0015763022056093866	-0.00020679572314829958
182363837.533056	-0.00437699225167382	-0.0015786787597717312	-0.00020683709643140436
182367437.533056	-0.004374913754646452	-0.0015810526613960411	-0.00020687832227415812
182371037.533056	-0.004372834290752395	-0.0015834239111527399	-0.00020691940081059328
182374637.533056	-0.004370753863461349	-0.0015857925097164398	-0.00020696033217482292
182378237.533056	-0.004368672476239163	-0.0015881584577659327	-0.00020700111650104024
182381837.533056	-0.004366590132547809	-0.001590521755984178	-0.00020704175392351751
182385437.533056	-0.00436450683584539	-0.001592882405058291	-0.00020708224457660588
182389037.533056	-0.004362422589586143	-0.0015952404056795366	-0.00020712258859473452
182392637.533056	-0.004360337397220418	-0.0015975957585433092	-0.00020716278611240997
182396237.533056	-0.004358251262194694	-0.0015999484643491322	-0.00020720283726421578
182399837.533056	-0.004356164187951565	-0.001602298523800641	-0.00020724274218481185
182403437.533056	-0.004354076177929739	-0.001604645937605573	-0.0002072825010089337
182407037.533056	-0.004351987235564034	-0.0016069907064757583	-0.00020732211387139188
182410637.533056	-0.004349897364285384	-0.0016093328311271094	-0.0002073615809070716
182414237.533056	-0.004347806567520814	-0.0016116723122796047	-0.00020740090225093157
182417837.533056	-0.004345714848693462	-0.001614009150657287	-0.0002074400780380042
182421437.533056	-0.0043436222112225665	-0.0016163433469882455	-0.00020747910840339438
182425037.533056	-0.004341528658523453	-0.0016186749020046082	-0.00020751799348227916
182428637.533056	-0.0043394341940075475	-0.0016210038164425312	-0.00020755673340990723
182432237.533056	-0.004337338821082365	-0.0016233300910421867	-0.00020759532832159794
182435837.533056	-0.004335242543151506	-0.0016256537265477533	-0.00020763377835274113
182439437.533056	-0.004333145363614658	-0.0016279747237074075	-0.00020767208363879654
182443037.533056	-0.004331047285867594	-0.00163029308327331	-0.00020771024431529272
182446637.533056	-0.004328948313302158	-0.0016326088060015947	-0.00020774826051782688
182450237.533056	-0.004326848449306279	-0.0016349218926523638	-0.00020778613238206436
182453837.533056	-0.0043247476972639535	-0.00163723234398967	-0.0002078238600437375
182457437.533056	-0.004322646060555258	-0.001639540160781513	-0.00020786144363864562
182461037.533056	-0.00432054354255633	-0.0016418453437998227	-0.00020789888330265412
182464637.533056	-0.004318440146639378	-0.0016441478938204542	-0.0002079361791716938
182468237.533056	-0.004316335876172678	-0.0016464478116231744	-0.0002079733313817606
182471837.533056	-0.004314230734520564	-0.0016487450979916546	-0.00020801034006891474
182475437.533056	-0.004312124725043434	-0.0016510397537134551	-0.00020804720536927993
182479037.533056	-0.0043100178510977446	-0.0016533317795800217	-0.0002080839274190434
182482637.533056	-0.004307910116036001	-0.0016556211763866663	-0.00020812050635445425
182486237.533056	-0.004305801523206776	-0.0016579079449325674	-0.0002081569423118241
182489837.533056	-0.004303692075954681	-0.0016601920860207496	-0.00020819323542752537
182493437.533056	-0.004301581777620389	-0.001662473600458082	-0.0002082293858379917
182497037.533056	-0.004299470631540612	-0.0016647524890552592	-0.00020826539367971614
182500637.533056	-0.004297358641048111	-0.0016670287526267971	-0.0002083012590892516
182504237.533056	-0.004295245809471695	-0.0016693023919910216	-0.00020833698220321006
182507837.533056	-0.004293132140136214	-0.0016715734079700562	-0.00020837256315826136
182511437.533056	-0.004291017636362554	-0.0016738418013898103	-0.00020840800209113338
182515037.533056	-0.004288902301467643	-0.0016761075730799737	-0.00020844329913861096
182518637.533056	-0.004286786138764444	-0.0016783707238740015	-0.00020847845443753576
182522237.533056	-0.004284669151561954	-0.0016806312546091041	-0.00020851346812480502
182525837.533056	-0.004282551343165201	-0.0016828891661262405	-0.00020854834033737183
182529437.533056	-0.004280432716875245	-0.0016851444592701024	-0.00020858307121224382
182533037.533056	-0.004278313275989171	-0.001687397134889106	-0.00020861766088648293
182536637.533056	-0.004276193023800093	-0.0016896471938353831	-0.00020865210949720507
182540237.533056	-0.004274071963597144	-0.0016918946369647685	-0.00020868641718157908
182543837.533056	-0.0042719500986654856	-0.0016941394651367903	-0.0002087205840768267
182547437.533056	-0.004269827432286298	-0.0016963816792146579	-0.0002087546103202215
182551037.533056	-0.004267703967736771	-0.0016986212800652544	-0.0002087884960490888
182554637.533056	-0.0042655797082901195	-0.0017008582685591237	-0.00020882224140080478
182558237.533056	-0.004263454657215557	-0.0017030926455704587	-0.0002088558465127959
182561837.533056	-0.004261328817778327	-0.0017053244119770964	-0.0002088893115225388
182565437.533056	-0.00425920219323967	-0.001707553568660502	-0.00020892263656755944
182569037.533056	-0.004257074786856835	-0.0017097801165057598	-0.00020895582178543252
182572637.533056	-0.004254946601883082	-0.001712004056401566	-0.0002089888673137814
182576237.533056	-0.004252817641567663	-0.0017142253892402134	-0.0002090217732902766
182579837.533056	-0.004250687909155843	-0.001716444115917586	-0.00020905453985263636
182583437.533056	-0.00424855740788888	-0.001718660237333145	-0.00020908716713862518
182587037.533056	-0.004246426141004029	-0.0017208737543899205	-0.0002091196552860541
182590637.533056	-0.0042442941117345435	-0.0017230846679945008	-0.00020915200443277958
182594237.533056	-0.004242161323309668	-0.0017252929790570223	-0.00020918421471670317
182597837.533056	-0.004240027778954641	-0.001727498688491159	-0.00020921628627577083
182601437.533056	-0.0042378934818906935	-0.0017297017972141165	-0.00020924821924797317
182605037.533056	-0.004235758435335038	-0.0017319023061466109	-0.00020928001377134295
182608637.533056	-0.00423362264250088	-0.0017341002162128724	-0.00020931166998395682
182612237.533056	-0.004231486106597414	-0.001736295528340628	-0.00020934318802393344
182615837.533056	-0.004229348830829813	-0.0017384882434610927	-0.00020937456802943324
182619437.533056	-0.004227210818399233	-0.0017406783625089576	-0.00020940581013865776
182623037.533056	-0.004225072072502822	-0.0017428658864223846	-0.00020943691448984937
182626637.533056	-0.004222932596333696	-0.0017450508161429923	-0.00020946788122129062
182630237.533056	-0.004220792393080957	-0.001747233152615846	-0.00020949871047130323
182633837.533056	-0.004218651465929682	-0.0017494128967894514	-0.0002095294023782481
182637437.533056	-0.004216509818060933	-0.0017515900496157437	-0.0002095599570805247
182641037.533056	-0.0042143674526517365	-0.0017537646120500709	-0.00020959037471657003
182644637.533056	-0.0042122243728751054	-0.0017559365850511961	-0.00020962065542485877
182648237.533056	-0.004210080581900023	-0.0017581059695812769	-0.00020965079934390216
182651837.533056	-0.004207936082891438	-0.0017602727666058576	-0.00020968080661224744
182655437.533056	-0.004205790879010281	-0.001762436977093862	-0.0002097106773684776
182659037.533056	-0.004203644973413455	-0.0017645986020175864	-0.00020974041175121131
182662637.533056	-0.004201498369253826	-0.0017667576423526783	-0.00020977000989910104
182666237.533056	-0.00419935106968023	-0.0017689140990781364	-0.0002097994719508335
182669837.533056	-0.004197203077837473	-0.0017710679731762964	-0.00020982879804512904
182673437.533056	-0.00419505439686633	-0.0017732192656328227	-0.00020985798832074104
182677037.533056	-0.004192905029903533	-0.0017753679774366936	-0.00020988704291645489
182680637.533056	-0.004190754980081787	-0.0017775141095801978	-0.00020991596197108834
182684237.533056	-0.0041886042505297595	-0.001779657663058922	-0.00020994474562349054
182687837.533056	-0.0041864528443720725	-0.0017817986388717355	-0.00020997339401254112
182691437.533056	-0.0041843007647293165	-0.0017839370380207885	-0.00021000190727715054
182695037.533056	-0.004182148014718043	-0.0017860728615114963	-0.00021003028555625894
182698637.533056	-0.004179994597450754	-0.0017882061103525304	-0.00021005852898883575
182702237.533056	-0.004177840516035915	-0.0017903367855558083	-0.00021008663771387927
182705837.533056	-0.004175685773577946	-0.0017924648881364853	-0.00021011461187041625
182709437.533056	-0.004173530373177225	-0.0017945904191129425	-0.00021014245159750133
182713037.533056	-0.004171374317930076	-0.001796713379506776	-0.00021017015703421636
182716637.533056	-0.0041692176109287835	-0.0017988337703427895	-0.00021019772831967027
182720237.533056	-0.00416706025526158	-0.0018009515926489818	-0.00021022516559299803
182723837.533056	-0.004164902254012653	-0.0018030668474565408	-0.00021025246899336096
182727437.533056	-0.004162743610262128	-0.0018051795357998256	-0.00021027963865994512
182731037.533056	-0.004160584327086092	-0.0018072896587163665	-0.000210306674731962
182734637.533056	-0.004158424407556569	-0.0018093972172468487	-0.00021033357734864743
182738237.533056	-0.0041562638547415365	-0.0018115022124351042	-0.00021036034664926093
182741837.533056	-0.004154102671704915	-0.0018136046453281027	-0.00021038698277308566
182745437.533056	-0.004151940861506562	-0.0018157045169759397	-0.0002104134858594274
182749037.533056	-0.004149778427202291	-0.00181780182843183	-0.00021043985604761459
182752637.533056	-0.004147615371843845	-0.0018198965807520954	-0.00021046609347699736
182756237.533056	-0.004145451698478922	-0.0018219887749961574	-0.00021049219828694755
182759837.533056	-0.004143287410151156	-0.0018240784122265264	-0.00021051817061685775
182763437.533056	-0.004141122509900112	-0.0018261654935087886	-0.00021054401060614076
182767037.533056	-0.004138957000761309	-0.0018282500199116043	-0.0002105697183942295
182770637.533056	-0.004136790885766198	-0.0018303319925066913	-0.00021059529412057625
182774237.533056	-0.004134624167942173	-0.0018324114123688194	-0.00021062073792465203
182777837.533056	-0.004132456850312558	-0.0018344882805757963	-0.0002106460499459461
182781437.533056	-0.004130288935896629	-0.0018365625982084666	-0.00021067123032396585
182785037.533056	-0.00412812042770959	-0.001838634366350694	-0.00021069627919823586
182788637.533056	-0.004125951328762579	-0.0018407035860893515	-0.0002107211967082972
182792237.533056	-0.004123781642062685	-0.0018427702585143229	-0.00021074598299370784
182795837.533056	-0.004121611370612927	-0.0018448343847184798	-0.00021077063819404122
182799437.533056	-0.004119440517412255	-0.0018468959657976763	-0.00021079516244888573
182803037.533056	-0.004117269085455565	-0.0018489550028507465	-0.00021081955589784496
182806637.533056	-0.0041150970777336805	-0.001851011496979483	-0.00021084381868053642
182810237.533056	-0.004112924497233371	-0.0018530654492886385	-0.00021086795093659168
182813837.533056	-0.004110751346937335	-0.001855116860885908	-0.00021089195280565536
182817437.533056	-0.00410857762982421	-0.0018571657328819247	-0.000210915824427385
182821037.533056	-0.004106403348868561	-0.0018592120663902434	-0.00021093956594145014
182824637.533056	-0.004104228507040907	-0.001861255862527342	-0.0002109631774875326
182828237.533056	-0.004102053107307679	-0.0018632971224125986	-0.00021098665920532488
182831837.533056	-0.004099877152631258	-0.001865335847168293	-0.00021101001123453078
182835437.533056	-0.004097700645969951	-0.001867372037919589	-0.00021103323371486418
182839037.533056	-0.004095523590278004	-0.0018694056957945313	-0.00021105632678604903
182842637.533056	-0.0040933459885055925	-0.0018714368219240288	-0.00021107929058781854
182846237.533056	-0.004091167843598828	-0.001873465417441852	-0.00021110212525991506
182849837.533056	-0.004088989158499748	-0.001875491483484617	-0.00021112483094208915
182853437.533056	-0.004086809936146335	-0.001877515021191782	-0.0002111474077740998
182857037.533056	-0.004084630179472489	-0.0018795360317056327	-0.00021116985589571323
182860637.533056	-0.0040824498914080526	-0.0018815545161712756	-0.00021119217544670314
182864237.533056	-0.004080269074878792	-0.0018835704757366267	-0.00021121436656684953
182867837.533056	-0.004078087732806406	-0.0018855839115524025	-0.00021123642939593887
182871437.533056	-0.004075905868108526	-0.0018875948247721113	-0.0002112583640737634
182875037.533056	-0.004073723483698713	-0.0018896032165520444	-0.00021128017074012082
182878637.533056	-0.004071540582486449	-0.0018916090880512612	-0.00021130184953481327
182882237.533056	-0.004069357167377158	-0.0018936124404315892	-0.000211323400597648
182885837.533056	-0.004067173241272187	-0.0018956132748576067	-0.00021134482406843578
182889437.533056	-0.004064988807068809	-0.001897611592496637	-0.00021136612008699113
182893037.533056	-0.004062803867660228	-0.0018996073945187371	-0.0002113872887931316
182896637.533056	-0.0040606184259355796	-0.0019016006820966923	-0.00021140833032667764
182900237.533056	-0.004058432484779921	-0.001903591456406001	-0.00021142924482745156
182903837.533056	-0.004056246047074241	-0.00190557971862487	-0.00021145003243527757
182907437.533056	-0.004054059115695458	-0.001907565469934207	-0.0002114706932899815
182911037.533056	-0.004051871693516418	-0.0019095487115176073	-0.00021149122753138985
182914637.533056	-0.00404968378340589	-0.0019115294445613419	-0.0002115116352993291
182918237.533056	-0.0040474953882285785	-0.0019135076702543599	-0.00021153191673362626
182921837.533056	-0.0040453065108451165	-0.001915483389788269	-0.0002115520719741078
182925437.533056	-0.004043117154112056	-0.001917456604357327	-0.0002115721011605987
182929037.533056	-0.004040927320881894	-0.0019194273151584404	-0.000211592004432923
182932637.533056	-0.004038737014003044	-0.0019213955233911488	-0.0002116117819309028
182936237.533056	-0.004036546236319858	-0.0019233612302576176	-0.00021163143379435763
182939837.533056	-0.004034354990672613	-0.0019253244369626292	-0.00021165096016310424
182943437.533056	-0.004032163279897522	-0.0019272851447135737	-0.00021167036117695608
182947037.533056	-0.004029971106826725	-0.0019292433547204414	-0.00021168963697572305
182950637.533056	-0.004027778474288299	-0.0019311990681958105	-0.00021170878769921053
182954237.533056	-0.004025585385106248	-0.0019331522863548392	-0.00021172781348721933
182957837.533056	-0.004023391842100515	-0.001935103010415262	-0.00021174671447954542
182961437.533056	-0.004021197848086973	-0.0019370512415973705	-0.0002117654908159789
182965037.533056	-0.004019003405877429	-0.0019389969811240125	-0.00021178414263630394
182968637.533056	-0.004016808518279631	-0.0019409402302205806	-0.00021180267008029838
182972237.533056	-0.0040146131880972515	-0.0019428809901149999	-0.00021182107328773277
182975837.533056	-0.004012417418129908	-0.0019448192620377246	-0.00021183935239837078
182979437.533056	-0.004010221211173149	-0.0019467550472217247	-0.00021185750755196804
182983037.533056	-0.004008024570018461	-0.001948688346902477	-0.00021187553888827194
182986637.533056	-0.004005827497453272	-0.0019506191623179588	-0.0002118934465470218
182990237.533056	-0.004003629996260939	-0.0019525474947086332	-0.00021191123066794745
182993837.533056	-0.00400143206922076	-0.001954473345317447	-0.00021192889139076926
182997437.533056	-0.003999233719107973	-0.001956396715389817	-0.00021194642885519793
183001037.533056	-0.003997034948693756	-0.001958317606173622	-0.0002119638432009339
183004637.533056	-0.00399483576074522	-0.00196023601891919	-0.00021198113456766674
183008237.533056	-0.003992636158025419	-0.0019621519548793	-0.0002119983030950754
183011837.533056	-0.0039904361432933485	-0.0019640654153091613	-0.00021201534892282729
183015437.533056	-0.0039882357193039356	-0.001965976401466407	-0.00021203227219057755
183019037.533056	-0.003986034888808053	-0.0019678849146110887	-0.0002120490730379694
183022637.533056	-0.003983833654552515	-0.0019697909560056678	-0.00021206575160463367
183026237.533056	-0.003981632019280074	-0.001971694526915	-0.0002120823080301877
183029837.533056	-0.003979429985729424	-0.001973595628606332	-0.0002120987424542356
183033437.533056	-0.003977227556635203	-0.0019754942623492937	-0.00021211505501636792
183037037.533056	-0.003975024734727989	-0.0019773904294158864	-0.00021213124585616088
183040637.533056	-0.003972821522734296	-0.0019792841310804685	-0.0002121473151131759
183044237.533056	-0.0039706179233765905	-0.0019811753686197597	-0.0002121632629269599
183047837.533056	-0.003968413939373278	-0.0019830641433128235	-0.00021217908943704417
183051437.533056	-0.00396620957343871	-0.001984950456441061	-0.00021219479478294442
183055037.533056	-0.003964004828283174	-0.001986834309288196	-0.0002122103791041599
183058637.533056	-0.003961799706612918	-0.0019887157031402798	-0.00021222584254017388
183062237.533056	-0.0039595942111301215	-0.001990594639285669	-0.00021224118523045218
183065837.533056	-0.003957388344532917	-0.001992471119015025	-0.00021225640731444367
183069437.533056	-0.003955182109515388	-0.001994345143621303	-0.0002122715089315795
183073037.533056	-0.0039529755087675585	-0.0019962167143997437	-0.00021228649022127265
183076637.533056	-0.003950768544975406	-0.0019980858326478627	-0.0002123013513229174
183080237.533056	-0.003948561220820856	-0.0019999524996654455	-0.0002123160923758892
183083837.533056	-0.003946353538981794	-0.0020018167167545403	-0.00021233071351954466
183087437.533056	-0.003944145502132044	-0.0020036784852194415	-0.00021234521489321972
183091037.533056	-0.003941937112941392	-0.0020055378063666878	-0.00021235959663623086
183094637.533056	-0.003939728374075578	-0.0020073946815050564	-0.0002123738588878741
183098237.533056	-0.0039375192881963015	-0.0020092491119455486	-0.00021238800178742433
183101837.533056	-0.003935309857961209	-0.00201110109900138	-0.0002124020254741349
183105437.533056	-0.003933100086023915	-0.0020129506439879783	-0.00021241593008723762
183109037.533056	-0.003930889975033983	-0.00201479774822297	-0.0002124297157659421
183112637.533056	-0.003928679527636953	-0.002016642413026177	-0.00021244338264943564
183116237.533056	-0.003926468746474314	-0.002018484639719598	-0.00021245693087688222
183119837.533056	-0.003924257634183518	-0.0020203244296274135	-0.00021247036058742285
183123437.533056	-0.003922046193397985	-0.0020221617840759636	-0.0002124836719201748
183127037.533056	-0.0039198344267471034	-0.002023996704393751	-0.00021249686501423112
183130637.533056	-0.003917622336856223	-0.002025829191911426	-0.00021250994000866083
183134237.533056	-0.003915409926346664	-0.002027659247961777	-0.00021252289704250767
183137837.533056	-0.003913197197835709	-0.0020294868738797273	-0.0002125357362547904
183141437.533056	-0.003910984153936612	-0.0020313120710023173	-0.00021254845778450208
183145037.533056	-0.003908770797258606	-0.0020331348406687085	-0.0002125610617706103
183148637.533056	-0.003906557130406888	-0.0020349551842201658	-0.0002125735483520562
183152237.533056	-0.0039043431559826246	-0.002036773103000049	-0.00021258591766775415
183155837.533056	-0.003902128876582961	-0.0020385885983538092	-0.00021259816985659175
183159437.533056	-0.0038999142948010173	-0.0020404016716289767	-0.00021261030505742947
183163037.533056	-0.003897699413225886	-0.002042212324175153	-0.00021262232340909997
183166637.533056	-0.0038954842344426366	-0.002044020557344003	-0.0002126342250504079
183170237.533056	-0.0038932687610323175	-0.0020458263724892458	-0.00021264601012012987
183173837.533056	-0.003891052995571951	-0.002047629770966645	-0.0002126576787570135
183177437.533056	-0.0038888369406345417	-0.002049430754134004	-0.00021266923109977776
183181037.533056	-0.003886620598789079	-0.0020512293233511556	-0.00021268066728711242
183184637.533056	-0.003884403972600523	-0.002053025479979951	-0.0002126919874576772
183188237.533056	-0.0038821870646298245	-0.0020548192253842567	-0.0002127031917501023
183191837.533056	-0.003879969877433909	-0.0020566105609299383	-0.00021271428030298714
183195437.533056	-0.0038777524135656994	-0.0020583994879848654	-0.00021272525325490108
183199037.533056	-0.0038755346755740896	-0.002060186007918888	-0.000212736110744382
183202637.533056	-0.003873316666003969	-0.00206197012210384	-0.0002127468529099369
183206237.533056	-0.0038710983873962135	-0.0020637518319135246	-0.00021275747989004106
183209837.533056	-0.003868879842287685	-0.00206553113872371	-0.00021276799182313758
183213437.533056	-0.003866661033211238	-0.002067308043912118	-0.0002127783888476375
183217037.533056	-0.003864441962695719	-0.0020690825488584204	-0.00021278867110191912
183220637.533056	-0.003862222633265966	-0.002070854654944226	-0.00021279883872432756
183224237.533056	-0.0038600030474428134	-0.002072624363553076	-0.00021280889185317496
183227837.533056	-0.003857783207743091	-0.0020743916760704345	-0.0002128188306267394
183231437.533056	-0.0038555631166796254	-0.0020761565938836814	-0.00021282865518326517
183235037.533056	-0.003853342776761246	-0.002077919118382107	-0.0002128383656609623
183238637.533056	-0.0038511221904927767	-0.0020796792509568934	-0.00021284796219800547
183242237.533056	-0.0038489013603750545	-0.002081436993001125	-0.00021285744493253501
183245837.533056	-0.0038466802889049103	-0.0020831923459097633	-0.00021286681400265532
183249437.533056	-0.003844458978575184	-0.002084945311079644	-0.00021287606954643488
183253037.533056	-0.0038422374318747283	-0.0020866958899094785	-0.0002128852117019065
183256637.533056	-0.003840015651288404	-0.0020884440837998313	-0.00021289424060706632
183260237.533056	-0.003837793639297078	-0.0020901898941531206	-0.00021290315639987327
183263837.533056	-0.003835571398377638	-0.0020919333223736107	-0.00021291195921824962
183267437.533056	-0.003833348931002984	-0.0020936743698674	-0.00021292064920007978
183271037.533056	-0.0038311262396420304	-0.0020954130380424155	-0.0002129292264832103
183274637.533056	-0.0038289033267597146	-0.0020971493283084047	-0.00021293769120544969
183278237.533056	-0.0038266801948169922	-0.002098883242076926	-0.00021294604350456775
183281837.533056	-0.00382445684627084	-0.002100614780761341	-0.00021295428351829544
183285437.533056	-0.0038222332835742582	-0.0021023439457768076	-0.0002129624113843246
183289037.533056	-0.0038200095091762763	-0.0021040707385402728	-0.0002129704272403076
