190549492.989696	26674833566.347866	217442530875.00333	10573323216.776844	-21965.53652047977	8104.1465383328705	-318.05775231880307
190553092.989696	26595755463.84299	217471688080.87402	10572177346.611969	-21966.741999153764	8094.301379739946	-318.53675414111166
190556692.989696	26516673028.630966	217500809846.46518	10571029752.360004	-21967.94358032249	8084.457494258553	-319.0155784841663
190560292.989696	26437586274.739418	217529896176.36127	10569880434.659826	-21969.1412658677	8074.614882598959	-319.49422537532706
190563892.989696	26358495216.18921	217558947075.14932	10568729394.150211	-21970.335057670083	8064.773545470196	-319.97269484197875
190567492.989696	26279399866.99443	217587962547.41895	10567576631.46984	-21971.52495760928	8054.933483580059	-320.4509869115311
190571092.989696	26200300241.162407	217616942597.76224	10566422147.257292	-21972.71096756388	8045.09469763511	-320.9291016114187
190574692.989696	26121196352.693703	217645887230.7739	10565265942.151049	-21973.893089411416	8035.257188340678	-321.40703896910054
190578292.989696	26042088215.582123	217674796451.05112	10564108016.789492	-21975.07132502838	8025.420956400863	-321.8847990120606
190581892.989696	25962975843.814724	217703670263.19366	10562948371.810905	-21976.245676290204	8015.586002518537	-322.3623817678073
190585492.989696	25883859251.37181	217732508671.80377	10561787007.853476	-21977.41614507127	8005.752327395341	-322.8397872638734
190589092.989696	25804738452.22694	217761311681.48627	10560623925.555285	-21978.582733244908	7995.919931731694	-323.3170155278164
190592692.989696	25725613460.346928	217790079296.84845	10559459125.55432	-21979.745442683397	7986.08881622679	-323.7940665872181
190596292.989696	25646484289.691856	217818811522.50015	10558292608.488468	-21980.90427525797	7976.258981578601	-324.2709404696845
190599892.989696	25567350954.215065	217847508363.05368	10557124374.995518	-21982.0592328388	7966.430428483878	-324.747637202846
190603492.989696	25488213467.863167	217876169823.12393	10555954425.713154	-21983.210317295023	7956.603157638154	-325.2241568143573
190607092.989696	25409071844.57605	217904795907.32822	10554782761.278967	-21984.357530494708	7946.777169735743	-325.70049933189694
190610692.989696	25329926098.286873	217933386620.28638	10553609382.330444	-21985.500874304886	7936.952465469746	-326.17666478316784
190614292.989696	25250776242.92208	217961941966.6208	10552434289.504974	-21986.640350591533	7927.129045532049	-326.6526531958968
190617892.989696	25171622292.4014	217990461950.95624	10551257483.439846	-21987.775961219577	7917.306910613323	-327.1284645978346
190621492.989696	25092464260.63785	218018946577.92004	10550078964.77225	-21988.907708052895	7907.486061403033	-327.60409901675587
190625092.989696	25013302161.53774	218047395852.142	10548898734.139273	-21990.035592954315	7897.666498589432	-328.0795564804592
190628692.989696	24934136009.000664	218075809778.25436	10547716792.177904	-21991.159617785615	7887.848222859566	-328.55483701676684
190632292.989696	24854965816.919533	218104188360.8919	10546533139.525032	-21992.279784407525	7878.031234899276	-329.0299406535248
190635892.989696	24775791599.18055	218132531604.6918	10545347776.817446	-21993.396094679723	7868.215535393198	-329.50486741860277
190639492.989696	24696613369.663227	218160839514.2937	10544160704.691832	-21994.508550460843	7858.401125024765	-329.979617339894
190643092.989696	24617431142.24039	218189112094.33975	10542971923.784777	-21995.617153608466	7848.588004476212	-330.4541904453152
190646692.989696	24538244930.77818	218217349349.47452	10541781434.732769	-21996.721905979128	7838.776174428571	-330.9285867628067
190650292.989696	24459054749.136047	218245551284.34503	10540589238.172195	-21997.822809428315	7828.96563556168	-331.4028063203321
190653892.989696	24379860611.166775	218273717903.60077	10539395334.739342	-21998.91986581046	7819.156388554178	-331.87684914587845
190657492.989696	24300662530.71647	218301849211.89365	10538199725.07039	-22000.01307697896	7809.348434083512	-332.35071526745605
190661092.989696	24221460521.62456	218329945213.87802	10537002409.801428	-22001.102444786153	7799.5417728259345	-332.82440471309843
190664692.989696	24142254597.72382	218358005914.21066	10535803389.568434	-22002.187971083335	7789.736405456508	-333.2979175108623
190668292.989696	24063044772.84035	218386031317.55078	10534602665.007292	-22003.26965772075	7779.932332649105	-333.77125368882747
190671892.989696	23983831060.793602	218414021428.56003	10533400236.753784	-22004.347506547598	7770.129555076411	-334.2444132750968
190675492.989696	23904613475.396362	218441976251.90244	10532196105.443588	-22005.421519412033	7760.328073409924	-334.71739629779614
190679092.989696	23825392030.454773	218469895792.24448	10530990271.712282	-22006.49169816116	7750.52788831996	-335.1902027850743
190682692.989696	23746166739.768326	218497780054.25504	10529782736.195343	-22007.558044641042	7740.729000475648	-335.6628327651029
190686292.989696	23666937617.129868	218525629042.6054	10528573499.528147	-22008.620560696687	7730.931410544938	-336.1352862660765
190689892.989696	23587704676.325607	218553442761.96927	10527362562.345968	-22009.679248172062	7721.135119194602	-336.6075633162123
190693492.989696	23508467931.135113	218581221217.0227	10526149925.283978	-22010.73410891009	7711.340127090231	-337.0796639437503
190697092.989696	23429227395.331326	218608964412.4442	10524935588.977245	-22011.785144752637	7701.546434896241	-337.55158817695303
190700692.989696	23349983082.680557	218636672352.91464	10523719554.060741	-22012.832357540537	7691.754043275872	-338.0233360441057
190704292.989696	23270735006.94249	218664345043.11728	10522501821.169333	-22013.875749113573	7681.962952891193	-338.494907573516
190707892.989696	23191483181.87019	218691982487.73773	10521282390.937784	-22014.91532131048	7672.173164403097	-338.9663027935141
190711492.989696	23112227621.210102	218719584691.46405	10520061264.000757	-22015.951075968947	7662.384678471311	-339.43752173245264
190715092.989696	23032968338.702057	218747151658.9866	10518838440.992813	-22016.983014925627	7652.597495754393	-339.90856441870653
190718692.989696	22953705348.079277	218774683394.99814	10517613922.54841	-22018.011140016115	7642.811616909733	-340.37943088067306
190722292.989696	22874438663.06838	218802179904.1938	10516387709.301907	-22019.035453074972	7633.027042593555	-340.85012114677164
190725892.989696	22795168297.389374	218829641191.27103	10515159801.887554	-22020.05595593571	7623.243773460921	-341.320635245444
190729492.989696	22715894264.75568	218857067260.92972	10513930200.939507	-22021.072650430793	7613.461810165731	-341.790973205154
190733092.989696	22636616578.874115	218884458117.872	10512698907.09181	-22022.08553839165	7603.6811533607215	-342.2611350543874
190736692.989696	22557335253.444904	218911813766.80246	10511465920.978413	-22023.094621648655	7593.901803697474	-342.7311208216522
190740292.989696	22478050302.161694	218939134212.42798	10510231243.233158	-22024.09990203115	7584.12376182641	-343.2009305354782
190743892.989696	22398761738.711536	218966419459.45776	10508994874.489788	-22025.10138136742	7574.347028396797	-343.67056422441715
190747492.989696	22319469576.77491	218993669512.60336	10507756815.381939	-22026.09906148472	7564.571604056747	-344.14002191704265
190751092.989696	22240173830.02572	219020884376.57867	10506517066.543146	-22027.092944209257	7554.797489453218	-344.6093036419501
190754692.989696	22160874512.131287	219048064056.09988	10505275628.606844	-22028.08303136619	7545.024685232021	-345.0784094277566
190758292.989696	22081571636.752373	219075208555.88556	10504032502.20636	-22029.06932477964	7535.253192037814	-345.54733930310096
190761892.989696	22002265217.543175	219102317880.65656	10502787687.97492	-22030.051826272684	7525.483010514109	-346.0160932966436
190765492.989696	21922955268.151325	219129392035.13605	10501541186.545649	-22031.030537667357	7515.7141413032705	-346.4846714370665
190769092.989696	21843641802.217903	219156431024.0495	10500292998.551563	-22032.00546078465	7505.946585046519	-346.9530737530731
190772692.989696	21764324833.377426	219183434852.1247	10499043124.625582	-22032.976597444518	7496.180342383932	-347.4213002733884
190776292.989696	21685004375.25787	219210403524.09174	10497791565.400517	-22033.94394946587	7486.415413954444	-347.8893510267587
190779892.989696	21605680441.48066	219237337044.683	10496538321.509075	-22034.90751866657	7476.651800395852	-348.3572260419516
190783492.989696	21526353045.660675	219264235418.6332	10495283393.583866	-22035.867306863445	7466.889502344811	-348.82492534775616
190787092.989696	21447022201.406265	219291098650.6793	10494026782.25739	-22036.823315872283	7457.128520436843	-349.2924489729825
190790692.989696	21367687922.31924	219317926745.5605	10492768488.162043	-22037.775547507827	7447.368855306331	-349.759796946462
190794292.989696	21288350221.99488	219344719708.01837	10491508511.930122	-22038.72400358378	7437.610507586527	-350.22696929704716
190797892.989696	21209009114.021935	219371477542.79675	10490246854.193817	-22039.668685912802	7427.853477909549	-350.69396605361146
190801492.989696	21129664611.98263	219398200254.64172	10488983515.585215	-22040.60959630652	7418.097766906385	-351.16078724504945
190805092.989696	21050316729.45268	219424887848.30164	10487718496.736296	-22041.546736575514	7408.343375206895	-351.62743290027663
190808692.989696	20970965480.001266	219451540328.52713	10486451798.27894	-22042.48010852933	7398.590303439809	-352.09390304822944
190812292.989696	20891610877.191074	219478157700.07108	10485183420.844923	-22043.409713976467	7388.8385522327335	-352.5601977178651
190815892.989696	20812252934.578274	219504739967.68863	10483913365.065912	-22044.335554724392	7379.088122212149	-353.02631693816164
190819492.989696	20732891665.71253	219531287136.13718	10482641631.573473	-22045.25763257953	7369.339014003413	-353.4922607381178
190823092.989696	20653527084.137005	219557799210.17636	10481368220.999067	-22046.175949347267	7359.591228230763	-353.95802914675306
190826692.989696	20574159203.388367	219584276194.56808	10480093133.97405	-22047.090506831948	7349.844765517315	-354.4236221931075
190830292.989696	20494788036.996788	219610718094.07648	10478816371.129677	-22048.00130683688	7340.099626485069	-354.8890399062418
190833892.989696	20415413598.485954	219637124913.46793	10477537933.097092	-22048.908351164333	7330.355811754907	-355.3542823152371
190837492.989696	20336035901.37306	219663496657.51102	10476257820.507338	-22049.81164161554	7320.6133219465955	-355.8193494491951
190841092.989696	20256654959.168816	219689833330.9766	10474976033.991352	-22050.711179990692	7310.872157678788	-356.28424133723786
190844692.989696	20177270785.37746	219716134938.6377	10473692574.17997	-22051.60696808895	7301.132319569027	-356.7489580085078
190848292.989696	20097883393.49675	219742401485.26962	10472407441.703917	-22052.499007708426	7291.393808233741	-357.2134994921677
190851892.989696	20018492797.017975	219768632975.64984	10471120637.193815	-22053.387300646205	7281.656624288254	-357.67786581740063
190855492.989696	19939099009.425957	219794829414.5581	10469832161.280186	-22054.271848698332	7271.920768346779	-358.1420570134097
190859092.989696	19859702044.199055	219820990806.7763	10468542014.59344	-22055.15265365981	7262.186241022427	-358.60607310941845
190862692.989696	19780301914.809162	219847117157.08856	10467250197.763884	-22056.02971732461	7252.453042927201	-359.0699141346702
190866292.989696	19700898634.72172	219873208470.2812	10465956711.42172	-22056.90304148567	7242.721174672002	-359.53358011842863
190869892.989696	19621492217.39572	219899264751.14273	10464661556.197046	-22057.772627934886	7232.990636866632	-359.9970710899772
190873492.989696	19542082676.2837	219925286004.4639	10463364732.719852	-22058.638478463115	7223.261430119789	-360.46038707861953
190877092.989696	19462670024.831745	219951272235.0376	10462066241.620024	-22059.500594860187	7213.533555039077	-360.92352811367897
190880692.989696	19383254276.479515	219977223447.6589	10460766083.527342	-22060.358978914886	7203.807012231002	-361.38649422449873
190884292.989696	19303835444.660225	220003139647.12512	10459464259.071482	-22061.213632414972	7194.081802300973	-361.8492854404419
190887892.989696	19224413542.80065	220029020838.23566	10458160768.88201	-22062.064557147165	7184.357925853307	-362.31190179089134
190891492.989696	19144988584.321144	220054867025.79218	10456855613.58839	-22062.911754897148	7174.635383491229	-362.7743433052495
190895092.989696	19065560582.635628	220080678214.59842	10455548793.81998	-22063.75522744957	7164.914175816872	-363.2366100129385
190898692.989696	18986129551.151604	220106454409.4604	10454240310.20603	-22064.594976588043	7155.194303431281	-363.6987019434001
190902292.989696	18906695503.270153	220132195615.1862	10452930163.375685	-22065.431004095153	7145.4757669344135	-364.16061912609564
190905892.989696	18827258452.38594	220157901836.5861	10451618353.957983	-22066.263311752446	7135.75856692514	-364.6223615905058
190909492.989696	18747818411.88722	220183573078.47253	10450304882.58186	-22067.09190134043	7126.042704001247	-365.0839293661309
190913092.989696	18668375395.155838	220209209345.6601	10448989749.876139	-22067.91677463859	7116.328178759438	-365.5453224824905
190916692.989696	18588929415.567238	220234810642.9655	10447672956.469542	-22068.73793342537	7106.614991795333	-366.0065409691236
190920292.989696	18509480486.49046	220260376975.20767	10446354502.99068	-22069.555379478184	7096.903143703474	-366.4675848555883
190923892.989696	18430028621.288147	220285908347.20755	10445034390.068066	-22070.369114573412	7087.192635077325	-366.92845417146225
190927492.989696	18350573833.31655	220311404763.7883	10443712618.330095	-22071.1791404864	7077.48346650927	-367.38914894634206
190931092.989696	18271116135.925533	220336866229.7752	10442389188.405066	-22071.98545899147	7067.7756385906205	-367.8496692098435
190934692.989696	18191655542.458572	220362292749.99564	10441064100.921164	-22072.788071861894	7058.069151911612	-368.3100149916016
190938292.989696	18112192066.25276	220387684329.27914	10439737356.50647	-22073.58698086993	7048.3640070614065	-368.77018632127016
190941892.989696	18032725720.638817	220413040972.45737	10438408955.788958	-22074.3821877868	7038.660204628098	-369.23018322852215
190945492.989696	17953256518.941082	220438362684.36407	10437078899.396496	-22075.173694382684	7028.957745198707	-369.6900057430495
190949092.989696	17873784474.477524	220463649469.8351	10435747187.956844	-22075.961502426744	7019.25662935919	-370.14965389456285
190952692.989696	17794309600.55975	220488901333.70847	10434413822.097656	-22076.745613687104	7009.556857694433	-370.6091277127919
190956292.989696	17714831910.492996	220514118280.82422	10433078802.446478	-22077.52602993086	6999.85843078826	-371.0684272274851
190959892.989696	17635351417.576145	220539300316.02454	10431742129.630747	-22078.30275292408	6990.161349223429	-371.52755246840945
190963492.989696	17555868135.101723	220564447444.15372	10430403804.277798	-22079.075784431792	6980.465613581638	-371.9865034653509
190967092.989696	17476382076.3559	220589559670.05814	10429063827.014854	-22079.845126218006	6970.771224443521	-372.4452802481139
190970692.989696	17396893254.618504	220614636998.5862	10427722198.469034	-22080.610780045696	6961.0781823886555	-372.90388284652147
190974292.989696	17317401683.16301	220639679434.58853	10426378919.267345	-22081.372747676807	6951.386487995562	-373.36231129041533
190977892.989696	17237907375.256554	220664686982.9177	10425033990.036692	-22082.131030872253	6941.696141841702	-373.8205656096556
190981492.989696	17158410344.159939	220689659648.42838	10423687411.40387	-22082.885631391924	6932.007144503485	-374.2786458341208
190985092.989696	17078910603.127632	220714597435.9774	10422339183.995565	-22083.636550994677	6922.319496556263	-374.736551993708
190988692.989696	16999408165.407768	220739500350.42355	10420989308.438358	-22084.38379143834	6912.633198574343	-375.1942841183326
190992292.989696	16919903044.242159	220764368396.62778	10419637785.35872	-22085.12735447972	6902.948251130975	-375.6518422379281
190995892.989696	16840395252.866291	220789201579.45303	10418284615.383017	-22085.86724187458	6893.264654798364	-376.10922638244665
190999492.989696	16760884804.509333	220813999903.76434	10416929799.137503	-22086.603455377677	6883.582410147666	-376.5664365818583
191003092.989696	16681371712.394138	220838763374.4288	10415573337.248325	-22087.335996742724	6873.901517748994	-377.02347286615134
191006692.989696	16601855989.737247	220863491996.31552	10414215230.341528	-22088.064867722413	6864.221978171411	-377.48033526533226
191010292.989696	16522337649.748896	220888185774.2957	10412855479.043041	-22088.790070068404	6854.543791982943	-377.9370238094256
191013892.989696	16442816705.633013	220912844713.24252	10411494083.97869	-22089.511605531337	6844.8669597505705	-378.39353852847404
191017492.989696	16363293170.587229	220937468818.0313	10410131045.774189	-22090.229475860822	6835.191482040236	-378.849879452538
191021092.989696	16283767057.802876	220962058093.53934	10408766365.05515	-22090.943682805442	6825.517359416843	-379.30604661169605
191024692.989696	16204238380.464994	220986612544.6459	10407400042.447067	-22091.654228112755	6815.844592444258	-379.7620400360446
191028292.989696	16124707151.752333	221011132176.2324	10406032078.575335	-22092.361113529292	6806.17318168531	-380.2178597556979
191031892.989696	16045173384.837357	221035616993.18216	10404662474.065235	-22093.064340800556	6796.503127701797	-380.6735058007879
191035492.989696	15965637092.88625	221060067000.38065	10403291229.541943	-22093.76391167103	6786.834431054483	-381.1289782014646
191039092.989696	15886098289.058914	221084482202.71524	10401918345.630522	-22094.459827884173	6777.167092303099	-381.5842769878954
191042692.989696	15806556986.508982	221108862605.07538	10400543822.95593	-22095.152091182412	6767.501112006348	-382.0394021902656
191046292.989696	15727013198.38381	221133208212.3525	10399167662.143017	-22095.840703307153	6757.836490721906	-382.494353838778
191049892.989696	15647466937.82449	221157519029.44006	10397789863.81652	-22096.52566599878	6748.173229006417	-382.94913196365303
191053492.989696	15567918217.96585	221181795061.2335	10396410428.601072	-22097.206980996645	6738.511327415506	-383.4037365951286
191057092.989696	15488367051.93646	221206036312.63025	10395029357.121193	-22097.884650039086	6728.850786503768	-383.8581677634601
191060692.989696	15408813452.858631	221230242788.5298	10393646650.001295	-22098.558674863412	6719.19160682478	-384.3124254989204
191064292.989696	15329257433.848423	221254414493.83353	10392262307.865685	-22099.22905720591	6709.533788931096	-384.76650983179985
191067892.989696	15249699008.015646	221278551433.4449	10390876331.338554	-22099.89579880184	6699.877333374249	-385.22042079240606
191071492.989696	15170138188.463865	221302653612.2693	10389488721.04399	-22100.558901385448	6690.222240704756	-385.67415841106396
191075092.989696	15090574988.290405	221326721035.21408	10388099477.605968	-22101.21836668995	6680.568511472115	-386.12772271811576
191078692.989696	15011009420.586353	221350753707.18866	10386708601.648357	-22101.87419644754	6670.916146224809	-386.58111374392087
191082292.989696	14931441498.436562	221374751633.10434	10385316093.794914	-22102.526392389394	6661.26514551031	-387.0343315188558
191085892.989696	14851871234.919653	221398714817.87442	10383921954.669287	-22103.174956245664	6651.615509875071	-387.4873760733144
191089492.989696	14772298643.10802	221422643266.41418	10382526184.895014	-22103.81988974548	6641.967239864542	-387.9402474377074
191093092.989696	14692723736.067839	221446536983.64084	10381128785.095526	-22104.461194616946	6632.320336023156	-388.3929456424627
191096692.989696	14613146526.85906	221470395974.4736	10379729755.894142	-22105.098872587158	6622.674798894343	-388.84547071802507
191100292.989696	14533567028.535421	221494220243.8336	10378329097.914074	-22105.732925382177	6613.0306290205235	-389.2978226948564
191103892.989696	14453985254.14445	221518009796.6439	10376926811.778421	-22106.363354727055	6603.3878269431125	-389.75000160343535
191107492.989696	14374401216.727459	221541764637.82956	10375522898.110174	-22106.990162345817	6593.746393202522	-390.20200747425747
191111092.989696	14294814929.319563	221565484772.3176	10374117357.532215	-22107.61334996147	6584.106328338161	-390.6538403378352
191114692.989696	14215226404.949673	221589170205.0369	10372710190.667315	-22108.232919296002	6574.467632888437	-391.1055002246978
191118292.989696	14135635656.640503	221612820940.91833	10371301398.138134	-22108.84887207038	6564.830307390759	-391.5569871653911
191121892.989696	14056042697.408573	221636436984.89468	10369890980.567223	-22109.461210004552	6555.194352381537	-392.00830119047777
191125492.989696	13976447540.264215	221660018341.9007	10368478938.577024	-22110.069934817453	6545.559768396183	-392.45944233053706
191129092.989696	13896850198.211573	221683565016.87302	10367065272.78987	-22110.67504822699	6535.926555969116	-392.9104106161649
191132692.989696	13817250684.248606	221707077014.75018	10365649983.827978	-22111.276551950054	6526.294715633758	-393.36120607797363
191136292.989696	13737649011.367098	221730554340.47272	10364233072.313461	-22111.874447702525	6516.66424792254	-393.81182874659237
191139892.989696	13658045192.552654	221753996998.983	10362814538.868319	-22112.46873719926	6507.035153366903	-394.2622786526665
191143492.989696	13578439240.784712	221777404995.22537	10361394384.11444	-22113.059422154096	6497.407432497296	-394.71255582685797
191147092.989696	13498831169.03654	221800778334.14603	10359972608.673607	-22113.646504279855	6487.781085843181	-395.1626602998451
191150692.989696	13419220990.275238	221824117020.6931	10358549213.167486	-22114.229985288344	6478.156113933033	-395.61259210232254
191154292.989696	13339608717.46175	221847421059.81665	10357124198.217638	-22114.809866890355	6468.53251729434	-396.0623512650014
191157892.989696	13259994363.550863	221870690456.46857	10355697564.445509	-22115.386150795657	6458.910296453609	-396.5119378186089
191161492.989696	13180377941.491207	221893925215.6027	10354269312.472437	-22115.958838713006	6449.28945193636	-396.9613517938885
191165092.989696	13100759464.225266	221917125342.1747	10352839442.91965	-22116.52793235014	6439.669984267135	-397.41059322160004
191168692.989696	13021138944.689375	221940290841.14224	10351407956.40826	-22117.09343341379	6430.051893969495	-397.85966213251936
191172292.989696	12941516395.813728	221963421717.46475	10349974853.559277	-22117.655343609655	6420.435181566022	-398.30855855743846
191175892.989696	12861891830.52238	221986517976.1036	10348540134.993593	-22118.213664642437	6410.819847578322	-398.7572825271655
191179492.989696	12782265261.733253	222009579622.02203	10347103801.331991	-22118.768398215812	6401.205892527024	-399.20583407252457
191183092.989696	12702636702.358135	222032606660.18515	10345665853.195143	-22119.319546032446	6391.593316931784	-399.65421322435583
191186692.989696	12623006165.302687	222055599095.5599	10344226291.20361	-22119.867109793988	6381.982121311284	-400.10242001351537
191190292.989696	12543373663.466444	222078556933.11517	10342785115.977842	-22120.411091201073	6372.372306183233	-400.5504544708752
191193892.989696	12463739209.742825	222101480177.82162	10341342328.13818	-22120.95149195332	6362.7638720643745	-400.9983166273232
191197492.989696	12384102817.019127	222124368834.65186	10339897928.30485	-22121.488313749345	6353.156819470478	-401.4460065137632
191201092.989696	12304464498.176538	222147222908.58026	10338451917.097967	-22122.02155828674	6343.551148916348	-401.8935241611147
191204692.989696	12224824266.090136	222170042404.58313	10337004295.137539	-22122.551227262084	6333.946860915824	-402.34086960031306
191208292.989696	12145182133.628891	222192827327.63855	10335555063.043457	-22123.077322370948	6324.343955981779	-402.7880428623093
191211892.989696	12065538113.655672	222215577682.7265	10334104221.435505	-22123.59984530789	6314.742434626122	-403.2350439780701
191215492.989696	11985892219.027248	222238293474.82877	10332651770.933353	-22124.118797766456	6305.142297359804	-403.68187297857787
191219092.989696	11906244462.594296	222260974708.92902	10331197712.15656	-22124.634181439178	6295.54354469281	-404.1285298948306
191222692.989696	11826594857.201399	222283621390.0127	10329742045.724575	-22125.14599801758	6285.946177134171	-404.5750147578418
191226292.989696	11746943415.687054	222306233523.0671	10328284772.256731	-22125.65424919217	6276.350195191956	-405.0213275986406
191229892.989696	11667290150.883673	222328811113.08142	10326825892.372253	-22126.158936652446	6266.75559937328	-405.4674684482715
191233492.989696	11587635075.617588	222351354165.04657	10325365406.690254	-22126.6600620869	6257.162390184303	-405.9134373377947
191237092.989696	11507978202.709053	222373862683.95532	10323903315.829735	-22127.157627183005	6247.570568130231	-406.35923429828546
191240692.989696	11428319544.972252	222396336674.80228	10322439620.409584	-22127.651633627236	6237.980133715316	-406.80485936083466
191244292.989696	11348659115.215296	222418776142.58383	10320974321.048578	-22128.142083105045	6228.391087442861	-407.2503125565484
191247892.989696	11268996926.240232	222441181092.29822	10319507418.365381	-22128.628977300887	6218.80342981522	-407.6955939165482
191251492.989696	11189332990.843046	222463551528.94547	10318038912.978546	-22129.112317898194	6209.217161333797	-408.1407034719707
191255092.989696	11109667321.813663	222485887457.5274	10316568805.506512	-22129.592106579403	6199.632282499049	-408.5856412539679
191258692.989696	11029999931.935955	222508188883.04764	10315097096.567608	-22130.06834502593	6190.04879381049	-409.0304072937069
191262292.989696	10950330833.987741	222530455810.5116	10313623786.78005	-22130.541034918195	6180.466695766687	-409.47500162237
191265892.989696	10870660040.740793	222552688244.9265	10312148876.761942	-22131.010177935597	6170.885988865266	-409.9194242711545
191269492.989696	10790987564.96084	222574886191.3014	10310672367.131275	-22131.47577575654	6161.306673602911	-410.36367527127294
191273092.989696	10711313419.40757	222597049654.647	10309194258.50593	-22131.937830058407	6151.728750475367	-410.80775465395277
191276692.989696	10631637616.834631	222619178639.97595	10307714551.503672	-22132.396342517586	6142.152219977438	-411.25166245043647
191280292.989696	10551960169.989643	222641273152.30258	10306233246.742153	-22132.85131480945	6132.577082602993	-411.69539869198155
191283892.989696	10472281091.614195	222663333196.64304	10304750344.838917	-22133.302748608367	6123.003338844964	-412.13896340986037
191287492.989696	10392600394.443848	222685358778.0152	10303265846.411392	-22133.7506455877	6113.430989195349	-412.5823566353602
191291092.989696	10312918091.208141	222707349901.43875	10301779752.076895	-22134.19500741981	6103.860034145212	-413.0255783997833
191294692.989696	10233234194.630596	222729306571.93515	10300292062.45263	-22134.635835776044	6094.290474184686	-413.4686287344465
191298292.989696	10153548717.42872	222751228794.5276	10298802778.155685	-22135.073132326746	6084.722309802973	-413.9115076706816
191301892.989696	10073861672.314007	222773116574.24103	10297311899.803041	-22135.50689874126	6075.155541488345	-414.35421523983507
191305492.989696	9994173071.991943	222794969916.10217	10295819428.011562	-22135.937136687917	6065.590169728148	-414.79675147326816
191309092.989696	9914482929.162014	222816788825.13953	10294325363.397999	-22136.363847834047	6056.0261950088	-415.2391164023568
191312692.989696	9834791256.5177	222838573306.38327	10292829706.578993	-22136.78703384598	6046.463617815794	-415.6813100584915
191316292.989696	9755098066.746487	222860323364.86542	10291332458.171068	-22137.206696389036	6036.9024386337005	-416.1233324730774
191319892.989696	9675403372.529865	222882039005.61963	10289833618.790638	-22137.62283712753	6027.342657946167	-416.5651836775344
191323492.989696	9595707186.543339	222903720233.6814	10288333189.054003	-22138.035457724778	6017.784276235918	-417.00686370329663
191327092.989696	9516009521.456423	222925367054.0879	10286831169.57735	-22138.44455984309	6008.227293984761	-417.448372581813
191330692.989696	9436310389.93265	222946979471.87802	10285327560.976753	-22138.850145143777	5998.671711673583	-417.8897103445467
191334292.989696	9356609804.629576	222968557492.09244	10283822363.868172	-22139.252215287142	5989.117529782356	-418.3308770229755
191337892.989696	9276907778.19878	222990101119.77353	10282315578.867453	-22139.65077193249	5979.564748790133	-418.7718726485916
191341492.989696	9197204323.28587	223011610359.9654	10280807206.590328	-22140.045816738122	5970.013369175057	-419.2126972529015
191345092.989696	9117499452.530485	223033085217.71384	10279297247.65242	-22140.437351361332	5960.463391414353	-419.65335086742596
191348692.989696	9037793178.5663	223054525698.06638	10277785702.669233	-22140.825377458423	5950.914815984338	-420.0938335237002
191352292.989696	8958085514.021029	223075931806.0723	10276272572.25616	-22141.20989668469	5941.367643360417	-420.5341452532737
191355892.989696	8878376471.51643	223097303546.78253	10274757857.028482	-22141.590910694427	5931.821874017085	-420.97428608771014
191359492.989696	8798666063.668304	223118640925.24973	10273241557.601364	-22141.96842114093	5922.277508427931	-421.41425605858734
191363092.989696	8718954303.086508	223139943946.5283	10271723674.589859	-22142.34242967649	5912.734547065636	-421.8540551974975
191366692.989696	8639241202.374945	223161212615.67426	10270204208.608904	-22142.712937952405	5903.192990401978	-422.29368353604673
191370292.989696	8559526774.131581	223182446937.7454	10268683160.273323	-22143.079947618968	5893.652838907828	-422.73314110585545
191373892.989696	8479811030.948441	223203646917.80115	10267160530.197826	-22143.443460325478	5884.114093053156	-423.17242793855803
191377492.989696	8400093985.411612	223224812560.90268	10265636318.997011	-22143.803477720227	5874.57675330703	-423.6115440658029
191381092.989696	8320375650.101252	223245943872.11282	10264110527.28536	-22144.160001450513	5865.04082013762	-424.05048951925255
191384692.989696	8240656037.591589	223267040856.49612	10262583155.677242	-22144.513033162635	5855.506294012196	-424.4892643305834
191388292.989696	8160935160.450928	223288103519.11874	10261054204.786913	-22144.862574501894	5845.973175397131	-424.9278685314859
191391892.989696	8081213031.24165	223309131865.04855	10259523675.22851	-22145.20862711259	5836.441464757901	-425.3663021536643
191395492.989696	8001489662.52022	223330125899.35513	10257991567.616062	-22145.551192638035	5826.911162559088	-425.80456522883685
191399092.989696	7921765066.837188	223351085627.10968	10256457882.56348	-22145.89027272053	5817.382269264381	-426.2426577887356
191402692.989696	7842039256.737194	223372011053.38507	10254922620.684563	-22146.22586900139	5807.854785336576	-426.6805798651063
191406292.989696	7762312244.758971	223392902183.2559	10253385782.592993	-22146.55798312093	5798.32871123758	-427.1183314897088
191409892.989696	7682584043.435349	223413759021.79834	10251847368.90234	-22146.88661671846	5788.804047428409	-427.55591269431636
191413492.989696	7602854665.293259	223434581574.09027	10250307380.226059	-22147.21177143231	5779.2807943691905	-427.99332351071615
191417092.989696	7523124122.853732	223455369845.21124	10248765817.17749	-22147.5334488998	5769.758952519167	-428.430563970709
191420692.989696	7443392428.631911	223476123840.2424	10247222680.36986	-22147.851650757268	5760.238522336694	-428.86763410610945
191424292.989696	7363659595.137049	223496843564.2666	10245677970.416279	-22148.166378640042	5750.719504279243	-429.30453394874564
191427892.989696	7283925634.872511	223517529022.36832	10244131687.929743	-22148.477634182465	5741.2018988034015	-429.74126353045926
191431492.989696	7204190560.335783	223538180219.63364	10242583833.523134	-22148.785419017884	5731.685706364879	-430.17782288310565
191435092.989696	7124454384.018472	223558797161.15033	10241034407.809221	-22149.08973477865	5722.1709274185	-430.61421203855366
191438692.989696	7044717118.406309	223579379852.00778	10239483411.400656	-22149.39058309612	5712.657562418212	-431.05043102868564
191442292.989696	6964978775.979156	223599928297.29703	10237930844.909975	-22149.68796560066	5703.145611817087	-431.48647988539744
191445892.989696	6885239369.211004	223620442502.1107	10236376708.949602	-22149.981883921642	5693.635076067318	-431.9223586405984
191449492.989696	6805498910.569985	223640922471.54306	10234821004.131845	-22150.272339687443	5684.125955620222	-432.35806732621126
191453092.989696	6725757412.518368	223661368210.69006	10233263731.0689	-22150.559334525446	5674.618250926244	-432.7936059741722
191456692.989696	6646014887.512564	223681779724.6492	10231704890.372839	-22150.842870062042	5665.111962434958	-433.2289746164306
191460292.989696	6566271348.003132	223702157018.5196	10230144482.65563	-22151.12294792264	5655.607090595062	-433.66417328494947
191463892.989696	6486526806.434782	223722500097.402	10228582508.529118	-22151.39956973164	5646.103635854388	-434.09920201170485
191467492.989696	6406781275.246378	223742808966.3988	10227018968.605038	-22151.67273711246	5636.601598659898	-434.5340608286862
191471092.989696	6327034766.870939	223763083630.61395	10225453863.495005	-22151.942451687533	5627.100979457686	-434.9687497678963
191474692.989696	6247287293.735648	223783324095.153	10223887193.810524	-22152.20871507829	5617.6017786929815	-435.4032688613511
191478292.989696	6167538868.261851	223803530365.1232	10222318960.162981	-22152.471528905175	5608.103996810148	-435.83761814107964
191481892.989696	6087789502.865064	223823702445.63324	10220749163.163647	-22152.73089478764	5598.607634252685	-436.2717976391244
191485492.989696	6008039209.954971	223843840341.79352	10219177803.42368	-22152.986814344153	5589.1126914632305	-436.7058073875407
191489092.989696	5928288001.935436	223863944058.716	10217604881.55412	-22153.239289192185	5579.619168883562	-437.1396474183972
191492692.989696	5848535891.204498	223884013601.51425	10216030398.16589	-22153.48832094822	5570.127066954597	-437.5733177637756
191496292.989696	5768782890.154381	223904048975.30338	10214454353.869802	-22153.73391122776	5560.636386116393	-438.0068184557706
191499892.989696	5689029011.171493	223924050185.2001	10212876749.276552	-22153.976061645306	5551.147126808151	-438.44014952649
191503492.989696	5609274266.636433	223944017236.32275	10211297584.996717	-22154.21477381438	5541.659289468219	-438.87331100805466
191507092.989696	5529518668.923992	223963950133.79117	10209716861.640762	-22154.45004934751	5532.172874534086	-439.3063029325984
191510692.989696	5449762230.40316	223983848882.7268	10208134579.819033	-22154.68188985624	5522.68788244239	-439.7391253322679
191514292.989696	5370004963.437124	224003713488.2527	10206550740.141762	-22154.910296951126	5513.204313628916	-440.17177823922293
191517892.989696	5290246880.383277	224023543955.49338	10204965343.219063	-22155.135272241732	5503.722168528599	-440.604261685636
191521492.989696	5210487993.593219	224043340289.57504	10203378389.660938	-22155.35681733664	5494.241447575522	-441.0365757036926
191525092.989696	5130728315.412759	224063102495.6254	10201789880.077272	-22155.574933843447	5484.762151202924	-441.46872032559116
191528692.989696	5050967858.181923	224082830578.7737	10200199815.077831	-22155.789623368757	5475.284279843193	-441.90069558354276
191532292.989696	4971206634.234955	224102524544.1508	10198608195.272268	-22156.000887518196	5465.807833927873	-442.3325015097714
191535892.989696	4891444655.900318	224122184396.88904	10197015021.27012	-22156.208727896395	5456.332813887662	-442.76413813651385
191539492.989696	4811681935.500702	224141810142.12234	10195420293.680807	-22156.41314610701	5446.859220152417	-443.1956054960196
191543092.989696	4731918485.353025	224161401784.9862	10193824013.113632	-22156.614143752704	5437.387053151151	-443.6269036205509
191546692.989696	4652154317.768438	224180959330.6176	10192226180.177782	-22156.81172243516	5427.916313312036	-444.0580325423826
191550292.989696	4572389445.052327	224200482784.15515	10190626795.48233	-22157.00588375507	5418.447001062406	-444.4889922938023
191553892.989696	4492623879.504317	224219972150.7389	10189025859.636232	-22157.196629312155	5408.979116828757	-444.9197829071103
191557492.989696	4412857633.418277	224239427435.51047	10187423373.248327	-22157.383960705138	5399.512661036744	-445.35040441461945
191561092.989696	4333090719.08232	224258848643.613	10185819336.927336	-22157.567879531765	5390.047634111191	-445.7808568486553
191564692.989696	4253323148.778812	224278235780.19122	10184213751.281866	-22157.7483873888	5380.584036476084	-446.2111402415558
191568292.989696	4173554934.7843695	224297588850.3913	10182606616.920406	-22157.925485872027	5371.121868554579	-446.6412546256717
191571892.989696	4093786089.369868	224316907859.36096	10180997934.451332	-22158.099176576237	5361.661130768997	-447.07120003336604
191575492.989696	4014016624.8004427	224336192812.24948	10179387704.482899	-22158.26946109525	5352.2018235408295	-447.50097649701445
191579092.989696	3934246553.335493	224355443714.2076	10177775927.623247	-22158.436341021894	5342.743947290738	-447.93058404900506
191582692.989696	3854475887.228686	224374660570.38763	10176162604.4804	-22158.599817948027	5333.287502438557	-448.36002272173846
191586292.989696	3774704638.727959	224393843385.94333	10174547735.662266	-22158.759893464518	5323.832489403291	-448.78929254762767
191589892.989696	3694932820.0755253	224412992166.03	10172931321.776634	-22158.916569161254	5314.378908603122	-449.2183935590981
191593492.989696	3615160443.507875	224432106915.80444	10171313363.43118	-22159.06984662715	5304.926760455405	-449.64732578858764
191597092.989696	3535387521.255781	224451187640.42496	10169693861.233456	-22159.21972745013	5295.476045376674	-450.0760892685464
191600692.989696	3455614065.544301	224470234345.05133	10168072815.790905	-22159.366213217145	5286.026763782638	-450.50468403143697
191604292.989696	3375840088.5927815	224489247034.84488	10166450227.71085	-22159.509305514166	5276.578916088189	-450.9331101097341
191607892.989696	3296065602.614861	224508225714.96835	10164826097.600496	-22159.64900592618	5267.132502707394	-451.36136753592507
191611492.989696	3216290619.8184743	224527170390.58603	10163200426.066935	-22159.785316037203	5257.687524053508	-451.7894563425092
191615092.989696	3136515152.4058547	224546081066.86368	10161573213.717134	-22159.918237430265	5248.243980538964	-452.21737656199826
191618692.989696	3056739212.5735393	224564957748.96857	10159944461.157953	-22160.047771687423	5238.801872575381	-452.6451282269162
191622292.989696	2976962812.512371	224583800442.0694	10158314168.996128	-22160.17392038975	5229.361200573563	-453.07271136979915
191625892.989696	2897185964.4075027	224602609151.33636	10156682337.838278	-22160.296685117344	5219.921964943502	-453.5001260231955
191629492.989696	2817408680.4384007	224621383881.94113	10155048968.290909	-22160.416067449332	5210.484166094375	-453.9273722196657
191633092.989696	2737630972.7788486	224640124639.05685	10153414060.960405	-22160.532068963854	5201.04780443455	-454.35444999178253
191636692.989696	2657852853.5969496	224658831427.85815	10151777616.453037	-22160.644691238078	5191.612880371585	-454.78135937213074
191640292.989696	2578074335.0551314	224677504253.52112	10150139635.374956	-22160.753935848195	5182.179394312228	-455.2081003933073
191643892.989696	2498295429.310149	224696143121.2233	10148500118.332197	-22160.859804369422	5172.747346662423	-455.6346730879212
191647492.989696	2418516148.513089	224714748036.14368	10146859065.930676	-22160.962298375995	5163.316737827305	-456.06107748859364
191651092.989696	2338736504.809372	224733319003.4627	10145216478.776192	-22161.06141944118	5153.887568211204	-456.4873136279577
191654692.989696	2258956510.3387556	224751856028.36234	10143572357.474428	-22161.157169137263	5144.459838217648	-456.9133815386586
191658292.989696	2179176177.2353406	224770359116.0259	10141926702.630949	-22161.249549035558	5135.033548249363	-457.33928125335353
191661892.989696	2099395517.6275723	224788828271.63824	10140279514.8512	-22161.338560706405	5125.608698708271	-457.7650128047118
191665492.989696	2019614543.6382442	224807263500.3856	10138630794.74051	-22161.424205719166	5116.185289995496	-458.1905762254145
191669092.989696	1939833267.384502	224825664807.4557	10136980542.904095	-22161.506485642236	5106.763322511362	-458.6159715481548
191672692.989696	1860051700.9778469	224844032198.03763	10135328759.947042	-22161.58540204303	5097.342796655398	-459.04119880563786
191676292.989696	1780269856.5241392	224862365677.32202	10133675446.474333	-22161.660956487995	5087.923712826334	-459.46625803058066
191679892.989696	1700487746.1236017	224880665250.5009	10132020603.090822	-22161.733150542597	5078.506071422105	-459.8911492557121
191683492.989696	1620705381.8708234	224898930922.76764	10130364230.401253	-22161.801985771337	5069.089872839853	-460.315872513773
191687092.989696	1540922775.8547628	224917162699.31717	10128706329.010244	-22161.867463737744	5059.675117475927	-460.740427837516
191690692.989696	1461139940.1587512	224935360585.3458	10127046899.522305	-22161.929586004368	5050.261805725884	-461.16481525970556
191694292.989696	1381356886.860497	224953524586.0512	10125385942.541819	-22161.988354132794	5040.849937984491	-461.5890348131181
191697892.989696	1301573628.0320883	224971654706.63257	10123723458.673054	-22162.043769683634	5031.4395146457255	-462.0130865305417
191701492.989696	1221790175.7399964	224989750952.2904	10122059448.520163	-22162.09583421653	5022.030536102778	-462.4369704447764
191705092.989696	1142006542.0450804	225007813328.2267	10120393912.687176	-22162.14454929015	5012.62300274805	-462.8606865886339
191708692.989696	1062222739.0025892	225025841839.64487	10118726851.77801	-22162.189916462197	5003.21691497316	-463.28423499493755
191712292.989696	982438778.6621664	225043836491.74966	10117058266.396458	-22162.231937289398	4993.812273168941	-463.7076156965227
191715892.989696	902654673.0678525	225061797289.7473	10115388157.1462	-22162.270613327517	4984.409077725442	-464.13082872623613
191719492.989696	822870434.2580894	225079724238.8454	10113716524.630796	-22162.305946131342	4975.007329031933	-464.5538741169366
191723092.989696	743086074.2657235	225097617344.2529	10112043369.453686	-22162.337937254695	4965.6070274769	-464.97675190149437
191726692.989696	663301605.1180089	225115476611.18024	10110368692.218193	-22162.366588250432	4956.208173448051	-465.3994621127915
191730292.989696	583517038.8366113	225133302044.8392	10108692493.527523	-22162.39190067044	4946.810767332314	-465.8220047837217
191733892.989696	503732387.43761146	225151093650.443	10107014773.98476	-22162.41387606563	4937.4148095158425	-466.24437994719017
191737492.989696	423947662.93150854	225168851433.20615	10105335534.192873	-22162.432515985958	4928.020300384012	-466.66658763611383
191741092.989696	344162877.3232236	225186575398.34464	10103654774.754711	-22162.447821980404	4918.627240321425	-467.0886278834212
191744692.989696	264378042.61210304	225204265551.0758	10101972496.273005	-22162.459795596984	4909.2356297119095	-467.51050072205254
191748292.989696	184593170.79192227	225221921896.61838	10100288699.350365	-22162.468438382748	4899.84546893852	-467.93220618495945
191751892.989696	104808273.85088894	225239544440.19244	10098603384.589285	-22162.47375188378	4890.456758383541	-468.35374430510524
191755492.989696	25023363.77164659	225257133187.01947	10096916552.59214	-22162.475737645193	4881.069498428486	-468.77511511546476
191759092.989696	-54761547.4687219	225274688142.3223	10095228203.961185	-22162.474397211143	4871.683689454103	-469.1963186490244
191762692.989696	-134546447.8986909	225292209311.32516	10093538339.29856	-22162.469732124813	4862.299331840369	-469.61735493878206
191766292.989696	-214331325.5522885	225309696699.25363	10091846959.20628	-22162.461743928423	4852.916425966494	-470.0382240177471
191769892.989696	-294116168.469093	225327150311.33466	10090154064.286245	-22162.45043416323	4843.534972210926	-470.45892591894045
191773492.989696	-373900964.6942296	225344570152.79654	10088459655.140238	-22162.43580436953	4834.1549709513465	-470.8794606753945
191777092.989696	-453685702.2783666	225361956228.86896	10086763732.369917	-22162.417856086642	4824.776422564676	-471.29982832015315
191780692.989696	-533470369.27771246	225379308544.7829	10085066296.576826	-22162.396590852935	4815.3993274270715	-471.7200288862717
191784292.989696	-613254953.7540116	225396627105.77078	10083367348.36239	-22162.37201020581	4806.02368591393	-472.1400624068169
191787892.989696	-693039443.7745419	225413911917.06628	10081666888.327913	-22162.344115681703	4796.64949839989	-472.55992891486704
191791492.989696	-772823827.4121101	225431162983.9045	10079964917.07458	-22162.312908816086	4787.276765258831	-472.9796284435117
191795092.989696	-852608092.7450492	225448380311.52185	10078261435.203455	-22162.278391143474	4777.905486863875	-473.39916102585187
191798692.989696	-932392227.8572149	225465563905.15607	10076556443.315489	-22162.24056419742	4768.5356635873895	-473.81852669500006
191802292.989696	-1012176220.8379817	225482713770.04626	10074849942.011507	-22162.199429510507	4759.167295800987	-474.2377254840801
191805892.989696	-1091960059.7822397	225499829911.43286	10073141931.89222	-22162.154988614366	4749.800383875526	-474.65675742622716
191809492.989696	-1171743732.790391	225516912334.55765	10071432413.558214	-22162.10724303966	4740.434928181113	-475.0756225545879
191813092.989696	-1251527227.9683466	225533961044.6637	10069721387.609962	-22162.056194316094	4731.070929087103	-475.4943209023201
191816692.989696	-1331310533.4275227	225550976046.99545	10068008854.647814	-22162.00184397241	4721.708386962102	-475.9128525025932
191820292.989696	-1411093637.2848372	225567957346.79865	10066294815.272001	-22161.9441935364	4712.3473021739655	-476.3312173885876
191823892.989696	-1490876527.6627064	225584904949.32034	10064579270.082634	-22161.883244534885	4702.987675089804	-476.74941559349537
191827492.989696	-1570659192.689041	225601818859.80896	10062862219.679705	-22161.818998493727	4693.629506075978	-477.16744715051965
191831092.989696	-1650441620.4972434	225618699083.51422	10061143664.663088	-22161.751456937833	4684.272795498105	-477.585312092875
191834692.989696	-1730223799.2262044	225635545625.68713	10059423605.632534	-22161.68062139115	4674.917543721058	-478.00301045378717
191838292.989696	-1810005717.0202985	225652358491.58002	10057702043.187677	-22161.606493376672	4665.563751108966	-478.4205422664933
191841892.989696	-1889787362.0293815	225669137686.44653	10055978977.928032	-22161.529074416423	4656.211418025218	-478.83790756424185
191845492.989696	-1969568722.408787	225685883215.54166	10054254410.452991	-22161.448366031476	4646.8605448324615	-479.25510638029226
191849092.989696	-2049349786.3193226	225702595084.12164	10052528341.361832	-22161.36436974195	4637.511131892603	-479.6721387479154
191852692.989696	-2129130541.9272666	225719273297.44403	10050800771.253706	-22161.277087067003	4628.163179566812	-480.0890047003935
191856292.989696	-2208910977.4043646	225735917860.7677	10049071700.727648	-22161.186519524836	4618.816688215519	-480.50570427101974
191859892.989696	-2288691080.9278255	225752528779.35278	10047341130.382572	-22161.092668632693	4609.471658198422	-480.9222374930987
191863492.989696	-2368470840.6803193	225769106058.46075	10045609060.817276	-22160.995535906863	4600.128089874481	-481.3386043999462
191867092.989696	-2448250244.8499727	225785649703.35434	10043875492.630432	-22160.89512286268	4590.785983601923	-481.7548050248891
191870692.989696	-2528029281.630366	225802159719.29758	10042140426.420595	-22160.79143101452	4581.445339738243	-482.1708394012656
191874292.989696	-2607807939.2205286	225818636111.5558	10040403862.786201	-22160.68446187581	4572.106158640204	-482.58670756242503
191877892.989696	-2687586205.824938	225835078885.39554	10038665802.325565	-22160.57421695902	4562.768440663837	-483.0024095417279
191881492.989696	-2767364069.6535134	225851488046.08475	10036926245.63688	-22160.460697775656	4553.432186164448	-483.4179453725459
191885092.989696	-2847141518.921615	225867863598.89255	10035185193.318222	-22160.343905836282	4544.09739549661	-483.83331508826177
191888692.989696	-2926918541.850039	225884205549.08936	10033442645.967543	-22160.223842650503	4534.764069014173	-484.24851872226964
191892292.989696	-3006695126.665014	225900513901.9469	10031698604.182678	-22160.100509726974	4525.43220707026	-484.6635563079746
191895892.989696	-3086471261.5981975	225916788662.73813	10029953068.561342	-22159.973908573393	4516.10181001727	-485.078427878793
191899492.989696	-3166246934.8866744	225933029836.7373	10028206039.701128	-22159.844040696506	4506.772878206875	-485.49313346815217
191903092.989696	-3246022134.772951	225949237429.21994	10026457518.199509	-22159.710907602108	4497.445411990031	-485.9076731094907
191906692.989696	-3325796849.5049543	225965411445.46277	10024707504.653837	-22159.574510795042	4488.119411716968	-486.32204683625827
191910292.989696	-3405571067.336025	225981551890.74384	10022955999.661345	-22159.434851779202	4478.794877737198	-486.7362546819157
191913892.989696	-3485344776.5249176	225997658770.34244	10021203003.819143	-22159.291932057524	4469.471810399512	-487.15029667993485
191917492.989696	-3565117965.3357944	226013732089.5391	10019448517.724226	-22159.145753131994	4460.1502100519865	-487.56417286379883
191921092.989696	-3644890622.038224	226029771853.6156	10017692541.973461	-22158.996316503653	4450.83007704198	-487.97788326700174
191924692.989696	-3724662734.9071774	226045778067.855	10015935077.163599	-22158.843623672587	4441.511411716136	-488.3914279230488
191928292.989696	-3804434292.2230225	226061750737.5416	10014176123.891272	-22158.68767613793	4432.194214420381	-488.8048068654564
191931892.989696	-3884205282.271524	226077689867.96088	10012415682.752985	-22158.528475397874	4422.878485499933	-489.21802012775186
191935492.989696	-3963975693.3438373	226093595464.39966	10010653754.345127	-22158.366022949653	4413.564225299295	-489.63106774347375
191939092.989696	-4043745513.736507	226109467532.1459	10008890339.263968	-22158.200320289558	4404.251434162259	-490.0439497461716
191942692.989696	-4123514731.751462	226125306076.4889	10007125438.10565	-22158.03136891293	4394.940112431908	-490.4566661694062
191946292.989696	-4203283335.6960135	226141111102.71912	10005359051.466202	-22157.859170314154	4385.630260450617	-490.8692170467493
191949892.989696	-4283051313.8828497	226156882616.12827	10003591179.941528	-22157.68372598668	4376.321878560053	-491.28160241178375
191953492.989696	-4362818654.630034	226172620622.00928	10001821824.127413	-22157.505037423	4367.014967101176	-491.69382229810344
191957092.989696	-4442585346.261002	226188325125.6563	10000050984.619516	-22157.323106114665	4357.709526414241	-492.1058767393134
191960692.989696	-4522351377.104555	226203996132.36478	9998278662.013384	-22157.137933552272	4348.405556838799	-492.5177657690296
191964292.989696	-4602116735.494861	226219633647.43127	9996504856.904434	-22156.94952122548	4339.1030587137	-492.92948942087924
191967892.989696	-4681881409.771447	226235237676.15366	9994729569.887966	-22156.757870622994	4329.802032377089	-493.3410477285005
191971492.989696	-4761645388.279201	226250808223.83093	9992952801.55916	-22156.562983232576	4320.502478166411	-493.75244072554267
191975092.989696	-4841408659.3683605	226266345295.7634	9991174552.513075	-22156.364860541038	4311.204396418411	-494.1636684456661
191978692.989696	-4921171211.394518	226281848897.2525	9989394823.344645	-22156.163504034255	4301.907787469138	-494.5747309225421
191982292.989696	-5000933032.718611	226297319033.60092	9987613614.648684	-22155.958915197152	4292.6126516539425	-494.9856281898532
191985892.989696	-5080694111.706922	226312755710.11255	9985830927.019888	-22155.751095513708	4283.318989307476	-495.3963602812928
191989492.989696	-5160454436.731073	226328158932.0925	9984046761.05283	-22155.540046466962	4274.026800763698	-495.8069272305655
191993092.989696	-5240213996.168026	226343528704.84702	9982261117.341959	-22155.325769539002	4264.736086355872	-496.217329071387
191996692.989696	-5319972778.400074	226358865033.68362	9980473996.481606	-22155.10826621098	4255.446846416572	-496.62756583748387
192000292.989696	-5399730771.814841	226374167923.91098	9978685399.065979	-22154.8875379631	4246.159081277675	-497.03763756259394
192003892.989696	-5479487964.80528	226389437380.839	9976895325.689165	-22154.663586274623	4236.872791270371	-497.44754428046593
192007492.989696	-5559244345.769664	226404673409.7787	9975103776.94513	-22154.43641262387	4227.587976725159	-497.8572860248598
192011092.989696	-5638999903.111589	226419876016.04236	9973310753.427715	-22154.206018488214	4218.30463797185	-498.2668628295463
192014692.989696	-5718754625.239968	226435045204.94342	9971516255.730644	-22153.972405344095	4209.022775339567	-498.6762747283075
192018292.989696	-5798508500.569027	226450180981.79654	9969720284.447517	-22153.735574667004	4199.742389156747	-499.08552175493634
192021892.989696	-5878261517.518301	226465283351.91748	9967922840.171814	-22153.495527931493	4190.463479751143	-499.49460394323694
192025492.989696	-5958013664.512632	226480352320.62326	9966123923.496891	-22153.252266611173	4181.186047449822	-499.90352132702446
192029092.989696	-6037764929.982167	226495387893.23203	9964323535.015984	-22153.005792178716	4171.910092579169	-500.3122739401251
192032692.989696	-6117515302.36235	226510390075.06314	9962521675.322206	-22152.75610610585	4162.635615464888	-500.7208618163762
192036292.989696	-6197264770.093925	226525358871.43707	9960718345.00855	-22152.503209863367	4153.362616432001	-501.12928498962606
192039892.989696	-6277013321.622927	226540294287.67554	9958913544.667885	-22152.247104921116	4144.091095804852	-501.5375434937341
192043492.989696	-6356760945.400681	226555196329.10135	9957107274.892958	-22151.98779274801	4134.821053907103	-501.94563736257084
192047092.989696	-6436507629.883798	226570065001.03854	9955299536.276396	-22151.72527481202	4125.552491061744	-502.3535666300178
192050692.989696	-6516253363.534172	226584900308.81226	9953490329.410702	-22151.459552580178	4116.285407591085	-502.7613313299676
192054292.989696	-6595998134.818979	226599702257.74884	9951679654.88826	-22151.190627518583	4107.01980381676	-503.16893149632415
192057892.989696	-6675741932.210669	226614470853.17575	9949867513.301329	-22150.91850109239	4097.755680059732	-503.5763671630022
192061492.989696	-6755484744.186964	226629206100.42166	9948053905.242046	-22150.64317476582	4088.4930366402896	-503.98363836392775
192065092.989696	-6835226559.230858	226643908004.81635	9946238831.302427	-22150.364650002153	4079.2318738780496	-504.3907451330378
192068692.989696	-6914967365.830609	226658576571.69077	9944422292.074366	-22150.082928263735	4069.972192091958	-504.7976875042805
192072292.989696	-6994707152.47974	226673211806.37698	9942604288.149633	-22149.79801101198	4060.713991600291	-505.20446551161507
192075892.989696	-7074445907.6770315	226687813714.20822	9940784820.119879	-22149.50989970735	4051.457272720658	-505.611079189012
192079492.989696	-7154183619.92652	226702382300.5189	9938963888.576628	-22149.21859580939	4042.202035769998	-506.0175285704528
192083092.989696	-7233920277.737497	226716917570.64447	9937141494.111286	-22148.9241007767	4032.948281064586	-506.42381368993006
192086692.989696	-7313655869.6245	226731419529.92163	9935317637.315134	-22148.626416066945	4023.69600892003	-506.8299345814476
192090292.989696	-7393390384.107315	226745888183.68814	9933492318.779331	-22148.325543136853	4014.445219651276	-507.2358912790204
192093892.989696	-7473123809.710968	226760323537.28293	9931665539.094915	-22148.02148344222	4005.1959135726056	-507.6416838166745
192097492.989696	-7552856134.965727	226774725596.04605	9929837298.852802	-22147.714238437908	3995.948090997638	-508.04731222844725
192101092.989696	-7632587348.407094	226789094365.3187	9928007598.643782	-22147.403809577845	3986.701752239332	-508.45277654838696
192104692.989696	-7712317438.575804	226803429850.44315	9926176439.058523	-22147.090198315025	3977.4568976099877	-508.8580768105533
192108292.989696	-7792046394.017821	226817732056.76282	9924343820.687574	-22146.77340610151	3968.2135274212446	-509.26321304901717
192111892.989696	-7871774203.284335	226832000989.62228	9922509744.121359	-22146.453434388426	3958.9716419840856	-509.6681852978605
192115492.989696	-7951500854.931759	226846236654.3672	9920674209.950176	-22146.130284625964	3949.7312416088375	-510.07299359117644
192119092.989696	-8031226337.521723	226860439056.34433	9918837218.764208	-22145.80395826339	3940.4923266051705	-510.4776379630695
192122692.989696	-8110950639.621074	226874608200.90158	9916998771.153507	-22145.474456749034	3931.2548972821014	-510.8821184476554
192126292.989696	-8190673749.80187	226888744093.38794	9915158867.708008	-22145.141781530296	3922.018953947993	-511.2864350790608
192129892.989696	-8270395656.641382	226902846739.15356	9913317509.01752	-22144.805934053642	3912.7844969105563	-511.690587891424
192133492.989696	-8350116348.722082	226916916143.54962	9911474695.671732	-22144.466915764606	3903.551526476851	-512.0945769188943
192137092.989696	-8429835814.631646	226930952311.92847	9909630428.260206	-22144.124728107796	3894.320042953287	-512.4984021956324
192140692.989696	-8509554042.96295	226944955249.64352	9907784707.372383	-22143.779372526886	3885.090046645625	-512.9020637558102
192144292.989696	-8589271022.314062	226958924962.04932	9905937533.597582	-22143.430850464625	3875.861537858978	-513.305561633611
192147892.989696	-8668986741.288248	226972861454.5015	9904088907.524998	-22143.079163362825	3866.634516897812	-513.7088958632291
192151492.989696	-8748701188.493958	226986764732.35675	9902238829.743702	-22142.724312662376	3857.4089840659467	-514.1120664788705
192155092.989696	-8828414352.544827	227000634800.9729	9900387300.842644	-22142.36629980323	3848.184939666558	-514.5150735147521
192158692.989696	-8908126222.059677	227014471665.70883	9898534321.41065	-22142.005126224423	3838.962384002178	-514.9179170051025
192162292.989696	-8987836785.662506	227028275331.92456	9896679892.03642	-22141.64079336405	3829.7413173746963	-515.3205969841614
192165892.989696	-9067546031.982487	227042045804.98114	9894824013.308537	-22141.273302659287	3820.5217400853608	-515.7231134861801
192169492.989696	-9147253949.653963	227055783090.24075	9892966685.815453	-22140.90265554638	3811.303652434779	-516.125466545421
192173092.989696	-9226960527.316452	227069487193.06662	9891107910.1455	-22140.52885346064	3802.087054722919	-516.5276561961581
192176692.989696	-9306665753.614634	227083158118.82306	9889247686.886889	-22140.151897836466	3792.871947249112	-516.9296824726766
192180292.989696	-9386369617.198349	227096795872.87546	9887386016.627705	-22139.77179010732	3783.65833031205	-517.3315454092733
192183892.989696	-9466072106.722599	227110400460.5903	9885522899.95591	-22139.38853170574	3774.4462042097907	-517.7332450402562
192187492.989696	-9545773210.847542	227123971887.3351	9883658337.459341	-22139.002124063336	3765.2355692397555	-518.1347813999449
192191092.989696	-9625472918.238483	227137510158.47852	9881792329.725714	-22138.6125686108	3756.0264256987325	-518.5361545226705
192194692.989696	-9705171217.565884	227151015279.3902	9879924877.34262	-22138.21986677789	3746.8187738828774	-518.9373644427753
192198292.989696	-9784868097.505342	227164487255.4409	9878055980.897528	-22137.824019993444	3737.6126140877136	-519.3384111946134
192201892.989696	-9864563546.737608	227177926092.0024	9876185640.97778	-22137.425029685375	3728.4079466081334	-519.7392948125503
192205492.989696	-9944257553.948563	227191331794.4476	9874313858.170597	-22137.02289728067	3719.2047717384007	-520.1400153309628
192209092.989696	-10023950107.829226	227204704368.1504	9872440633.063076	-22136.61762420539	3710.0030897721495	-520.5405727842394
192212692.989696	-10103641197.075748	227218043818.48578	9870565966.242188	-22136.20921188468	3700.8029010023874	-520.9409672067803
192216292.989696	-10183330810.38941	227231350150.8298	9868689858.294783	-22135.797661742756	3691.604205721495	-521.3411986329971
192219892.989696	-10263018936.476618	227244623370.5595	9866812309.807585	-22135.382975202912	3682.407004221228	-521.741267097313
192223492.989696	-10342705564.0489	227257863483.05307	9864933321.367195	-22134.96515368752	3673.211296792717	-522.1411726341627
192227092.989696	-10422390681.822905	227271070493.68967	9863052893.560091	-22134.54419861803	3664.0170837264704	-522.5409152779927
192230692.989696	-10502074278.520391	227284244407.8495	9861171026.972624	-22134.120111414966	3654.824365312374	-522.9404950632611
192234292.989696	-10581756342.868237	227297385230.91385	9859287722.191025	-22133.692893497937	3645.6331418396926	-523.3399120244376
192237892.989696	-10661436863.598423	227310492968.265	9857402979.801395	-22133.26254628563	3636.443413597071	-523.7391661960036
192241492.989696	-10741115829.44804	227323567625.28635	9855516800.389719	-22132.829071195807	3627.2551808725348	-524.1382576124521
192245092.989696	-10820793229.159279	227336609207.36224	9853629184.541851	-22132.392469645307	3618.068443953492	-524.5371863082881
192248692.989696	-10900469051.479431	227349617719.8781	9851740132.843523	-22131.952743050057	3608.883203126734	-524.9359523180282
192252292.989696	-10980143285.160883	227362593168.2204	9849849645.880342	-22131.50989282506	3599.699458678436	-525.3345556762006
192255892.989696	-11059815918.961113	227375535557.77658	9847957724.237795	-22131.063920384397	3590.5172108941583	-525.7329964173455
192259492.989696	-11139486941.642689	227388444893.93518	9846064368.501238	-22130.614827141235	3581.336460058848	-526.1312745760147
192263092.989696	-11219156341.973263	227401321182.0857	9844169579.255905	-22130.162614507815	3572.1572064568395	-526.529390186772
192266692.989696	-11298824108.72557	227414164427.61868	9842273357.086908	-22129.707283895466	3562.9794503718554	-526.9273432841931
192270292.989696	-11378490230.677427	227426974635.92572	9840375702.579233	-22129.248836714596	3553.803192087008	-527.3251339028653
192273892.989696	-11458154696.611725	227439751812.3994	9838476616.317741	-22128.787274374692	3544.6284318848	-527.7227620773881
192277492.989696	-11537817495.316425	227452495962.43335	9836576098.887169	-22128.32259828433	3535.455170047126	-528.1202278423727
192281092.989696	-11617478615.58456	227465207091.42215	9834674150.872128	-22127.85480985116	3526.283406855273	-528.5175312324424
192284692.989696	-11697138046.21423	227477885204.76144	9832770772.857103	-22127.383910481924	3517.113142589921	-528.9146722822322
192288292.989696	-11776795776.008595	227490530307.84787	9830865965.426462	-22126.90990158244	3507.944377531146	-529.3116510263894
192291892.989696	-11856451793.775873	227503142406.07907	9828959729.16444	-22126.432784557615	3498.7771119584186	-529.7084674995732
192295492.989696	-11936106088.329344	227515721504.8537	9827052064.65515	-22125.952560811438	3489.611346150607	-530.1051217364546
192299092.989696	-12015758648.487333	227528267609.5714	9825142972.48258	-22125.469231746985	3480.447080385977	-530.5016137717171
192302692.989696	-12095409463.073221	227540780725.63287	9823232453.230595	-22124.98279876641	3471.2843149421938	-530.8979436400558
192306292.989696	-12175058520.915432	227553260858.43973	9821320507.482931	-22124.493263270957	3462.1230500963215	-531.2941113761784
192309892.989696	-12254705810.847433	227565708013.39462	9819407135.823204	-22124.000626660956	3452.9632861248265	-531.6901170148044
192313492.989696	-12334351321.707731	227578122195.9012	9817492338.8349	-22123.50489033582	3443.805023303576	-532.0859605906655
192317092.989696	-12413995042.33987	227590503411.36414	9815576117.101385	-22123.006055694048	3434.648261907841	-532.4816421385058
192320692.989696	-12493636961.592426	227602851665.189	9813658471.205896	-22122.50412413323	3425.4930022122967	-532.8771616930812
192324292.989696	-12573277068.319004	227615166962.78244	9811739401.731546	-22121.999097050033	3416.3392444910232	-533.2725192891604
192327892.989696	-12652915351.378235	227627449309.55203	9809818909.261324	-22121.490975840225	3407.1869890175067	-533.6677149615239
192331492.989696	-12732551799.633776	227639698710.90637	9807896994.37809	-22120.97976189865	3398.0362360646413	-534.0627487449646
192335092.989696	-12812186401.9543	227651915172.25504	9805973657.664585	-22120.46545661924	3388.886985904729	-534.4576206742879
192338692.989696	-12891819147.213501	227664098699.00858	9804048899.703419	-22119.94806139502	3379.7392388094813	-534.8523307843114
192342292.989696	-12971450024.290081	227676249296.5785	9802122721.07708	-22119.427577618106	3370.59299505002	-535.2468791098653
192345892.989696	-13051079022.067757	227688366970.37726	9800195122.367928	-22118.904006679695	3361.448254896878	-535.6412656857918
192349492.989696	-13130706129.43525	227700451725.8184	9798266104.1582	-22118.377349970076	3352.305018620002	-536.035490546946
192353092.989696	-13210331335.286283	227712503568.3163	9796335667.030005	-22117.84760887863	3343.1632864887515	-536.4295537281951
192356692.989696	-13289954628.519585	227724522503.2864	9794403811.565329	-22117.314784793823	3334.0230587719	-536.823455264419
192360292.989696	-13369575998.038874	227736508536.14508	9792470538.346031	-22116.778879103218	3324.8843357376377	-537.2171951905102
192363892.989696	-13449195432.752865	227748461672.30966	9790535847.953846	-22116.23989319346	3315.7471176535705	-537.6107735413738
192367492.989696	-13528812921.575266	227760381917.19846	9788599740.97038	-22115.697828450287	3306.611404786723	-538.0041903519273
