194180875.17235202	0.0005380241264884674	-0.0023201233191959343	-8.806226865460259e-05
194184475.17235202	0.000538716020629102	-0.0023196818775336244	-8.802371538301912e-05
194188075.17235202	0.0005394076542668627	-0.0023192404001573324	-8.798518278328917e-05
194191675.17235202	0.0005400990276930386	-0.002318798886992658	-8.794667094421546e-05
194195275.17235202	0.0005407901411997225	-0.0023183573379637686	-8.790817995544376e-05
194198875.17235202	0.0005414809950798017	-0.0023179157529934304	-8.786970990744374e-05
194202475.17235202	0.0005421715896269403	-0.002317474132003012	-8.783126089149133e-05
194206075.17235202	0.0005428619251355856	-0.00231703247491246	-8.779283299967433e-05
194209675.17235202	0.0005435520019009804	-0.0023165907816402485	-8.7754426324918e-05
194213275.17235202	0.0005442418202191987	-0.0023161490521033494	-8.771604096101728e-05
194216875.17235202	0.0005449313803871642	-0.0023157072862172103	-8.767767700265765e-05
194220475.17235202	0.0005456206827026638	-0.002315265483895759	-8.763933454542129e-05
194224075.17235202	0.0005463097274643496	-0.0023148236450514204	-8.760101368578157e-05
194227675.17235202	0.0005469985149717336	-0.002314381769595109	-8.756271452109657e-05
194231275.17235202	0.00054768704552519	-0.002313939857436219	-8.752443714961142e-05
194234875.17235202	0.0005483753194259654	-0.0023134979084825894	-8.748618167047219e-05
194238475.17235202	0.0005490633369761949	-0.002313055922640466	-8.744794818374805e-05
194242075.17235202	0.0005497510984789249	-0.002312613899814476	-8.7409736790455e-05
194245675.17235202	0.0005504386042381325	-0.0023121718399076114	-8.737154759257252e-05
194249275.17235202	0.0005511258545587382	-0.002311729742821235	-8.733338069305098e-05
194252875.17235202	0.0005518128497466113	-0.002311287608455081	-8.7295236195811e-05
194256475.17235202	0.0005524995901085693	-0.0023108454367072487	-8.725711420574113e-05
194260075.17235202	0.0005531860759523814	-0.002310403227474192	-8.721901482870178e-05
194263675.17235202	0.000553872307586777	-0.0023099609806506776	-8.718093817153864e-05
194267275.17235202	0.0005545582853214609	-0.0023095186961297437	-8.714288434210488e-05
194270875.17235202	0.0005552440094671422	-0.0023090763738026813	-8.710485344928684e-05
194274475.17235202	0.0005559294803355512	-0.002308634013559006	-8.706684560302319e-05
194278075.17235202	0.0005566146982394605	-0.0023081916152864704	-8.702886091431422e-05
194281675.17235202	0.0005572996634926893	-0.002307749178871074	-8.699089949522003e-05
194285275.17235202	0.0005579843764100996	-0.00230730670419705	-8.695296145885526e-05
194288875.17235202	0.0005586688373075962	-0.0023068641911468428	-8.691504691939212e-05
194292475.17235202	0.0005593530465021347	-0.002306421639601055	-8.687715599207756e-05
194296075.17235202	0.0005600370043117476	-0.0023059790494383975	-8.683928879326458e-05
194299675.17235202	0.0005607207110555837	-0.0023055364205356818	-8.680144544044531e-05
194303275.17235202	0.0005614041670539348	-0.0023050937527678153	-8.67636260522697e-05
194306875.17235202	0.000562087372628243	-0.0023046510460078126	-8.672583074854308e-05
194310475.17235202	0.0005627703281010851	-0.0023042083001267744	-8.668805965021515e-05
194314075.17235202	0.0005634530337961683	-0.002303765514993846	-8.665031287938163e-05
194317675.17235202	0.0005641354900383765	-0.0023033226904762704	-8.66125905593046e-05
194321275.17235202	0.0005648176971537411	-0.0023028798264392455	-8.657489281442316e-05
194324875.17235202	0.0005654996554695238	-0.002302436922745926	-8.65372197704183e-05
194328475.17235202	0.0005661813653141821	-0.002301993979257421	-8.64995715541791e-05
194332075.17235202	0.000566862827017486	-0.0023015509958327364	-8.646194829391325e-05
194335675.17235202	0.0005675440409104064	-0.002301107972328854	-8.642435011902441e-05
194339275.17235202	0.0005682250073251951	-0.002300664908600668	-8.638677716019207e-05
194342875.17235202	0.0005689057265953849	-0.0023002218045009627	-8.63492295493729e-05
194346475.17235202	0.0005695861990557727	-0.0022997786598803927	-8.631170741978754e-05
194350075.17235202	0.0005702664250424427	-0.002299335474587423	-8.627421090594937e-05
194353675.17235202	0.0005709464048928169	-0.002298892248468288	-8.623674014371649e-05
194357275.17235202	0.0005716261389456983	-0.0022984489813669758	-8.619929527032625e-05
194360875.17235202	0.0005723056275412821	-0.002298005673125234	-8.616187642439849e-05
194364475.17235202	0.000572984871021148	-0.002297562323582572	-8.612448374592125e-05
194368075.17235202	0.0005736638697282523	-0.0022971189325762444	-8.608711737624322e-05
194371675.17235202	0.0005743426240069385	-0.0022966754999412136	-8.604977745808793e-05
194375275.17235202	0.0005750211342029646	-0.002296232025510092	-8.601246413558763e-05
194378875.17235202	0.000575699400663545	-0.0022957885091131015	-8.597517755432514e-05
194382475.17235202	0.0005763774237373822	-0.0022953449505780355	-8.59379178613654e-05
194386075.17235202	0.0005770552037746906	-0.0022949013497302563	-8.590068520527147e-05
194389675.17235202	0.0005777327411272045	-0.002294457706392693	-8.586347973610516e-05
194393275.17235202	0.0005784100361481769	-0.0022940140203858276	-8.582630160542385e-05
194396875.17235202	0.0005790870891923893	-0.002293570291527682	-8.578915096628604e-05
194400475.17235202	0.0005797639006161623	-0.0022931265196337583	-8.575202797327157e-05
194404075.17235202	0.0005804404707773902	-0.0022926827045169967	-8.571493278251618e-05
194407675.17235202	0.0005811168000355757	-0.0022922388459877263	-8.567786555174992e-05
194411275.17235202	0.0005817928887518615	-0.002291794943853626	-8.564082644032806e-05
194414875.17235202	0.0005824687372890575	-0.00229135099791972	-8.560381560924819e-05
194418475.17235202	0.0005831443460116495	-0.002290907007988377	-8.556683322115295e-05
194422075.17235202	0.0005838197152858028	-0.002290462973859293	-8.552987944032833e-05
194425675.17235202	0.000584494845479369	-0.002290018895329471	-8.549295443271068e-05
194429275.17235202	0.0005851697369619062	-0.0022895747721931635	-8.545605836591121e-05
194432875.17235202	0.000585844390104712	-0.002289130604241804	-8.541919140925649e-05
194436475.17235202	0.0005865188052808653	-0.002288686391263953	-8.538235373383446e-05
194440075.17235202	0.0005871929828652671	-0.002288242133045265	-8.53455455125279e-05
194443675.17235202	0.0005878669232346632	-0.0022877978293684986	-8.53087669200259e-05
194447275.17235202	0.0005885406267676506	-0.0022873534800135226	-8.527201813281742e-05
194450875.17235202	0.0005892140938446758	-0.0022869090847573033	-8.523529932918689e-05
194454475.17235202	0.0005898873248480483	-0.002286464643373839	-8.519861068923497e-05
194458075.17235202	0.0005905603201619732	-0.0022860201556340613	-8.516195239492657e-05
194461675.17235202	0.0005912330801725967	-0.0022855756213057718	-8.512532463013952e-05
194465275.17235202	0.0005919056052680483	-0.0022851310401536687	-8.508872758068486e-05
194468875.17235202	0.0005925778958384668	-0.0022846864119393305	-8.505216143432375e-05
194472475.17235202	0.0005932499522760476	-0.0022842417364210697	-8.501562638084238e-05
194476075.17235202	0.000593921774975017	-0.002283797013354107	-8.497912261196916e-05
194479675.17235202	0.0005945933643316506	-0.0022833522424903934	-8.494265032143346e-05
194483275.17235202	0.0005952647207443214	-0.002282907423578642	-8.490620970498702e-05
194486875.17235202	0.000595935844613457	-0.002282462556364174	-8.48698009604022e-05
194490475.17235202	0.0005966067363417063	-0.0022820176405889334	-8.483342428760164e-05
194494075.17235202	0.0005972773963339047	-0.0022815726759914073	-8.479707988864112e-05
194497675.17235202	0.000597947824997109	-0.002281127662306597	-8.476076796773711e-05
194501275.17235202	0.000598618022740646	-0.0022806825992660435	-8.4724488731292e-05
194504875.17235202	0.0005992879899761191	-0.0022802374865978072	-8.468824238789459e-05
194508475.17235202	0.000599957727117404	-0.0022797923240264048	-8.465202914832511e-05
194512075.17235202	0.000600627234580674	-0.0022793471112727247	-8.4615849225589e-05
194515675.17235202	0.0006012965127844496	-0.002278901848053945	-8.457970283497405e-05
194519275.17235202	0.0006019655621496658	-0.002278456534083489	-8.454359019410913e-05
194522875.17235202	0.00060263438309972	-0.0022780111690710028	-8.450751152300278e-05
194526475.17235202	0.0006033029760604994	-0.0022775657527223407	-8.447146704405789e-05
194530075.17235202	0.0006039713414603867	-0.0022771202847395406	-8.443545698207385e-05
194533675.17235202	0.0006046394797302704	-0.0022766747648207838	-8.439948156425534e-05
194537275.17235202	0.0006053073913035656	-0.002276229192660322	-8.436354102023975e-05
194540875.17235202	0.0006059750766162575	-0.0022757835679484	-8.432763558214512e-05
194544475.17235202	0.0006066425361069594	-0.002275337890371188	-8.429176548462787e-05
194548075.17235202	0.0006073097702169695	-0.0022748921596107293	-8.42559309649352e-05
194551675.17235202	0.0006079767793903167	-0.002274446375344909	-8.422013226294093e-05
194555275.17235202	0.0006086435640737835	-0.002274000537247422	-8.418436962116278e-05
194558875.17235202	0.0006093101247169252	-0.002273554644987748	-8.4148643284772e-05
194562475.17235202	0.0006099764617720814	-0.0022731086982310978	-8.411295350160781e-05
194566075.17235202	0.000610642575694407	-0.0022726626966383437	-8.407730052221021e-05
194569675.17235202	0.0006113084669419214	-0.002272216639865939	-8.404168459987315e-05
194573275.17235202	0.0006119741359755707	-0.0022717705275658285	-8.400610599070866e-05
194576875.17235202	0.0006126395832592913	-0.002271324359385391	-8.397056495370644e-05
194580475.17235202	0.0006133048092600603	-0.0022708781349674023	-8.393506175077313e-05
194584075.17235202	0.0006139698144479212	-0.002270431853950008	-8.389959664674815e-05
194587675.17235202	0.0006146345992959954	-0.0022699855159666964	-8.386416990940719e-05
194591275.17235202	0.0006152991642804984	-0.0022695391206462487	-8.382878180947646e-05
194594875.17235202	0.0006159635098807769	-0.0022690926676126417	-8.37934326206768e-05
194598475.17235202	0.0006166276365793759	-0.002268646156484931	-8.375812261980059e-05
194602075.17235202	0.0006172915448621251	-0.0022681995868771535	-8.372285208679851e-05
194605675.17235202	0.0006179552352182079	-0.002267752958398271	-8.368762130483942e-05
194609275.17235202	0.0006186187081401916	-0.0022673062706521706	-8.365243056032047e-05
194612875.17235202	0.0006192819641240286	-0.002266859523237664	-8.361728014285096e-05
194616475.17235202	0.0006199450036690813	-0.002266412715748429	-8.358217034527604e-05
194620075.17235202	0.0006206078272781977	-0.00226596584777284	-8.35471014637718e-05
194623675.17235202	0.0006212704354577708	-0.002265518918893855	-8.351207379791248e-05
194627275.17235202	0.0006219328287176936	-0.0022650719286890914	-8.347708765059634e-05
194630875.17235202	0.0006225950075716171	-0.0022646248767304806	-8.344214332834358e-05
194634475.17235202	0.0006232569725368776	-0.002264177762584465	-8.340724114115932e-05
194638075.17235202	0.0006239187241345916	-0.0022637305858117817	-8.3372381402665e-05
194641675.17235202	0.0006245802628896839	-0.0022632833459675923	-8.333756443006248e-05
194645275.17235202	0.0006252415893308895	-0.0022628360426012032	-8.330279054419868e-05
194648875.17235202	0.0006259027039908196	-0.0022623886752561103	-8.326806006958898e-05
194652475.17235202	0.0006265636074060292	-0.0022619412434698705	-8.323337333449462e-05
194656075.17235202	0.0006272243001170995	-0.0022614937467739225	-8.319873067102553e-05
194659675.17235202	0.000627884782668726	-0.0022610461846935036	-8.316413241521914e-05
194663275.17235202	0.000628545055609781	-0.002260598556747648	-8.312957890707657e-05
194666875.17235202	0.0006292051194933493	-0.0022601508624491727	-8.309507049057542e-05
194670475.17235202	0.0006298649748767514	-0.0022597031013046006	-8.306060751369122e-05
194674075.17235202	0.0006305246223215857	-0.0022592552728140382	-8.302619032844826e-05
194677675.17235202	0.0006311840623937944	-0.0022588073764710256	-8.29918192909986e-05
194681275.17235202	0.0006318432956637543	-0.002258359411762412	-8.29574947617139e-05
194684875.17235202	0.0006325023227063683	-0.00225791137816826	-8.292321710526875e-05
194688475.17235202	0.000633161144101147	-0.0022574632751618012	-8.288898669070349e-05
194692075.17235202	0.0006338197604322643	-0.002257015102209374	-8.285480389146645e-05
194695675.17235202	0.0006344781722886039	-0.0022565668587703636	-8.28206690854479e-05
194699275.17235202	0.0006351363802637967	-0.00225611854429709	-8.278658265502193e-05
194702875.17235202	0.0006357943849562804	-0.002255670158234688	-8.275254498710781e-05
194706475.17235202	0.0006364521869693738	-0.002255221700020959	-8.271855647325203e-05
194710075.17235202	0.0006371097869113749	-0.002254773169086258	-8.268461750972198e-05
194713675.17235202	0.0006377671853956578	-0.002254324564853378	-8.265072849759652e-05
194717275.17235202	0.000638424383040764	-0.00225387588673748	-8.261688984283961e-05
194720875.17235202	0.0006390813804704683	-0.0022534271341460143	-8.258310195635451e-05
194724475.17235202	0.0006397381783138321	-0.00225297830647864	-8.25493652540251e-05
194728075.17235202	0.000640394777205249	-0.0022525294031271147	-8.251568015676157e-05
194731675.17235202	0.0006410511777845072	-0.0022520804234751495	-8.248204709056638e-05
194735275.17235202	0.0006417073806968788	-0.002251631366898263	-8.244846648662833e-05
194738875.17235202	0.000642363386593234	-0.002251182232763621	-8.241493878143585e-05
194742475.17235202	0.000643019196130164	-0.00225073302042992	-8.238146441688918e-05
194746075.17235202	0.0006436748099700858	-0.0022502837292472963	-8.234804384038616e-05
194749675.17235202	0.0006443302287813087	-0.002249834358557257	-8.231467750487162e-05
194753275.17235202	0.0006449854532380727	-0.002249384907692586	-8.22813658688637e-05
194756875.17235202	0.0006456404840205878	-0.002248935375977226	-8.224810939649469e-05
194760475.17235202	0.0006462953218151211	-0.0022484857627260843	-8.221490855760659e-05
194764075.17235202	0.0006469499673141427	-0.0022480360672448305	-8.218176382790454e-05
194767675.17235202	0.0006476044212164953	-0.002247586288829728	-8.214867568911835e-05
194771275.17235202	0.0006482586842274994	-0.002247136426767537	-8.211564462908768e-05
194774875.17235202	0.0006489127570589709	-0.0022466864803354736	-8.208267114175477e-05
194778475.17235202	0.0006495666404292907	-0.0022462364488010974	-8.204975572722223e-05
194782075.17235202	0.0006502203350636543	-0.002245786331422092	-8.201689889199653e-05
194785675.17235202	0.0006508738416938687	-0.002245336127446237	-8.198410114878482e-05
194789275.17235202	0.000651527161058714	-0.002244885836111057	-8.195136301687054e-05
194792875.17235202	0.0006521802939039318	-0.002244435456643741	-8.191868502209009e-05
194796475.17235202	0.0006528332409824923	-0.0022439849882608023	-8.188606769712262e-05
194800075.17235202	0.0006534860030545826	-0.002243534430168273	-8.185351158138629e-05
194803675.17235202	0.0006541385808878046	-0.002243083781561328	-8.182101722127755e-05
194807275.17235202	0.0006547909752572477	-0.002242633041624196	-8.178858517021965e-05
194810875.17235202	0.0006554431869455233	-0.002242182209530092	-8.175621598867095e-05
194814475.17235202	0.0006560952167428642	-0.002241731284441005	-8.172391024423257e-05
194818075.17235202	0.000656747065447295	-0.0022412802655073973	-8.169166851183694e-05
194821675.17235202	0.0006573987338648207	-0.0022408291518679793	-8.165949137393572e-05
194825275.17235202	0.0006580502228095776	-0.0022403779426495444	-8.162737942063137e-05
194828875.17235202	0.0006587015331039463	-0.002239926636966893	-8.159533324975393e-05
194832475.17235202	0.0006593526655786346	-0.002239475233922719	-8.156335346692047e-05
194836075.17235202	0.0006600036210727706	-0.0022390237326074445	-8.15314406856181e-05
194839675.17235202	0.0006606544004340205	-0.0022385721320989645	-8.149959552733063e-05
194843275.17235202	0.0006613050045187426	-0.002238120431462385	-8.146781862170085e-05
194846875.17235202	0.0006619554341921613	-0.002237668629749774	-8.143611060670443e-05
194850475.17235202	0.0006626056903285394	-0.0022372167259999518	-8.14044721288086e-05
194854075.17235202	0.000663255773811335	-0.002236764719238336	-8.137290384310315e-05
194857675.17235202	0.0006639056855333349	-0.0022363126084767953	-8.134140641340676e-05
194861275.17235202	0.0006645554263967726	-0.002235860392713473	-8.130998051236797e-05
194864875.17235202	0.000665204997313453	-0.0022354080709325757	-8.127862682158052e-05
194868475.17235202	0.0006658543992048922	-0.0022349556421041054	-8.124734603172781e-05
194872075.17235202	0.0006665036330024833	-0.002234503105183565	-8.121613884275505e-05
194875675.17235202	0.000667152699647689	-0.002234050459111695	-8.118500596405641e-05
194879275.17235202	0.0006678016000922383	-0.002233597702814233	-8.115394811465555e-05
194882875.17235202	0.0006684503352983122	-0.0022331448352017245	-8.112296602336373e-05
194886475.17235202	0.0006690989062387045	-0.002232691855169338	-8.109206042891194e-05
194890075.17235202	0.000669747313896963	-0.0022322387615966673	-8.10612320800696e-05
194893675.17235202	0.0006703955592675237	-0.0022317855533474703	-8.103048173577368e-05
194897275.17235202	0.0006710436433558671	-0.0022313322292693625	-8.099981016529015e-05
194900875.17235202	0.0006716915671787126	-0.002230878788193468	-8.096921814841592e-05
194904475.17235202	0.0006723393317642549	-0.002230425228934116	-8.09387064757079e-05
194908075.17235202	0.0006729869381524127	-0.0022299715502885715	-8.090827594870539e-05
194911675.17235202	0.0006736343873950503	-0.0022295177510368407	-8.087792738011186e-05
194915275.17235202	0.0006742816805561437	-0.002229063829941472	-8.084766159392492e-05
194918875.17235202	0.0006749288187118945	-0.0022286097857472896	-8.081747942554292e-05
194922475.17235202	0.0006755758029508702	-0.0022281556171810427	-8.078738172191226e-05
194926075.17235202	0.0006762226343742362	-0.002227701322951027	-8.07573693417657e-05
194929675.17235202	0.0006768693140960906	-0.0022272469017467584	-8.072744315592807e-05
194933275.17235202	0.0006775158432437213	-0.0022267923522386445	-8.069760404755852e-05
194936875.17235202	0.0006781622229576972	-0.0022263376730775448	-8.066785291227507e-05
194940475.17235202	0.0006788084543923376	-0.002225882862894806	-8.063819065847368e-05
194944075.17235202	0.0006794545387156725	-0.002225427920301723	-8.060861820736603e-05
194947675.17235202	0.0006801004771097789	-0.0022249728438893663	-8.057913649323779e-05
194951275.17235202	0.0006807462707708262	-0.0022245176322282425	-8.05497464635013e-05
194954875.17235202	0.0006813919209096165	-0.002224062283867594	-8.052044907927742e-05
194958475.17235202	0.0006820374287516406	-0.002223606797335235	-8.04912453154037e-05
194962075.17235202	0.0006826827955374188	-0.002223151171137148	-8.046213616075562e-05
194965675.17235202	0.0006833280225228786	-0.0022226954037570805	-8.043312261859646e-05
194969275.17235202	0.0006839731109795957	-0.002222239493656265	-8.040420570677511e-05
194972875.17235202	0.0006846180621949495	-0.00222178343927313	-8.037538645784794e-05
194976475.17235202	0.0006852628774723153	-0.002221327239022906	-8.034666591926136e-05
194980075.17235202	0.0006859075581313556	-0.002220870891297133	-8.031804515364813e-05
194983675.17235202	0.0006865521055083831	-0.0022204143944631227	-8.028952523919342e-05
194987275.17235202	0.0006871965209567411	-0.002219957746863502	-8.026110726999282e-05
194990875.17235202	0.0006878408058471327	-0.0022195009468158103	-8.023279235634704e-05
194994475.17235202	0.000688484961567902	-0.00221904399261217	-8.020458162499408e-05
194998075.17235202	0.0006891289895252822	-0.002218586882518925	-8.017647621931851e-05
195001675.17235202	0.000689772891143656	-0.0022181296147762044	-8.014847729959086e-05
195005275.17235202	0.0006904166678658632	-0.002217672187597412	-8.012058604326726e-05
195008875.17235202	0.0006910603211535605	-0.0022172145991686534	-8.009280364534736e-05
195012475.17235202	0.0006917038524876145	-0.0022167568476481807	-8.006513131875787e-05
195016075.17235202	0.0006923472633684985	-0.002216298931165872	-8.00375702947217e-05
195019675.17235202	0.0006929905553166608	-0.0022158408478227696	-8.001012182308676e-05
195023275.17235202	0.0006936337298728666	-0.0022153825956906605	-7.9982787172616e-05
195026875.17235202	0.0006942767885985148	-0.002214924172811619	-7.995556763126413e-05
195030475.17235202	0.000694919733075967	-0.0022144655771974874	-7.992846450648045e-05
195034075.17235202	0.0006955625649089141	-0.0022140068068292698	-7.990147912556471e-05
195037675.17235202	0.0006962052857227904	-0.002213547859656473	-7.987461283607904e-05
195041275.17235202	0.0006968478971652287	-0.0022130887335964355	-7.984786700629115e-05
195044875.17235202	0.0006974904009065246	-0.0022126294265337305	-7.982124302560658e-05
195048475.17235202	0.0006981327986400796	-0.0022121699363196363	-7.97947423049567e-05
195052075.17235202	0.0006987750920828035	-0.0022117102607716395	-7.976836627713912e-05
195055675.17235202	0.0006994172829754903	-0.0022112503976729164	-7.974211639714061e-05
195059275.17235202	0.0007000593730832035	-0.002210790344771683	-7.971599414249684e-05
195062875.17235202	0.0007007013641957017	-0.0022103300997804195	-7.969000101373031e-05
195066475.17235202	0.0007013432581279509	-0.002209869660375046	-7.966413853486492e-05
195070075.17235202	0.0007019850567206941	-0.00220940902419416	-7.963840825396386e-05
195073675.17235202	0.0007026267618410034	-0.002208948188838435	-7.961281174361572e-05
195077275.17235202	0.0007032683753827811	-0.0022084871518701058	-7.958735060134155e-05
195080875.17235202	0.0007039098992671946	-0.002208025910812304	-7.956202644998181e-05
195084475.17235202	0.0007045513354431077	-0.0022075644631481556	-7.953684093814733e-05
195088075.17235202	0.000705192685887585	-0.002207102806320016	-7.951179574068898e-05
195091675.17235202	0.0007058339526064407	-0.0022066409377290786	-7.948689255909409e-05
195095275.17235202	0.0007064751376348733	-0.002206178854733561	-7.946213312236069e-05
195098875.17235202	0.0007071162430380916	-0.0022057165546487366	-7.943751918733278e-05
195102475.17235202	0.0007077572709119781	-0.002205254034745638	-7.94130525394404e-05
195106075.17235202	0.0007083982233837139	-0.002204791292250531	-7.938873499318573e-05
195109675.17235202	0.0007090391026120411	-0.0022043283243440947	-7.936456839239108e-05
195113275.17235202	0.0007096799107881292	-0.002203865128160548	-7.934055461098344e-05
195116875.17235202	0.0007103206501361064	-0.002203401700786659	-7.931669555351439e-05
195120475.17235202	0.00071096132291363	-0.0022029380392606756	-7.929299315573328e-05
195124075.17235202	0.0007116019314126484	-0.0022024741405712606	-7.926944938531962e-05
195127675.17235202	0.000712242477960237	-0.0022020100016565333	-7.924606624264205e-05
195131275.17235202	0.0007128829649193475	-0.0022015456194031976	-7.92228457614136e-05
195134875.17235202	0.0007135233946894429	-0.002201080990645661	-7.919979000924411e-05
195138475.17235202	0.0007141637697070913	-0.002200616112165049	-7.917690108818435e-05
195142075.17235202	0.0007148040924466278	-0.0022001509806880756	-7.915418113535955e-05
195145675.17235202	0.0007154443654209336	-0.0021996855928858323	-7.913163232372604e-05
195149275.17235202	0.0007160845911823152	-0.0021992199453725533	-7.910925686291098e-05
195152875.17235202	0.000716724772323411	-0.0021987540347044266	-7.908705700005907e-05
195156475.17235202	0.0007173649114780676	-0.0021982878573784696	-7.906503502062514e-05
195160075.17235202	0.0007180050113221554	-0.002197821409831445	-7.904319324909985e-05
195163675.17235202	0.0007186450745743411	-0.0021973546884387182	-7.902153404970412e-05
195167275.17235202	0.000719285103996879	-0.002196887689513042	-7.900005982711621e-05
195170875.17235202	0.0007199251023964678	-0.0021964204093032082	-7.897877302728559e-05
195174475.17235202	0.0007205650726252047	-0.0021959528439926194	-7.895767613834525e-05
195178075.17235202	0.0007212050175816167	-0.002195484989697822	-7.893677169159278e-05
195181675.17235202	0.0007218449402117202	-0.002195016842467079	-7.891606226248044e-05
195185275.17235202	0.0007224848435100606	-0.0021945483982789924	-7.88955504715608e-05
195188875.17235202	0.0007231247305206983	-0.0021940796530411665	-7.887523898537014e-05
195192475.17235202	0.0007237646043381655	-0.002193610602588844	-7.885513051728253e-05
195196075.17235202	0.0007244044681084314	-0.002193141242683424	-7.883522782839829e-05
195199675.17235202	0.000725044325029953	-0.002192671569010839	-7.881553372853752e-05
195203275.17235202	0.0007256841783548398	-0.0021922015771797814	-7.879605107736175e-05
195206875.17235202	0.0007263240313901154	-0.002191731262719904	-7.8776782785584e-05
195210475.17235202	0.0007269638874990159	-0.0021912606210800706	-7.875773181617768e-05
195214075.17235202	0.000727603750102237	-0.002190789647626742	-7.873890118549948e-05
195217675.17235202	0.0007282436226790933	-0.002190318337642433	-7.872029396430123e-05
195221275.17235202	0.0007288835087686386	-0.0021898466863241	-7.870191327871989e-05
195224875.17235202	0.0007295234119708566	-0.0021893746887812456	-7.868376231139622e-05
195228475.17235202	0.0007301633359480285	-0.0021889023400337233	-7.866584430282143e-05
195232075.17235202	0.0007308032844262589	-0.002188429635009455	-7.864816255283234e-05
195235675.17235202	0.0007314432611969845	-0.002187956568542428	-7.863072042200062e-05
195239275.17235202	0.000732083270118361	-0.00218748313537105	-7.861352133280119e-05
195242875.17235202	0.0007327233151167461	-0.002187009330136077	-7.859656877097439e-05
195246475.17235202	0.0007333634001884967	-0.002186535147377813	-7.857986628735242e-05
195250075.17235202	0.000734003529400733	-0.0021860605815353707	-7.856341749819171e-05
195253675.17235202	0.0007346437068935572	-0.0021855856269429818	-7.854722608759162e-05
195257275.17235202	0.0007352839368812048	-0.0021851102778282015	-7.85312958084343e-05
195260875.17235202	0.0007359242236540509	-0.002184634528308942	-7.851563048438317e-05
195264475.17235202	0.0007365645715805831	-0.0021841583723914808	-7.850023401155671e-05
195268075.17235202	0.0007372049851090173	-0.002183681803967519	-7.848511036015324e-05
195271675.17235202	0.0007378454687691352	-0.0021832048168118354	-7.847026357607585e-05
195275275.17235202	0.0007384860271740974	-0.0021827274045800125	-7.845569778250487e-05
195278875.17235202	0.0007391266650222117	-0.0021822495608057	-7.844141718154105e-05
195282475.17235202	0.0007397673870988197	-0.002181771278897507	-7.84274260560425e-05
195286075.17235202	0.0007404081982783924	-0.002181292552135798	-7.84137287716499e-05
195289675.17235202	0.0007410491035267794	-0.0021808133736696184	-7.840032977888825e-05
195293275.17235202	0.000741690107903481	-0.0021803337365137636	-7.838723361522755e-05
195296875.17235202	0.0007423312165638611	-0.0021798536335458788	-7.837444490706387e-05
195300475.17235202	0.0007429724347612917	-0.002179373057503408	-7.836196837166445e-05
195304075.17235202	0.0007436137678493217	-0.002178892000980318	-7.834980881917486e-05
195307675.17235202	0.0007442552212839519	-0.002178410456423554	-7.833797115477401e-05
195311275.17235202	0.0007448968006260953	-0.0021779284161293666	-7.832646038100328e-05
195314875.17235202	0.0007455385115442028	-0.002177445872239561	-7.831528160023404e-05
195318475.17235202	0.0007461803598169913	-0.0021769628167377644	-7.830444001719767e-05
195322075.17235202	0.0007468223513361979	-0.002176479241445722	-7.829394094150209e-05
195325675.17235202	0.0007474644921093034	-0.002175995138019535	-7.828378979011251e-05
195329275.17235202	0.0007481067882622366	-0.0021755104979457826	-7.827399208982525e-05
195332875.17235202	0.0007487492460421227	-0.0021750253125374136	-7.826455347981361e-05
195336475.17235202	0.0007493918718201642	-0.002174539572929404	-7.825547971432894e-05
195340075.17235202	0.0007500346720947147	-0.0021740532700742186	-7.824677666559441e-05
195343675.17235202	0.0007506776534945501	-0.0021735663947371336	-7.823845032687588e-05
195347275.17235202	0.0007513208227822773	-0.002173078937491544	-7.823050681564867e-05
195350875.17235202	0.0007519641868577835	-0.002172590888714271	-7.822295237676179e-05
195354475.17235202	0.0007526077527616465	-0.002172102238580835	-7.821579338554843e-05
195358075.17235202	0.0007532515276785125	-0.0021716129770606063	-7.82090363509061e-05
195361675.17235202	0.0007538955189405174	-0.0021711230939116775	-7.820268791846212e-05
195365275.17235202	0.0007545397340309152	-0.002170632578675397	-7.819675487397098e-05
195368875.17235202	0.0007551841805880079	-0.002170141420670575	-7.819124414703364e-05
195372475.17235202	0.0007558288664093741	-0.002169649608987519	-7.818616281507852e-05
195376075.17235202	0.0007564737994562295	-0.0021691571324820936	-7.818151810740949e-05
195379675.17235202	0.0007571189878576917	-0.0021686639797699444	-7.817731740908463e-05
195383275.17235202	0.0007577644399148573	-0.002168170139220736	-7.817356826458143e-05
195386875.17235202	0.0007584101641049069	-0.0021676755989520464	-7.817027838154078e-05
195390475.17235202	0.0007590561690856791	-0.0021671803468225415	-7.816745563507557e-05
195394075.17235202	0.0007597024637008157	-0.002166684370424553	-7.816510807268957e-05
195397675.17235202	0.0007603490569846306	-0.0021661876570769727	-7.816324391882149e-05
195401275.17235202	0.0007609959581664588	-0.002165690193818627	-7.816187157875046e-05
195404875.17235202	0.0007616431766778325	-0.0021651919673996147	-7.81609996454634e-05
195408475.17235202	0.0007622907221559679	-0.002164692964275032	-7.816063690260883e-05
195412075.17235202	0.0007629386044502599	-0.0021641931705970122	-7.816079233046634e-05
195415675.17235202	0.0007635868336273561	-0.002163692572206714	-7.816147511064206e-05
195419275.17235202	0.0007642354199771393	-0.002163191154624874	-7.816269463190103e-05
195422875.17235202	0.0007648843740186315	-0.002162688903044057	-7.816446049538159e-05
195426475.17235202	0.000765533706506522	-0.0021621858023190624	-7.8166782520802e-05
195430075.17235202	0.0007661834284379975	-0.002161681836957102	-7.81696707529323e-05
195433675.17235202	0.0007668335510595351	-0.0021611769911085194	-7.817313546780348e-05
195437275.17235202	0.0007674840858736064	-0.002160671248557605	-7.817718717873519e-05
195440875.17235202	0.0007681350446454902	-0.0021601645927128293	-7.818183664255445e-05
195444475.17235202	0.0007687864394104304	-0.002159657006596183	-7.818709486627951e-05
195448075.17235202	0.0007694382824812418	-0.002159148472831812	-7.81929731143135e-05
195451675.17235202	0.000770090586456355	-0.0021586389736343364	-7.819948291601744e-05
195455275.17235202	0.0007707433642281508	-0.0021581284907971152	-7.820663607346201e-05
195458875.17235202	0.0007713966289914774	-0.002157617005680509	-7.821444466924243e-05
195462475.17235202	0.0007720503942522743	-0.0021571044991999045	-7.822292107435878e-05
195466075.17235202	0.0007727046738363499	-0.002156590951813233	-7.823207795627104e-05
195469675.17235202	0.0007733594818984229	-0.002156076343507811	-7.824192828727566e-05
195473275.17235202	0.0007740148329315535	-0.002155560653786445	-7.825248535331713e-05
195476875.17235202	0.0007746707417770456	-0.0021550438616529345	-7.826376276326616e-05
195480475.17235202	0.0007753272236348209	-0.002154525945597165	-7.827577445860721e-05
195484075.17235202	0.0007759842940742014	-0.0021540068835799197	-7.828853472343492e-05
195487675.17235202	0.0007766419690449943	-0.0021534866530174314	-7.830205819466166e-05
195491275.17235202	0.0007773002648888153	-0.0021529652307655184	-7.83163598724156e-05
195494875.17235202	0.000777959198350642	-0.0021524425931031153	-7.833145513068274e-05
195498475.17235202	0.0007786187865907229	-0.002151918715714992	-7.834735972832928e-05
195502075.17235202	0.000779279047196928	-0.0021513935736735793	-7.83640898206348e-05
195505675.17235202	0.0007799399981977544	-0.002150867141420017	-7.838166197144144e-05
195509275.17235202	0.0007806016580759784	-0.0021503393927445463	-7.840009316589424e-05
195512875.17235202	0.0007812640457829079	-0.0021498103007664853	-7.841940082365429e-05
195516475.17235202	0.000781927180753075	-0.0021492798379138026	-7.843960281243162e-05
195520075.17235202	0.0007825910829191975	-0.002148747975902161	-7.84607174617221e-05
195523675.17235202	0.000783255772727384	-0.002148214685713102	-7.848276357681086e-05
195527275.17235202	0.0007839212711527563	-0.002147679937571097	-7.850576045326795e-05
195530875.17235202	0.0007845875997158484	-0.002147143700919311	-7.852972789227363e-05
195534475.17235202	0.0007852547805000982	-0.0021466059443942705	-7.855468621698948e-05
195538075.17235202	0.0007859228361704143	-0.002146066635799839	-7.858065628983245e-05
195541675.17235202	0.0007865917899923356	-0.0021455257420807694	-7.86076595301519e-05
195545275.17235202	0.0007872616658511036	-0.002144983229295647	-7.863571793176136e-05
195548875.17235202	0.0007879324882707987	-0.0021444390625887074	-7.866485408060265e-05
195552475.17235202	0.0007886042824351766	-0.0021438932061602464	-7.869509117401076e-05
195556075.17235202	0.0007892770742103429	-0.0021433456232358714	-7.872645304162367e-05
195559675.17235202	0.0007899508901642951	-0.002142796276033388	-7.87589641639866e-05
195563275.17235202	0.0007906257575930812	-0.002142245125729947	-7.879264969648098e-05
195566875.17235202	0.000791301704544444	-0.0021416921324256253	-7.882753549179889e-05
195570475.17235202	0.000791978759843257	-0.002141137255108952	-7.886364812308217e-05
195574075.17235202	0.0007926569531167419	-0.002140580451620936	-7.890101490695998e-05
195577675.17235202	0.0007933363148226336	-0.0021400216786148464	-7.89396639299896e-05
195581275.17235202	0.0007940168762765961	-0.0021394608915166493	-7.89796240738909e-05
195584875.17235202	0.0007946986696807301	-0.0021388980444834297	-7.902092504191377e-05
195588475.17235202	0.0007953817281542778	-0.0021383330903589114	-7.906359738752133e-05
195592075.17235202	0.0007960660857661931	-0.00213776598062699	-7.910767254482655e-05
195595675.17235202	0.0007967517775688274	-0.0021371966653642776	-7.915318285982825e-05
195599275.17235202	0.0007974388396323435	-0.0021366250931916303	-7.92001616221043e-05
195602875.17235202	0.0007981273090800163	-0.002136051211223942	-7.924864309727549e-05
195606475.17235202	0.0007988172241249161	-0.00213547496501736	-7.929866256089174e-05
195610075.17235202	0.000799508624108402	-0.002134896298513511	-7.935025633420175e-05
195613675.17235202	0.0008002015495407046	-0.0021343151539808536	-7.940346182198151e-05
195617275.17235202	0.0008008960421434984	-0.0021337314719535702	-7.945831755220022e-05
195620875.17235202	0.0008015921448943035	-0.0021331451911683927	-7.95148632172384e-05
195624475.17235202	0.0008022899020725317	-0.0021325562484993707	-7.957313971646636e-05
195628075.17235202	0.0008029893593071527	-0.0021319645788902813	-7.963318920022308e-05
195631675.17235202	0.0008036905636261626	-0.002131370115284056	-7.96950551154865e-05
195635275.17235202	0.0008043935635081691	-0.0021307727885486773	-7.975878225363934e-05
195638875.17235202	0.0008050984089364238	-0.0021301725273992368	-7.982441680065981e-05
195642475.17235202	0.0008058051514555491	-0.002129569258316149	-7.989200638991114e-05
195646075.17235202	0.0008065138442310351	-0.0021289629054598138	-7.996160015747714e-05
195649675.17235202	0.0008072245421114533	-0.002128353390581929	-8.003324879988744e-05
195653275.17235202	0.0008079373016932902	-0.002127740632933542	-8.01070046340865e-05
195656875.17235202	0.0008086521813883619	-0.0021271245491693794	-8.018292165968452e-05
195660475.17235202	0.0008093692414939628	-0.002126505053247823	-8.026105562376605e-05
195664075.17235202	0.0008100885442660962	-0.002125882056325736	-8.034146408871419e-05
195667675.17235202	0.0008108101539962372	-0.002125255466647624	-8.04242065035335e-05
195671275.17235202	0.0008115341370920716	-0.002124625189429131	-8.050934427899554e-05
195674875.17235202	0.0008122605621624285	-0.002123991126735222	-8.059694086662517e-05
195678475.17235202	0.0008129895001063916	-0.0021233531773535443	-8.0687061841302e-05
195682075.17235202	0.0008137210242063583	-0.0021227112366629265	-8.077977498722246e-05
195685675.17235202	0.0008144552102248884	-0.0021220651964961334	-8.087515038725952e-05
195689275.17235202	0.0008151921365055196	-0.0021214149449953735	-8.097326051621166e-05
195692875.17235202	0.0008159318840783056	-0.002120760366459333	-8.10741803388702e-05
195696475.17235202	0.0008166745367711373	-0.0021201013411818	-8.117798741369028e-05
195700075.17235202	0.0008174201813276864	-0.0021194377452833416	-8.128476200228491e-05
195703675.17235202	0.0008181689075316642	-0.0021187694505364917	-8.139458718423095e-05
195707275.17235202	0.0008189208083360366	-0.002118096324180602	-8.150754897701428e-05
195710875.17235202	0.0008196759799976541	-0.0021174182287255917	-8.162373646159772e-05
195714475.17235202	0.0008204345222204314	-0.0021167350217575222	-8.174324191249574e-05
195718075.17235202	0.0008211965383036665	-0.0021160465557166445	-8.186616093767912e-05
195721675.17235202	0.0008219621352964426	-0.002115352677679128	-8.19925926200453e-05
195725275.17235202	0.0008227314241648012	-0.0021146532291162123	-8.212263967357207e-05
195728875.17235202	0.0008235045199675869	-0.0021139480456443594	-8.225640860659067e-05
195732475.17235202	0.0008242815420366283	-0.0021132369567650453	-8.23940098886367e-05
195736075.17235202	0.0008250626141707919	-0.0021125197855897024	-8.253555813020395e-05
195739675.17235202	0.0008258478648397666	-0.002111796348551068	-8.268117227127128e-05
195743275.17235202	0.0008266374273962486	-0.0021110664550996108	-8.283097577762854e-05
195746875.17235202	0.0008274314402987268	-0.002110329907382542	-8.298509684737111e-05
195750475.17235202	0.0008282300473475736	-0.0021095864999038315	-8.31436686301068e-05
195754075.17235202	0.0008290333979357388	-0.002108836019164929	-8.330682945981862e-05
195757675.17235202	0.0008298416473140737	-0.002108078243286378	-8.347472310107669e-05
195761275.17235202	0.0008306549568708732	-0.0021073129416099255	-8.364749900804762e-05
195764875.17235202	0.0008314734944257842	-0.0021065398742796367	-8.38253125965463e-05
195768475.17235202	0.0008322974345391505	-0.0021057587917996693	-8.400832553036792e-05
195772075.17235202	0.0008331269588386527	-0.0021049694345660944	-8.41967060238924e-05
195775675.17235202	0.0008339622563652382	-0.002104171532370553	-8.43906291629019e-05
195779275.17235202	0.0008348035239400881	-0.002103364803874157	-8.459027724514918e-05
195782875.17235202	0.0008356509665538439	-0.0021025489560505795	-8.479584014158475e-05
195786475.17235202	0.0008365047977788961	-0.0021017236835972216	-8.500751567873604e-05
195790075.17235202	0.0008373652402055482	-0.0021008886683128725	-8.522551004288793e-05
195793675.17235202	0.0008382325259032494	-0.0021000435784393045	-8.545003820723969e-05
195797275.17235202	0.0008391068969087807	-0.002099188067963435	-8.568132438400239e-05
195800875.17235202	0.0008399886057438446	-0.002098321775876287	-8.591960250398106e-05
195804475.17235202	0.0008408779159649369	-0.0020974443253849472	-8.616511672647897e-05
195808075.17235202	0.0008417751027482849	-0.0020965553230744395	-8.641812198203405e-05
195811675.17235202	0.0008426804535122923	-0.00209565435801686	-8.667888455000805e-05
195815275.17235202	0.000843594268579476	-0.002094741000825476	-8.694768267251359e-05
195818875.17235202	0.0008445168618798947	-0.0020938148026506476	-8.722480720629129e-05
195822475.17235202	0.0008454485616983705	-0.002092875294113269	-8.751056231472714e-05
195826075.17235202	0.0008463897114688897	-0.0020919219841695302	-8.780526620352583e-05
195829675.17235202	0.0008473406706205257	-0.0020909543588998715	-8.810925190460653e-05
195833275.17235202	0.0008483018154801747	-0.002089971880214893	-8.842286811346848e-05
195836875.17235202	0.0008492735402371816	-0.0020889739844726033	-8.874648008457835e-05
195840475.17235202	0.0008502562579743418	-0.0020879600810030617	-8.90804705881657e-05
195844075.17235202	0.0008512504017687721	-0.002086929550536885	-8.942524093069729e-05
195847675.17235202	0.0008522564258662366	-0.0020858817435310544	-8.97812120421729e-05
195851275.17235202	0.0008532748069347051	-0.0020848159783794147	-9.01488256367134e-05
195854875.17235202	0.0008543060454054597	-0.002083731539491423	-9.052854545612318e-05
195858475.17235202	0.000855350666910761	-0.002082627675228581	-9.092085860475876e-05
195862075.17235202	0.0008564092238229266	-0.002081503595703857	-9.13262769756858e-05
195865675.17235202	0.0008574822969034602	-0.0020803584704288352	-9.17453387770807e-05
195869275.17235202	0.0008585704970872377	-0.002079191425747064	-9.217861019477485e-05
195872875.17235202	0.000859674467375126	-0.002078001542143071	-9.262668713897898e-05
195876475.17235202	0.0008607948848902131	-0.002076787851308617	-9.309019715276608e-05
195880075.17235202	0.0008619324630657972	-0.0020755493330049707	-9.356980143960989e-05
195883675.17235202	0.0008630879540071976	-0.0020742849116799312	-9.40661970534115e-05
195887275.17235202	0.0008642621510429542	-0.0020729934528293534	-9.45801192623073e-05
195890875.17235202	0.000865455891467337	-0.0020716737590652846	-9.511234409323318e-05
195894475.17235202	0.0008666700595012861	-0.0020703245658738557	-9.566369107925256e-05
195898075.17235202	0.0008679055894930921	-0.00206894453704239	-9.623502622722211e-05
195901675.17235202	0.0008691634693757682	-0.0020675322597249524	-9.682726522167561e-05
195905275.17235202	0.0008704447444014666	-0.0020660862391077266	-9.744137688535423e-05
195908875.17235202	0.0008717505211797023	-0.002064604892631613	-9.807838692251159e-05
195912475.17235202	0.0008730819720520712	-0.0020630865437281493	-9.873938197564703e-05
195916075.17235202	0.0008744403398392561	-0.0020615294150233836	-9.94255140283129e-05
195919675.17235202	0.0008758269429974462	-0.002059931620961288	-0.0001001380051874422
195923275.17235202	0.000877243181222655	-0.002058291159792372	-0.00010087815288016096
195926875.17235202	0.0008786905415449378	-0.002056605904865072	-0.00010164733550375665
195930475.17235202	0.0008801706049595761	-0.002054873595147958	-0.00010244701857292304
195934075.17235202	0.0008816850536503265	-0.0020530918249010194	-0.0001032787614160545
195937675.17235202	0.0008832356788680269	-0.002051258032404613	-0.00010414422448003521
195941275.17235202	0.0008848243895366646	-0.0020493694876453847	-0.0001050451773105996
195944875.17235202	0.0008864532216668934	-0.0020474232788482588	-0.00010598350728229639
195948475.17235202	0.0008881243486648519	-0.002045416297732169	-0.00010696122915878636
195952075.17235202	0.000889840092632849	-0.002043345223352391	-0.00010798049557231301
195955675.17235202	0.0008916029367693574	-0.0020412065043740775	-0.00010904360852151487
195959275.17235202	0.0008934155389894588	-0.002038996339599801	-0.00011015303200008538
195962875.17235202	0.0008952807469052759	-0.002036710656548151	-0.00011131140588630477
195966475.17235202	0.000897201614326066	-0.002034345087852815	-0.00011252156124267583
195970075.17235202	0.0008991814194617995	-0.0020318949452213676	-0.00011378653719682176
195973675.17235202	0.0009012236850377013	-0.0020293551906611757	-0.00011510959959629326
195977275.17235202	0.0009033322005538933	-0.0020267204046431776	-0.00011649426165348193
195980875.17235202	0.0009055110469515956	-0.002023984750832091	-0.0001179443068216353
195984475.17235202	0.0009077646239817597	-0.002021141936958237	-0.00011946381417501551
195988075.17235202	0.0009100976806144691	-0.0020181851713403707	-0.0001210571866066599
195991675.17235202	0.0009125153488822227	-0.002015107114489235	-0.00012272918221026738
195995275.17235202	0.0009150231816168099	-0.0020118998251307404	-0.00012448494927567302
195998875.17235202	0.0009176271946134266	-0.0020085546998902725	-0.000126330065395613
