183286728.624384	152089471369.91125	83707059909.51584	8301382283.96812	-8589.475908279022	28017.630332802426	963.6882975096786
183290328.624384	152058524345.97913	83807909662.2844	8304850200.791012	-8603.31383210546	28010.009040603683	962.9321544592937
183293928.624384	152027527519.9184	83908731967.02759	8308315395.443072	-8617.143757355514	28002.38143124308	962.1759804472907
183297528.624384	151996480920.52554	84009526801.01897	8311777867.813554	-8630.965683141085	27994.747513238846	961.4197758701773
183301128.624384	151965384576.60022	84110294141.56274	8315237617.793135	-8644.779608582892	27987.107295104313	960.6635411239843
183304728.624384	151934238516.94522	84211033965.99377	8318694645.273918	-8658.585532810459	27979.460785347906	959.9072766042661
183308328.624384	151903042770.3665	84311746251.6775	8322148950.149431	-8672.383454962099	27971.80799247314	959.1509827061011
183311928.624384	151871797365.673	84412430976.01003	8325600532.314622	-8686.173374184902	27964.148924978603	958.3946598240911
183315528.624384	151840502331.67688	84513088116.418	8329049391.665857	-8699.955289634725	27956.483591357963	957.6383083523622
183319128.624384	151809157697.19318	84613717650.35864	8332495528.100924	-8713.72920047617	27948.81200009996	956.8819286845642
183322728.624384	151777763491.03998	84714319555.31973	8335938941.519023	-8727.495105882575	27941.134159688383	956.1255212138714
183326328.624384	151746319742.03833	84814893808.81958	8339379631.820771	-8741.253005036004	27933.450078602087	955.3690863329823
183329928.624384	151714826479.0122	84915440388.40701	8342817598.908198	-8755.00289712722	27925.75976531497	954.61262443412
183333528.624384	151683283730.78845	85015959271.66136	8346252842.684745	-8768.744781355688	27918.063228295974	953.8561359090319
183337128.624384	151651691526.19684	85116450436.19243	8349685363.055261	-8782.478656929548	27910.360476009075	953.0996211489903
183340728.624384	151620049894.0699	85216913859.64046	8353115159.926004	-8796.204523065606	27902.65151691328	952.3430805447924
183344328.624384	151588358863.243	85317349519.67618	8356542233.2046385	-8809.922378989322	27894.936359462616	951.5865144867603
183347928.624384	151556618462.55435	85417757394.0007	8359966582.800232	-8823.632223934794	27887.21501210613	950.8299233647411
183351528.624384	151524828720.8448	85518137460.34558	8363388208.623255	-8837.33405714474	27879.487483287885	950.0733075681076
183355128.624384	151492989666.95792	85618489696.47275	8366807110.585579	-8851.027877870496	27871.753781446936	949.3166674857573
183358728.624384	151461101329.74	85718814080.1745	8370223288.600475	-8864.71368537199	27864.013915017345	948.5600035061138
183362328.624384	151429163738.03998	85819110589.27348	8373636742.582612	-8878.39147891773	27856.267892428164	947.8033160171262
183365928.624384	151397176920.7094	85919379201.6227	8377047472.448052	-8892.061257784799	27848.51572210343	947.0466054062694
183369528.624384	151365140906.60242	86019619895.10545	8380455478.114255	-8905.723021258831	27840.757412462164	946.289872060544
183373128.624384	151333055724.57568	86119832647.63535	8383860759.500071	-8919.376768634002	27832.992971918353	945.5331163664772
183376728.624384	151300921403.4884	86220017437.15627	8387263316.52574	-8933.022499213015	27825.222408880956	944.776338710122
183380328.624384	151268737972.20233	86320174241.64238	8390663149.112892	-8946.66021230709	27817.445731753898	944.0195394770581
183383928.624384	151236505459.5816	86420303039.09807	8394060257.184545	-8960.289907235941	27809.662948936053	943.2627190523914
183387528.624384	151204223894.49283	86520403807.55797	8397454640.665101	-8973.911583327774	27801.87406882125	942.5058778207547
183391128.624384	151171893305.80502	86620476525.0869	8400846299.480347	-8987.52523991926	27794.07909979826	941.7490161663076
183394728.624384	151139513722.3896	86720521169.77989	8404235233.557451	-9001.130876355535	27786.27805025079	940.9921344727366
183398328.624384	151107085173.12024	86820537719.76213	8407621442.824964	-9014.728491990176	27778.470928557483	940.2352331232552
183401928.624384	151074607686.873	86920526153.18898	8411004927.212811	-9028.318086185192	27770.657743091902	939.4783125006045
183405528.624384	151042081292.52618	87020486448.24591	8414385686.652299	-9041.89965831101	27762.83850222254	938.7213729870527
183409128.624384	151009506018.9604	87120418583.14853	8417763721.076107	-9055.473207746456	27755.013214312796	937.9644149643959
183412728.624384	150976881895.05838	87220322536.14255	8421139030.418289	-9069.038733878751	27747.18188772098	937.2074388139575
183416328.624384	150944208949.70514	87320198285.50374	8424511614.614271	-9082.59623610349	27739.34453080031	936.4504449165892
183419928.624384	150911487211.78784	87420045809.53793	8427881473.600849	-9096.14571382463	27731.501151898894	935.6934336526704
183423528.624384	150878716710.19574	87519865086.58104	8431248607.316187	-9109.687166454472	27723.65175935974	934.9364054021089
183427128.624384	150845897473.8202	87619656094.99896	8434613015.699816	-9123.220593413656	27715.79636152073	934.1793605443409
183430728.624384	150813029531.55466	87719418813.18762	8437974698.692633	-9136.745994131144	27707.934966714638	933.4222994583308
183434328.624384	150780112912.29462	87819153219.57294	8441333656.2368965	-9150.263368044203	27700.06758326911	932.6652225225722
183437928.624384	150747147644.93756	87918859292.61078	8444689888.276229	-9163.772714598392	27692.194219506655	931.908130115087
183441528.624384	150714133758.383	88018537010.78699	8448043394.755611	-9177.274033247551	27684.314883744653	931.1510226134264
183445128.624384	150681071281.53232	88118186352.61732	8451394175.621385	-9190.767323453787	27676.42958429534	930.3939003946707
183448728.624384	150647960243.28888	88217807296.64746	8454742230.821244	-9204.25258468746	27668.5383294658	929.6367638354294
183452328.624384	150614800672.55795	88317399821.45299	8458087560.304242	-9217.729816427165	27660.64112755797	928.8796133118417
183455928.624384	150581592598.2466	88416963905.63934	8461430164.020783	-9231.199018159725	27652.737986868626	928.1224491995763
183459528.624384	150548336049.26382	88516499527.84186	8464770041.922624	-9244.660189380173	27644.82891568938	927.3652718738318
183463128.624384	150515031054.5203	88616006666.72566	8468107193.962869	-9258.11332959174	27636.913922306678	926.6080817093368
183466728.624384	150481677642.92856	88715485300.98575	8471441620.095973	-9271.558438305845	27628.993015001783	925.8508790803501
183470328.624384	150448275843.40286	88814935409.3469	8474773320.277738	-9284.995515042068	27621.066202050788	925.0936643606606
183473928.624384	150414825684.8592	88914356970.56366	8478102294.465308	-9298.424559328156	27613.133491724595	924.3364379235878
183477528.624384	150381327196.2152	89013749963.42038	8481428542.617174	-9311.84557069999	27605.194892288917	923.5792001419821
183481128.624384	150347780406.3902	89113114366.73112	8484752064.693165	-9325.258548701588	27597.250412004272	922.8219513882246
183484728.624384	150314185344.3051	89212450159.3397	8488072860.654449	-9338.663492885078	27589.300059125977	922.0646920342273
183488328.624384	150280542038.8825	89311757320.11963	8491390930.463536	-9352.060402810695	27581.343841904138	921.3074224514335
183491928.624384	150246850519.04648	89411035827.9741	8494706274.0842705	-9365.44927804676	27573.381768583655	920.5501430108178
183495528.624384	150213110813.7227	89510285661.836	8498018891.48183	-9378.83011816967	27565.41384740421	919.7928540828864
183499128.624384	150179322951.8383	89609506800.66786	8501328782.622726	-9392.20292276388	27557.440086600258	919.0355560376772
183502728.624384	150145486962.3219	89708699223.46185	8504635947.474804	-9405.567691421897	27549.460494401035	918.2782492447601
183506328.624384	150111602874.10364	89807862909.23975	8507940386.007235	-9418.92442374426	27541.47507903054	917.5209340732368
183509928.624384	150077670716.11502	89906997837.05293	8511242098.190519	-9432.27311933953	27533.48384870754	916.7636108917417
183513528.624384	150043690517.28894	90006103985.98236	8514541083.996485	-9445.613777824274	27525.48681164555	916.0062800684411
183517128.624384	150009662306.55966	90105181335.13855	8517837343.398283	-9458.946398823053	27517.483976052852	915.2489419710344
183520728.624384	149975586112.86282	90204229863.66154	8521130876.370388	-9472.270981968406	27509.475350132463	914.4915969667533
183524328.624384	149941461965.13535	90303249550.72095	8524421682.888596	-9485.587526900843	27501.460942082147	913.7342454223628
183527928.624384	149907289892.31543	90402240375.51582	8527709762.93002	-9498.896033268822	27493.44076009441	912.9768877041613
183531528.624384	149873069923.3425	90501202317.27473	8530995116.473096	-9512.196500728742	27485.414812356485	912.21952417798
183535128.624384	149838802087.15726	90600135355.2557	8534277743.497571	-9525.488928944927	27477.383107050337	911.462155209184
183538728.624384	149804486412.70157	90699039468.74623	8537557643.9845085	-9538.773317589617	27469.34565235265	910.7047811626719
183542328.624384	149770122928.9185	90797914637.06319	8540834817.9162855	-9552.049666342946	27461.302456434834	909.9474024028765
183545928.624384	149735711664.75217	90896760839.55289	8544109265.276589	-9565.317974892936	27453.253527463006	909.1900192937644
183549528.624384	149701252649.1479	90995578055.59103	8547380986.050417	-9578.578242935479	27445.198873597994	908.4326321988366
183553128.624384	149666745911.052	91094366264.5827	8550649980.224073	-9591.830470174325	27437.138502995327	907.6752414811285
183556728.624384	149632191479.41193	91193125445.9623	8553916247.785169	-9605.074656321072	27429.07242380524	906.9178475032105
183560328.624384	149597589383.17612	91291855579.19357	8557179788.722618	-9618.310801095147	27421.000644172655	906.1604506271874
183563928.624384	149562939651.294	91390556643.76958	8560440603.02664	-9631.538904223795	27412.92317223719	905.4030512146993
183567528.624384	149528242312.716	91489228619.21268	8563698690.688753	-9644.758965442063	27404.84001613315	904.6456496269216
183571128.624384	149493497396.39343	91587871485.0745	8566954051.7017765	-9657.970984492793	27396.751183989505	903.8882462245648
183574728.624384	149458704931.27856	91686485220.9359	8570206686.059825	-9671.174961126604	27388.65668392992	903.1308413678755
183578328.624384	149423864946.32452	91785069806.40703	8573456593.758311	-9684.370895101876	27380.55652407272	902.3734354166359
183581928.624384	149388977470.48532	91883625221.1272	8576703774.793942	-9697.558786184743	27372.4507125309	901.6160287301642
183585528.624384	149354042532.71576	91982151444.76495	8579948229.164717	-9710.738634149075	27364.339257412114	900.8586216673149
183589128.624384	149319060161.97147	92080648457.01799	8583189956.8699255	-9723.910438776464	27356.222166818683	900.1012145864789
183592728.624384	149284030387.20883	92179116237.61319	8586428957.910148	-9737.074199856215	27348.09944884757	899.3438078455838
183596328.624384	149248953237.385	92277554766.30655	8589665232.2872505	-9750.22991718533	27339.971111590392	898.5864018020939
183599928.624384	149213828741.45786	92375964022.8832	8592898780.004389	-9763.377590568494	27331.837163133412	897.8289968130107
183603528.624384	149178656928.3859	92474343987.15736	8596129601.065998	-9776.51721981806	27323.697611557527	897.0715932348728
183607128.624384	149143437827.12836	92572694638.97235	8599357695.4778	-9789.648804754044	27315.55246493827	896.3141914237563
183610728.624384	149108171466.64505	92671015958.20055	8602583063.246796	-9802.772345204101	27307.401731345817	895.5567917352748
183614328.624384	149072857875.89645	92769307924.74335	8605805704.381268	-9815.887841003516	27299.245418844952	894.7993945245802
183617928.624384	149037497083.8436	92867570518.5312	8609025618.890772	-9828.995291995194	27291.083535495094	894.0420001463619
183621528.624384	149002089119.44806	92965803719.52356	8612242806.786144	-9842.09469802964	27282.916089350274	893.284608954848
183625128.624384	148966634011.6719	93064007507.70883	8615457268.079494	-9855.186058964951	27274.74308845914	892.5272213038047
183628728.624384	148931131789.47778	93162181863.10442	8618669002.784204	-9868.269374666805	27266.56454086495	891.7698375465371
183632328.624384	148895582481.82874	93260326765.75665	8621878010.914927	-9881.344645008438	27258.380454605565	891.0124580358893
183635928.624384	148859986117.6883	93358442195.74081	8625084292.487583	-9894.411869870637	27250.190837713446	890.2550831242442
183639528.624384	148824342726.0204	93456528133.16107	8628287847.519363	-9907.471049141728	27241.995698215655	889.4977131635242
183643128.624384	148788652335.7893	93554584558.15047	8631488676.028723	-9920.522182717561	27233.79504413384	888.7403485051913
183646728.624384	148752914975.95975	93652611450.87094	8634686778.035383	-9933.565270501496	27225.588883484244	887.982989500247
183650328.624384	148717130675.49673	93750608791.51328	8637882153.56033	-9946.600312404391	27217.377224277694	887.2256364992329
183653928.624384	148681299463.3656	93848576560.29707	8641074802.625803	-9959.627308344585	27209.160074519594	886.4682898522308
183657528.624384	148645421368.53192	93946514737.47075	8644264725.25531	-9972.646258247893	27200.93744220992	885.7109499088626
183661128.624384	148609496419.96155	94044423303.31151	8647451921.47361	-9985.65716204758	27192.709335343232	884.9536170182912
183664728.624384	148573524646.62057	94142302238.12534	8650636391.306723	-9998.660019684365	27184.475761908652	884.19629152922
183668328.624384	148537506077.47528	94240151522.24695	8653818134.78192	-10011.654831106389	27176.236729889864	883.4389737898936
183671928.624384	148501440741.49213	94337971136.03981	8656997151.927727	-10024.641596269217	27167.992247265112	882.6816641480976
183675528.624384	148465328667.6377	94435761059.89609	8660173442.77392	-10037.620315135817	27159.7423220072	881.9243629511594
183679128.624384	148429169884.87872	94533521274.23665	8663347007.351526	-10050.590987676545	27151.486962083487	881.1670705459478
183682728.624384	148392964422.18204	94631251759.51103	8666517845.692818	-10063.55361386914	27143.22617545587	880.4097872788735
183686328.624384	148356712308.5145	94728952496.19743	8669685957.831316	-10076.508193698704	27134.959970080803	879.6525134958895
183689928.624384	148320413572.84305	94826623464.80266	8672851343.801785	-10089.454727157692	27126.68835390927	878.895249542491
183693528.624384	148284068244.1346	94924264645.86215	8676014003.640232	-10102.393214245896	27118.411334886798	878.1379957637158
183697128.624384	148247676351.3561	95021876019.93994	8679173937.383907	-10115.323654970434	27110.128920953444	877.3807525041444
183700728.624384	148211237923.47443	95119457567.62865	8682331145.071299	-10128.246049345737	27101.8411200438	876.6235201079005
183704328.624384	148174752989.4564	95217009269.54941	8685485626.742132	-10141.160397393534	27093.547940086974	875.8662989186508
183707928.624384	148138221578.26874	95314531106.35193	8688637382.437372	-10154.066699142844	27085.249389006603	875.1090892796058
183711528.624384	148101643718.87808	95412023058.71442	8691786412.199217	-10166.964954629955	27076.94547472084	874.3518915335192
183715128.624384	148065019440.2509	95509485107.34357	8694932716.071096	-10179.855163898417	27068.63620514235	873.5947060226889
183718728.624384	148028348771.35342	95606917232.97458	8698076294.097673	-10192.737326999026	27060.321588178314	872.837533088957
183722328.624384	147991631741.15182	95704319416.37108	8701217146.324839	-10205.611443989812	27052.001631730414	872.0803730737098
183725928.624384	147954868378.61197	95801691638.32513	8704355272.799715	-10218.477514936025	27043.67634369484	871.3232263178783
183729528.624384	147918058712.69946	95899033879.65724	8707490673.570648	-10231.335539910124	27035.34573196228	870.5660931619382
183733128.624384	147881202772.37967	95996346121.2163	8710623348.68721	-10244.185518991762	27027.009804417914	869.8089739459103
183736728.624384	147844300586.61768	96093628343.87953	8713753298.200195	-10257.027452267774	27018.668568941423	869.051869009361
183740328.624384	147807352184.3782	96190880528.5526	8716880522.161621	-10269.861339832161	27010.32203340697	868.2947786914017
183743928.624384	147770357594.6256	96288102656.16943	8720005020.624723	-10282.687181786085	27001.970205683207	867.5377033306899
183747528.624384	147733316846.32394	96385294707.69232	8723126793.643957	-10295.504978237843	26993.613093633267	866.7806432654288
183751128.624384	147696229968.43677	96482456664.11183	8726245841.274994	-10308.314729302869	26985.250705114762	866.0235988333683
183754728.624384	147659096989.92728	96579588506.44681	8729362163.574722	-10321.116435103708	26976.88304797978	865.2665703718043
183758328.624384	147621917939.75818	96676690215.74435	8732475760.60124	-10333.91009577001	26968.510130074876	864.5095582175796
183761928.624384	147584692846.89172	96773761773.07982	8735586632.41386	-10346.695711438519	26960.131959241076	863.752562707084
183765528.624384	147547421740.28964	96870803159.55678	8738694779.073107	-10359.47328225305	26951.74854331387	862.9955841762544
183769128.624384	147510104648.91315	96967814356.30698	8741800200.640709	-10372.242808364486	26943.359890123218	862.2386229605748
183772728.624384	147472741601.72287	97064795344.49034	8744902897.179604	-10385.004289930765	26934.966007493524	861.4816793950774
183776328.624384	147435332627.6789	97161746105.29498	8748002868.753935	-10397.757727116856	26926.566903243656	860.7247538143419
183779928.624384	147397877755.7407	97258666619.93713	8751100115.429049	-10410.50312009476	26918.162585186932	859.9678465524962
183783528.624384	147360377014.86707	97355556869.66113	8754194637.271496	-10423.240469043489	26909.753061131116	859.2109579432166
183787128.624384	147322830434.0162	97452416835.73944	8757286434.349024	-10435.969774149055	26901.338338878417	858.4540883197282
183790728.624384	147285238042.14557	97549246499.47258	8760375506.730581	-10448.691035604455	26892.91842622549	857.6972380148045
183794328.624384	147247599868.21198	97646045842.18913	8763461854.486313	-10461.404253609666	26884.493330963425	856.9404073607684
183797928.624384	147209915941.17148	97742814845.24573	8766545477.68756	-10474.109428371617	26876.06306087775	856.1835966894922
183801528.624384	147172186289.97934	97839553490.02701	8769626376.406855	-10486.806560104193	26867.627623748424	855.4268063323976
183805128.624384	147134410943.5901	97936261757.9456	8772704550.717926	-10499.49564902821	26859.18702734983	854.6700366204562
183808728.624384	147096589930.95743	98032939630.44212	8775780000.695692	-10512.176695371409	26850.741279450787	853.9132878841897
183812328.624384	147058723281.03424	98129587088.98515	8778852726.41626	-10524.84969936844	26842.29038781453	853.1565604536698
183815928.624384	147020811022.77252	98226204115.07121	8781922727.956923	-10537.514661260851	26833.834360198714	852.3998546585193
183819528.624384	146982853185.1234	98322790690.22472	8784990005.39616	-10550.17158129707	26825.373204355412	851.6431708279115
183823128.624384	146944849797.0371	98419346795.998	8788054558.813637	-10562.820459732402	26816.906928031112	850.8865092905706
183826728.624384	146906800887.46295	98515872413.97125	8791116388.2902	-10575.461296829006	26808.435538966714	850.1298703747725
183830328.624384	146868706485.34924	98612367525.75255	8794175493.907875	-10588.094092855887	26799.95904489752	849.3732544083443
183833928.624384	146830566619.64334	98708832112.97778	8797231875.749872	-10600.718848088885	26791.477453553245	848.6166617186652
183837528.624384	146792381319.29163	98805266157.31067	8800285533.900574	-10613.335562810658	26782.990772657995	847.8600926326661
183841128.624384	146754150613.23938	98901669640.44272	8803336468.445543	-10625.944237310672	26774.499009930285	847.1035474768305
183844728.624384	146715874530.4309	98998042544.09322	8806384679.471516	-10638.544871885188	26766.00217308302	846.3470265771942
183848328.624384	146677553099.80936	99094384850.00922	8809430167.066399	-10651.137466837246	26757.5002698235	845.5905302593462
183851928.624384	146639186350.31683	99190696539.9655	8812472931.319271	-10663.72202247666	26748.993307853416	844.8340588484282
183855528.624384	146600774310.89432	99286977595.76456	8815512972.320385	-10676.298539119996	26740.48129486885	844.0776126691352
183859128.624384	146562317010.4816	99383227999.23657	8818550290.161156	-10688.867017090563	26731.964238560256	843.321192045716
183862728.624384	146523814478.0173	99479447732.23943	8821584884.93417	-10701.427456718402	26723.442146612484	842.564797301973
183866328.624384	146485266742.43884	99575636776.65863	8824616756.733173	-10713.979858340275	26714.915026704755	841.8084287612629
183869928.624384	146446673832.68243	99671795114.40735	8827645905.653082	-10726.524222299646	26706.38288651067	841.0520867464966
183873528.624384	146408035777.68304	99767922727.42636	8830672331.789967	-10739.06054894667	26697.8457336982	840.2957715801396
183877128.624384	146369352606.37436	99864019597.68404	8833696035.241062	-10751.588838638188	26689.303575929687	839.5394835842121
183880728.624384	146330624347.68875	99960085707.1763	8836717016.104763	-10764.109091737704	26680.756420861846	838.7832230802899
183884328.624384	146291851030.5573	100056121037.92667	8839735274.480618	-10776.621308615377	26672.204276145752	838.0269903895036
183887928.624384	146253032683.90973	100152125571.98615	8842750810.46933	-10789.125489648008	26663.647149426848	837.2707858325397
183891528.624384	146214169336.67438	100248099291.4333	8845763624.172758	-10801.621635219028	26655.085048344932	836.5146097296405
183895128.624384	146175261017.77823	100344042178.37416	8848773715.693913	-10814.109745718486	26646.517980534158	835.7584624006046
183898728.624384	146136307756.14682	100439954214.94223	8851781085.136955	-10826.589821543035	26637.945953623042	835.0023441647869
183902328.624384	146097309580.70425	100535835383.29848	8854785732.607195	-10839.061863095918	26629.368975234447	834.246255341099
183905928.624384	146058266520.37317	100631685665.63129	8857787658.211088	-10851.525870786956	26620.787052985586	833.4901962480093
183909528.624384	146019178604.07474	100727505044.15648	8860786862.056238	-10863.981845032542	26612.20019448802	832.7341672035437
183913128.624384	145980045860.72858	100823293501.11723	8863783344.251392	-10876.429786255616	26603.60840734766	831.9781685252854
183916728.624384	145940868319.2528	100919051018.78413	8866777104.90644	-10888.869694885665	26595.011699164745	831.2222005303751
183920328.624384	145901646008.564	101014777579.4551	8869768144.132412	-10901.301571358701	26586.41007753387	830.4662635355119
183923928.624384	145862378957.5771	101110473165.45535	8872756462.041475	-10913.725416117255	26577.80355004396	829.7103578569529
183927528.624384	145823067195.20547	101206137759.13748	8875742058.74694	-10926.14122961036	26569.19212427827	828.9544838105139
183931128.624384	145783710750.36087	101301771342.88132	8878724934.363249	-10938.549012293543	26560.575807814395	828.1986417115694
183934728.624384	145744309651.95337	101397373899.094	8881705089.00598	-10950.948764628803	26551.95460822426	827.4428318750528
183938328.624384	145704863928.8914	101492945410.20987	8884682522.791842	-10963.340487084613	26543.328533074113	826.6870546154571
183941928.624384	145665373610.08163	101588485858.69054	8887657235.838678	-10975.724180135898	26534.69758992453	825.9313102468348
183945528.624384	145625838724.4291	101683995227.0248	8890629228.265463	-10988.099844264021	26526.06178633041	825.1755990827982
183949128.624384	145586259300.83707	101779473497.72864	8893598500.192295	-11000.467479956777	26517.421129840972	824.4199214365198
183952728.624384	145546635368.20697	101874920653.34523	8896565051.740402	-11012.827087708374	26508.775627999752	823.6642776207325
183956328.624384	145506966955.4385	101970336676.44487	8899528883.032135	-11025.178668019427	26500.125288344607	822.90866794773
183959928.624384	145467254091.42957	102065721549.62498	8902489994.190971	-11037.522221396943	26491.470118407702	822.1530927293668
183963528.624384	145427496805.07617	102161075255.5101	8905448385.341507	-11049.857748354307	26482.810125715518	821.3975522770585
183967128.624384	145387695125.2725	102256397776.75185	8908404056.609459	-11062.185249411268	26474.145317788843	820.6420469017825
183970728.624384	145347849080.91086	102351689096.02892	8911357008.121664	-11074.504725093935	26465.475702142776	819.8865769140776
183974328.624384	145307958700.88162	102446949196.04703	8914307240.006077	-11086.816175934753	26456.801286286714	819.1311426240451
183977928.624384	145268024014.07327	102542178059.53894	8917254752.391766	-11099.1196024725	26448.122077724365	818.3757443413481
183981528.624384	145228045049.3723	102637375669.2644	8920199545.408915	-11111.41500525227	26439.438083953733	817.6203823752127
183985128.624384	145188021835.6633	102732542008.01015	8923141619.188818	-11123.702384825461	26430.749312467124	816.8650570344275
183988728.624384	145147954401.82877	102827677058.58989	8926080973.863882	-11135.981741749765	26422.055770751133	816.1097686273447
183992328.624384	145107842776.7492	102922780803.84425	8929017609.567623	-11148.253076589153	26413.35746628666	815.3545174618795
183995928.624384	145067686989.30313	103017853226.64082	8931951526.434666	-11160.516389913864	26404.654406548892	814.5993038455109
183999528.624384	145027487068.36694	103112894309.87404	8934882724.600739	-11172.771682300394	26395.946599007308	813.844128085282
184003128.624384	144987243042.815	103207904036.46526	8937811204.202675	-11185.018954331477	26387.23405112567	813.0889904878
184006728.624384	144946954941.5195	103302882389.36269	8940736965.378412	-11197.258206596085	26378.516770362035	812.3338913592365
184010328.624384	144906622793.35052	103397829351.54135	8943660008.26699	-11209.489439689401	26369.794764168742	811.5788310053283
184013928.624384	144866246627.17603	103492744906.00311	8946580333.008547	-11221.71265421282	26361.06803999241	810.823809731377
184017528.624384	144825826471.86176	103587629035.77664	8949497939.744318	-11233.927850773931	26352.336605273937	810.0688278422494
184021128.624384	144785362356.27127	103682481723.91736	8952412828.616638	-11246.135029986499	26343.600467448505	809.3138856423784
184024728.624384	144744854309.26593	103777302953.50746	8955324999.768936	-11258.334192470464	26334.85963394557	808.5589834357623
184028328.624384	144704302359.7048	103872092707.65587	8958234453.345734	-11270.525338851921	26326.11411218886	807.804121525966
184031928.624384	144663706536.44476	103966850969.49821	8961141189.492643	-11282.70846976311	26317.363909596384	807.0493002161207
184035528.624384	144623066868.34033	104061577722.19685	8964045208.356373	-11294.883585842406	26308.609033580415	806.2945198089245
184039128.624384	144582383384.24374	104156272948.94078	8966946510.084715	-11307.050687734303	26299.849491547495	805.5397806066425
184042728.624384	144541656113.0049	104250936632.94566	8969845094.82655	-11319.209776089401	26291.08529089844	804.7850829111069
184046328.624384	144500885083.47137	104345568757.4538	8972740962.731844	-11331.360851564401	26282.316439028327	804.0304270237178
184049928.624384	144460070324.4883	104440169305.73407	8975634113.95165	-11343.503914822086	26273.542943326498	803.2758132454433
184053528.624384	144419211864.8985	104534738261.082	8978524548.638103	-11355.63896653131	26264.764811176556	802.5212418768193
184057128.624384	144378309733.54233	104629275606.81966	8981412266.944416	-11367.76600736699	26255.982049956365	801.7667132179505
184060728.624384	144337363959.2577	104723781326.29565	8984297269.024883	-11379.885038010087	26247.19466703805	801.0122275685103
184064328.624384	144296374570.88007	104818255402.88513	8987179555.03488	-11391.996059147597	26238.40266978799	800.257785227741
184067928.624384	144255341597.2424	104912697819.98976	8990059125.130852	-11404.099071472547	26229.60606556682	799.5033864944545
184071528.624384	144214265067.1752	105007108561.03767	8992935979.470325	-11416.194075683967	26220.80486172943	798.7490316670321
184075128.624384	144173145009.50638	105101487609.48349	8995810118.211899	-11428.28107248689	26211.999065624965	797.9947210434251
184078728.624384	144131981453.06134	105195834948.80826	8998681541.51524	-11440.360062592337	26203.188684596815	797.2404549211551
184082328.624384	144090774426.6629	105290150562.51947	9001550249.541088	-11452.431046717304	26194.37372598262	796.486233597314
184085928.624384	144049523959.1313	105384434434.15102	9004416242.451254	-11464.494025584749	26185.554197114267	795.7320573685646
184089528.624384	144008230079.28412	105478686547.26317	9007279520.408611	-11476.548999923582	26176.730105317893	794.9779265311407
184093128.624384	143966892815.93637	105572906885.44257	9010140083.577103	-11488.59597046865	26167.901457913875	794.2238413808477
184096728.624384	143925512197.9004	105667095432.30219	9012997932.121733	-11500.634937960733	26159.068262216835	793.4698022130624
184100328.624384	143884088253.9858	105761252171.48134	9015853066.20857	-11512.665903146519	26150.230525535633	792.7158093227335
184103928.624384	143842621012.9996	105855377086.64563	9018705486.004744	-11524.688866778602	26141.388255173373	791.9618630043822
184107528.624384	143801110503.74597	105949470161.48694	9021555191.678442	-11536.70382961547	26132.541458427397	791.207963552102
184111128.624384	143759556755.0264	106043531379.7234	9024402183.39891	-11548.710792421485	26123.69014258928	790.4541112595593
184114728.624384	143717959795.63965	106137560725.09941	9027246461.336454	-11560.709755966882	26114.83431494483	789.7003064199938
184118328.624384	143676319654.38162	106231558181.38557	9030088025.66243	-11572.700721027746	26105.9739827741	788.9465493262182
184121928.624384	143634636360.04547	106325523732.3787	9032926876.54925	-11584.683688386007	26097.109153351365	788.1928402706194
184125528.624384	143592909941.42154	106419457361.90173	9035763014.170376	-11596.658658829429	26088.239833945136	787.4391795451579
184129128.624384	143551140427.29727	106513359053.80383	9038596438.700321	-11608.62563315159	26079.36603181815	786.6855674413687
184132728.624384	143509327846.45724	106607228791.96027	9041427150.31465	-11620.584612151883	26070.48775422738	785.9320042503612
184136328.624384	143467472227.6832	106701066560.27242	9044255149.189968	-11632.53559663549	26061.605008424016	785.1784902628198
184139928.624384	143425573599.7539	106794872342.66776	9047080435.503933	-11644.478587413378	26052.71780165348	784.4250257690042
184143528.624384	143383631991.44528	106888646123.09984	9049903009.435244	-11656.413585302289	26043.826141155423	783.6716110587492
184147128.624384	143341647431.5302	106982387885.54828	9052722871.163643	-11668.340591124723	26034.93003416371	782.918246421466
184150728.624384	143299619948.77866	107076097614.0187	9055540020.869913	-11680.259605708929	26026.02948790643	782.1649321461414
184154328.624384	143257549571.95758	107169775292.54276	9058354458.735876	-11692.17062988889	26017.1245096059	781.4116685213385
184157928.624384	143215436329.83093	107263420905.17807	9061166184.944393	-11704.073664504316	26008.215106478645	780.6584558351972
184161528.624384	143173280251.1596	107357034436.00826	9063975199.679361	-11715.96871040063	25999.301285735415	779.9052943754346
184165128.624384	143131081364.70148	107450615869.14287	9066781503.125713	-11727.855768428954	25990.38305458118	779.1521844293446
184168728.624384	143088839699.21133	107544165188.71739	9069585095.469414	-11739.734839446099	25981.46042021512	778.3991262837992
184172328.624384	143046555283.44086	107637682378.8932	9072385976.89746	-11751.605924314556	25972.533389830634	777.6461202252478
184175928.624384	143004228146.1386	107731167423.85757	9075184147.597883	-11763.469023902477	25963.60197061533	776.8931665397182
184179528.624384	142961858316.05005	107824620307.82365	9077979607.759737	-11775.324139083674	25954.666169751035	776.1402655128167
184183128.624384	142919445821.91745	107918041015.03041	9080772357.573107	-11787.171270737595	25945.725994413784	775.3874174297281
184186728.624384	142876990692.47992	108011429529.74266	9083562397.229105	-11799.010419749324	25936.78145177382	774.6346225752166
184190328.624384	142834492956.47336	108104785836.251	9086349726.919865	-11810.841587009558	25927.832548995597	773.8818812336256
184193928.624384	142791952642.63046	108198109918.87184	9089134346.838543	-11822.664773414604	25918.879293237776	773.1291936888782
184197528.624384	142749369779.6807	108291401761.94733	9091916257.179321	-11834.479979866366	25909.92169165323	772.3765602244775
184201128.624384	142706744396.35028	108384661349.84534	9094695458.137396	-11846.287207272328	25900.959751389037	771.623981123507
184204728.624384	142664076521.3621	108477888666.95949	9097471949.908985	-11858.086456545547	25891.993479586472	770.8714566686305
184208328.624384	142621366183.4358	108571083697.70908	9100245732.691324	-11869.877728604642	25883.02288338102	770.1189871420929
184211928.624384	142578613411.2877	108664246426.5391	9103016806.682661	-11881.66102437378	25874.047969902374	769.3665728257204
184215528.624384	142535818233.63074	108757376837.92018	9105785172.08226	-11893.436344782662	25865.06874627442	768.6142140009204
184219128.624384	142492980679.17456	108850474916.34862	9108550829.090395	-11905.203690766519	25856.085219615255	767.8619109486823
184222728.624384	142450100776.6254	108943540646.3463	9111313777.908354	-11916.963063266092	25847.097397037167	767.1096639495778
184226328.624384	142407178554.6861	109036574012.46071	9114074018.738432	-11928.714463227625	25838.10528564665	766.3574732837607
184229928.624384	142364214042.05606	109129574999.26491	9116831551.783932	-11940.457891602855	25829.108892544387	765.6053392309676
184233528.624384	142321207267.4313	109222543591.3575	9119586377.249165	-11952.193349348994	25820.108224825275	764.8532620705184
184237128.624384	142278158259.50436	109315479773.36263	9122338495.339445	-11963.920837428726	25811.103289578394	764.1012420813161
184240728.624384	142235067046.96426	109408383529.92993	9125087906.26109	-11975.640356810189	25802.094093887026	763.3492795418473
184244328.624384	142191933658.49658	109501254845.73457	9127834610.221418	-11987.351908466962	25793.08064482865	762.5973747301829
184247928.624384	142148758122.7834	109594093705.47714	9130578607.428753	-11999.055493378062	25784.06294947493	761.8455279239777
184251528.624384	142105540468.50317	109686900093.88371	9133319898.092411	-12010.751112527923	25775.041014891736	761.0937394004712
184255128.624384	142062280724.3309	109779673995.70576	9136058482.422709	-12022.438766906393	25766.014848139122	760.3420094364881
184258728.624384	142018978918.93796	109872415395.72018	9138794360.630957	-12034.118457508714	25756.98445627134	759.5903383084378
184262328.624384	141975635080.99216	109965124278.72925	9141527532.929462	-12045.790185335518	25747.94984633683	758.8387262923156
184265928.624384	141932249239.15765	110057800629.5606	9144257999.531527	-12057.453951392812	25738.91102537822	758.0871736637025
184269528.624384	141888821422.09503	110150444433.0672	9146985760.651438	-12069.109756691965	25729.868000432332	757.3356806977655
184273128.624384	141845351658.46118	110243055674.12737	9149710816.504477	-12080.7576022497	25720.82077853018	756.5842476692583
184276728.624384	141801839976.9093	110335634337.6447	9152433167.306911	-12092.39748908808	25711.769366696957	755.8328748525211
184280328.624384	141758286406.08896	110428180408.5481	9155152813.275997	-12104.029418234497	25702.713771952058	755.0815625214813
184283928.624384	141714690974.646	110520693871.79169	9157869754.629976	-12115.653390721664	25693.654001309056	754.3303109496537
184287528.624384	141671053711.2225	110613174712.35486	9160583991.588074	-12127.269407587597	25684.59006177571	753.5791204101408
184291128.624384	141627374644.45685	110705622915.2422	9163295524.370495	-12138.877469875611	25675.52196035397	752.8279911756332
184294728.624384	141583653802.98364	110798038465.48354	9166004353.198431	-12150.477578634303	25666.449704039966	752.0769235184094
184298328.624384	141539891215.43365	110890421348.13382	9168710478.294046	-12162.069734917543	25657.37329982402	751.3259177103371
184301928.624384	141496086910.43393	110982771548.27318	9171413899.88049	-12173.653939784459	25648.292754690632	750.5749740228725
184305528.624384	141452240916.60764	111075089051.00687	9174114618.18188	-12185.230194299435	25639.20807561849	749.8240927270614
184309128.624384	141408353262.57413	111167373841.46527	9176812633.423319	-12196.798499532088	25630.119269580464	749.0732740935388
184312728.624384	141364423976.94885	111259625904.80385	9179507945.830873	-12208.358856557265	25621.026343543606	748.3225183925299
184316328.624384	141320453088.34344	111351845226.20314	9182200555.631588	-12219.911266455028	25611.929304469155	747.57182589385
184319928.624384	141276440625.36563	111444031790.86873	9184890463.053476	-12231.455730310647	25602.82815931252	746.821196866905
184323528.624384	141232386616.61917	111536185584.03123	9187577668.32552	-12242.992249214578	25593.722915023307	746.0706315806915
184327128.624384	141188291090.70392	111628306590.94627	9190262171.67767	-12254.520824262465	25584.613578545293	745.3201303037973
184330728.624384	141144154076.2158	111720394796.89445	9192943973.340841	-12266.041456555122	25575.50015681644	744.5696933044018
184334328.624384	141099975601.7467	111812450187.18137	9195623073.546915	-12277.554147198522	25566.382656768885	743.819320850276
184337928.624384	141055755695.8846	111904472747.13753	9198299472.528738	-12289.058897303785	25557.261085328948	743.0690132087831
184341528.624384	141011494387.21344	111996462462.11838	9200973170.520115	-12300.555707987169	25548.135449417132	742.3187706468788
184345128.624384	140967191704.31308	112088419317.50427	9203644167.755812	-12312.044580370059	25539.00575594811	741.5685934311114
184348728.624384	140922847675.7594	112180343298.70044	9206312464.471554	-12323.525515578953	25529.872011830743	740.8184818276223
184352328.624384	140878462330.12418	112272234391.13696	9208978060.904024	-12334.998514745454	25520.734223968062	740.0684361021465
184355928.624384	140834035695.97513	112364092580.26878	9211640957.290861	-12346.463579006257	25511.592399257283	739.3184565200123
184359528.624384	140789567801.87585	112455917851.57567	9214301153.870659	-12357.920709503138	25502.446544589795	738.5685433461424
184363128.624384	140745058676.38583	112547710190.56215	9216958650.882961	-12369.369907382943	25493.296666851165	737.8186968450536
184366728.624384	140700508348.06046	112639469582.75757	9219613448.568268	-12380.811173797576	25484.14277292114	737.0689172808576
184370328.624384	140655916845.45087	112731196013.716	9222265547.168024	-12392.24450990399	25474.98486967364	736.3192049172608
184373928.624384	140611284197.10413	112822889469.01628	9224914946.924627	-12403.669916864177	25465.822963976767	735.5695600175651
184377528.624384	140566610431.56302	112914549934.26193	9227561648.081423	-12415.08739584515	25456.65706269279	734.819982844668
184381128.624384	140521895577.3662	113006177395.08119	9230205650.882696	-12426.496948018941	25447.48717267816	734.0704736610629
184384728.624384	140477139663.04807	113097771837.12695	9232846955.573683	-12437.898574562581	25438.313300783506	733.3210327288396
184388328.624384	140432342717.1387	113189333246.07678	9235485562.400558	-12449.292276658098	25429.13545385363	732.5716603096843
184391928.624384	140387504768.16403	113280861607.63286	9238121471.610441	-12460.678055492497	25419.953638727507	731.8223566648802
184395528.624384	140342625844.64563	113372356907.52199	9240754683.451387	-12472.055912257758	25410.767862238292	731.0731220553079
184399128.624384	140297705975.1008	113463819131.49554	9243385198.172394	-12483.425848150815	25401.57813121331	730.3239567414453
184402728.624384	140252745188.04254	113555248265.32947	9246013016.023394	-12494.787864373555	25392.38445247407	729.5748609833684
184406328.624384	140207743511.97946	113646644294.82428	9248638137.255253	-12506.141962132799	25383.186832836247	728.8258350407511
184409928.624384	140162700975.41586	113738007205.805	9251260562.119776	-12517.488142640297	25373.985279109693	728.0768791728664
184413528.624384	140117617606.85168	113829336984.12114	9253880290.869698	-12528.826407112712	25364.779798098436	727.3279936385854
184417128.624384	140072493434.78244	113920633615.64673	9256497323.758684	-12540.156756771614	25355.57039660068	726.5791786963791
184420728.624384	140027328487.69925	114011897086.28024	9259111661.041332	-12551.479192843462	25346.357081408805	725.8304346043176
184424328.624384	139982122794.0888	114103127381.9446	9261723302.973166	-12562.793716559603	25337.139859309358	725.0817616200709
184427928.624384	139936876382.43338	114194324488.58713	9264332249.810635	-12574.100329156252	25327.91873708307	724.3331600009091
184431528.624384	139891589281.21075	114285488392.17958	9266938501.811117	-12585.399031874484	25318.69372150484	723.584630003703
184435128.624384	139846261518.89426	114376619078.71806	9269542059.232914	-12596.689825960226	25309.464819343742	722.8361718849238
184438728.624384	139800893123.9527	114467716534.22307	9272142922.335249	-12607.972712664243	25300.232037363032	722.0877859006443
184442328.624384	139755484124.8504	114558780744.73941	9274741091.378267	-12619.247693242127	25290.995382320132	721.3394723065386
184445928.624384	139710034550.04718	114649811696.33621	9277336566.623032	-12630.514768954288	25281.75486096664	720.5912313578823
184449528.624384	139664544427.99826	114740809375.1069	9279929348.331524	-12641.773941065941	25272.51048004834	719.8430633095535
184453128.624384	139619013787.1543	114831773767.16917	9282519436.766645	-12653.025210847098	25263.26224630517	719.0949684160324
184456728.624384	139573442655.96143	114922704858.665	9285106832.19221	-12664.268579572554	25254.010166471264	718.3469469314023
184460328.624384	139527831062.8611	115013602635.76054	9287691534.872946	-12675.504048521878	25244.754247274916	717.5989991093492
184463928.624384	139482179036.29025	115104467084.64621	9290273545.074495	-12686.731618979404	25235.494495438605	716.8511252031628
184467528.624384	139436486604.6811	115195298191.53659	9292852863.063412	-12697.951292234213	25226.23091767898	716.1033254657365
184471128.624384	139390753796.46124	115286095942.67044	9295429489.107155	-12709.163069580132	25216.963520706864	715.3556001495676
184474728.624384	139344980640.05365	115376860324.31067	9298003423.474096	-12720.366952315717	25207.692311227263	714.6079495067581
184478328.624384	139299167163.87656	115467591322.74431	9300574666.433514	-12731.562941744243	25198.417295939355	713.8603737890146
184481928.624384	139253313396.3435	115558288924.2825	9303143218.255589	-12742.751039173696	25189.138481536487	713.1128732476485
184485528.624384	139207419365.86334	115648953115.26047	9305709079.211409	-12753.931245916758	25179.855874706194	712.3654481335769
184489128.624384	139161485100.84015	115739583882.03749	9308272249.572964	-12765.103563290797	25170.56948213018	711.6180986973227
184492728.624384	139115510629.6733	115830181210.99692	9310832729.613144	-12776.267992617863	25161.279310484326	710.8708251890145
184496328.624384	139069495980.7574	115920745088.5461	9313390519.605738	-12787.424535224669	25151.985366438694	710.1236278583873
184499928.624384	139023441182.48218	116011275501.1164	9315945619.825436	-12798.573192442584	25142.687656657516	709.3765069547832
184503528.624384	138977346263.23267	116101772435.16315	9318498030.547823	-12809.71396560762	25133.38618779921	708.629462727151
184507128.624384	138931211251.38904	116192235877.16565	9321047752.049381	-12820.846856060425	25124.080966516365	707.882495424047
184510728.624384	138885036175.32666	116282665813.62714	9323594784.607485	-12831.971865146272	25114.771999455752	707.1356052936351
184514328.624384	138838821063.41602	116373062231.07477	9326139128.5004	-12843.088994215044	25105.45929325832	706.3887925836874
184517928.624384	138792565944.0227	116463425116.0596	9328680784.007288	-12854.198244621228	25096.142854559188	705.6420575415842
184521528.624384	138746270845.5075	116553754455.15656	9331219751.408197	-12865.299617723902	25086.822689987664	704.8954004143146
184525128.624384	138699935796.22623	116644050234.96442	9333756030.984064	-12876.393114886725	25077.498806167237	704.1488214484767
184528728.624384	138653560824.52982	116734312442.1058	9336289623.016714	-12887.478737477926	25068.171209715565	703.402320890278
184532328.624384	138607145958.76422	116824541063.22714	9338820527.788858	-12898.556486870297	25058.839907244495	702.6558989855356
184535928.624384	138560691227.2705	116914736084.99866	9341348745.58409	-12909.626364441174	25049.50490536005	701.9095559796766
184539528.624384	138514196658.38477	117004897494.11435	9343874276.686884	-12920.688371572436	25040.16621066243	701.1632921177386
184543128.624384	138467662280.43805	117095025277.29196	9346397121.382603	-12931.74250965049	25030.823829746034	700.4171076443698
184546728.624384	138421088121.75647	117185119421.27296	9348917279.957483	-12942.788780066261	25021.477769199417	699.6710028038297
184550328.624384	138374474210.6611	117275179912.82254	9351434752.698643	-12953.827184215179	25012.128035605336	698.9249778399886
184553928.624384	138327820575.46796	117365206738.72955	9353949539.894075	-12964.85772349717	25002.77463554072	698.179032996329
184557528.624384	138281127244.48807	117455199885.80655	9356461641.832651	-12975.880399316653	24993.41757557669	697.4331685159452
184561128.624384	138234394246.02734	117545159340.88971	9358971058.804117	-12986.895213082515	24984.056862278536	696.687384641544
184564728.624384	138187621608.38663	117635085090.83884	9361477791.099089	-12997.902166208112	24974.692502205748	695.9416816154446
184568328.624384	138140809359.8617	117724977122.53734	9363981839.009056	-13008.901260111255	24965.324501911993	695.1960596795797
184571928.624384	138093957528.7432	117814835422.8922	9366483202.82638	-13019.8924962142	24955.95286794512	694.4505190754948
184575528.624384	138047066143.31662	117904659978.83398	9368981882.844288	-13030.875875943633	24946.57760684717	693.7050600443496
184579128.624384	138000135231.86234	117994450777.31679	9371477879.356876	-13041.85140073067	24937.19872515437	692.9596828269175
184582728.624384	137953164822.65558	118084207805.31822	9373971192.659107	-13052.819072010834	24927.816229397125	692.2143876635865
184586328.624384	137906154943.96634	118173931049.8394	9376461823.046808	-13063.778891224056	24918.43012610004	691.4691747943592
184589928.624384	137859105624.0595	118263620497.90492	9378949770.816668	-13074.730859814656	24909.040421781898	690.7240444588532
184593528.624384	137812016891.1947	118353276136.56282	9381435036.26624	-13085.674979231337	24899.647122955677	689.9789968963015
184597128.624384	137764888773.6263	118442897952.8846	9383917619.693935	-13096.611250927173	24890.25023612854	689.2340323455528
184600728.624384	137717721299.60355	118532485933.96515	9386397521.399027	-13107.539676359604	24880.84976780184	688.4891510450718
184604328.624384	137670514497.3703	118622040066.92276	9388874741.681644	-13118.460256990415	24871.44572447112	687.7443532329398
184607928.624384	137623268395.16522	118711560338.89911	9391349280.842775	-13129.372994285734	24862.038112626116	686.9996391468545
184611528.624384	137575983021.22168	118801046737.05922	9393821139.18426	-13140.27788971602	24852.626938750756	686.2550090241309
184615128.624384	137528658403.76773	118890499248.59145	9396290317.008791	-13151.174944756054	24843.21220932316	685.5104631017012
184618728.624384	137481294571.02612	118979917860.70744	9398756814.619917	-13162.064160884924	24833.79393081564	684.7660016161155
184622328.624384	137433891551.21426	119069302560.64218	9401220632.322035	-13172.945539586017	24824.3721096947	684.021624803542
184625928.624384	137386449372.54422	119158653335.65387	9403681770.420393	-13183.81908234701	24814.94675242105	683.2773328997669
184629528.624384	137338968063.2227	119247970173.02397	9406140229.221087	-13194.684790659863	24805.517865449576	682.5331261401955
184633128.624384	137291447651.45102	119337253060.0572	9408596009.031057	-13205.5426660208	24796.08545522937	681.7890047598521
184636728.624384	137243888165.4251	119426501984.08147	9411049110.158094	-13216.392709930304	24786.64952820373	681.0449689933805
184640328.624384	137196289633.33545	119515716932.44783	9413499532.910828	-13227.234923893111	24777.21009081013	680.3010190750441
184643928.624384	137148652083.36719	119604897892.53056	9415947277.598732	-13238.069309418192	24767.767149480263	679.5571552387264
184647528.624384	137100975543.69995	119694044851.72707	9418392344.532124	-13248.895868018744	24758.32071064001	678.8133777179315
184651128.624384	137053260042.50793	119783157797.45786	9420834734.02216	-13259.714601212188	24748.870780709458	678.069686745784
184654728.624384	137005505607.95988	119872236717.16656	9423274446.380833	-13270.525510520149	24739.417366102884	677.3260825550299
184658328.624384	136957712268.21902	119961281598.31989	9425711481.920973	-13281.328597468448	24729.960473228777	676.5825653780363
184661928.624384	136909880051.4431	120050292428.40758	9428145840.95625	-13292.123863587098	24720.500108489825	675.8391354467924
184665528.624384	136862008985.78435	120139269194.94244	9430577523.801163	-13302.911310410287	24711.036278282918	675.0957929929093
184669128.624384	136814099099.38945	120228211885.46031	9433006530.771048	-13313.690939476372	24701.56898899915	674.3525382476208
184672728.624384	136766150420.39957	120317120487.52	9435432862.182072	-13324.462752327865	24692.098247023823	673.6093714417833
184676328.624384	136718162976.95029	120405994988.70331	9437856518.351233	-13335.226750511427	24682.62405873644	672.8662928058765
184679928.624384	136670136797.17163	120494835376.61497	9440277499.596355	-13345.982935577855	24673.146430510715	672.1233025700034
184683528.624384	136622071909.188	120583641638.88269	9442695806.236094	-13356.731309082075	24663.665368714563	671.3804009638909
184687128.624384	136573968341.11824	120672413763.15706	9445111438.589928	-13367.47187258313	24654.18087971012	670.6375882168902
184690728.624384	136525826121.07553	120761151737.11157	9447524396.97816	-13378.204627644167	24644.692969853713	669.8948645579769
184694328.624384	136477645277.16745	120849855548.4426	9449934681.721924	-13388.929575832435	24635.2016454959	669.1522302157514
184697928.624384	136429425837.4959	120938525184.86935	9452342293.143167	-13399.646718719267	24625.706912981437	668.4096854184393
184701528.624384	136381167830.15714	121027160634.13388	9454747231.564663	-13410.356057880072	24616.208778649292	667.6672303938918
184705128.624384	136332871283.24173	121115761884.00104	9457149497.310003	-13421.05759489433	24606.707248832652	666.924865369586
184708728.624384	136284536224.83456	121204328922.25848	9459549090.703596	-13431.751331345575	24597.20232985892	666.1825905726249
184712328.624384	136236162683.01482	121292861736.71663	9461946012.070671	-13442.43726882139	24587.694028049704	665.4404062297385
184715928.624384	136187750685.85591	121381360315.20862	9464340261.737268	-13453.115408913396	24578.18234972084	664.6983125672834
184719528.624384	136139300261.42558	121469824645.59036	9466731840.030245	-13463.78575321724	24568.667301182373	663.9563098112436
184723128.624384	136090811437.78578	121558254715.74045	9469120747.27727	-13474.448303332585	24559.14888873857	663.2143981872305
184726728.624384	136042284242.99269	121646650513.56015	9471506983.806822	-13485.103060863106	24549.62711868792	662.4725779204834
184730328.624384	135993718705.09674	121735012026.97342	9473890549.948195	-13495.750027416472	24540.101997323127	661.7308492358702
184733928.624384	135945114852.14253	121823339243.92685	9476271446.031488	-13506.38920460434	24530.573530931117	660.9892123578869
184737528.624384	135896472712.16888	121911632152.38963	9478649672.38761	-13517.020594042348	24521.041725793042	660.2476675106587
184741128.624384	135847792313.20879	121999890740.35359	9481025229.34827	-13527.644197350097	24511.50658818428	659.5062149179403
184744728.624384	135799073683.28938	122088114995.83311	9483398117.24599	-13538.260016151151	24501.968124374423	658.7648548031154
184748328.624384	135750316850.43196	122176304906.86516	9485768336.414093	-13548.868052073021	24492.426340627306	658.0235873891984
184751928.624384	135701521842.65196	122264460461.50922	9488135887.1867	-13559.468306747158	24482.881243200976	657.2824128988334
184755528.624384	135652688687.95892	122352581647.84729	9490500769.898739	-13570.060781808937	24473.332838347716	656.5413315542955
184759128.624384	135603817414.3565	122440668453.9839	9492862984.885933	-13580.645478897657	24463.781132314034	655.8003435774907
184762728.624384	135554908049.84245	122528720868.04602	9495222532.484804	-13591.222399656524	24454.226131340674	655.0594491899562
184766328.624384	135505960622.4086	122616738878.1831	9497579413.032673	-13601.791545732645	24444.667841662605	654.318648612861
184769928.624384	135456975160.04082	122704722472.56702	9499933626.867655	-13612.352918777016	24435.106269509037	653.5779420670061
184773528.624384	135407951690.71906	122792671639.39206	9502285174.328657	-13622.906520444512	24425.541421103408	652.837329772825
184777128.624384	135358890242.41728	122880586366.87492	9504634055.755384	-13633.452352393879	24415.97330266339	652.0968119503835
184780728.624384	135309790843.10349	122968466643.25465	9506980271.488329	-13643.990416287723	24406.401920400902	651.356388819381
184784328.624384	135260653520.73967	123056312456.79266	9509323821.868776	-13654.520713792503	24396.82728052209	650.6160605991497
184787928.624384	135211478303.28183	123144123795.7727	9511664707.238798	-13665.043246578516	24387.249389227345	649.8758275086559
184791528.624384	135162265218.67995	123231900648.50084	9514002927.941256	-13675.558016319894	24377.66825271129	649.1356897664999
184795128.624384	135113014294.87796	123319643003.30539	9516338484.319796	-13686.065024694588	24368.0838771628	648.3956475909165
184798728.624384	135063725559.81377	123407350848.53699	9518671376.718851	-13696.564273384363	24358.49626876499	647.6557011997751
184802328.624384	135014399041.41919	123495024172.5685	9521001605.483637	-13707.055764074788	24348.905433695214	646.9158508105802
184805928.624384	134965034767.62	123582662963.795	9523329170.96015	-13717.53949845522	24339.311378125076	646.176096640472
184809528.624384	134915632766.33585	123670267210.63379	9525654073.49517	-13728.015478218806	24329.714108220425	645.4364389062263
184813128.624384	134866193065.48032	123757836901.52437	9527976313.436256	-13738.48370506246	24320.11363014136	644.6968778242549
184816728.624384	134816715692.96086	123845372024.92838	9530295891.131746	-13748.944180686864	24310.50995004223	643.9574136106064
184820328.624384	134767200676.67879	123932872569.32962	9532612806.930754	-13759.396906796454	24300.90307407163	643.2180464809661
184823928.624384	134717648044.5293	124020338523.23402	9534927061.183168	-13769.841885099413	24291.29300837241	642.4787766506564
184827528.624384	134668057824.4014	124107769875.1696	9537238654.239655	-13780.279117307657	24281.67975908167	641.7396043346373
184831128.624384	134618430044.17795	124195166613.68646	9539547586.451653	-13790.708605136828	24272.063332330774	641.0005297475067
184834728.624384	134568764731.73561	124282528727.35678	9541853858.17137	-13801.130350306286	24262.44373424533	640.2615531035005
184838328.624384	134519061914.94487	124369856204.77477	9544157469.751787	-13811.544354539099	24252.820970945217	639.5226746164935
184841928.624384	134469321621.66998	124457149034.55666	9546458421.546654	-13821.95061956203	24243.19504854456	638.7838944999992
184845528.624384	134419543879.769	124544407205.3407	9548756713.910488	-13832.349147105531	24233.565973151748	638.0452129671703
184849128.624384	134369728717.09372	124631630705.7871	9551052347.198574	-13842.739938903733	24223.933750869437	637.3066302307991
184852728.624384	134319876161.4897	124718819524.57802	9553345321.76696	-13853.122996694436	24214.298387794544	636.568146503318
184856328.624384	134269986240.79623	124805973650.41757	9555635637.972462	-13863.498322219099	24204.659890018247	635.8297619967994
184859928.624384	134220058982.84634	124893093072.0318	9557923296.172655	-13873.86591722283	24195.018263625992	635.0914769229568
184863528.624384	134170094415.46675	124980177778.16862	9560208296.72588	-13884.225783454383	24185.373514697494	634.3532914931441
184867128.624384	134120092566.47789	125067227757.59785	9562490639.991232	-13894.57792266614	24175.725649306736	633.6152059183569
184870728.624384	134070053463.69386	125154242999.11116	9564770326.32857	-13904.922336614103	24166.07467352197	632.8772204092322
184874328.624384	134019977134.92247	125241223491.52202	9567047356.098509	-13915.25902705789	24156.420593405725	632.1393351760494
184877928.624384	133969863607.96513	125328169223.66576	9569321729.66242	-13925.58799576072	24146.763415014797	631.4015504287298
184881528.624384	133919712910.61696	125415080184.39946	9571593447.382431	-13935.909244489407	24137.103144400262	630.6638663768377
184885128.624384	133869525070.66666	125501956362.60202	9573862509.62142	-13946.22277501435	24127.439787607473	629.9262832295803
184888728.624384	133819300115.89658	125588797747.17407	9576128916.743021	-13956.528589109525	24117.773350676056	629.1888011958083
184892328.624384	133769038074.08266	125675604327.03796	9578392669.111616	-13966.826688552468	24108.10383963992	628.451420484016
184895928.624384	133718738972.99445	125762376091.13779	9580653767.09234	-13977.117075124279	24098.431260527253	627.7141413023419
184899528.624384	133668402840.39507	125849113028.4393	9582912211.051077	-13987.399750609598	24088.755619360534	626.9769638585688
184903128.624384	133618029704.04121	125935815127.92995	9585168001.354456	-13997.67471679661	24079.076922156517	626.2398883601244
184906728.624384	133567619591.68314	126022482378.6188	9587421138.369852	-14007.94197547702	24069.39517492624	625.5029150140814
184910328.624384	133517172531.06464	126109114769.53659	9589671622.465387	-14018.201528446063	24059.710383675043	624.766044027158
184913928.624384	133466688549.92302	126195712289.73564	9591919454.009926	-14028.453377502477	24050.02255440254	624.0292756057183
184917528.624384	133416167675.98915	126282274928.28986	9594164633.373074	-14038.697524448502	24040.331693102646	623.2926099557725
184921128.624384	133365609936.98737	126368802674.29472	9596407160.925179	-14048.933971089871	24030.63780576356	622.5560472829771
184924728.624384	133315015360.6355	126455295516.86728	9598647037.037329	-14059.162719235801	24020.94089836778	621.8195877926358
184928328.624384	133264383974.64488	126541753445.14607	9600884262.08135	-14069.383770698978	24011.240976892095	621.0832316896993
184931928.624384	133213715806.7203	126628176448.29117	9603118836.429806	-14079.597127295556	24001.538047307604	620.3469791787659
184935528.624384	133163010884.56001	126714564515.48412	9605350760.455994	-14089.802790845142	23991.83211557969	619.6108304640815
184939128.624384	133112269235.8557	126800917635.92792	9607580034.533947	-14100.000763170792	23982.123187668047	618.8747857495405
184942728.624384	133061490888.29247	126887235798.84705	9609806659.038435	-14110.191046098993	23972.411269526663	618.1388452386859
184946328.624384	133010675869.54886	126973518993.48738	9612030634.344955	-14120.373641459664	23962.696367103836	617.4030091347097
184949928.624384	132959824207.29683	127059767209.1162	9614251960.829737	-14130.548551086142	23952.978486342166	616.6672776404529
184953528.624384	132908935929.2017	127145980435.02217	9616470638.869741	-14140.715776815172	23943.257633178564	615.9316509584063
184957128.624384	132858011062.92223	127232158660.51532	9618686668.842655	-14150.8753204869	23933.533813544247	615.1961292907106
184960728.624384	132807049636.11046	127318301874.92703	9620900051.126894	-14161.027183944863	23923.807033364745	614.4607128391567
184964328.624384	132756051676.41187	127404410067.61	9623110786.101599	-14171.171369035981	23914.0772985599	613.7254018051865
184967928.624384	132705017211.46523	127490483227.93822	9625318874.146635	-14181.307877610545	23904.34461504387	612.9901963898926
184971528.624384	132653946268.90266	127576521345.30696	9627524315.64259	-14191.436711522212	23894.608988725122	612.2550967940191
184975128.624384	132602838876.34962	127662524409.13277	9629727110.970776	-14201.557872627993	23884.87042550645	611.5201032179617
184978728.624384	132551695061.42487	127748492408.85341	9631927260.513224	-14211.671362788245	23875.128931284966	610.7852158617683
184982328.624384	132500514851.74045	127834425333.92789	9634124764.652685	-14221.777183866663	23865.384511952096	610.0504349251389
184985928.624384	132449298274.90169	127920323173.8364	9636319623.772629	-14231.87533773027	23855.6371733936	609.3157606074267
184989528.624384	132398045358.5072	128006185918.0803	9638511838.25724	-14241.965826249405	23845.886921489553	608.5811931076375
184993128.624384	132346756130.14886	128092013556.18216	9640701408.491423	-14252.04865129772	23836.13376211436	607.8467326244311
184996728.624384	132295430617.41177	128177806077.68561	9642888334.860794	-14262.123814752169	23826.37770113676	607.1123793561205
185000328.624384	132244068847.8743	128263563472.15546	9645072617.751682	-14272.191318492996	23816.61874441982	606.3781335006732
185003928.624384	132192670849.10802	128349285729.17758	9647254257.55113	-14282.25116440373	23806.85689782093	605.6439952557112
185007528.624384	132141236648.67772	128434972838.35893	9649433254.646893	-14292.30335437117	23797.092167191826	604.909964818511
185011128.624384	132089766274.1414	128520624789.32755	9651609609.42743	-14302.347890285386	23787.32455837858	604.1760423860045
185014728.624384	132038259753.05025	128606241571.73245	9653783322.281912	-14312.384774039701	23777.55407722159	603.4422281547792
185018328.624384	131986717112.94862	128691823175.24373	9655954393.60022	-14322.41400753069	23767.78072955561	602.7085223210784
185021928.624384	131935138381.37405	128777369589.55243	9658122823.772936	-14332.43559265816	23758.00452120972	601.9749250808015
185025528.624384	131883523585.85724	128862880804.3706	9660288613.191349	-14342.449531325152	23748.225458007357	601.2414366295047
185029128.624384	131831872753.92198	128948356809.43124	9662451762.24745	-14352.455825437928	23738.44354576629	600.508057162401
185032728.624384	131780185913.08525	129033797594.48825	9664612271.333933	-14362.454476905961	23728.65879029865	599.7747868743604
185036328.624384	131728463090.85713	129119203149.31648	9666770140.844193	-14372.44548764193	23718.871197410906	599.041625959911
185039928.624384	131676704314.74081	129204573463.71167	9668925371.172325	-14382.428859561704	23709.080772903886	598.3085746132384
185043528.624384	131624909612.23257	129289908527.4904	9671077962.713121	-14392.40459458434	23699.287522572766	597.5756330281869
185047128.624384	131573079010.82178	129375208330.49014	9673227915.862074	-14402.372694632075	23689.491452207076	596.842801398259
185050728.624384	131521212537.99088	129460472862.56918	9675375231.015368	-14412.33316163031	23679.692567590708	596.1100799166165
185054328.624384	131469310221.21538	129545702113.60663	9677519908.569883	-14422.285997507606	23669.89087450191	595.3774687760806
185057928.624384	131417372087.96385	129630896073.50237	9679661948.923195	-14432.231204195677	23660.086378713295	594.6449681691319
185061528.624384	131365398165.69788	129716054732.17705	9681801352.473572	-14442.168783629379	23650.27908599183	593.9125782879112
185065128.624384	131313388481.8721	129801178079.5721	9683938119.61997	-14452.098737746695	23640.46900209886	593.1802993242196
185068728.624384	131261343063.93416	129886266105.64966	9686072250.762037	-14462.021068488742	23630.65613279009	592.4481314695191
185072328.624384	131209261939.3247	129971318800.3926	9688203746.30011	-14471.935777799747	23620.840483815588	591.7160749149327
185075928.624384	131157145135.47739	130056336153.80443	9690332606.635214	-14481.842867627041	23611.022060919804	590.9841298512448
185079528.624384	131104992679.81883	130141318155.9094	9692458832.169058	-14491.742339921062	23601.200869841552	590.2522964689014
185083128.624384	131052804599.76865	130226264796.75235	9694582423.304037	-14501.634196635332	23591.376916314028	589.5205749580108
185086728.624384	131000580922.7394	130311176066.39879	9696703380.44323	-14511.518439726455	23581.550206064803	588.7889655083438
185090328.624384	130948321676.13661	130396051954.93481	9698821703.990398	-14521.395071154107	23571.720744815826	588.057468309334
185093928.624384	130896026887.35873	130480892452.46712	9700937394.349985	-14531.26409288103	23561.888538283427	587.326083550078
185097528.624384	130843696583.79715	130565697549.12297	9703050451.927113	-14541.12550687302	23552.05359217832	586.5948114193361
185101128.624384	130791330792.83617	130650467235.05017	9705160877.127584	-14550.97931509892	23542.215912205604	585.8636521055323
185104728.624384	130738929541.853	130735201500.41705	9707268670.35788	-14560.825519530612	23532.375504064767	585.1326057967549
