194180875.17235202	-53162190713.314125	229700726562.91217	8646084674.262928	-21479.557183793968	-1100.8040782368985	-715.6637167712335
194184475.17235202	-53239513636.43892	229696748627.56155	8643507718.794971	-21477.621916445936	-1109.1597428157293	-715.9781852720889
194188075.17235202	-53316829588.13548	229692740614.65466	8640929631.50607	-21475.684168260173	-1117.5138317516862	-716.2925061932077
194191675.17235202	-53394138559.474556	229688702529.86383	8638350412.927444	-21473.743940223783	-1125.8663449890032	-716.6066795627121
194195275.17235202	-53471440541.53048	229684634378.86163	8635770063.590242	-21471.80123332321	-1134.2172824721602	-716.9207054087142
194198875.17235202	-53548735525.38103	229680536167.32098	8633188584.025497	-21469.856048544192	-1142.5666441458748	-717.2345837593152
194202475.17235202	-53626023502.107704	229676407900.91486	8630605974.764137	-21467.908386871764	-1150.914429955123	-717.5483146426064
194206075.17235202	-53703304462.79546	229672249585.31644	8628022236.336996	-21465.95824929029	-1159.2606398451176	-717.8618980866685
194209675.17235202	-53780578398.53268	229668061226.19913	8625437369.274807	-21464.005636783422	-1167.6052737612922	-718.1753341195696
194213275.17235202	-53857845300.411476	229663842829.23654	8622851374.108198	-21462.05055033414	-1175.9483316493502	-718.4886227693698
194216875.17235202	-53935105159.527626	229659594400.10254	8620264251.367691	-21460.092990924713	-1184.2898134552397	-718.8017640641178
194220475.17235202	-54012357966.97989	229655315944.47104	8617676001.583725	-21458.132959536724	-1192.6297191251037	-719.1147580318496
194224075.17235202	-54089603713.87096	229651007468.01624	8615086625.286625	-21456.170457151085	-1200.9680486053517	-719.4276047005928
194227675.17235202	-54166842391.30734	229646668976.41257	8612496123.006605	-21454.20548474798	-1209.3048018426725	-719.7403040983645
194231275.17235202	-54244073990.398384	229642300475.33456	8609904495.273806	-21452.238043306937	-1217.639978783925	-720.0528562531692
194234875.17235202	-54321298502.257454	229637901970.45694	8607311742.618242	-21450.268133806785	-1225.9735793762425	-720.3652611930017
194238475.17235202	-54398515918.00128	229633473467.4547	8604717865.56984	-21448.29575722566	-1234.3056035669947	-720.6775189458469
194242075.17235202	-54475726228.75007	229629014972.00305	8602122864.658426	-21446.320914541007	-1242.6360513037826	-720.9896295396773
194245675.17235202	-54552929425.627754	229624526489.7772	8599526740.413715	-21444.343606729584	-1250.964922534447	-721.3015930024558
194249275.17235202	-54630125499.7616	229620008026.4526	8596929493.36533	-21442.363834767464	-1259.292217207067	-721.6134093621347
194252875.17235202	-54707314442.28225	229615459587.70517	8594331124.042797	-21440.38159963004	-1267.6179352699369	-721.9250786466537
194256475.17235202	-54784496244.324356	229610881179.2107	8591731632.975529	-21438.396902292	-1275.9420766716266	-722.2366008839448
194260075.17235202	-54861670897.025375	229606272806.6452	8589131020.692854	-21436.40974372736	-1284.2646413608904	-722.5479761019258
194263675.17235202	-54938838391.52684	229601634475.68506	8586529287.723986	-21434.42012490944	-1292.5856292867588	-722.8592043285065
194267275.17235202	-55015998718.97369	229596966192.00653	8583926434.59804	-21432.428046810877	-1300.905040398481	-723.1702855915844
194270875.17235202	-55093151870.51398	229592267961.28635	8581322461.844047	-21430.433510403633	-1309.2228746455185	-723.481219919046
194274475.17235202	-55170297837.29967	229587539789.2014	8578717369.990916	-21428.436516658974	-1317.5391319775936	-723.7920073387678
194278075.17235202	-55247436610.486244	229582781681.42847	8576111159.567464	-21426.43706654747	-1325.8538123446651	-724.1026478786155
194281675.17235202	-55324568181.232475	229577993643.64487	8573503831.102407	-21424.435161039026	-1334.166915696907	-724.4131415664438
194285275.17235202	-55401692540.700386	229573175681.52795	8570895385.124375	-21422.43080110287	-1342.4784419846933	-724.7234884300947
194288875.17235202	-55478809680.05617	229568327800.75513	8568285822.161869	-21420.423987707505	-1350.7883911587082	-725.0336884974026
194292475.17235202	-55555919590.468895	229563450007.00418	8565675142.743317	-21418.414721820795	-1359.0967631697872	-725.3437417961886
194296075.17235202	-55633022263.111465	229558542305.95294	8563063347.397026	-21416.403004409898	-1367.4035579690467	-725.6536483542636
194299675.17235202	-55710117689.16004	229553604703.27954	8560450436.65122	-21414.3888364413	-1375.7087755078041	-725.963408199428
194303275.17235202	-55787205859.79436	229548637204.6621	8557836411.034013	-21412.37221888079	-1384.0124157376158	-726.2730213594702
194306875.17235202	-55864286766.19762	229543639815.77902	8555221271.07342	-21410.3531526935	-1392.3144786102594	-726.5824878621688
194310475.17235202	-55941360399.55655	229538612542.30896	8552605017.2973585	-21408.331638843843	-1400.6149640777558	-726.891807735291
194314075.17235202	-56018426751.061195	229533555389.9306	8549987650.233648	-21406.307678295598	-1408.9138720923238	-727.2009810065924
194317675.17235202	-56095485811.90539	229528468364.3229	8547369170.410002	-21404.28127201182	-1417.2112026064533	-727.5100077038193
194321275.17235202	-56172537573.285965	229523351471.16495	8544749578.354038	-21402.25242095491	-1425.5069555728087	-727.8188878547052
194324875.17235202	-56249582026.40364	229518204716.13593	8542128874.593273	-21400.221126086577	-1433.80113094432	-728.1276214869735
194328475.17235202	-56326619162.46236	229513028104.9153	8539507059.655123	-21398.187388367856	-1442.0937286741282	-728.436208628337
194332075.17235202	-56403648972.66962	229507821643.1827	8536884134.066904	-21396.151208759096	-1450.3847487155967	-728.7446493064965
194335675.17235202	-56480671448.23631	229502585336.61786	8534260098.355837	-21394.112588219985	-1458.6741910223082	-729.0529435491425
194339275.17235202	-56557686580.37681	229497319190.90067	8531634953.049041	-21392.0715277095	-1466.962055548072	-729.3610913839539
194342875.17235202	-56634694360.30902	229492023211.7113	8529008698.673531	-21390.028028185974	-1475.2483422469386	-729.6690928385993
194346475.17235202	-56711694779.25407	229486697404.7299	8526381335.756225	-21387.982090607045	-1483.533051073145	-729.9769479407355
194350075.17235202	-56788687828.43687	229481341775.63705	8523752864.823946	-21385.933715929677	-1491.816181981194	-730.2846567180093
194353675.17235202	-56865673499.0854	229475956330.11322	8521123286.403412	-21383.88290511015	-1500.0977349257678	-730.5922191980547
194357275.17235202	-56942651782.43142	229470541073.83917	8518492601.021242	-21381.82965910408	-1508.3777098617988	-730.8996354084964
194360875.17235202	-57019622669.70995	229465096012.4959	8515860809.20396	-21379.7739788664	-1516.6561067444322	-731.2069053769469
194364475.17235202	-57096586152.15934	229459621151.7643	8513227911.477985	-21377.71586535136	-1524.932925529019	-731.5140291310078
194368075.17235202	-57173542221.02159	229454116497.3259	8510593908.369645	-21375.655319512556	-1533.2081661711454	-731.8210066982697
194371675.17235202	-57250490867.542145	229448582054.86172	8507958800.405151	-21373.592342302883	-1541.481828626625	-732.1278381063129
194375275.17235202	-57327432082.96975	229443017830.05362	8505322588.110633	-21371.526934674574	-1549.7539128514745	-732.434523382705
194378875.17235202	-57404365858.556496	229437423828.5832	8502685272.012119	-21369.459097579187	-1558.0244188019133	-732.7410625550032
194382475.17235202	-57481292185.55809	229431800056.1322	8500046852.635529	-21367.388831967615	-1566.293346434421	-733.0474556507539
194386075.17235202	-57558211055.23364	229426146518.38287	8497407330.506691	-21365.31613879005	-1574.5606957056634	-733.353702697492
194389675.17235202	-57635122458.8454	229420463221.0172	8494766706.151335	-21363.24101899605	-1582.8264665725133	-733.6598037227404
194393275.17235202	-57712026387.659485	229414750169.71768	8492124980.095083	-21361.163473534467	-1591.0906589921005	-733.9657587540127
194396875.17235202	-57788922832.94515	229409007370.16663	8489482152.863466	-21359.083503353486	-1599.3532729217432	-734.2715678188101
194400475.17235202	-57865811785.97526	229403234828.04688	8486838224.98191	-21357.001109400633	-1607.6143083189818	-734.5772309446229
194404075.17235202	-57942693238.02559	229397432549.04105	8484193196.975754	-21354.916292622762	-1615.8737651415486	-734.882748158929
194407675.17235202	-58019567180.37576	229391600538.8322	8481547069.37023	-21352.82905396605	-1624.1316433474058	-735.1881194891964
194411275.17235202	-58096433604.30903	229385738803.10333	8478899842.690459	-21350.739394375978	-1632.387942894774	-735.4933449628829
194414875.17235202	-58173292501.11143	229379847347.53778	8476251517.461488	-21348.647314797407	-1640.642663742009	-735.7984246074323
194418475.17235202	-58250143862.07267	229373926177.81888	8473602094.208251	-21346.552816174495	-1648.8958058477142	-736.1033584502784
194422075.17235202	-58326987678.4861	229367975299.63022	8470951573.455578	-21344.455899450728	-1657.1473691707347	-736.4081465188451
194425675.17235202	-58403823941.64814	229361994718.65543	8468299955.72821	-21342.356565568938	-1665.397353670086	-736.7127888405432
194429275.17235202	-58480652642.858696	229355984440.57843	8465647241.550789	-21340.25481547128	-1673.645759305	-737.0172854427726
194432875.17235202	-58557473773.42118	229349944471.08316	8462993431.447854	-21338.150650099233	-1681.8925860349473	-737.3216363529225
194436475.17235202	-58634287324.64222	229343874815.85373	8460338525.943846	-21336.044070393622	-1690.1378338195773	-737.6258415983702
194440075.17235202	-58711093287.831894	229337775480.57443	8457682525.563112	-21333.935077294595	-1698.3815026187663	-737.9299012064823
194443675.17235202	-58787891654.30376	229331646470.9297	8455025430.829892	-21331.82367174164	-1706.6235923926024	-738.2338152046134
194447275.17235202	-58864682415.37462	229325487792.6041	8452367242.268337	-21329.709854673565	-1714.8641031013676	-738.5375836201072
194450875.17235202	-58941465562.36474	229319299451.2823	8449707960.4024935	-21327.59362702852	-1723.103034705569	-738.841206480296
194454475.17235202	-59018241086.59773	229313081452.64917	8447047585.75631	-21325.47498974399	-1731.3403871659143	-739.1446838125005
194458075.17235202	-59095008979.40049	229306833802.3897	8444386118.8536415	-21323.353943756792	-1739.5761604433046	-739.4480156440303
194461675.17235202	-59171769232.103386	229300556506.18903	8441723560.218243	-21321.23049000307	-1747.8103544988667	-739.7512020021829
194465275.17235202	-59248521836.04023	229294249569.73242	8439059910.373766	-21319.104629418314	-1756.042969293941	-740.0542429142461
194468875.17235202	-59325266782.54815	229287912998.70526	8436395169.843762	-21316.976362937337	-1764.274004790063	-740.3571384074951
194472475.17235202	-59402004062.967415	229281546798.7932	8433729339.151703	-21314.845691494298	-1772.5034609489503	-740.659888509193
194476075.17235202	-59478733668.64217	229275150975.6817	8431062418.8209305	-21312.71261602268	-1780.73133773259	-740.9624932465936
194479675.17235202	-59555455590.91906	229268725535.05676	8428394409.37473	-21310.57713745533	-1788.9576351030719	-741.2649526469363
194483275.17235202	-59632169821.14919	229262270482.60428	8425725311.3362465	-21308.43925672439	-1797.1823530228107	-741.5672667374528
194486875.17235202	-59708876350.686035	229255785824.01038	8423055125.2285595	-21306.29897476136	-1805.4054914543221	-741.8694355453596
194490475.17235202	-59785575170.88699	229249271564.96127	8420383851.574631	-21304.156292497086	-1813.6270503603805	-742.171459097864
194494075.17235202	-59862266273.11279	229242727711.1433	8417711490.897327	-21302.011210861743	-1821.847029703978	-742.4733374221628
194497675.17235202	-59938949648.7272	229236154268.24292	8415038043.719427	-21299.86373078483	-1830.0654294482497	-742.7750705454382
194501275.17235202	-60015625289.09739	229229551241.94678	8412363510.56361	-21297.71385319521	-1838.2822495565556	-743.0766584948626
194504875.17235202	-60092293185.59421	229222918637.9417	8409687891.952444	-21295.561579021072	-1846.497489992496	-743.3781012975975
194508475.17235202	-60168953329.59158	229216256461.9145	8407011188.408409	-21293.40690918994	-1854.7111507198301	-743.6793989807925
194512075.17235202	-60245605712.46676	229209564719.55222	8404333400.45389	-21291.249844628677	-1862.9232317025267	-743.980551571585
194515675.17235202	-60322250325.60034	229202843416.542	8401654528.611173	-21289.090386263502	-1871.133732904755	-744.2815590971015
194519275.17235202	-60398887160.37631	229196092558.5711	8398974573.402442	-21286.928535019953	-1879.342654290882	-744.5824215844566
194522875.17235202	-60475516208.18213	229189312151.32693	8396293535.349777	-21284.76429182291	-1887.5499958255027	-744.8831390607544
194526475.17235202	-60552137460.40829	229182502200.49704	8393611414.975182	-21282.59765759662	-1895.7557574733596	-745.1837115530859
194530075.17235202	-60628750908.44875	229175662711.76895	8390928212.800541	-21280.428633264648	-1903.9599391994384	-745.4841390885321
194533675.17235202	-60705356543.700836	229168793690.83078	8388243929.347658	-21278.257219749896	-1912.16254096889	-745.7844216941608
194537275.17235202	-60781954357.56503	229161895143.37	8385558565.138228	-21276.083417974623	-1920.3635627470708	-746.084559397029
194540875.17235202	-60858544341.44535	229154967075.07498	8382872120.693853	-21273.90722886043	-1928.5630044995532	-746.3845522241829
194544475.17235202	-60935126486.74909	229148009491.6337	8380184596.536034	-21271.728653328246	-1936.7608661920963	-746.6844002026565
194548075.17235202	-61011700784.88672	229141022398.7345	8377495993.186178	-21269.547692298354	-1944.957147790637	-746.9841033594712
194551675.17235202	-61088267227.27217	229134005802.0658	8374806311.165599	-21267.364346690385	-1953.1518492613336	-747.2836617216387
194555275.17235202	-61164825805.32252	229126959707.316	8372115550.995504	-21265.178617423302	-1961.3449705705166	-747.5830753161573
194558875.17235202	-61241376510.458405	229119884120.1739	8369423713.197009	-21262.99050541542	-1969.5365116847388	-747.8823441700152
194562475.17235202	-61317919334.1034	229112779046.32816	8366730798.291134	-21260.800011584393	-1977.7264725707132	-748.1814683101877
194566075.17235202	-61394454267.68459	229105644491.46765	8364036806.798803	-21258.60713684724	-1985.9148531953501	-748.4804477636384
194569675.17235202	-61470981302.63265	229098480461.28156	8361341739.24083	-21256.41188212028	-1994.1016535258004	-748.779282557321
194573275.17235202	-61547500430.38101	229091286961.4587	8358645596.137948	-21254.214248319222	-2002.2868735293587	-749.0779727181757
194576875.17235202	-61624011642.36681	229084063997.6885	8355948378.010784	-21252.014236359108	-2010.4705131735232	-749.3765182731319
194580475.17235202	-61700514930.030045	229076811575.66034	8353250085.379879	-21249.811847154328	-2018.652572425971	-749.6749192491064
194584075.17235202	-61777010284.81469	229069529701.0636	8350550718.7656555	-21247.607081618593	-2026.8330512546295	-749.9731756730063
194587675.17235202	-61853497698.16721	229062218379.58786	8347850278.688463	-21245.399940665	-2035.0119496275297	-750.2712875717243
194591275.17235202	-61929977161.53799	229054877616.92288	8345148765.66854	-21243.190425205972	-2043.1892675129584	-750.5692549721437
194594875.17235202	-62006448666.3804	229047507418.7584	8342446180.22603	-21240.97853615328	-2051.365004879372	-750.8670779011347
194598475.17235202	-62082912204.151085	229040107790.78433	8339742522.880982	-21238.764274418052	-2059.5391616954093	-751.1647563855566
194602075.17235202	-62159367766.31021	229032678738.69086	8337037794.153351	-21236.547640910758	-2067.711737929914	-751.4622904522568
194605675.17235202	-62235815344.3206	229025220268.16794	8334331994.562995	-21234.328636541217	-2075.8827335518777	-751.7596801280695
194609275.17235202	-62312254929.64924	229017732384.906	8331625124.629667	-21232.107262218597	-2084.052148530547	-752.0569254398197
194612875.17235202	-62388686513.765785	229010215094.5954	8328917184.873034	-21229.88351885142	-2092.219982835307	-752.3540264143189
194616475.17235202	-62465110088.14327	229002668402.92648	8326208175.812655	-21227.657407347553	-2100.3862364357424	-752.6509830783673
194620075.17235202	-62541525644.25796	228995092315.58997	8323498097.968012	-21225.428928614227	-2108.550909301607	-752.9477954587527
194623675.17235202	-62617933173.58969	228987486838.27646	8320786951.858461	-21223.198083557993	-2116.7140014028973	-753.2444635822526
194627275.17235202	-62694332667.62105	228979851976.6768	8318074738.003296	-21220.96487308479	-2124.8755127097206	-753.540987475631
194630875.17235202	-62770724117.83846	228972187736.4819	8315361456.921682	-21218.729298099875	-2133.0354431924397	-753.8373671656418
194634475.17235202	-62847107515.73111	228964494123.38284	8312647109.132712	-21216.491359507887	-2141.193792821543	-754.1336026790254
194638075.17235202	-62923482852.79167	228956771143.07065	8309931695.155374	-21214.251058212798	-2149.350561567737	-754.4296940425113
194641675.17235202	-62999850120.51599	228949018801.23657	8307215215.508556	-21212.00839511794	-2157.5057494018984	-754.7256412828167
194645275.17235202	-63076209310.403404	228941237103.57205	8304497670.711052	-21209.76337112599	-2165.6593562951157	-755.021444426648
194648875.17235202	-63152560413.95609	228933426055.76843	8301779061.281568	-21207.515987138984	-2173.811382218615	-755.3171035006984
194652475.17235202	-63228903422.67988	228925585663.51733	8299059387.738701	-21205.266244058326	-2181.961827143841	-755.6126185316502
194656075.17235202	-63305238328.08356	228917715932.51028	8296338650.600959	-21203.014142784737	-2190.1106910424123	-755.9079895461734
194659675.17235202	-63381565121.679245	228909816868.43912	8293616850.386757	-21200.759684218337	-2198.2579738861123	-756.2032165709261
194663275.17235202	-63457883794.98229	228901888476.99557	8290893987.614402	-21198.50286925856	-2206.4036756469286	-756.4982996325543
194666875.17235202	-63534194339.5113	228893930763.87177	8288170062.802124	-21196.24369880423	-2214.547796297008	-756.7932387576928
194670475.17235202	-63610496746.788216	228885943734.7596	8285445076.468038	-21193.982173753495	-2222.690335808711	-757.0880339729645
194674075.17235202	-63686791008.337906	228877927395.35135	8282719029.130178	-21191.718295003888	-2230.8312941545355	-757.3826853049791
194677675.17235202	-63763077115.68886	228869881751.33914	8279991921.30647	-21189.452063452278	-2238.970671307189	-757.6771927803355
194681275.17235202	-63839355060.37249	228861806808.41537	8277263753.514754	-21187.183479994903	-2247.1084672395527	-757.9715564256209
194684875.17235202	-63915624833.92361	228853702572.27252	8274534526.272769	-21184.912545527342	-2255.244681924677	-758.2657762674098
194688475.17235202	-63991886427.880104	228845569048.60303	8271804240.098162	-21182.639260944554	-2263.379315335799	-758.559852332265
194692075.17235202	-64068139833.78336	228837406243.0996	8269072895.508476	-21180.36362714083	-2271.5123674463466	-758.853784646738
194695675.17235202	-64144385043.17751	228829214161.45502	8266340493.021175	-21178.08564500984	-2279.6438382298766	-759.1475732373664
194699275.17235202	-64220622047.61044	228820992809.362	8263607033.153606	-21175.805315444602	-2287.7737276601856	-759.4412181306784
194702875.17235202	-64296850838.63289	228812742192.51346	8260872516.423038	-21173.5226393375	-2295.902035711212	-759.7347193531887
194706475.17235202	-64373071407.79896	228804462316.60257	8258136943.346636	-21171.237617580267	-2304.028762357074	-760.0280769314004
194710075.17235202	-64449283746.665726	228796153187.3223	8255400314.441475	-21168.95025106401	-2312.153907572051	-760.3212908918036
194713675.17235202	-64525487846.7939	228787814810.36584	8252662630.224527	-21166.66054067917	-2320.277471330639	-760.6143612608786
194717275.17235202	-64601683699.74709	228779447191.42648	8249923891.212674	-21164.368487315576	-2328.399453607475	-760.9072880650918
194720875.17235202	-64677871297.09209	228771050336.1976	8247184097.922702	-21162.074091862403	-2336.5198543773695	-761.2000713308976
194724475.17235202	-64754050630.39904	228762624250.37283	8244443250.871307	-21159.777355208193	-2344.638673615327	-761.49271108474
194728075.17235202	-64830221691.24122	228754168939.64554	8241701350.575077	-21157.47827824085	-2352.7559112965064	-761.7852073530491
194731675.17235202	-64906384471.19507	228745684409.70932	8238958397.550514	-21155.17686184763	-2360.871567396256	-762.0775601622439
194735275.17235202	-64982538961.84025	228737170666.25815	8236214392.314026	-21152.87310691516	-2368.9856418900845	-762.3697695387316
194738875.17235202	-65058685154.75965	228728627714.9857	8233469335.381924	-21150.56701432943	-2377.0981347536745	-762.6618355089062
194742475.17235202	-65134823041.53928	228720055561.58594	8230723227.27042	-21148.258584975778	-2385.209045962886	-762.9537580991511
194746075.17235202	-65210952613.76851	228711454211.7528	8227976068.495631	-21145.947819738925	-2393.3183754937554	-763.2455373358364
194749675.17235202	-65287073863.03942	228702823671.18042	8225227859.573593	-21143.634719502956	-2401.426123322455	-763.5371732453203
194753275.17235202	-65363186780.947876	228694163945.56293	8222478601.020229	-21141.319285151294	-2409.532289425384	-763.82866585395
194756875.17235202	-65439291359.09255	228685475040.59464	8219728293.3513775	-21139.00151756675	-2417.636873779057	-764.1200151880587
194760475.17235202	-65515387589.07566	228676756961.96988	8216976937.082771	-21136.6814176315	-2425.7398763602196	-764.4112212739703
194764075.17235202	-65591475462.501816	228668009715.383	8214224532.730067	-21134.358986227064	-2433.841297145703	-764.7022841379929
194767675.17235202	-65667554970.979675	228659233306.5286	8211471080.808815	-21132.034224234347	-2441.941136112583	-764.9932038064256
194771275.17235202	-65743626106.12064	228650427741.10117	8208716581.834465	-21129.707132533615	-2450.0393932380675	-765.2839803055535
194774875.17235202	-65819688859.53938	228641593024.79547	8205961036.322384	-21127.37771200449	-2458.1360684995443	-765.5746136616513
194778475.17235202	-65895743222.85358	228632729163.30627	8203204444.787841	-21125.045963525987	-2466.231161874556	-765.8651039009792
194782075.17235202	-65971789187.68425	228623836162.3283	8200446807.746007	-21122.711887976446	-2474.3246733408114	-766.1554510497865
194785675.17235202	-66047826745.65561	228614914027.5565	8197688125.711958	-21120.375486233614	-2482.4166028762247	-766.445655134312
194789275.17235202	-66123855888.39468	228605962764.6859	8194928399.200687	-21118.036759174585	-2490.5069504588055	-766.7357161807786
194792875.17235202	-66199876607.53227	228596982379.4116	8192167628.727073	-21115.695707675823	-2498.5957160668095	-767.0256342154008
194796475.17235202	-66275888894.70178	228587972877.42865	8189405814.805917	-21113.352332613154	-2506.6828996785925	-767.3154092643782
194800075.17235202	-66351892741.5398	228578934264.43237	8186642957.951925	-21111.0066348618	-2514.768501272695	-767.605041353899
194803675.17235202	-66427888139.68661	228569866546.11795	8183879058.679688	-21108.658615296303	-2522.8525208278606	-767.8945305101406
194807275.17235202	-66503875080.7848	228560769728.18085	8181114117.503738	-21106.30827479063	-2530.934958322917	-768.1838767592653
194810875.17235202	-66579853556.48099	228551643816.31647	8178348134.938478	-21103.955614218077	-2539.0158137369444	-768.4730801274261
194814475.17235202	-66655823558.42421	228542488816.22046	8175581111.498243	-21101.600634451326	-2547.0950870491215	-768.7621406407623
194818075.17235202	-66731785078.26711	228533304733.58832	8172813047.697258	-21099.243336362426	-2555.1727782388234	-769.051058325401
194821675.17235202	-66807738107.665085	228524091574.11575	8170043944.0496645	-21096.883720822803	-2563.2488872855492	-769.3398332074565
194825275.17235202	-66883682638.27715	228514849343.49844	8167273801.069496	-21094.521788703238	-2571.323414169028	-769.6284653130327
194828875.17235202	-66959618661.764915	228505578047.43225	8164502619.270709	-21092.1575408739	-2579.396358869074	-769.9169546682194
194832475.17235202	-67035546169.793594	228496277691.6132	8161730399.167154	-21089.79097820433	-2587.467721365715	-770.2053012990949
194836075.17235202	-67111465154.03118	228486948281.73715	8158957141.272596	-21087.422101563425	-2595.5375016391126	-770.4935052317252
194839675.17235202	-67187375606.1492	228477589823.50012	8156182846.100692	-21085.050911819468	-2603.6056996696234	-770.781566492165
194843275.17235202	-67263277517.82169	228468202322.59824	8153407514.165024	-21082.677409840104	-2611.6723154377023	-771.0694851064536
194846875.17235202	-67339170880.72631	228458785784.7277	8150631145.979073	-21080.301596492365	-2619.7373489240144	-771.357261100621
194850475.17235202	-67415055686.543755	228449340215.58478	8147853742.056216	-21077.92347264265	-2627.8008001093767	-771.6448945006844
194854075.17235202	-67490931926.957794	228439865620.86572	8145075302.909748	-21075.543039156728	-2635.8626689747553	-771.9323853326479
194857675.17235202	-67566799593.65515	228430362006.26694	8142295829.052873	-21073.160296899747	-2643.9229555012607	-772.219733622503
194861275.17235202	-67642658678.32598	228420829377.4849	8139515320.998686	-21070.77524673622	-2651.9816596702067	-772.5069393962308
194864875.17235202	-67718509172.6632	228411267740.21616	8136733779.260206	-21068.38788953005	-2660.038781463001	-772.7940026797971
194868475.17235202	-67794351068.3632	228401677100.1573	8133951204.3503475	-21065.998226144504	-2668.09432086127	-773.0809234991584
194872075.17235202	-67870184357.1251	228392057463.00485	8131167596.781937	-21063.60625744224	-2676.148277846747	-773.3677018802567
194875675.17235202	-67946009030.65137	228382408834.4557	8128382957.067707	-21061.21198428527	-2684.200652401343	-773.6543378490219
194879275.17235202	-68021825080.64763	228372731220.20648	8125597285.720288	-21058.815407534992	-2692.251444507142	-773.940831431373
194882875.17235202	-68097632498.822464	228363024625.9542	8122810583.25223	-21056.41652805218	-2700.3006541463637	-774.2271826532153
194886475.17235202	-68173431276.887276	228353289057.39563	8120022850.175991	-21054.015346697008	-2708.3482813013443	-774.5133915404408
194890075.17235202	-68249221406.55735	228343524520.22784	8117234087.003913	-21051.61186432897	-2716.3943259546686	-774.7994581189321
194893675.17235202	-68325002879.55038	228333731020.14783	8114444294.24827	-21049.206081807002	-2724.438788088997	-775.0853824145568
194897275.17235202	-68400775687.587166	228323908562.8527	8111653472.42124	-21046.797999989383	-2732.4816676871515	-775.3711644531702
194900875.17235202	-68476539822.392136	228314057154.03952	8108861622.034885	-21044.387619733767	-2740.522964732161	-775.6568042606174
194904475.17235202	-68552295275.69229	228304176799.4056	8106068743.601202	-21041.974941897206	-2748.5626792071425	-775.9423018627283
194908075.17235202	-68628042039.21768	228294267504.64832	8103274837.632091	-21039.55996733612	-2756.6008110953817	-776.2276572853218
194911675.17235202	-68703780104.702	228284329275.46484	8100479904.639334	-21037.142696906314	-2764.6373603803586	-776.512870554205
194915275.17235202	-68779509463.88144	228274362117.55273	8097683945.134652	-21034.723131462968	-2772.672327045646	-776.7979416951707
194918875.17235202	-68855230108.49557	228264366036.6093	8094886959.629652	-21032.30127186064	-2780.705711075013	-777.0828707340011
194922475.17235202	-68930942030.2869	228254341038.33212	8092088948.635857	-21029.87711895327	-2788.7375124523533	-777.3676576964647
194926075.17235202	-69006645221.00105	228244287128.41885	8089289912.6647	-21027.45067359419	-2796.767731161709	-777.6523026083177
194929675.17235202	-69082339672.38687	228234204312.56702	8086489852.227507	-21025.0219366361	-2804.796367187302	-777.9368054953045
194933275.17235202	-69158025376.19589	228224092596.47433	8083688767.835535	-21022.5909089311	-2812.823420513455	-778.2211663831561
194936875.17235202	-69233702324.18329	228213951985.83856	8080886659.999916	-21020.157591330622	-2820.8488911247086	-778.5053852975925
194940475.17235202	-69309370508.10675	228203782486.35754	8078083529.231724	-21017.721984685548	-2828.8727790056782	-778.7894622643194
194944075.17235202	-69385029919.72711	228193584103.729	8075279376.0419235	-21015.284089846107	-2836.895084141158	-779.0733973090305
194947675.17235202	-69460680550.80887	228183356843.651	8072474200.941372	-21012.843907661903	-2844.915806516128	-779.3571904574084
194951275.17235202	-69536322393.1185	228173100711.82147	8069668004.440876	-21010.401438981953	-2852.9349461156307	-779.6408417351203
194954875.17235202	-69611955438.42664	228162815713.93835	8066860787.051098	-21007.956684654626	-2860.9525029249444	-779.9243511678246
194958475.17235202	-69687579678.50623	228152501855.69977	8064052549.28265	-21005.50964552769	-2868.96847692944	-780.2077187811637
194962075.17235202	-69763195105.13362	228142159142.80386	8061243291.646029	-21003.0603224483	-2876.9828681146537	-780.49094460077
194965675.17235202	-69838801710.08815	228131787580.9487	8058433014.651645	-21000.60871626299	-2884.9956764662656	-780.7740286522616
194969275.17235202	-69914399485.15204	228121387175.83273	8055621718.809824	-20998.15482781769	-2893.0069019700923	-781.0569709612452
194972875.17235202	-69989988422.11075	228110957933.15396	8052809404.630785	-20995.6986579577	-2901.0165446121027	-781.339771553314
194976475.17235202	-70065568512.75273	228100499858.6109	8049996072.624664	-20993.240207527706	-2909.024604378421	-781.62243045405
194980075.17235202	-70141139748.8693	228090012957.90195	8047181723.301514	-20990.779477371805	-2917.0310812552807	-781.9049476890202
194983675.17235202	-70216702122.2551	228079497236.7254	8044366357.171276	-20988.31646833345	-2925.0359752290997	-782.1873232837821
194987275.17235202	-70292255624.70758	228068952700.77982	8041549974.743811	-20985.8511812555	-2933.0392862864155	-782.469557263878
194990875.17235202	-70367800248.02747	228058379355.76364	8038732576.528884	-20983.38361698019	-2941.041014413924	-782.7516496548393
194994475.17235202	-70443335984.01825	228047777207.37555	8035914163.036171	-20980.913776349145	-2949.041159598456	-783.0336004821838
194998075.17235202	-70518862824.48657	228037146261.3141	8033094734.775257	-20978.441660203385	-2957.0397218269654	-783.3154097714172
195001675.17235202	-70594380761.24216	228026486523.27792	8030274292.255629	-20975.967269383316	-2965.0367010865893	-783.5970775480326
195005275.17235202	-70669889786.0976	228015797998.9658	8027452835.986692	-20973.49060472873	-2973.0320973645694	-783.8786038375101
195008875.17235202	-70745389890.86865	228005080694.0765	8024630366.477752	-20971.0116670788	-2981.0259106483045	-784.159988665317
195012475.17235202	-70820881067.37386	227994334614.30878	8021806884.23803	-20968.530457272114	-2989.018140925311	-784.4412320569082
195016075.17235202	-70896363307.43536	227983559765.36148	8018982389.776636	-20966.046976146612	-2997.0087881833106	-784.7223340377273
195019675.17235202	-70971836602.87756	227972756152.93344	8016156883.602619	-20963.56122453966	-3004.9978524100843	-785.0032946332026
195023275.17235202	-71047300945.52855	227961923782.72372	8013330366.224907	-20961.073203287986	-3012.985333593613	-785.2841138687525
195026875.17235202	-71122756327.2187	227951062660.4313	8010502838.152367	-20958.582913227732	-3020.9712317219555	-785.5647917697797
195030475.17235202	-71198202739.78215	227940172791.75507	8007674299.89374	-20956.09035519442	-3028.9555467833843	-785.8453283616773
195034075.17235202	-71273640175.05551	227929254182.39413	8004844751.957701	-20953.595530022958	-3036.938278766248	-786.1257236698237
195037675.17235202	-71349068624.87872	227918306838.04764	8002014194.852826	-20951.09843854765	-3044.9194276590724	-786.4059777195857
195041275.17235202	-71424488081.09462	227907330764.41467	7999182629.087595	-20948.599081602202	-3052.8989934505016	-786.6860905363164
195044875.17235202	-71499898535.54866	227896325967.19452	7996350055.170416	-20946.097460019708	-3060.8769761292915	-786.9660621453567
195048475.17235202	-71575299980.0901	227885292452.0863	7993516473.6095705	-20943.593574632636	-3068.853375684407	-787.2458925720352
195052075.17235202	-71650692406.57047	227874230224.78943	7990681884.913286	-20941.08742627288	-3076.8281921048792	-787.5255818416672
195055675.17235202	-71726075806.8447	227863139291.0029	7987846289.58967	-20938.579015771687	-3084.8014253799156	-787.805129979556
195059275.17235202	-71801450172.77051	227852019656.42642	7985009688.146757	-20936.068343959745	-3092.7730754988343	-788.0845370109909
195062875.17235202	-71876815496.20865	227840871326.75912	7982172081.092487	-20933.5554116671	-3100.743142451094	-788.363802961249
195066475.17235202	-71952171769.02278	227829694307.7006	7979333468.934708	-20931.04021972321	-3108.711626226297	-788.6429278555954
195070075.17235202	-72027518983.08002	227818488604.95013	7976493852.181165	-20928.522768956915	-3116.6785268141984	-788.9219117192824
195073675.17235202	-72102857130.24976	227807254224.20737	7973653231.339533	-20926.003060196465	-3124.6438442046356	-789.2007545775482
195077275.17235202	-72178186202.4049	227795991171.17172	7970811606.917381	-20923.48109426949	-3132.607578387626	-789.4794564556196
195080875.17235202	-72253506191.421	227784699451.5428	7967968979.4221945	-20920.956872003033	-3140.569729353302	-789.7580173787102
195084475.17235202	-72328817089.1767	227773379071.02023	7965125349.361371	-20918.430394223524	-3148.5302970919074	-790.0364373720197
195088075.17235202	-72404118887.55376	227762030035.30362	7962280717.242204	-20915.901661756787	-3156.489281593871	-790.3147164607374
195091675.17235202	-72479411578.43684	227750652350.09268	7959435083.571905	-20913.370675428043	-3164.4466828497198	-790.5928546700379
195095275.17235202	-72554695153.71317	227739246021.08704	7956588448.857605	-20910.837436061924	-3172.4025008500785	-790.8708520250827
195098875.17235202	-72629969605.27368	227727811053.98645	7953740813.606323	-20908.30194448244	-3180.356735585785	-791.1487085510228
195102475.17235202	-72705234925.01176	227716347454.49075	7950892178.325004	-20905.764201513015	-3188.3093870477433	-791.4264242729944
195106075.17235202	-72780491104.82397	227704855228.29965	7948042543.520491	-20903.224207976455	-3196.2604552270222	-791.7039992161217
195109675.17235202	-72855738136.60959	227693334381.11304	7945191909.699549	-20900.681964694984	-3204.2099401147843	-791.9814334055151
195113275.17235202	-72930976012.27107	227681784918.63077	7942340277.368844	-20898.137472490213	-3212.15784170236	-792.2587268662735
195116875.17235202	-73006204723.71368	227670206846.55273	7939487647.034959	-20895.590732183155	-3220.104159981176	-792.5358796234816
195120475.17235202	-73081424262.84595	227658600170.57892	7936634019.204373	-20893.041744594226	-3228.0488949428263	-792.8128917022134
195124075.17235202	-73156634621.57898	227646964896.40918	7933779394.383488	-20890.490510543226	-3235.9920465789974	-793.0897631275272
195127675.17235202	-73231835791.82718	227635301029.7435	7930923773.078604	-20887.937030849374	-3243.93361488154	-793.3664939244709
195131275.17235202	-73307027765.5074	227623608576.28198	7928067155.795953	-20885.381306331295	-3251.873599842379	-793.6430841180779
195134875.17235202	-73382210534.53992	227611887541.72464	7925209543.04165	-20882.823337806993	-3259.8120014536107	-793.9195337333695
195138475.17235202	-73457384090.84781	227600137931.7716	7922350935.321737	-20880.26312609389	-3267.7488197074517	-794.1958427953541
195142075.17235202	-73532548426.35696	227588359752.12286	7919491333.14216	-20877.7006720088	-3275.684054596236	-794.472011329027
195145675.17235202	-73607703532.99637	227576553008.47855	7916630737.008774	-20875.135976367947	-3283.617706112428	-794.7480393593705
195149275.17235202	-73682849402.69788	227564717706.5389	7913769147.427345	-20872.56903998695	-3291.5497742486195	-795.0239269113549
195152875.17235202	-73757986027.39633	227552853852.004	7910906564.903557	-20869.999863680838	-3299.4802589975197	-795.2996740099363
195156475.17235202	-73833113399.0296	227540961450.57416	7908042989.942984	-20867.428448264036	-3307.40916035199	-795.5752806800594
195160075.17235202	-73908231509.53792	227529040507.9496	7905178423.051142	-20864.85479455038	-3315.336478304949	-795.8507469466532
195163675.17235202	-73983340350.8653	227517091029.83044	7902312864.733425	-20862.27890335311	-3323.2622128495314	-796.1260728346374
195167275.17235202	-74058439914.95801	227505113021.91718	7899446315.495159	-20859.700775484867	-3331.18636397893	-796.4012583689166
195170875.17235202	-74133530193.76572	227493106489.9099	7896578775.841563	-20857.120411757685	-3339.108931686489	-796.6763035743827
195174475.17235202	-74208611179.24059	227481071439.5091	7893710246.277788	-20854.537812983028	-3347.0299159656524	-796.9512084759147
195178075.17235202	-74283682863.33801	227469007876.4151	7890840727.308875	-20851.95297997174	-3354.9493168100234	-797.2259730983794
195181675.17235202	-74358745238.01631	227456915806.32822	7887970219.439784	-20849.365913534093	-3362.8671342133057	-797.5005974666299
195185275.17235202	-74433798295.23645	227444795234.9489	7885098723.175386	-20846.77661447974	-3370.7833681693182	-797.7750816055066
195188875.17235202	-74508842026.96234	227432646167.97754	7882226239.02047	-20844.18508361777	-3378.6980186719975	-798.0494255398357
195192475.17235202	-74583876425.16116	227420468611.11462	7879352767.479721	-20841.591321756652	-3386.6110857154317	-798.323629294433
195196075.17235202	-74658901481.8028	227408262570.06058	7876478309.057736	-20838.995329704274	-3394.5225692938147	-798.5976928940997
195199675.17235202	-74733917188.85977	227396028050.5159	7873602864.259041	-20836.397108267935	-3402.432469401442	-798.8716163636236
195203275.17235202	-74808923538.30804	227383765058.18103	7870726433.588045	-20833.79665825433	-3410.340786032766	-799.1453997277808
195206875.17235202	-74883920522.12599	227371473598.7566	7867849017.549092	-20831.193980469576	-3418.247519182324	-799.4190430113333
195210475.17235202	-74958908132.29504	227359153677.9431	7864970616.646431	-20828.589075719185	-3426.152668844772	-799.6925462390299
195214075.17235202	-75033886360.79974	227346805301.4411	7862091231.384211	-20825.98194480809	-3434.056235014932	-799.9659094356082
195217675.17235202	-75108855199.62726	227334428474.95117	7859210862.2665	-20823.372588540613	-3441.958217687692	-800.239132625791
195221275.17235202	-75183814640.76779	227322023204.17395	7856329509.797281	-20820.761007720517	-3449.8586168580905	-800.512215834289
195224875.17235202	-75258764676.21437	227309589494.81003	7853447174.480441	-20818.147203150947	-3457.757432521258	-800.7851590857993
195228475.17235202	-75333705297.96298	227297127352.56	7850563856.81978	-20815.531175634467	-3465.6546646724782	-801.0579624050065
195232075.17235202	-75408636498.01236	227284636783.12463	7847679557.3190155	-20812.912925973058	-3473.5503133071034	-801.330625816581
195235675.17235202	-75483558268.36435	227272117792.20444	7844794276.481762	-20810.292454968097	-3481.4443784206514	-801.6031493451821
195239275.17235202	-75558470601.0235	227259570385.50018	7841908014.811559	-20807.669763420392	-3489.3368600087288	-801.8755330154546
195242875.17235202	-75633373487.99728	227246994568.71262	7839020772.8118515	-20805.044852130144	-3497.2277580670616	-802.1477768520306
195246475.17235202	-75708266921.29602	227234390347.54236	7836132550.985996	-20802.417721896974	-3505.117072591488	-802.4198808795286
195250075.17235202	-75783150892.9332	227221757727.6902	7833243349.837257	-20799.788373519903	-3513.004803577999	-802.6918451225558
195253675.17235202	-75858025394.92462	227209096714.85684	7830353169.868826	-20797.1568077974	-3520.8909510226295	-802.9636696057044
195257275.17235202	-75932890419.2895	227196407314.7431	7827462011.58378	-20794.5230255273	-3528.775514921599	-803.2353543535544
195260875.17235202	-76007745958.04942	227183689533.0497	7824569875.485136	-20791.88702750689	-3536.6584952711783	-803.506899390672
195264475.17235202	-76082592003.22957	227170943375.4774	7821676762.075792	-20789.24881453284	-3544.539892067831	-803.7783047416117
195268075.17235202	-76157428546.85724	227158168847.72708	7818782671.858586	-20786.60838740125	-3552.419705308057	-804.049570430914
195271675.17235202	-76232255580.96277	227145365955.4995	7815887605.336257	-20783.965746907637	-3560.2979349884936	-804.3206964831053
195275275.17235202	-76307073097.57977	227132534704.49542	7812991563.011446	-20781.320893846925	-3568.1745811059227	-804.591682922701
195278875.17235202	-76381881088.74437	227119675100.41577	7810094545.386717	-20778.673829013453	-3576.0496436572057	-804.8625297742026
195282475.17235202	-76456679546.49551	227106787148.9613	7807196552.964545	-20776.02455320097	-3583.923122639316	-805.1332370620971
195286075.17235202	-76531468462.8752	227093870855.83304	7804297586.247316	-20773.373067202665	-3591.7950180493517	-805.4038048108599
195289675.17235202	-76606247829.92804	227080926226.7317	7801397645.737328	-20770.71937181111	-3599.665329884512	-805.6742330449531
195293275.17235202	-76681017639.70184	227067953267.35815	7798496731.936784	-20768.06346781831	-3607.534058142128	-805.9445217888256
195296875.17235202	-76755777884.24698	227054951983.41342	7795594845.347809	-20765.405356015686	-3615.4012028196094	-806.2146710669122
195300475.17235202	-76830528555.6167	227041922380.59818	7792691986.472433	-20762.745037194072	-3623.2667639145	-806.4846809036358
195304075.17235202	-76905269645.86737	227028864464.6135	7789788155.812599	-20760.082512143734	-3631.1307414244548	-806.7545513234061
195307675.17235202	-76980001147.05771	227015778241.1602	7786883353.870171	-20757.417781654327	-3638.993135347213	-807.0242823506178
195311275.17235202	-77054723051.24973	227002663715.9393	7783977581.146915	-20754.750846514944	-3646.8539456806493	-807.2938740096554
195314875.17235202	-77129435350.50793	226989520894.65164	7781070838.144517	-20752.081707514102	-3654.71317242272	-807.5633263248874
195318475.17235202	-77204138036.90002	226976349782.9982	7778163125.364565	-20749.410365439715	-3662.570815571523	-807.8326393206708
195322075.17235202	-77278831102.49637	226963150386.67984	7775254443.308562	-20746.73682107913	-3670.4268751252566	-808.1018130213495
195325675.17235202	-77353514539.37004	226949922711.39758	7772344792.477933	-20744.061075219106	-3678.2813510822043	-808.3708474512528
195329275.17235202	-77428188339.59708	226936666762.85236	7769434173.374008	-20741.383128645837	-3686.1342434407707	-808.6397426346981
195332875.17235202	-77502852495.25635	226923382546.74515	7766522586.498032	-20738.70298214491	-3693.985552199474	-808.9084985959894
195336475.17235202	-77577506998.4296	226910070068.77682	7763610032.351152	-20736.020636501366	-3701.835277356933	-809.1771153594168
195340075.17235202	-77652151841.20123	226896729334.6485	7760696511.434448	-20733.33609249963	-3709.6834189118726	-809.4455929492585
195343675.17235202	-77726787015.65852	226883360350.06097	7757782024.248898	-20730.64935092358	-3717.5299768631166	-809.7139313897776
195347275.17235202	-77801412513.8917	226869963120.7154	7754866571.295393	-20727.960412556495	-3725.374951209602	-809.9821307052251
195350875.17235202	-77876028327.99374	226856537652.31262	7751950153.074739	-20725.26927818108	-3733.2183419503817	-810.2501909198393
195354475.17235202	-77950634450.06036	226843083950.55365	7749032770.087659	-20722.57594857947	-3741.0601490845947	-810.5181120578445
195358075.17235202	-78025230872.19022	226829602021.1396	7746114422.834785	-20719.88042453321	-3748.9003726114825	-810.7858941434515
195361675.17235202	-78099817586.48457	226816091869.77118	7743195111.816662	-20717.182706823274	-3756.739012530409	-811.0535372008583
195365275.17235202	-78174394585.04778	226802553502.1497	7740274837.533749	-20714.48279623006	-3764.5760688408254	-811.3210412542494
195368875.17235202	-78248961859.98683	226788986923.97583	7737353600.486409	-20711.780693533387	-3772.4115415423103	-811.588406327797
195372475.17235202	-78323519403.41168	226775392140.9509	7734431401.1749325	-20709.076399512494	-3780.245430634526	-811.8556324456594
195376075.17235202	-78398067207.43472	226761769158.77567	7731508240.099518	-20706.369914946048	-3788.077736117224	-812.1227196319803
195379675.17235202	-78472605264.17162	226748117983.15115	7728584117.760268	-20703.661240612146	-3795.9084579902938	-812.3896679108923
195383275.17235202	-78547133565.74039	226734438619.7784	7725659034.657217	-20700.950377288293	-3803.7375962536807	-812.6564773065129
195386875.17235202	-78621652104.26224	226720731074.3585	7722732991.290293	-20698.237325751434	-3811.565150907488	-812.9231478429481
195390475.17235202	-78696160871.86084	226706995352.5923	7719805988.159353	-20695.522086777946	-3819.391121951865	-813.1896795442885
195394075.17235202	-78770659860.66296	226693231460.1808	7716878025.764151	-20692.804661143597	-3827.2155093871033	-813.4560724346135
195397675.17235202	-78845149062.79793	226679439402.82498	7713949104.60437	-20690.08504962362	-3835.038313213571	-813.7223265379879
195401275.17235202	-78919628470.39816	226665619186.22595	7711019225.179592	-20687.363252992647	-3842.859533431766	-813.9884418784642
195404875.17235202	-78994098075.59839	226651770816.0846	7708088387.989325	-20684.639272024753	-3850.6791700422446	-814.25441848008
195408475.17235202	-79068557870.53647	226637894298.10193	7705156593.532993	-20681.913107493438	-3858.497223045678	-814.5202563668606
195412075.17235202	-79143007847.3529	226623989637.97903	7702223842.309919	-20679.184760171618	-3866.31369244284	-814.7859555628178
195415675.17235202	-79217447998.19124	226610056841.4167	7699290134.81934	-20676.454230831638	-3874.128578234633	-815.051516091951
195419275.17235202	-79291878315.19742	226596095914.1161	7696355471.560427	-20673.7215202453	-3881.9418804219995	-815.316937978245
195422875.17235202	-79366298790.52036	226582106861.77795	7693419853.032242	-20670.98662918378	-3889.7535990060233	-815.582221245671
195426475.17235202	-79440709416.31183	226568089690.10352	7690483279.733772	-20668.249558417734	-3897.563733987865	-815.847365918188
195430075.17235202	-79515110184.72635	226554044404.7936	7687545752.163914	-20665.510308717214	-3905.3722853688178	-816.112372019742
195433675.17235202	-79589501087.9209	226539971011.54916	7684607270.821483	-20662.768880851723	-3913.179253150206	-816.3772395742635
195437275.17235202	-79663882118.05557	226525869516.07123	7681667836.205208	-20660.025275590182	-3920.9846373334985	-816.6419686056711
195440875.17235202	-79738253267.29315	226511739924.06076	7678727448.8137245	-20657.279493700935	-3928.788437920264	-816.9065591378705
195444475.17235202	-79812614527.79915	226497582241.2185	7675786109.145586	-20654.53153595177	-3936.590654912152	-817.1710111947534
195448075.17235202	-79886965891.74191	226483396473.24564	7672843817.699263	-20651.7814031099	-3944.3912883108997	-817.4353248001976
195451675.17235202	-79961307351.29236	226469182625.843	7669900574.973139	-20649.029095941973	-3952.190338118362	-817.6994999780683
195455275.17235202	-80035638898.62439	226454940704.7115	7666956381.4655075	-20646.27461521405	-3959.9878043364633	-817.9635367522168
195458875.17235202	-80109960525.9146	226440670715.55203	7664011237.674576	-20643.51796169165	-3967.78368696726	-818.2274351464821
195462475.17235202	-80184272225.3422	226426372664.0656	7661065144.0984745	-20640.759136139703	-3975.5779860128496	-818.4911951846877
195466075.17235202	-80258573989.08923	226412046555.9531	7658118101.235247	-20637.99813932259	-3983.370701475459	-818.7548168906458
195469675.17235202	-80332865809.34071	226397692396.9153	7655170109.582835	-20635.234972004106	-3991.161833357426	-819.0183002881543
195473275.17235202	-80407147678.28394	226383310192.6532	7652221169.639114	-20632.469634947483	-3998.9513816611243	-819.2816454009968
195476875.17235202	-80481419588.10962	226368899948.86755	7649271281.901855	-20629.70212891539	-4006.739346389095	-819.5448522529462
195480475.17235202	-80555681531.01035	226354461671.25946	7646320446.868774	-20626.93245466994	-4014.5257275438807	-819.807920867758
195484075.17235202	-80629933499.18219	226339995365.52957	7643368665.03747	-20624.160612972657	-4022.310525128207	-820.070851269178
195487675.17235202	-80704175484.82379	226325501037.37885	7640415936.905464	-20621.38660458452	-4030.0937391448415	-820.3336434809368
195491275.17235202	-80778407480.13614	226310978692.50806	7637462262.970205	-20618.610430265922	-4037.875369596639	-820.5962975267511
195494875.17235202	-80852629477.32347	226296428336.618	7634507643.729042	-20615.832090776712	-4045.6554164865747	-820.8588134303252
195498475.17235202	-80926841468.59253	226281849975.4096	7631552079.679244	-20613.051586876158	-4053.4338798176996	-821.1211912153499
195502075.17235202	-81001043446.15265	226267243614.5836	7628595571.318004	-20610.26891932297	-4061.2107595931375	-821.3834309055013
195505675.17235202	-81075235402.2161	226252609259.8408	7625638119.142414	-20607.48408887531	-4068.986055816129	-821.6455325244438
195509275.17235202	-81149417328.99796	226237946916.88196	7622679723.649485	-20604.697096290725	-4076.7597684900065	-821.9074960958269
195512875.17235202	-81223589218.71564	226223256591.4079	7619720385.336157	-20601.907942326263	-4084.531897618156	-822.169321643287
195516475.17235202	-81297751063.58992	226208538289.11935	7616760104.699255	-20599.116627738364	-4092.302443204114	-822.4310091904488
195520075.17235202	-81371902855.84354	226193792015.71713	7613798882.235556	-20596.323153282923	-4100.071405251433	-822.6925587609198
195523675.17235202	-81446044587.70262	226179017776.9018	7610836718.441722	-20593.527519715266	-4107.8387837638165	-822.9539703782978
195527275.17235202	-81520176251.39548	226164215578.37427	7607873613.814346	-20590.729727790167	-4115.60457874501	-823.2152440661646
195530875.17235202	-81594297839.15363	226149385425.83508	7604909568.84993	-20587.92977826182	-4123.368790198888	-823.4763798480898
195534475.17235202	-81668409343.21071	226134527324.98508	7601944584.044903	-20585.127671883878	-4131.131418129361	-823.7373777476282
195538075.17235202	-81742510755.80386	226119641281.52478	7598978659.895578	-20582.323409409415	-4138.892462540492	-823.9982377883232
195541675.17235202	-81816602069.17209	226104727301.15494	7596011796.898226	-20579.516991590957	-4146.651923436366	-824.2589599937025
195545275.17235202	-81890683275.5577	226089785389.5763	7593043995.549003	-20576.708419180457	-4154.409800821195	-824.5195443872815
195548875.17235202	-81964754367.20555	226074815552.4893	7590075256.343985	-20573.89769292932	-4162.166094699271	-824.7799909925616
195552475.17235202	-82038815336.3631	226059817795.5946	7587105579.779172	-20571.08481358839	-4169.920805074962	-825.0402998330317
195556075.17235202	-82112866175.28067	226044792124.59293	7584134966.350473	-20568.269781907933	-4177.6739319527305	-825.3004709321651
195559675.17235202	-82186906876.21095	226029738545.18475	7581163416.553721	-20565.452598637683	-4185.425475337108	-825.5605043134237
195563275.17235202	-82260937431.40982	226014657063.0707	7578190930.884653	-20562.633264526798	-4193.175435232737	-825.8204000002544
195566875.17235202	-82334957833.13538	225999547683.9513	7575217509.838928	-20559.811780323875	-4200.923811644311	-826.0801580160912
195570475.17235202	-82408968073.64899	225984410413.5271	7572243153.912113	-20556.988146776963	-4208.670604576663	-826.3397783843552
195574075.17235202	-82482968145.21393	225969245257.49847	7569267863.599707	-20554.16236463355	-4216.41581403463	-826.5992611284523
195577675.17235202	-82556958040.0968	225954052221.56616	7566291639.397113	-20551.334434640565	-4224.159440023198	-826.8586062717758
195581275.17235202	-82630937750.56677	225938831311.43045	7563314481.799643	-20548.504357544367	-4231.901482547416	-827.1178138377059
195584875.17235202	-82704907268.89558	225923582532.79196	7560336391.302542	-20545.672134090786	-4239.641941612415	-827.3768838496085
195588475.17235202	-82778866587.35751	225908305891.35095	7557357368.400962	-20542.83776502507	-4247.380817223387	-827.6358163308354
195592075.17235202	-82852815698.2298	225893001392.80807	7554377413.589972	-20540.001251091933	-4255.118109385648	-827.8946113047268
195595675.17235202	-82926754593.79242	225877669042.86353	7551396527.36455	-20537.162593035497	-4262.85381810457	-828.1532687946071
195599275.17235202	-83000683266.32773	225862308847.21783	7548414710.2196	-20534.321791599363	-4270.587943385613	-828.4117888237888
195602875.17235202	-83074601708.12073	225846920811.5713	7545431962.649944	-20531.478847526574	-4278.32048523429	-828.6701714155687
195606475.17235202	-83148509911.45963	225831504941.62427	7542448285.150307	-20528.63376155959	-4286.051443656259	-828.9284165932329
195610075.17235202	-83222407868.63458	225816061243.0771	7539463678.2153425	-20525.78653444035	-4293.780818657187	-829.1865243800514
195613675.17235202	-83296295571.93913	225800589721.63007	7536478142.33961	-20522.937166910215	-4301.508610242888	-829.4444947992827
195617275.17235202	-83370173013.66873	225785090382.9834	7533491678.017601	-20520.08565971	-4309.234818419187	-829.7023278741688
195620875.17235202	-83444040186.12234	225769563232.8375	7530504285.743699	-20517.23201357997	-4316.959443192051	-829.9600236279414
195624475.17235202	-83517897081.60074	225754008276.8925	7527515966.012234	-20514.37622925983	-4324.682484567473	-830.2175820838158
195628075.17235202	-83591743692.408	225738425520.8487	7524526719.317429	-20511.51830748873	-4332.4039425515675	-830.4750032649956
195631675.17235202	-83665580010.85065	225722814970.40616	7521536546.153427	-20508.65824900528	-4340.123817150512	-830.7322871946698
195635275.17235202	-83739406029.23764	225707176631.2653	7518545447.014303	-20505.79605454753	-4347.842108370536	-830.9894338960137
195638875.17235202	-83813221739.88101	225691510509.126	7515553422.394026	-20502.931724852962	-4355.558816217999	-831.2464433921896
195642475.17235202	-83887027135.09525	225675816609.68854	7512560472.786494	-20500.065260658528	-4363.2739406993105	-831.5033157063464
195646075.17235202	-83960822207.19728	225660094938.653	7509566598.68553	-20497.19666270063	-4370.987481820935	-831.7600508616174
195649675.17235202	-84034606948.50702	225644345501.71945	7506571800.584856	-20494.325931715106	-4378.699439589447	-832.0166488811243
195653275.17235202	-84108381351.3469	225628568304.58792	7503576078.978117	-20491.453068437233	-4386.4098140114975	-832.2731097879746
195656875.17235202	-84182145408.04198	225612763352.95853	7500579434.358887	-20488.578073601766	-4394.118605093787	-832.5294336052617
195660475.17235202	-84255899110.91988	225596930652.53128	7497581867.22064	-20485.70094794289	-4401.825812843106	-832.7856203560656
195664075.17235202	-84329642452.311	225581070209.0061	7494583378.056776	-20482.821692194248	-4409.531437266326	-833.0416700634526
195667675.17235202	-84403375424.54843	225565182028.08298	7491583967.360609	-20479.940307088928	-4417.235478370397	-833.2975827504753
195671275.17235202	-84477098019.96765	225549266115.4618	7488583635.625371	-20477.056793359472	-4424.937936162326	-833.5533584401728
195674875.17235202	-84550810230.90714	225533322476.84253	7485582383.344209	-20474.171151737864	-4432.638810649217	-833.8089971555703
195678475.17235202	-84624512049.70753	225517351117.9251	7482580211.010195	-20471.283382955564	-4440.338101838213	-834.0644989196793
195682075.17235202	-84698203468.71269	225501352044.40927	7479577119.1163025	-20468.39348774345	-4448.035809736586	-834.3198637554979
195685675.17235202	-84771884480.26848	225485325261.99496	7476573108.155441	-20465.501466831873	-4455.731934351621	-834.5750916860094
195689275.17235202	-84845555076.7239	225469270776.38184	7473568178.62042	-20462.607320950636	-4463.426475690732	-834.8301827341858
195692875.17235202	-84919215250.4302	225453188593.26987	7470562331.003988	-20459.711050828988	-4471.119433761347	-835.0851369229824
195696475.17235202	-84992864993.7417	225437078718.35864	7467555565.798779	-20456.812657195638	-4478.810808571036	-835.3399542753432
195700075.17235202	-85066504299.01482	225420941157.3481	7464547883.497376	-20453.91214077873	-4486.500600127381	-835.5946348141971
195703675.17235202	-85140133158.60873	225404775915.93765	7461539284.592267	-20451.0095023059	-4494.188808438046	-835.8491785624594
195707275.17235202	-85213751564.88574	225388582999.8272	7458529769.575851	-20448.104742504194	-4501.875433510803	-836.1035855430323
195710875.17235202	-85287359510.21019	225372362414.71622	7455519338.940445	-20445.197862100125	-4509.5604753534835	-836.3578557788044
195714475.17235202	-85360956986.94897	225356114166.3045	7452507993.17831	-20442.288861819692	-4517.243933973928	-836.6119892926487
195718075.17235202	-85434543987.47229	225339838260.29153	7449495732.781582	-20439.3777423883	-4524.9258093801545	-836.8659861074273
195721675.17235202	-85508120504.15216	225323534702.37683	7446482558.242346	-20436.46450453084	-4532.606101580159	-837.1198462459863
195725275.17235202	-85581686529.3636	225307203498.25995	7443468470.052595	-20433.549148971655	-4540.284810582057	-837.373569731159
195728875.17235202	-85655242055.48439	225290844653.64038	7440453468.704235	-20430.631676434532	-4547.961936394028	-837.6271565857649
195732475.17235202	-85728787074.89447	225274458174.21774	7437437554.689106	-20427.712087642736	-4555.637479024295	-837.8806068326091
195736075.17235202	-85802321579.97672	225258044065.69125	7434420728.498945	-20424.790383318956	-4563.311438481176	-838.1339204944843
195739675.17235202	-85875845563.11658	225241602333.76047	7431402990.62542	-20421.866564185373	-4570.983814773059	-838.3870975941679
195743275.17235202	-85949359016.70193	225225132984.12473	7428384341.560116	-20418.940630963603	-4578.654607908381	-838.6401381544247
195746875.17235202	-86022861933.1235	225208636022.48334	7425364781.794526	-20416.01258437471	-4586.323817895671	-838.8930421980051
195750475.17235202	-86096354304.77429	225192111454.53564	7422344311.820081	-20413.08242513925	-4593.991444743495	-839.1458097476457
195754075.17235202	-86169836124.05013	225175559285.98093	7419322932.128113	-20410.15015397721	-4601.657488460515	-839.3984408260692
195757675.17235202	-86243307383.3495	225158979522.5184	7416300643.20987	-20407.215771608033	-4609.321949055456	-839.6509354559854
195761275.17235202	-86316768075.0732	225142372169.8475	7413277445.55654	-20404.279278750648	-4616.9848265370865	-839.9032936600893
195764875.17235202	-86390218191.62474	225125737233.66714	7410253339.6592045	-20401.340676123407	-4624.6461209142635	-840.155515461062
195768475.17235202	-86463657725.41034	225109074719.6766	7407228326.008877	-20398.399964444154	-4632.305832195918	-840.4076008815725
195772075.17235202	-86537086668.83887	225092384633.57498	7404202405.096479	-20395.457144430165	-4639.96396039104	-840.6595499442747
195775675.17235202	-86610505014.32121	225075666981.06143	7401175577.412875	-20392.512216798197	-4647.62050550865	-840.911362671807
195779275.17235202	-86683912754.27144	225058921767.83502	7398147843.448822	-20389.565182264465	-4655.275467557882	-841.1630390867974
195782875.17235202	-86757309881.10605	225042148999.59473	7395119203.695	-20386.61604154462	-4662.92884654791	-841.4145792118577
195786475.17235202	-86830696387.24393	225025348682.03958	7392089658.64202	-20383.664795353812	-4670.580642487978	-841.6659830695867
195790075.17235202	-86904072265.10687	225008520820.86847	7389059208.780394	-20380.711444406614	-4678.230855387416	-841.9172506825697
195793675.17235202	-86977437507.11887	224991665421.7804	7386027854.60057	-20377.755989417088	-4685.879485255576	-842.1683820733772
195797275.17235202	-87050792105.70663	224974782490.47427	7382995596.592907	-20374.798431098752	-4693.526532101896	-842.4193772645665
195800875.17235202	-87124136053.2996	224957872032.6489	7379962435.247679	-20371.83877016458	-4701.171995935888	-842.6702362786809
195804475.17235202	-87197469342.32956	224940934054.0031	7376928371.055086	-20368.877007327003	-4708.815876767108	-842.9209591382504
195808075.17235202	-87270791965.23093	224923968560.23578	7373893404.505243	-20365.91314329793	-4716.458174605188	-843.1715458657901
195811675.17235202	-87344103914.4408	224906975557.04556	7370857536.088181	-20362.947178788727	-4724.098889459823	-843.4219964838023
195815275.17235202	-87417405182.39853	224889955050.13116	7367820766.293861	-20359.979114510224	-4731.738021340742	-843.6723110147743
195818875.17235202	-87490695761.54636	224872907045.19144	7364783095.612154	-20357.00895117271	-4739.375570257779	-843.9224894811806
195822475.17235202	-87563975644.32893	224855831547.92487	7361744524.532846	-20354.03668948593	-4747.011536220808	-844.172531905481
195826075.17235202	-87637244823.19354	224838728564.03015	7358705053.545654	-20351.062330159122	-4754.645919239758	-844.4224383101227
195829675.17235202	-87710503290.58974	224821598099.20584	7355664683.140211	-20348.085873900964	-4762.278719324624	-844.672208717537
195833275.17235202	-87783751038.9701	224804440159.15054	7352623413.806061	-20345.107321419604	-4769.909936485468	-844.9218431501433
195836875.17235202	-87856988060.78937	224787254749.56262	7349581246.032673	-20342.126673422652	-4777.539570732418	-845.171341630346
195840475.17235202	-87930214348.50494	224770041876.14075	7346538180.30944	-20339.143930617196	-4785.167622075636	-845.4207041805362
195844075.17235202	-88003429894.57681	224752801544.58325	7343494217.125666	-20336.159093709783	-4792.794090525369	-845.6699308230905
195847675.17235202	-88076634691.46747	224735533760.58847	7340449356.97058	-20333.172163406427	-4800.418976091912	-845.9190215803717
195851275.17235202	-88149828731.6422	224718238529.8548	7337403600.333319	-20330.18314041259	-4808.042278785645	-846.16797647473
195854875.17235202	-88223012007.56815	224700915858.08063	7334356947.702967	-20327.192025433236	-4815.663998616946	-846.4167955284993
195858475.17235202	-88296184511.7157	224683565750.9642	7331309399.568499	-20324.198819172776	-4823.284135596308	-846.6654787640017
195862075.17235202	-88369346236.5575	224666188214.20383	7328260956.418823	-20321.203522335087	-4830.90268973426	-846.9140262035444
195865675.17235202	-88442497174.56873	224648783253.49747	7325211618.742758	-20318.20613562351	-4838.519661041405	-847.162437869421
195869275.17235202	-88515637318.22693	224631350874.54364	7322161387.029065	-20315.20665974087	-4846.135049528365	-847.4107137839105
195872875.17235202	-88588766660.01266	224613891083.04022	7319110261.766392	-20312.205095389454	-4853.748855205873	-847.6588539692798
195876475.17235202	-88661885192.40854	224596403884.6855	7316058243.443331	-20309.201443271002	-4861.361078084675	-847.9068584477791
195880075.17235202	-88734992907.89973	224578889285.17737	7313005332.5483885	-20306.19570408675	-4868.971718175591	-848.1547272416472
195883675.17235202	-88808089798.97435	224561347290.214	7309951529.5699835	-20303.187878537377	-4876.580775489509	-848.4024603731079
195887275.17235202	-88881175858.1225	224543777905.4932	7306896834.996468	-20300.177967323052	-4884.1882500373395	-848.6500578643704
195890875.17235202	-88954251077.83708	224526181136.713	7303841249.316104	-20297.16597114341	-4891.794141830086	-848.8975197376312
195894475.17235202	-89027315450.61356	224508556989.5713	7300784773.017073	-20294.151890697547	-4899.398450878782	-849.1448460150722
195898075.17235202	-89100368968.94977	224490905469.76593	7297727406.587484	-20291.135726684028	-4907.0011771945265	-849.3920367188613
195901675.17235202	-89173411625.34619	224473226582.99475	7294669150.515361	-20288.1174798009	-4914.602320788478	-849.6390918711529
195905275.17235202	-89246443412.30573	224455520334.9555	7291610005.288649	-20285.097150745685	-4922.201881671845	-849.8860114940871
195908875.17235202	-89319464322.33382	224437786731.34595	7288549971.39521	-20282.074740215357	-4929.799859855885	-850.1327956097904
195912475.17235202	-89392474347.93845	224420025777.8638	7285489049.322838	-20279.050248906377	-4937.396255351919	-850.3794442403745
195916075.17235202	-89465473481.62991	224402237480.20663	7282427239.559234	-20276.023677514673	-4944.991068171309	-850.6259574079377
195919675.17235202	-89538461715.92126	224384421844.07217	7279364542.592031	-20272.995026735654	-4952.584298325474	-850.8723351345645
195923275.17235202	-89611439043.32797	224366578875.1579	7276300958.908768	-20269.964297264185	-4960.175945825905	-851.1185774423249
195926875.17235202	-89684405456.36792	224348708579.16138	7273236488.9969225	-20266.931489794617	-4967.766010684107	-851.364684353275
195930475.17235202	-89757360947.5617	224330810961.7801	7270171133.343874	-20263.896605020764	-4975.354492911688	-851.6106558894583
195934075.17235202	-89830305509.43225	224312886028.71155	7267104892.436937	-20260.859643635922	-4982.9413925202725	-851.8564920729021
195937675.17235202	-89903239134.50467	224294933785.65314	7264037766.76335	-20257.820606332876	-4990.5267095215195	-852.1021929256204
195941275.17235202	-89976161815.30753	224276954238.30212	7260969756.810244	-20254.779493803842	-4998.110443927213	-852.347758469615
195944875.17235202	-90049073544.3707	224258947392.35593	7257900863.06471	-20251.73630674056	-5005.692595749104	-852.5931887268712
195948475.17235202	-90121974314.22733	224240913253.51184	7254831086.013735	-20248.691045834206	-5013.2731649990355	-852.8384837193611
195952075.17235202	-90194864117.41296	224222851827.46704	7251760426.144221	-20245.643711775443	-5020.852151688925	-853.083643469044
195955675.17235202	-90267742946.46513	224204763119.91873	7248688883.943022	-20242.59430525444	-5028.429555830667	-853.328667997863
195959275.17235202	-90340610793.92455	224186647136.5641	7245616459.896879	-20239.542826960787	-5036.005377436293	-853.5735573277493
195962875.17235202	-90413467652.334	224168503883.10016	7242543154.492472	-20236.489277583587	-5043.579616517829	-853.8183114806195
195966475.17235202	-90486313514.23874	224150333365.22412	7239468968.216402	-20233.433657811416	-5051.152273087361	-854.062930478375
195970075.17235202	-90559148372.18663	224132135588.63293	7236393901.555187	-20230.37596833232	-5058.723347157023	-854.3074143429042
195973675.17235202	-90631972218.72789	224113910559.02362	7233317954.995269	-20227.316209833814	-5066.292838739003	-854.5517630960815
195977275.17235202	-90704785046.41537	224095658282.09305	7230241129.023006	-20224.254383002914	-5073.860747845548	-854.7959767597667
195980875.17235202	-90777586847.80426	224077378763.5381	7227163424.124681	-20221.190488526092	-5081.427074488934	-855.0400553558065
195984475.17235202	-90850377615.45238	224059072009.05566	7224084840.7865	-20218.124527089298	-5088.991818681495	-855.2839989060326
195988075.17235202	-90923157341.91992	224040738024.3425	7221005379.494583	-20215.05649937798	-5096.554980435628	-855.5278074322637
195991675.17235202	-90995926019.76921	224022376815.09543	7217925040.73499	-20211.98640607705	-5104.116559763724	-855.7714809563024
195995275.17235202	-91068683641.5657	224003988387.01108	7214843824.993676	-20208.914247870896	-5111.676556678283	-856.0150194999397
195998875.17235202	-91141430199.87683	223985572745.78625	7211761732.75654	-20205.84002544339	-5119.234971191825	-856.2584230849513
