186918110.80704	100399969636.8782	168753718650.1258	10444568017.107422	-18602.451763241465	18336.228476142664	234.47933984707856
186921710.80704	100332989458.88487	168819709986.108	10445410961.300333	-18608.75717090122	18325.62476301442	233.82301827099525
186925310.80704	100265986592.8936	168885663147.8146	10446251543.045816	-18615.056206985046	18315.02054579298	233.166869064164
186928910.80704	100198961061.83728	168951578133.4367	10447089762.96451	-18621.348874147865	18304.415827715	232.51089228680718
186932510.80704	100131912888.63925	169017454941.17703	10447925621.677269	-18627.6351750447	18293.81061201315	231.85508799897048
186936110.80704	100064842096.21329	169083293569.24994	10448759119.805162	-18633.915112330655	18283.2049019161	231.199456260523
186939710.80704	99997748707.46361	169149094015.8814	10449590257.969477	-18640.188688660935	18272.598700648552	230.54399713115768
186943310.80704	99930632745.28488	169214856279.30905	10450419036.79171	-18646.455906690822	18261.99201143123	229.88871067039148
186946910.80704	99863494232.56221	169280580357.78204	10451245456.893578	-18652.716769075683	18251.384837480877	229.2335969375656
186950510.80704	99796333192.17113	169346266249.5611	10452069518.897005	-18658.971278470963	18240.777182010264	228.5786559918459
186954110.80704	99729149646.97762	169411913952.91855	10452891223.424133	-18665.219437532185	18230.1690482282	227.9238878922229
186957710.80704	99661943619.8381	169477523466.1382	10453710571.097315	-18671.461248914937	18219.560439339522	227.26929269751227
186961310.80704	99594715133.59946	169543094787.5155	10454527562.539112	-18677.696715274884	18208.951358545117	226.614870466355
186964910.80704	99527464211.09897	169608627915.3573	10455342198.3723	-18683.925839267748	18198.341809041907	225.96062125721764
186968510.80704	99460190875.16438	169674122847.982	10456154479.21986	-18690.148623549318	18187.731794022864	225.3065451283926
186972110.80704	99392895148.61388	169739579583.71948	10456964405.704988	-18696.36507077544	18177.121316677007	224.65264213799836
186975710.80704	99325577054.25607	169804998120.9111	10457771978.451088	-18702.575183602014	18166.51038018941	223.99891234397975
186979310.80704	99258236614.89003	169870378457.9097	10458577198.08177	-18708.778964684992	18155.89898774121	223.34535580410827
186982910.80704	99190873853.30524	169935720593.0795	10459380065.220852	-18714.976416680376	18145.287142509595	222.6919725759822
186986510.80704	99123488792.28165	170001024524.79623	10460180580.49236	-18721.16754224421	18134.674847667826	222.03876271702697
186990110.80704	99056081454.58961	170066290251.447	10460978744.520525	-18727.35234403258	18124.062106385227	221.38572628449543
186993710.80704	98988651862.98996	170131517771.43027	10461774557.929787	-18733.530824701615	18113.448921827196	220.73286333546804
186997310.80704	98921200040.23392	170196707083.156	10462568021.344788	-18739.702986907472	18102.835297155205	220.08017392685315
187000910.80704	98853726009.06319	170261858185.04544	10463359135.390375	-18745.868833306347	18092.221235526802	219.42765811538723
187004510.80704	98786229792.20988	170326971075.53122	10464147900.691603	-18752.02836655446	18081.606740095627	218.77531595763517
187008110.80704	98718711412.39658	170392045753.05734	10464934317.873722	-18758.181589308053	18070.991814011395	218.12314750999053
187011710.80704	98651170892.33627	170457082216.0791	10465718387.562193	-18764.3285042234	18060.376460419917	217.47115282867577
187015310.80704	98583608254.73239	170522080463.06314	10466500110.382675	-18770.46911395678	18049.760682463093	216.81933196974248
187018910.80704	98516023522.27881	170587040492.48737	10467279486.96103	-18776.6034211645	18039.14448327892	216.1676849890717
187022510.80704	98448416717.65985	170651962302.84103	10468056517.923317	-18782.73142850287	18028.527866001503	215.51621194237407
187026110.80704	98380787863.55025	170716845892.62463	10468831203.895802	-18788.853138628216	18017.910833761038	214.86491288519028
187029710.80704	98313136982.61519	170781691260.3499	10469603545.504944	-18794.968554196865	18007.293389683837	214.21378787289106
187033310.80704	98245464097.5103	170846498404.5399	10470373543.377405	-18801.077677865145	17996.675536892322	213.56283696067766
187036910.80704	98177769230.88165	170911267323.72882	10471141198.140045	-18807.180512289386	17986.057278505028	212.91206020358194
187040510.80704	98110052405.36572	170975998016.46216	10471906510.419922	-18813.277060125914	17975.438617636606	212.26145765646675
187044110.80704	98042313643.58946	171040690481.29657	10472669480.84429	-18819.36732403105	17964.819557397834	211.61102937402606
187047710.80704	97974552968.17023	171105344716.7999	10473430110.040598	-18825.451306661096	17954.200100895607	210.96077541078532
187051310.80704	97906770401.71584	171169960721.5512	10474188398.636496	-18831.529010672348	17943.580251232957	210.3106958211016
187054910.80704	97838965966.82454	171234538494.1407	10474944347.259823	-18837.600438721085	17932.960011509043	209.660790659164
187058510.80704	97771139686.085	171299078033.1697	10475697956.538618	-18843.66559346356	17922.339384819163	209.01105997899373
187062110.80704	97703291582.07637	171363579337.25073	10476449227.101114	-18849.724477556007	17911.71837425475	208.36150383444445
187065710.80704	97635421677.3682	171428042405.0074	10477198159.575733	-18855.77709365463	17901.096982903386	207.7121222792025
187069310.80704	97567529994.52046	171492467235.0744	10477944754.591095	-18861.823444415608	17890.475213848793	207.0629153667872
187072910.80704	97499616556.08362	171556853826.09756	10478689012.776009	-18867.863532495085	17879.853070170848	206.41388315055102
187076510.80704	97431681384.59853	171621202176.73376	10479430934.759478	-18873.897360549166	17869.230554945578	205.76502568367985
187080110.80704	97363724502.5965	171685512285.651	10480170521.170694	-18879.924931233923	17858.60767124517	205.1163430191933
187083710.80704	97295745932.59929	171749784151.52826	10480907772.639042	-18885.946247205382	17847.984422137968	204.4678352099449
187087310.80704	97227745697.11908	171814017773.0556	10481642689.794096	-18891.96131111952	17837.360810688486	203.81950230862233
187090910.80704	97159723818.65851	171878213148.93408	10482375273.265617	-18897.970125632277	17826.7368399574	203.1713443677478
187094510.80704	97091680319.71063	171942370277.87582	10483105523.68356	-18903.972693399526	17816.11251300156	202.5233614396781
187098110.80704	97023615222.75894	172006489158.60388	10483833441.67806	-18909.9690170771	17805.48783287399	201.875553576605
187101710.80704	96955528550.27739	172070569789.85236	10484559027.87945	-18915.95909932076	17794.86280262389	201.22792083055546
187105310.80704	96887420324.73036	172134612170.36627	10485282282.918243	-18921.942942786216	17784.23742529665	200.58046325339183
187108910.80704	96819290568.57268	172198616298.90164	10486003207.42514	-18927.920550129114	17773.611703933835	199.93318089681216
187112510.80704	96751139304.24959	172262582174.2254	10486721802.031027	-18933.891924005027	17762.985641573207	199.28607381235042
187116110.80704	96682966554.19681	172326509795.11542	10487438067.366978	-18939.85706706946	17752.359241248712	198.63914205137678
187119710.80704	96614772340.84047	172390399160.36047	10488152004.064247	-18945.815981977852	17741.7325059905	197.99238566509777
187123310.80704	96546556686.59717	172454250268.76025	10488863612.754276	-18951.768671385555	17731.10543882492	197.34580470455663
187126910.80704	96478319613.87392	172518063119.12534	10489572894.068691	-18957.715137947846	17720.47804277452	196.6993992206335
187130510.80704	96410061145.06818	172581837710.2772	10490279848.639297	-18963.655384319918	17709.850320858055	196.0531692640457
187134110.80704	96341781302.56786	172645574041.0481	10490984477.098085	-18969.589413156882	17699.222276090495	195.4071148853479
187137710.80704	96273480108.7513	172709272110.28122	10491686780.077227	-18975.51722711376	17688.593911483018	194.7612361349325
187141310.80704	96205157585.9873	172772931916.83057	10492386758.209072	-18981.438828845483	17677.96523004302	194.1155330630297
187144910.80704	96136813756.6351	172836553459.56094	10493084412.126156	-18987.354221006884	17667.336234774124	193.47000571970793
187148510.80704	96068448643.04436	172900136737.34796	10493779742.46119	-18993.263406252703	17656.706928676173	192.82465415487397
187152110.80704	96000062267.55519	172963681749.07803	10494472749.847065	-18999.166387237576	17646.077314745235	192.17947841827322
187155710.80704	95931654652.49817	173027188493.64835	10495163434.916855	-19005.063166616033	17635.44739597361	191.53447855948997
187159310.80704	95863225820.19429	173090656969.96683	10495851798.303806	-19010.953747042506	17624.81717534984	190.88965462794764
187162910.80704	95794775792.95502	173154087176.9522	10496537840.641348	-19016.83813117131	17614.186655858695	190.245006672909
187166510.80704	95726304593.08223	173217479113.53394	10497221562.563082	-19022.71632165665	17603.5558404812	189.6005347434764
187170110.80704	95657812242.86827	173280832778.6522	10497902964.70279	-19028.58832115262	17592.924732194613	188.95623888859208
187173710.80704	95589298764.59593	173344148171.2578	10498582047.694427	-19034.45413231319	17582.293333972448	188.31211915703835
187177310.80704	95520764180.53844	173407425290.3124	10499258812.172127	-19040.313757792206	17571.66164878447	187.66817559743788
187180910.80704	95452208512.95946	173470664134.78824	10499933258.770193	-19046.1672002434	17561.029679596697	187.02440825825386
187184510.80704	95383631784.11313	173533864703.66824	10500605388.123108	-19052.014462320367	17550.397429371413	186.38081718779034
187188110.80704	95315034016.24402	173597026995.946	10501275200.865524	-19057.855546676576	17539.76490106716	185.73740243419243
187191710.80704	95246415231.58714	173660151010.6258	10501942697.63227	-19063.690455965363	17529.13209763875	185.09416404544655
187195310.80704	95177775452.36797	173723236746.7224	10502607879.058346	-19069.519192839925	17518.499022037264	184.4511020693806
187198910.80704	95109114700.80241	173786284203.26138	10503270745.778921	-19075.341759953324	17507.865677210055	183.80821655366432
187202510.80704	95040432999.09683	173849293379.27878	10503931298.42934	-19081.15815995848	17497.232066100754	183.16550754580948
187206110.80704	94971730369.44806	173912264273.8213	10504589537.645117	-19086.968395508164	17486.59819164928	182.52297509317003
187209710.80704	94903006834.04333	173975196885.94617	10505245464.061934	-19092.772469255004	17475.964056791818	181.88061924294254
187213310.80704	94834262415.0604	174038091214.72122	10505899078.315645	-19098.57038385147	17465.329664460864	181.23844004216625
187216910.80704	94765497134.6674	174100947259.22482	10506550381.042273	-19104.36214194989	17454.69501758519	180.59643753772338
187220510.80704	94696711015.02298	174163765018.5459	10507199372.878008	-19110.147746202423	17444.060119089863	179.9546117763394
187224110.80704	94627904078.27618	174226544491.78384	10507846054.45921	-19115.92719926108	17433.424971896256	179.31296280458324
187227710.80704	94559076346.56654	174289285678.0486	10508490426.422403	-19121.700503777705	17422.78957892204	178.6714906688675
187231310.80704	94490227842.02405	174351988576.46063	10509132489.404284	-19127.467662403975	17412.15394308119	178.0301954154488
187234910.80704	94421358586.76912	174414653186.15085	10509772244.041708	-19133.2286777914	17401.518067283992	177.38907709042783
187238510.80704	94352468602.91266	174477279506.26062	10510409690.971703	-19138.983552591326	17390.88195443704	176.74813573974978
187242110.80704	94283557912.556	174539867535.9418	10511044830.831457	-19144.732289454914	17380.245607443256	176.1073714092045
187245710.80704	94214626537.79094	174602417274.3567	10511677664.258327	-19150.47489103316	17369.609029201863	175.46678414442667
187249310.80704	94145674500.69972	174664928720.678	10512308191.889832	-19156.211359976867	17358.972222608423	174.82637399089617
187252910.80704	94076701823.35509	174727401874.0889	10512936414.363651	-19161.941698936673	17348.33519055481	174.1861409939382
187256510.80704	94007708527.82019	174789836733.7829	10513562332.31763	-19167.665910563017	17337.697935929245	173.54608519872363
187260110.80704	93938694636.14865	174852233298.96396	10514185946.389778	-19173.38399750616	17327.060461616267	172.90620665026913
187263710.80704	93869660170.38458	174914591568.84637	10514807257.218262	-19179.09596241617	17316.42277049676	172.26650539343746
187267310.80704	93800605152.56252	174976911542.65482	10515426265.441414	-19184.801807942917	17305.784865447946	171.6269814729377
187270910.80704	93731529604.70747	175039193219.62433	10516042971.697723	-19190.501536736083	17295.146749343392	170.98763493332552
187274510.80704	93662433548.83492	175101436599.00027	10516657376.625843	-19196.195151445143	17284.50842505301	170.3484658190034
187278110.80704	93593317006.95079	175163641680.03833	10517269480.864584	-19201.88265471938	17273.869895443062	169.7094741742208
187281710.80704	93524180001.05148	175225808462.00452	10517879285.052914	-19207.56404920786	17263.231163376167	169.07066004307444
187285310.80704	93455022553.12386	175287936944.1751	10518486789.829962	-19213.23933755946	17252.592231711304	168.4320234695086
187288910.80704	93385844685.14523	175350027125.83673	10519091995.835014	-19218.908522422826	17241.953103303807	167.7935644973153
187292510.80704	93316646419.08342	175412079006.28622	10519694903.707516	-19224.57160644641	17231.31378100538	167.15528317013442
187296110.80704	93247427776.89665	175474092584.83072	10520295514.087065	-19230.22859227844	17220.674267664093	166.51717953145422
187299710.80704	93178188780.53366	175536067860.78757	10520893827.61342	-19235.879482566925	17210.03456612439	165.8792536246113
187303310.80704	93108929451.93364	175598004833.48438	10521489844.926493	-19241.52427995966	17199.394679227084	165.24150549279094
187306910.80704	93039649813.02625	175659903502.25897	10522083566.66635	-19247.16298710421	17188.754609809374	164.6039351790274
187310510.80704	92970349885.73161	175721763866.45938	10522674993.473213	-19252.795606647916	17178.11436070484	163.96654272620398
187314110.80704	92901029691.96033	175783585925.44382	10523264125.987461	-19258.42214123789	17167.473934743444	163.32932817705344
187317710.80704	92831689253.61346	175845369678.5807	10523850964.849623	-19264.042593521015	17156.83333475154	162.69229157415813
187321310.80704	92762328592.58257	175907115125.24857	10524435510.70038	-19269.65696614394	17146.192563551875	162.05543295995025
187324910.80704	92692947730.74965	175968822264.83618	10525017764.18057	-19275.26526175307	17135.551623963587	161.41875237671206
187328510.80704	92623546689.98718	176030491096.7424	10525597725.931181	-19280.867482994578	17124.910518802222	160.78224986657614
187332110.80704	92554125492.15814	176092121620.37622	10526175396.59335	-19286.46363251439	17114.269250879723	160.1459254715256
187335710.80704	92484684159.11597	176153713835.15677	10526750776.808365	-19292.053712958194	17103.627823004437	159.50977923339434
187339310.80704	92415222712.70456	176215267740.51328	10527323867.217669	-19297.63772697142	17092.98623798113	158.87381119386723
187342910.80704	92345741174.75832	176276783335.88504	10527894668.462849	-19303.21567719926	17082.34449861098	158.2380213944804
187346510.80704	92276239567.1021	176338260620.72144	10528463181.185646	-19308.787566286643	17071.70260769157	157.60240987662144
187350110.80704	92206717911.55125	176399699594.48193	10529029406.027948	-19314.353396878247	17061.06056801692	156.96697668152964
187353710.80704	92137176229.9116	176461100256.63602	10529593343.63179	-19319.91317161849	17050.418382377466	156.33172185029622
187357310.80704	92067614543.97946	176522462606.66324	10530154994.639357	-19325.46689315153	17039.77605356007	155.6966454238645
187360910.80704	91998032875.5416	176583786644.05316	10530714359.692978	-19331.014564121262	17029.133584348023	155.06174744303027
187364510.80704	91928431246.37529	176645072368.3054	10531271439.435131	-19336.556187171314	17018.490977521058	154.4270279484419
187368110.80704	91858809678.24829	176706319778.9295	10531826234.50844	-19342.091764945046	17007.84823585534	153.79248698060056
187371710.80704	91789168192.91884	176767528875.44507	10532378745.555674	-19347.621300085542	16997.20536212348	153.15812457986056
187375310.80704	91719506812.13567	176828699657.38162	10532928973.219746	-19353.14479523562	16986.56235909453	152.52394078642945
187378910.80704	91649825557.63797	176889832124.2787	10533476918.143713	-19358.662253037823	16975.919229533985	151.88993564036838
187382510.80704	91580124451.15544	176950926275.68573	10534022580.97078	-19364.173676134404	16965.275976203804	151.2561091815922
187386110.80704	91510403514.40828	177011982111.16214	10534565962.344292	-19369.67906716734	16954.63260186239	150.62246144986977
187389710.80704	91440662769.10715	177072999630.27722	10535107062.907738	-19375.178428778327	16943.989109264614	149.9889924848242
187393310.80704	91370902236.95322	177133978832.61023	10535645883.304749	-19380.671763608767	16933.3455011618	149.35570232593298
187396910.80704	91301121939.63814	177194919717.75027	10536182424.179098	-19386.15907429978	16922.70178030174	148.72259101252834
187400510.80704	91231321898.84406	177255822285.2964	10536716686.1747	-19391.640363492188	16912.0579494287	148.08965858379736
187404110.80704	91161502136.24362	177316686534.85745	10537248669.93561	-19397.115633826525	16901.414011283414	147.45690507878228
187407710.80704	91091662673.49997	177377512466.0522	10537778376.106022	-19402.58488794302	16890.769968603086	146.82433053638073
187411310.80704	91021803532.26672	177438300078.50922	10538305805.330273	-19408.04812848161	16880.125824121413	146.19193499534583
187414910.80704	90951924734.18802	177499049371.86697	10538830958.252836	-19413.505358081922	16869.48158056856	145.5597184942866
187418510.80704	90882026300.89848	177559760345.7737	10539353835.518326	-19418.956579383288	16858.83724067119	144.92768107166808
187422110.80704	90812108254.02324	177620432999.88748	10539874437.771492	-19424.40179502473	16848.192807152445	144.2958227658115
187425710.80704	90742170615.17792	177681067333.87613	10540392765.657225	-19429.84100764495	16837.548282731972	143.66414361489467
187429310.80704	90672213405.96864	177741663347.41733	10540908819.82055	-19435.274219882354	16826.903670125903	143.0326436569521
187432910.80704	90602236647.99205	177802221040.1985	10541422600.906631	-19440.701434375023	16816.258972046875	142.40132292987522
187436510.80704	90532240362.83527	177862740411.91675	10541934109.560768	-19446.12265376072	16805.61419120403	141.77018147141263
187440110.80704	90462224572.07593	177923221462.27908	10542443346.428394	-19451.5378806769	16794.96933030301	141.13921931917034
187443710.80704	90392189297.28218	177983664191.0021	10542950312.155079	-19456.947117760683	16784.324392045975	140.50843651061197
187447310.80704	90322134560.01268	178044068597.81223	10543455007.386528	-19462.35036764887	16773.679379131594	139.877833083059
187450910.80704	90252060381.81657	178104434682.4455	10543957432.76858	-19467.74763297793	16763.034294255052	139.24740907369093
187454510.80704	90181966784.23354	178164762444.64774	10544457588.947205	-19473.138916384014	16752.38914010806	138.6171645195456
187458110.80704	90111853788.79375	178225051884.17438	10544955476.56851	-19478.52422050293	16741.743919378845	137.98709945751935
187461710.80704	90041721417.0179	178285303000.7906	10545451096.278734	-19483.90354797016	16731.09863475217	137.35721392436724
187465310.80704	89971569690.41719	178345515794.27115	10545944448.724245	-19489.27690142084	16720.45328890932	136.7275079567033
187468910.80704	89901398630.49333	178405690264.40048	10546435534.551544	-19494.644283489768	16709.80788452812	136.09798159100075
187472510.80704	89831208258.73856	178465826410.9727	10546924354.407265	-19500.00569681141	16699.16242428293	135.4686348635922
187476110.80704	89760998596.63562	178525924233.79147	10547410908.938171	-19505.361144019884	16688.516910844653	134.8394678106699
187479710.80704	89690769665.65779	178585983732.67014	10547895198.791155	-19510.71062774895	16677.871346880736	134.21048046828597
187483310.80704	89620521487.26884	178646004907.43158	10548377224.61324	-19516.054150632037	16667.22573505517	133.58167287235253
187486910.80704	89550254082.9231	178705987757.9083	10548856987.051575	-19521.391715302205	16656.580078028503	132.95304505864206
187490510.80704	89479967474.06537	178765932283.94232	10549334486.753443	-19526.723324392173	16645.93437845783	132.32459706278755
187494110.80704	89409661682.13101	178825838485.3853	10549809724.366251	-19532.0489805343	16635.288638996815	131.69632892028267
187497710.80704	89339336728.5459	178885706362.09842	10550282700.537535	-19537.368686360584	16624.642862295674	131.06824066648207
187501310.80704	89268992634.72644	178945535913.95233	10550753415.914957	-19542.682444502665	16613.997051001188	130.44033233660159
187504910.80704	89198629422.07954	179005327140.82727	10551221871.146309	-19547.990257591817	16603.351207756714	129.81260396571844
187508510.80704	89128247112.00269	179065080042.613	10551688066.879503	-19553.292128258952	16592.705335202176	129.18505558877146
187512110.80704	89057845725.88383	179124794619.20874	10552152003.762583	-19558.588059134607	16582.05943597407	128.55768724056134
187515710.80704	88987425285.10152	179184470870.5232	10552613682.443712	-19563.878052848955	16571.41351270548	127.93049895575075
187519310.80704	88916985811.02477	179244108796.47455	10553073103.571182	-19569.162112031794	16560.767568026058	127.3034907688647
187522910.80704	88846527325.01317	179303708396.99045	10553530267.793407	-19574.440239312546	16550.121604562053	126.67666271429067
187526510.80704	88776049848.41684	179363269672.008	10553985175.758924	-19579.712437320253	16539.475624936298	126.05001482627884
187530110.80704	88705553402.57643	179422792621.47372	10554437828.116396	-19584.978708683586	16528.829631768218	125.42354713894233
187533710.80704	88635038008.82314	179482277245.3436	10554888225.514606	-19590.239056030823	16518.183627673836	124.79725968625738
187537310.80704	88564503688.47867	179541723543.58298	10555336368.602459	-19595.493481989863	16507.53761526577	124.17115250206362
187540910.80704	88493950462.85532	179601131516.16666	10555782258.028982	-19600.741989188213	16496.89159715324	123.54522562006426
187544510.80704	88423378353.25587	179660501163.07877	10556225894.443325	-19605.984580253	16486.24557594208	122.9194790738263
187548110.80704	88352787380.9737	179719832484.31284	10556667278.494757	-19611.22125781095	16475.599554234723	122.29391289678077
187551710.80704	88282177567.29268	179779125479.87177	10557106410.832664	-19616.4520244884	16464.95353463022	121.66852712222293
187555310.80704	88211548933.48727	179838380149.7678	10557543292.106558	-19621.67688291129	16454.30751972423	121.04332178331248
187558910.80704	88140901500.82246	179897596494.02252	10557977922.966066	-19626.895835705163	16443.66151210904	120.41829691307382
187562510.80704	88070235290.5538	179956774512.66684	10558410304.060934	-19632.10888549516	16433.01551437356	119.7934525443962
187566110.80704	87999550323.92735	180015914205.74097	10558840436.041027	-19637.316034906016	16422.369529103322	119.16878871003402
187569710.80704	87928846622.17978	180075015573.29443	10559268319.556326	-19642.517286562063	16411.723558880483	118.54430544260697
187573310.80704	87858124206.53827	180134078615.38605	10559693955.256931	-19647.712643087227	16401.07760628384	117.92000277460028
187576910.80704	87787383098.22057	180193103332.08392	10560117343.79306	-19652.902107105023	16390.431673888826	117.29588073836494
187580510.80704	87716623318.43498	180252089723.4654	10560538485.815044	-19658.085681238554	16379.785764267506	116.67193936611793
187584110.80704	87645844888.38037	180311037789.61707	10560957381.973331	-19663.263368110507	16369.139879988594	116.04817868994236
187587710.80704	87575047829.24615	180369947530.6348	10561374032.918486	-19668.435170343153	16358.49402361745	115.4245987417878
187591310.80704	87504232162.21233	180428818946.62366	10561788439.301184	-19673.60109055835	16347.84819771608	114.80119955347041
187594910.80704	87433397908.44942	180487652037.69797	10562200601.77222	-19678.761131377523	16337.202404843149	114.17798115667317
187598510.80704	87362545089.11855	180546446803.98123	10562610520.9825	-19683.915295421684	16326.55664755397	113.55494358294611
187602110.80704	87291673725.37137	180605203245.60614	10563018197.583042	-19689.063585311418	16315.910928400523	112.93208686370653
187605710.80704	87220783838.35014	180663921362.71454	10563423632.224981	-19694.206003666877	16305.265249931444	112.3094110302392
187609310.80704	87149875449.18767	180722601155.45752	10563826825.55956	-19699.34255310779	16294.619614692045	111.68691611369657
187612910.80704	87078948579.00732	180781242623.99527	10564227778.238138	-19704.473236253445	16283.974025224297	111.06460214509899
187616510.80704	87008003248.92305	180839845768.49713	10564626490.91218	-19709.59805572271	16273.328484066851	110.44246915533492
187620110.80704	86937039480.03938	180898410589.14157	10565022964.233267	-19714.717014134	16262.682993755032	109.82051717516116
187623710.80704	86866057293.45142	180956937086.1162	10565417198.853088	-19719.830114105298	16252.037556820846	109.198746235203
187627310.80704	86795056710.24481	181015425259.61777	10565809195.423445	-19724.93735825415	16241.392175792978	108.57715636595455
187630910.80704	86724037751.49583	181073875109.85205	10566198954.596245	-19730.038749197654	16230.746853196808	107.95574759777882
187634510.80704	86653000438.2713	181132286637.03394	10566586477.023506	-19735.134289552465	16220.101591554398	107.33451996090803
187638110.80704	86581944791.62863	181190659841.38742	10566971763.357357	-19740.22398193479	16209.456393384506	106.71347348544374
187641710.80704	86510870832.6158	181248994723.1455	10567354814.25003	-19745.307828960384	16198.811261202585	106.09260820135714
187645310.80704	86439778582.2714	181307291282.5503	10567735630.353872	-19750.385833244552	16188.166197520792	105.47192413848921
187648910.80704	86368668061.62459	181365549519.85287	10568114212.32133	-19755.457997402147	16177.521204847983	104.85142132655095
187652510.80704	86297539291.69511	181423769435.31342	10568490560.80496	-19760.52432404756	16166.876285689721	104.23109979512357
187656110.80704	86226392293.49332	181481951029.20105	10568864676.457426	-19765.584815794733	16156.231442548282	103.61095957365873
187659710.80704	86155227088.02013	181540094301.79398	10569236559.931498	-19770.63947525714	16145.586677922653	102.99100069147873
187663310.80704	86084043696.26707	181598199253.3793	10569606211.880047	-19775.68830504779	16134.941994308538	102.37122317777671
187666910.80704	86012842139.21626	181656265884.2532	10569973632.956055	-19780.73130777924	16124.29739419836	101.75162706161689
187670510.80704	85941622437.84041	181714294194.72073	10570338823.812603	-19785.768486063564	16113.652880081267	101.13221237193474
187674110.80704	85870384613.10281	181772284185.09595	10570701785.102879	-19790.79984251238	16103.008454443132	100.51297913753723
187677710.80704	85799128685.95738	181830235855.70187	10571062517.480173	-19795.82537973683	16092.36411976656	99.893927387103
187681310.80704	85727854677.34863	181888149206.8704	10571421021.597881	-19800.845100347582	16081.719878530886	99.27505714918262
187684910.80704	85656562608.21169	181946024238.94238	10571777298.109497	-19805.859006954826	16071.075733212185	98.65636845219872
187688510.80704	85585252499.47224	182003860952.26758	10572131347.66862	-19810.867102168282	16060.43168628327	98.03786132444628
187692110.80704	85513924372.04662	182061659347.20465	10572483170.92895	-19815.869388597184	16049.787740213695	97.4195357940928
187695710.80704	85442578246.84175	182119419424.12112	10572832768.544287	-19820.865868850287	16039.143897469765	96.80139188917848
187699310.80704	85371214144.75517	182177141183.3934	10573180141.168535	-19825.856545535862	16028.500160514533	96.18342963761648
187702910.80704	85299832086.67503	182234824625.40674	10573525289.455696	-19830.841421261695	16017.856531807805	95.56564906719314
187706510.80704	85228432093.4801	182292469750.55527	10573868214.05987	-19835.820498635087	16007.213013806142	94.94805020556808
187710110.80704	85157014186.03975	182350076559.24194	10574208915.63526	-19840.79378026284	15996.569608962865	94.33063308027454
187713710.80704	85085578385.21397	182407645051.87854	10574547394.836164	-19845.761268751274	15985.926319728062	93.71339771871949
187717310.80704	85014124711.85338	182465175228.88565	10574883652.316984	-19850.72296670621	15975.283148548582	93.0963441481839
187720910.80704	84942653186.7992	182522667090.6927	10575217688.732214	-19855.678876732974	15964.640097868049	92.47947239582291
187724510.80704	84871163830.88329	182580120637.73782	10575549504.736448	-19860.6290014364	15953.997170126855	91.86278248866604
187728110.80704	84799656664.92812	182637535870.46805	10575879100.984379	-19865.573343420805	15943.354367762171	91.24627445361743
187731710.80704	84728131709.7468	182694912789.33908	10576206478.130793	-19870.511905290023	15932.711693207946	90.62994831745598
187735310.80704	84656588986.14305	182752251394.81543	10576531636.830574	-19875.444689647375	15922.069148894914	90.01380410683562
187738910.80704	84585028514.91122	182809551687.37033	10576854577.738703	-19880.371699095675	15911.426737250593	89.39784184828548
187742510.80704	84513450316.83632	182866813667.48575	10577175301.510256	-19885.292936237234	15900.784460699293	88.78206156821011
187746110.80704	84441854412.69395	182924037335.65237	10577493808.8004	-19890.20840367385	15890.142321662113	88.16646329288969
187749710.80704	84370240823.25038	182981222692.36963	10577810100.2644	-19895.118104006804	15879.500322556953	87.5510470484802
187753310.80704	84298609569.2625	183038369738.1456	10578124176.557617	-19900.02203983687	15868.858465798508	86.93581286101366
187756910.80704	84226960671.47783	183095478473.49707	10578436038.3355	-19904.920213764304	15858.216753798279	86.32076075639831
187760510.80704	84155294150.63455	183152548898.94952	10578745686.253595	-19909.81262838884	15847.575188964569	85.70589076041885
187764110.80704	84083610027.46147	183209581015.03708	10579053120.967537	-19914.699286309704	15836.933773702494	85.0912028987366
187767710.80704	84011908322.67804	183266574822.30255	10579358343.133057	-19919.580190125584	15826.292510413981	84.47669719688972
187771310.80704	83940189056.99437	183323530321.29733	10579661353.405975	-19924.455342434652	15815.651401497773	83.86237368029342
187774910.80704	83868452251.1112	183380447512.58148	10579962152.442207	-19929.324745834554	15805.010449349431	83.24823237424015
187778510.80704	83796697925.71994	183437326396.72366	10580260740.897753	-19934.18840292241	15794.36965636134	82.6342733038998
187782110.80704	83724926101.50262	183494166974.30115	10580557119.428707	-19939.046316294804	15783.72902492271	82.02049649431994
187785710.80704	83653136799.13196	183550969245.8998	10580851288.691254	-19943.89848854779	15773.08855741958	81.40690197042596
187789310.80704	83581330039.2713	183607733212.11414	10581143249.341665	-19948.744922276896	15762.448256234822	80.7934897570213
187792910.80704	83509505842.57468	183664458873.54715	10581433002.036306	-19953.5856200771	15751.808123748144	80.18025987878768
187796510.80704	83437664229.68675	183721146230.81042	10581720547.431625	-19958.420584542855	15741.16816233609	79.56721236028524
187800110.80704	83365805221.24286	183777795284.5241	10582005886.184162	-19963.24981826807	15730.528374372047	78.9543472259528
187803710.80704	83293928837.869	183834406035.3169	10582289018.950542	-19968.073323846107	15719.888762226248	78.34166450010802
187807310.80704	83222035100.18184	183890978483.82596	10582569946.387482	-19972.89110386979	15709.249328265776	77.72916420694762
187810910.80704	83150124028.7887	183947512630.69705	10582848669.151781	-19977.703160931404	15698.610074854563	77.11684637054755
187814510.80704	83078195644.28758	184004008476.5844	10583125187.900328	-19982.509497622672	15687.971004353398	76.50471101486323
187818110.80704	83006249967.26715	184060466022.15073	10583399503.290094	-19987.310116534776	15677.332119119928	75.89275816372974
187821710.80704	82934287018.30676	184116885268.06723	10583671615.97814	-19992.10502025835	15666.693421508662	75.28098784086198
187825310.80704	82862306817.97641	184173266215.01358	10583941526.62161	-19996.894211383467	15656.054913870972	74.66940006985494
187828910.80704	82790309386.8368	184229608863.6779	10584209235.877733	-20001.677692499652	15645.4165985551	74.05799487418383
187832510.80704	82718294745.43932	184285913214.75677	10584474744.403822	-20006.45546619587	15634.77847790616	73.44677227720432
187836110.80704	82646262914.32599	184342179268.95523	10584738052.857275	-20011.22753506052	15624.140554266138	72.8357323021527
187839710.80704	82574213914.02957	184398407026.9867	10584999161.895573	-20015.993901681453	15613.502829973899	72.22487497214614
187843310.80704	82502147765.07347	184454596489.57306	10585258072.176277	-20020.754568645953	15602.86530736519	71.61420031018281
187846910.80704	82430064487.9718	184510747657.44455	10585514784.357035	-20025.509538540737	15592.227988772642	71.00370833914216
187850510.80704	82357964103.22935	184566860531.33984	10585769299.095575	-20030.258813951958	15581.590876525772	70.39339908178506
187854110.80704	82285846631.34163	184622935112.00595	10586021617.049707	-20035.0023974652	15570.95397295099	69.78327256075401
187857710.80704	82213712092.79478	184678971400.19827	10586271738.877323	-20039.740291665476	15560.3172803716	69.17332879857335
187861310.80704	82141560508.0657	184734969396.6806	10586519665.236395	-20044.47249913723	15549.680801107803	68.56356781764946
187864910.80704	82069391897.62196	184790929102.225	10586765396.784975	-20049.199022464334	15539.044537476699	67.9539896402709
187868510.80704	81997206281.92183	184846850517.61197	10587008934.181196	-20053.919864230076	15528.408491792292	67.34459428860873
187872110.80704	81925003681.41428	184902733643.63022	10587250278.083271	-20058.635027017175	15517.772666365494	66.73538178471657
187875710.80704	81852784116.53899	184958578481.07687	10587489429.14949	-20063.34451340777	15507.137063504128	66.12635215053086
187879310.80704	81780547607.72632	185014385030.7573	10587726388.038225	-20068.048325983415	15496.501685512927	65.5175054078711
187882910.80704	81708294175.39738	185070153293.48517	10587961155.407923	-20072.746467325083	15485.866534693545	64.90884157843996
187886510.80704	81636023839.96397	185125883270.08246	10588193731.91711	-20077.438940013166	15475.231613344553	64.30036068382353
187890110.80704	81563736621.82858	185181574961.37936	10588424118.224394	-20082.125746627462	15464.596923761446	63.692062745491484
187893710.80704	81491432541.38445	185237228368.2144	10588652314.988451	-20086.80688974719	15453.962468236645	63.08394778479731
187897310.80704	81419111619.0155	185292843491.43427	10588878322.868042	-20091.482371950973	15443.328249059501	62.47601582297848
187900910.80704	81346773875.0964	185348420331.89398	10589102142.522	-20096.152195816845	15432.694268516298	61.86826688115666
187904510.80704	81274419329.99254	185403958890.4567	10589323774.609234	-20100.816363922244	15422.060528890253	61.26070098033787
187908110.80704	81202048004.06	185459459167.99384	10589543219.78873	-20105.474878844016	15411.427032461528	60.65331814141274
187911710.80704	81129659917.6456	185514921165.385	10589760478.719551	-20110.12774315841	15400.793781507222	60.04611838515663
187915310.80704	81057255091.0869	185570344883.518	10589975552.06083	-20114.77495944107	15390.16077830138	59.4391017322299
187918910.80704	80984833544.71217	185625730323.28882	10590188440.471773	-20119.416530267048	15379.528025115002	58.83226820317803
187922510.80704	80912395298.84044	185681077485.6016	10590399144.611666	-20124.05245821079	15368.895524216032	58.225617818431864
187926110.80704	80839940373.78143	185736386371.36865	10590607665.139864	-20128.682745846134	15358.263277869373	57.61915059830778
187929710.80704	80767468789.83563	185791656981.51044	10590814002.715796	-20133.307395746317	15347.631288336886	57.0128665630079
187933310.80704	80694980567.29425	185846889316.95557	10591018157.998962	-20137.926410483968	15336.999557877394	56.406765732620244
187936910.80704	80622475726.43925	185902083378.64075	10591220131.64894	-20142.539792631105	15326.368088746685	55.80084812711897
187940510.80704	80549954287.54333	185957239167.51083	10591419924.32537	-20147.147544759137	15315.736883197515	55.195113766364535
187944110.80704	80477416270.86993	186012356684.51877	10591617536.687975	-20151.749669438857	15305.10594347961	54.589562670103895
187947710.80704	80404861696.67323	186067435930.62558	10591812969.396538	-20156.346169240445	15294.47527183967	53.984194857970685
187951310.80704	80332290585.19817	186122476906.80038	10592006223.110918	-20160.937046733467	15283.844870521376	53.37901034948543
187954910.80704	80259702956.68044	186177479614.0204	10592197298.491043	-20165.522304486865	15273.214741765387	52.77400916405573
187958510.80704	80187098831.34647	186232444053.27084	10592386196.19691	-20170.101945068967	15262.584887809346	52.16919132097641
187962110.80704	80114478229.41347	186287370225.54504	10592572916.888588	-20174.67597104748	15251.955310887884	51.56455683942979
187965710.80704	80041841171.08937	186342258131.84436	10592757461.226212	-20179.244384989484	15241.326013232623	50.96010573848581
187969310.80704	79969187676.5729	186397107773.17813	10592939829.869986	-20183.807189461433	15230.696997072178	50.35583803710223
187972910.80704	79896517766.05354	186451919150.56375	10593120023.48018	-20188.36438702916	15220.06826463216	49.75175375412484
187976510.80704	79823831459.7115	186506692265.0266	10593298042.717138	-20192.915980257865	15209.439818135179	49.14785290828763
187980110.80704	79751128777.7178	186561427117.60013	10593473888.241266	-20197.46197171212	15198.811659800851	48.54413551821299
187983710.80704	79678409740.23422	186616123709.32565	10593647560.713037	-20202.002363955868	15188.183791845795	47.940601602411895
187987310.80704	79605674367.4133	186670782041.25253	10593819060.792994	-20206.53715955241	15177.556216483643	47.337251179284095
187990910.80704	79532922679.39835	186725402114.4381	10593988389.14174	-20211.06636106442	15166.928935925036	46.73408426711831
187994510.80704	79460154696.32346	186779983929.94763	10594155546.419952	-20215.589971053934	15156.301952377633	46.131100884092405
187998110.80704	79387370438.3135	186834527488.8543	10594320533.288364	-20220.107992082347	15145.67526804611	45.528301048273576
188001710.80704	79314569925.48415	186889032792.2393	10594483350.40778	-20224.62042671042	15135.048885132168	44.92568477761856
188005310.80704	79241753177.9418	186943499841.19162	10594643998.439064	-20229.12727749826	15124.422805834529	44.3232520899738
188008910.80704	79168920215.78369	186997928636.8083	10594802478.043148	-20233.628547005344	15113.797032348946	43.72100300307566
188012510.80704	79096071059.09782	187052319180.19415	10594958789.881027	-20238.1242377905	15103.171566868205	43.118937534550575
188016110.80704	79023205727.963	187106671472.46198	10595112934.61376	-20242.614352411903	15092.546411582121	42.517055701915275
188019710.80704	78950324242.44879	187160985514.7324	10595264912.902466	-20247.09889342709	15081.921568677555	41.91535752257695
188023310.80704	78877426622.61559	187215261308.1339	10595414725.408327	-20251.57786339294	15071.297040338402	41.31384301383344
188026910.80704	78804512888.51456	187269498853.80292	10595562372.792591	-20256.051264865688	15060.672828745604	40.71251219287343
188030510.80704	78731583060.18768	187323698152.8836	10595707855.716562	-20260.519100400907	15050.04893607715	40.11136507677664
188034110.80704	78658637157.66774	187377859206.528	10595851174.84161	-20264.98137255352	15039.425364508077	39.510401682513994
188037710.80704	78585675200.9783	187431982015.896	10595992330.829163	-20269.438083877798	15028.80211621048	38.90962202694781
188041310.80704	78512697210.13376	187486066582.15524	10596131324.34071	-20273.88923692735	15018.179193353506	38.309026126831995
188044910.80704	78439703205.1393	187540112906.48126	10596268156.037802	-20278.334834255118	15007.556598103365	37.70861399881224
188048510.80704	78366693205.99092	187594120990.0573	10596402826.582048	-20282.7748784134	14996.934332623328	37.10838565942618
188052110.80704	78293667232.67546	187648090834.07446	10596535336.635117	-20287.209371953813	14986.312399073735	36.508341125103605
188055710.80704	78220625305.17053	187702022439.73154	10596665686.858734	-20291.638317427325	14975.69079961199	35.90848041216661
188059310.80704	78147567443.4446	187755915808.23514	10596793877.914688	-20296.06171738423	14965.069536392573	35.308803536829814
188062910.80704	78074493667.45692	187809770940.79962	10596919910.464823	-20300.479574374152	14954.44861156704	34.70931051520053
188066510.80704	78001403997.15761	187863587838.64706	10597043785.171041	-20304.891890946055	14943.828027284026	34.11000136327895
188070110.80704	77928298452.48756	187917366503.0073	10597165502.695301	-20309.298669648226	14933.207785689243	33.51087609695833
188073710.80704	77855177053.37852	187971106935.11783	10597285063.699621	-20313.699913028282	14922.587888925493	32.911934732025166
188077310.80704	77782039819.75308	188024809136.2239	10597402468.846073	-20318.095623633166	14911.968339132662	32.313177284159394
188080910.80704	77708886771.52464	188078473107.5785	10597517718.796787	-20322.485804009146	14901.34913844773	31.71460376893455
188084510.80704	77635717928.59744	188132098850.4422	10597630814.213947	-20326.870456701814	14890.730289004769	31.116214201817964
188088110.80704	77562533310.86656	188185686366.08337	10597741755.759796	-20331.24958425608	14880.111792934951	30.51800859817095
188091710.80704	77489332938.21791	188239235655.77795	10597850544.096628	-20335.623189216174	14869.493652366547	29.919986973248978
188095310.80704	77416116830.52826	188292746720.80957	10597957179.886795	-20339.991274125652	14858.87586942493	29.32214934220185
188098910.80704	77342885007.6652	188346219562.4695	10598061663.792702	-20344.353841527383	14848.258446232581	28.724495720073897
188102510.80704	77269637489.48721	188399654182.0567	10598163996.476809	-20348.710893963547	14837.641384909093	28.12702612180415
188106110.80704	77196374295.84358	188453050580.87766	10598264178.601625	-20353.062433975643	14827.024687571167	27.52974056222652
188109710.80704	77123095446.57445	188506408760.24652	10598362210.82972	-20357.40846410448	14816.408356332624	26.932639056069988
188113310.80704	77049800961.51083	188559728721.48508	10598458093.82371	-20361.74898689018	14805.792393304402	26.335721617958768
188116910.80704	76976490860.4746	188613010465.92267	10598551828.246267	-20366.08400487217	14795.176800594563	25.738988262412505
188120510.80704	76903165163.27846	188666253994.89624	10598643414.760115	-20370.41352058919	14784.561580308291	25.142439003846444
188124110.80704	76829823889.72601	188719459309.7503	10598732854.028028	-20374.737536579287	14773.946734547902	24.546073856571617
188127710.80704	76756467059.61171	188772626411.83694	10598820146.712833	-20379.056055379806	14763.332265412842	23.949892834795023
188131310.80704	76683094692.72086	188825755302.51575	10598905293.477407	-20383.3690795274	14752.71817499969	23.353895952619798
188134910.80704	76609706808.82965	188878845983.1539	10598988294.984676	-20387.676611558025	14742.104465402166	22.758083224045407
188138510.80704	76536303427.70514	188931898455.12613	10599069151.897621	-20391.978654006933	14731.491138711126	22.162454662967814
188142110.80704	76462884569.10526	188984912719.81464	10599147864.879269	-20396.27520940868	14720.878197014574	21.56701028317966
188145710.80704	76389450252.77881	189037888778.60913	10599224434.592695	-20400.566280297113	14710.265642397659	20.97175009837045
188149310.80704	76316000498.46548	189090826632.9069	10599298861.701027	-20404.85186920538	14699.653476942678	20.376674122126733
188152910.80704	76242535325.89586	189143726284.1126	10599371146.867441	-20409.131978665926	14689.041702729086	19.781782367932273
188156510.80704	76169054754.79138	189196587733.63852	10599441290.75516	-20413.40661121048	14678.43032183349	19.187074849168226
188160110.80704	76095558804.8644	189249410982.9043	10599509294.027454	-20417.67576937007	14667.819336329658	18.592551579113334
188163710.80704	76022047495.81813	189302196033.33707	10599575157.347645	-20421.93945567501	14657.208748288518	17.998212570944084
188167310.80704	75948520847.34673	189354942886.37143	10599638881.379095	-20426.197672654904	14646.598559778166	17.404057837734893
188170910.80704	75874978879.13518	189407651543.4494	10599700466.785221	-20430.450422838643	14635.988772863864	16.810087392458296
188174510.80704	75801421610.8594	189460322006.02045	10599759914.229483	-20434.697708754407	14625.379389608046	16.216301247985108
188178110.80704	75727849062.18623	189512954275.54144	10599817224.375383	-20438.939532929653	14614.770412070322	15.62269941708461
188181710.80704	75654261252.77338	189565548353.47668	10599872397.886477	-20443.175897891128	14604.161842307478	15.029281912424727
188185310.80704	75580658202.26945	189618104241.29785	10599925435.42636	-20447.406806164858	14593.55368237348	14.436048746572208
188188910.80704	75507039930.314	189670621940.48404	10599976337.658674	-20451.632260276147	14582.945934319478	13.842999931992791
188192510.80704	75433406456.53743	189723101452.52167	10600025105.247107	-20455.85226274958	14572.338600193809	13.250135481051391
188196110.80704	75359757800.56113	189775542778.9046	10600071738.855389	-20460.066816109018	14561.731682042	12.657455406012268
188199710.80704	75286093981.99734	189827945921.134	10600116239.147295	-20464.275922877598	14551.125181906771	12.064959719039209
188203310.80704	75212415020.44928	189880310880.7184	10600158606.786646	-20468.479585577734	14540.519101828037	11.472648432195703
188206910.80704	75138720935.51103	189932637659.17368	10600198842.437302	-20472.677806731106	14529.913443842912	10.880521557445116
188210510.80704	75065011746.76764	189984926258.023	10600236946.763168	-20476.870588858674	14519.308209985711	10.288579106650866
188214110.80704	74991287473.79506	190037176678.79694	10600272920.428192	-20481.05793448066	14508.703402287956	9.696821091576599
188217710.80704	74917548136.16017	190089388923.0333	10600306764.096363	-20485.239846116565	14498.099022778375	9.10524752388636
188221310.80704	74843793753.42079	190141562992.2772	10600338478.431713	-20489.416326285147	14487.495073482909	8.513858415144773
188224910.80704	74770024345.12566	190193698888.08105	10600368064.098316	-20493.58737750444	14476.89155642471	7.9226537768172065
188228510.80704	74696239930.81447	190245796612.00458	10600395521.760284	-20497.753002291727	14466.288473624152	7.331633620269957
188232110.80704	74622440530.01785	190297856165.6147	10600420852.081774	-20501.913203163575	14455.685827098823	6.740797956770418
188235710.80704	74548626162.25737	190349877550.48563	10600444055.726978	-20506.067982635795	14445.083618863539	6.1501467974872535
188239310.80704	74474796847.04553	190401860768.19885	10600465133.360134	-20510.217343223467	14434.481850930337	5.559680153490572
188242910.80704	74400952603.8858	190453805820.34308	10600484085.645515	-20514.36128744093	14423.88052530849	4.9693980357521
188246510.80704	74327093452.27258	190505712708.51425	10600500913.247437	-20518.49981780178	14413.279644004499	4.379300455145349
188250110.80704	74253219411.69124	190557581434.3155	10600515616.83025	-20522.632936818867	14402.6792090221	3.7893874224457926
188253710.80704	74179330501.61809	190609411999.35718	10600528197.058348	-20526.7606470043	14392.07922236227	3.1996589483310367
188257310.80704	74105426741.5204	190661204405.25687	10600538654.59616	-20530.882950869436	14381.479686023225	2.610115043380992
188260910.80704	74031508150.8564	190712958653.6393	10600546990.108156	-20534.99985092489	14370.880602000427	2.020755718078047
188264510.80704	73957574749.0753	190764674746.13644	10600553204.258839	-20539.11134968053	14360.281972286582	1.4315809828072368
188268110.80704	73883626555.61725	190816352684.38733	10600557297.712751	-20543.217449645465	14349.68379887165	0.8425908478564158
188271710.80704	73809663589.91339	190867992470.03824	10600559271.134476	-20547.318153328055	14339.086083742844	0.2537853234164279
188275310.80704	73735685871.38582	190919594104.74258	10600559125.188625	-20551.413463235913	14328.488828884632	-0.3348355804187245
188278910.80704	73661693419.44762	190971157590.16092	10600556860.539854	-20555.503381875893	14317.89203627874	-0.9232718536517082
188282510.80704	73587686253.50282	191022682927.96088	10600552477.852848	-20559.58791175409	14307.295707904159	-1.5115234863816887
188286110.80704	73513664392.94649	191074170119.81726	10600545977.792332	-20563.66705537585	14296.699845737145	-2.0995904688041596
188289710.80704	73439627857.16461	191125619167.412	10600537361.023064	-20567.74081524575	14286.10445175122	-2.687472791210771
188293310.80704	73365576665.53421	191177030072.43405	10600526628.209839	-20571.809193867623	14275.50952791718	-3.275170443989162
188296910.80704	73291510837.42326	191228402836.57953	10600513780.017483	-20575.872193744526	14264.915076203095	-3.8626834176227876
188300510.80704	73217430392.19075	191279737461.5516	10600498817.110859	-20579.92981737876	14254.32109857431	-4.4500117026907535
188304110.80704	73143335349.18663	191331033949.06052	10600481740.154861	-20583.982067271863	14243.727596993453	-5.037155289867646
188307710.80704	73069225727.75188	191382292300.82358	10600462549.81442	-20588.028945924605	14233.134573420433	-5.624114169923358
188311310.80704	72995101547.21846	191433512518.56512	10600441246.754498	-20592.070455836994	14222.542029812448	-6.210888333722923
188314910.80704	72920962826.90935	191484694604.01654	10600417831.640087	-20596.106599508268	14211.949968123983	-6.797477772226345
188318510.80704	72846809586.1385	191535838558.91626	10600392305.136217	-20600.1373794369	14201.358390306816	-7.383882476488429
188322110.80704	72772641844.2109	191586944385.00974	10600364667.907948	-20604.162798120586	14190.767298310018	-7.970102437658612
188325710.80704	72698459620.42253	191638012084.0494	10600334920.620369	-20608.182858056258	14180.176694079963	-8.556137646980796
188329310.80704	72624262934.0604	191689041657.79477	10600303063.938602	-20612.19756174007	14169.58657956032	-9.14198809579318
188332910.80704	72550051804.40251	191740033108.01224	10600269098.527802	-20616.20691166741	14158.996956692068	-9.727653775528086
188336510.80704	72475826250.71791	191790986436.47525	10600233025.053152	-20620.21091033288	14148.407827413488	-10.313134677711803
188340110.80704	72401586292.26665	191841901644.96423	10600194844.179867	-20624.209560230312	14137.819193660176	-10.898430793964408
188343710.80704	72327331948.29979	191892778735.26654	10600154556.573189	-20628.202863852766	14127.231057365036	-11.483542115999601
188347310.80704	72253063238.05945	191943617709.1765	10600112162.898394	-20632.190823692512	14116.643420458291	-12.068468635624535
188350910.80704	72178780180.77875	191994418568.49542	10600067663.820786	-20636.173442241048	14106.056284867482	-12.653210344739659
188354510.80704	72104482795.68187	192045181315.03146	10600021060.005695	-20640.15072198909	14095.469652517471	-13.237767235338538
188358110.80704	72030171101.98401	192095905950.59976	10599972352.118483	-20644.122665426563	14084.883525330448	-13.8221392995077
188361710.80704	71955845118.89139	192146592477.02234	10599921540.82454	-20648.08927504262	14074.297905225927	-14.40632652942646
188365310.80704	71881504865.6013	192197240896.12817	10599868626.789282	-20652.05055332563	14063.712794120755	-14.99032891736676
188368910.80704	71807150361.30206	192247851209.7531	10599813610.678154	-20656.00650276316	14053.128193929111	-15.574146455692997
188372510.80704	71732781625.17303	192298423419.73987	10599756493.15663	-20659.957125842007	14042.544106562513	-16.15777913686186
188376110.80704	71658398676.38464	192348957527.93805	10599697274.890207	-20663.90242504817	14031.960533929816	-16.741226953422164
188379710.80704	71584001534.09836	192399453536.20413	10599635956.544413	-20667.842402866863	14021.377477937218	-17.324489898014694
188383310.80704	71509590217.46669	192449911446.40146	10599572538.784798	-20671.777061782504	14010.794940488264	-17.907567963372028
188386910.80704	71435164745.63322	192500331260.40018	10599507022.276941	-20675.706404278724	14000.212923483847	-18.490461142318377
188390510.80704	71360725137.7326	192550712980.07733	10599439407.686445	-20679.630432838356	13989.631428822211	-19.073169427769432
188394110.80704	71286271412.89053	192601056607.31677	10599369695.678942	-20683.549149943443	13979.050458398953	-19.65569281273218
188397710.80704	71211803590.22379	192651362144.00916	10599297886.920082	-20687.46255807523	13968.47001410703	-20.238031290304754
188401310.80704	71137321688.8402	192701629592.05197	10599223982.075548	-20691.370659714165	13957.890097836756	-20.820184853676267
188404910.80704	71062825727.83867	192751858953.3495	10599147981.81104	-20695.273457339896	13947.310711475813	-21.40215349612665
188408510.80704	70988315726.30919	192802050229.81277	10599069886.792288	-20699.170953431276	13936.731856909242	-21.983937211026486
188412110.80704	70913791703.33282	192852203423.35965	10598989697.685041	-20703.06315046635	13926.15353601946	-22.565535991836846
188415710.80704	70839253677.98172	192902318535.91476	10598907415.155075	-20706.950050922373	13915.575750686248	-23.14694983210914
188419310.80704	70764701669.3191	192952395569.40952	10598823039.868187	-20710.831657275787	13904.998502786771	-23.72817872548494
188422910.80704	70690135696.39929	193002434525.782	10598736572.490196	-20714.70797200223	13894.421794195567	-24.309222665695827
188426510.80704	70615555778.26767	193052435406.97714	10598648013.686945	-20718.578997576544	13883.845626784552	-24.890081646563218
188430110.80704	70540961933.96075	193102398214.94653	10598557364.124298	-20722.444736472753	13873.270002423029	-25.470755661998215
188433710.80704	70466354182.50612	193152322951.6485	10598464624.468143	-20726.305191164083	13862.694922977687	-26.05124470600144
188437310.80704	70391732542.92245	193202209619.0481	10598369795.384388	-20730.160364122945	13852.120390312604	-26.631548772662875
188440910.80704	70317097034.21954	193252058219.1171	10598272877.53896	-20734.01025782094	13841.546406289252	-27.211667856161693
188444510.80704	70242447675.39828	193301868753.83395	10598173871.597809	-20737.854874728866	13830.972972766494	-27.791601950766115
188448110.80704	70167784485.45068	193351641225.18384	10598072778.226906	-20741.6942173167	13820.400091600595	-28.37135105083323
188451710.80704	70093107483.35983	193401375635.15854	10597969598.092241	-20745.528288053607	13809.827764645219	-28.950915150808846
188455310.80704	70018416688.09996	193451071985.75656	10597864331.859825	-20749.357089407942	13799.255993751434	-29.53029424522732
188458910.80704	69943712118.6364	193500730278.98303	10597756980.195688	-20753.18062384724	13788.684780767717	-30.1094883287114
188462510.80704	69868993793.9256	193550350516.8498	10597647543.765879	-20756.998893838223	13778.114127539951	-30.68849739597207
188466110.80704	69794261732.91515	193599932701.37524	10597536023.236464	-20760.81190184679	13767.544035911435	-31.267321441808388
188469710.80704	69719515954.54373	193649476834.58447	10597422419.27353	-20764.619650338027	13756.974507722878	-31.84596046110732
188473310.80704	69644756477.74118	193698982918.5092	10597306732.54318	-20768.422141776195	13746.405544812415	-32.42441444884359
188476910.80704	69569983321.42845	193748450955.18765	10597188963.71154	-20772.219378624737	13735.837149015593	-33.00268340007952
188480510.80704	69495196504.51764	193797880946.66483	10597069113.44475	-20776.011363346275	13725.269322165394	-33.58076730996484
188484110.80704	69420396045.91196	193847272894.9922	10596947182.408964	-20779.798098402604	13714.702066092215	-34.15866617373658
188487710.80704	69345581964.50578	193896626802.2278	10596823171.270359	-20783.579586254695	13704.135382623894	-34.73637998671886
188491310.80704	69270754279.18462	193945942670.4364	10596697080.695126	-20787.355829362692	13693.569273585694	-35.31390874432277
188494910.80704	69195913008.82512	193995220501.68915	10596568911.349472	-20791.12683018592	13683.003740800315	-35.891252442046195
188498510.80704	69121058172.29507	194044460298.06384	10596438663.89962	-20794.892591182866	13672.438786087898	-36.468411075473654
188502110.80704	69046189788.45345	194093662061.64484	10596306339.01181	-20798.653114811197	13661.874411266022	-37.04538464027615
188505710.80704	68971307876.15033	194142825794.523	10596171937.352297	-20802.408403527745	13651.310618149715	-37.622173132210996
188509310.80704	68896412454.22699	194191951498.79575	10596035459.58735	-20806.158459788512	13640.747408551446	-38.19877654712168
188512910.80704	68821503541.51585	194241039176.567	10595896906.383255	-20809.90328604867	13630.184784281137	-38.7751948809377
188516510.80704	68746581156.8405	194290088829.94714	10595756278.40631	-20813.642884762554	13619.622747146163	-39.35142812967437
188520110.80704	68671645319.01568	194339100461.05316	10595613576.322828	-20817.37725838367	13609.061298951352	-39.927476289432725
188523710.80704	68596696046.847305	194388074072.00848	10595468800.799137	-20821.106409364682	13598.500441498994	-40.50333935639933
188527310.80704	68521733359.13248	194437009664.94302	10595321952.501577	-20824.830340157427	13587.94017658884	-41.07901732684613
188530910.80704	68446757274.659454	194485907241.99313	10595173032.096504	-20828.549053212897	13577.380506018102	-41.65451019713027
188534510.80704	68371767812.20769	194534766805.3017	10595022040.250282	-20832.262550981246	13566.821431581462	-42.22981796369399
188538110.80704	68296764990.5478	194583588357.01804	10594868977.629293	-20835.970835911794	13556.26295507107	-42.80494062306442
188541710.80704	68221748828.44159	194632371899.29788	10594713844.89993	-20839.673910453013	13545.705078276551	-43.37987817185344
188545310.80704	68146719344.64207	194681117434.30344	10594556642.728594	-20843.37177705254	13535.147802985002	-43.954630606757554
188548910.80704	68071676557.89341	194729824964.2033	10594397371.781702	-20847.064438157166	13524.591130981002	-44.529197924557685
188552510.80704	67996620486.93099	194778494491.17258	10594236032.725681	-20850.751896212838	13514.03506404661	-45.103580122119055
188556110.80704	67921551150.4814	194827126017.39267	10594072626.22697	-20854.43415366466	13503.479603961367	-45.67777719639103
188559710.80704	67846468567.2624	194875719545.05145	10593907152.952019	-20858.11121295689	13492.924752502306	-46.25178914440694
188563310.80704	67771372755.98297	194924275076.34317	10593739613.567286	-20861.78307653294	13482.370511443944	-46.82561596328397
188566910.80704	67696263735.34329	194972792613.46844	10593570008.73924	-20865.449746835373	13471.816882558294	-47.39925765022295
188570510.80704	67621141524.03475	195021272158.6343	10593398339.134365	-20869.1112263059	13461.263867614864	-47.972714202508236
188574110.80704	67546006140.73996	195069713714.0541	10593224605.419147	-20872.76751738539	13450.71146838066	-48.54598561750756
188577710.80704	67470857604.13272	195118117281.9476	10593048808.260086	-20876.418622513855	13440.159686620187	-49.11907189267186
188581310.80704	67395695932.878075	195166482864.54086	10592870948.32369	-20880.064544130455	13429.60852409546	-49.69197302553514
188584910.80704	67320521145.63227	195214810464.06628	10592691026.276476	-20883.7052846735	13419.057982565993	-50.2646890137143
188588510.80704	67245333261.042786	195263100082.76263	10592509042.784967	-20887.340846580442	13408.508063788815	-50.837219854909016
188592110.80704	67170132297.74833	195311351722.87497	10592324998.5157	-20890.971232287888	13397.958769518465	-51.40956554690154
188595710.80704	67094918274.37883	195359565386.65466	10592138894.135212	-20894.596444231578	13387.410101506997	-51.98172608755659
188599310.80704	67019691209.55546	195407741076.3594	10591950730.310053	-20898.216484846398	13376.862061503985	-52.55370147482116
188602910.80704	66944451121.89061	195455878794.25317	10591760507.70678	-20901.83135656638	13366.314651256522	-53.12549170672442
188606510.80704	66869198029.98793	195503978542.60623	10591568226.991953	-20905.441061824695	13355.767872509223	-53.6970967813775
188610110.80704	66793931952.44231	195552040323.69513	10591373888.832144	-20909.04560305365	13345.221727004233	-54.26851669697341
188613710.80704	66718652907.83986	195600064139.80264	10591177493.893927	-20912.6449826847	13334.676216481224	-54.839751451786796
188617310.80704	66643360914.75797	195648049993.21786	10590979042.843885	-20916.239203148427	13324.131342677401	-55.41080104417388
188620910.80704	66568055991.765274	195695997886.23608	10590778536.348606	-20919.82826687456	13313.587107327505	-55.98166547257225
188624510.80704	66492738157.421646	195743907821.15884	10590575975.074682	-20923.41217629196	13303.04351216381	-56.552344735500746
188628110.80704	66417407430.27823	195791779800.29395	10590371359.688711	-20926.990933828623	13292.500558916132	-57.12283883155926
188631710.80704	66342063828.877426	195839613825.9554	10590164690.857296	-20930.564541911685	13281.958249311832	-57.693147759428626
188635310.80704	66266707371.7529	195887409900.46344	10589955969.247046	-20934.133002967406	13271.416585075818	-58.26327151787047
188638910.80704	66191338077.42958	195935168026.14447	10589745195.524572	-20937.696319421186	13260.875567930543	-58.83321010572704
188642510.80704	66115955964.423676	195982888205.33112	10589532370.356491	-20941.25449369755	13250.335199596015	-59.40296352192106
188646110.80704	66040561051.24266	196030570440.36218	10589317494.409422	-20944.80752822016	13239.795481789792	-59.97253176545558
188649710.80704	65965153356.385284	196078214733.58267	10589100568.349989	-20948.355425411806	13229.256416226992	-60.54191483541383
188653310.80704	65889732898.34158	196125821087.34375	10588881592.844816	-20951.898187694405	13218.718004620292	-61.11111273095906
188656910.80704	65814299695.59287	196173389504.00275	10588660568.560535	-20955.435817489	13208.180248679933	-61.6801254513344
188660510.80704	65738853766.61175	196220919985.9231	10588437496.163778	-20958.968317215767	13197.64315011372	-62.248952995862716
188664110.80704	65663395129.8621	196268412535.47446	10588212376.321178	-20962.495689294003	13187.106710627026	-62.81759536394645
188667710.80704	65587923803.79911	196315867155.03256	10587985209.699371	-20966.017936142132	13176.570931922794	-63.38605255506748
188671310.80704	65512439806.869255	196363283846.97928	10587755996.964994	-20969.5350601777	13166.035815701543	-63.95432456878695
188674910.80704	65436943157.51031	196410662613.70264	10587524738.784689	-20973.04706381738	13155.501363661368	-64.52241140474516
188678510.80704	65361433874.151344	196458003457.5967	10587291435.825094	-20976.553949476962	13144.96757749794	-65.09031306266135
188682110.80704	65285911975.21275	196505306381.0617	10587056088.752851	-20980.05571957136	13134.434458904518	-65.65802954233365
188685710.80704	65210377479.10622	196552571386.50394	10586818698.234604	-20983.55237651461	13123.902009571939	-66.22556084363885
188689310.80704	65134830404.23473	196599798476.33575	10586579264.936993	-20987.043922719866	13113.37023118863	-66.79290696653227
188692910.80704	65059270768.99262	196646987652.97565	10586337789.526659	-20990.5303605994	13102.839125440612	-67.36006791104768
188696510.80704	64983698591.76552	196694138918.8481	10586094272.670246	-20994.011692564603	13092.308694011494	-67.92704367729704
188700110.80704	64908113890.93037	196741252276.38373	10585848715.034395	-20997.487921025982	13081.778938582482	-68.49383426547044
188703710.80704	64832516684.855446	196788327728.01913	10585601117.285748	-21000.959048393157	13071.249860832382	-69.06043967583592
188707310.80704	64756906991.90036	196835365276.19696	10585351480.090942	-21004.42507707487	13060.721462437601	-69.62685990873932
188710910.80704	64681284830.41604	196882364923.3659	10585099804.116617	-21007.88600947897	13050.193745072149	-70.19309496460416
188714510.80704	64605650218.74475	196929326671.9807	10584846090.02941	-21011.341848012424	13039.666710407642	-70.75914484393147
188718110.80704	64530003175.2201	196976250524.50208	10584590338.495953	-21014.792595081308	13029.140360113308	-71.32500954729964
188721710.80704	64454343718.16703	197023136483.39676	10584332550.182878	-21018.23825309081	13018.614695855986	-71.89068907536432
188725310.80704	64378671865.90183	197069984551.13748	10584072725.756819	-21021.67882444523	13008.089719300127	-72.45618342885822
188728910.80704	64302987636.73213	197116794730.20297	10583810865.8844	-21025.114311547975	12997.565432107805	-73.02149260859099
188732510.80704	64227291048.95691	197163567023.0779	10583546971.232244	-21028.544716801567	12987.041835938711	-73.58661661544906
188736110.80704	64151582120.8665	197210301432.25296	10583281042.466974	-21031.970042607627	12976.51893245016	-74.15155545039552
