185102419.715712	130772131347.79208	130680643151.63324	9705853316.007439	-14554.558008985652	23538.623056827364	585.6070495959299
185106019.715712	130719717218.34625	130765364480.86272	9707960185.540829	-14564.40152723291	23528.781616771892	584.8760433700838
185109619.715712	130667267665.91737	130850050376.00945	9710064423.65561	-14574.237444338183	23518.937456249943	584.1451503999873
185113219.715712	130614782717.86601	130934700827.28998	9712166030.75984	-14584.065762280474	23509.090580947784	583.4143708729401
185116819.715712	130562262401.54558	131019315824.94135	9714265007.26225	-14593.886483041799	23499.240996546076	582.6837049759075
185120419.715712	130509706744.30235	131103895359.221	9716361353.572247	-14603.699608607172	23489.388708719875	581.9531528955206
185124019.715712	130457115773.47546	131188439420.40681	9718455070.099903	-14613.505140964602	23479.533723138637	581.2227148180763
185127619.715712	130404489516.39687	131272947998.79709	9720546157.255964	-14623.30308210508	23469.676045466218	580.4923909295381
185131219.715712	130351828000.39137	131357421084.71046	9722634615.451845	-14633.09343402257	23459.81568136088	579.7621814155364
185134819.715712	130299131252.77658	131441858668.48596	9724720445.099628	-14642.87619871401	23449.95263647529	579.0320864613684
185138419.715712	130246399300.8629	131526260740.48293	9726803646.61206	-14652.651378179287	23440.086916456516	578.302106251999
185142019.715712	130193632171.95355	131610627291.08105	9728884220.402557	-14662.418974421247	23430.218526946042	577.5722409720607
185145619.715712	130140829893.34453	131694958310.68031	9730962166.885197	-14672.17898944567	23420.34747357976	576.8424908058545
185149219.715712	130087992492.3246	131779253789.70096	9733037486.474718	-14681.931425261275	23410.473761987978	576.1128559373494
185152819.715712	130035119996.1753	131863513718.58351	9735110179.586523	-14691.6762838797	23400.59739779542	575.3833365501837
185156419.715712	129982212432.17088	131947738087.78871	9737180246.636677	-14701.413567315505	23390.718386621225	574.6539328276647
185160019.715712	129929269827.57841	132031926887.79755	9739247688.0419	-14711.143277586152	23380.836734078955	573.9246449527692
185163619.715712	129876292209.65764	132116080109.11118	9741312504.219574	-14720.865416712008	23370.952445776595	573.195473108144
185167219.715712	129823279605.66104	132200197742.25095	9743374695.587734	-14730.579986716326	23361.06552731655	572.4664174761062
185170819.715712	129770232042.8338	132284279777.75838	9745434262.565075	-14740.286989625247	23351.17598429566	571.7374782386433
185174419.715712	129717149548.41382	132368326206.19511	9747491205.570944	-14749.986427467782	23341.28382230519	571.0086555774138
185178019.715712	129664032149.63167	132452337018.14291	9749545525.025341	-14759.678302275808	23331.38904693084	570.2799496737476
185181619.715712	129610879873.71063	132536312204.20364	9751597221.34892	-14769.362616084063	23321.49166375273	569.551360708646
185185219.715712	129557692747.86662	132620251754.99925	9753646294.962986	-14779.039370930133	23311.591678345438	568.8228888627825
185188819.715712	129504470799.30824	132704155661.17174	9755692746.289492	-14788.708568854443	23301.68909627796	568.0945343165027
185192419.715712	129451214055.23672	132788023913.38313	9757736575.75104	-14798.370211900254	23291.78392311375	567.366297249825
185196019.715712	129397922542.84596	132871856502.3155	9759777783.770882	-14808.024302113648	23281.876164410693	566.6381778424409
185199619.715712	129344596289.32245	132955653418.67091	9761816370.772913	-14817.670841543528	23271.96582572112	565.910176273715
185203219.715712	129291235321.84532	133039414653.17137	9763852337.181675	-14827.309832241599	23262.052912591815	565.1822927226859
185206819.715712	129237839667.58632	133123140196.55888	9765885683.422352	-14836.94127626237	23252.137430564006	564.4545273680661
185210419.715712	129184409353.70978	133206830039.59538	9767916409.920774	-14846.565175663141	23242.21938517338	563.7268803882425
185214019.715712	129130944407.37262	133290484173.06273	9769944517.10341	-14856.181532503993	23232.29878195007	562.9993519612767
185217619.715712	129077444855.72435	133374102587.76265	9771970005.397371	-14865.790348847784	23222.375626418674	562.2719422649054
185221219.715712	129023910725.90704	133457685274.51678	9773992875.230408	-14875.39162676014	23212.44992409824	561.5446514765409
185224819.715712	128970342045.05531	133541232224.16663	9776013127.030905	-14884.985368309442	23202.52168050229	560.8174797732711
185228419.715712	128916738840.29636	133624743427.57349	9778030761.227888	-14894.571575566826	23192.590901138796	560.09042733186
185232019.715712	128863101138.7499	133708218875.61852	9780045778.251019	-14904.150250606166	23182.657591510204	559.3634943287484
185235619.715712	128809428967.52817	133791658559.20264	9782058178.530592	-14913.721395504073	23172.721757113428	558.6366809400536
185239219.715712	128755722353.73595	133875062469.2466	9784067962.497536	-14923.285012339884	23162.78340343985	557.9099873415701
185242819.715712	128701981324.4705	133958430596.69086	9786075130.58341	-14932.841103195653	23152.84253597533	557.1834137087699
185246419.715712	128648205906.82161	134041762932.49565	9788079683.220407	-14942.389670156144	23142.8991602002	556.456960216803
185250019.715712	128594396127.87154	134125059467.6409	9790081620.84135	-14951.930715308823	23132.953281589263	555.7306270404978
185253619.715712	128540552014.69504	134208320193.12625	9792080943.879688	-14961.46424074385	23123.00490561182	555.0044143543607
185257219.715712	128486673594.35933	134291545099.97102	9794077652.769499	-14970.99024855407	23113.054037731636	554.2783223325774
185260819.715712	128432760893.92409	134374734179.21419	9796071747.945488	-14980.508740835005	23103.100683406974	553.5523511490128
185264419.715712	128378813940.44144	134457887421.91437	9798063229.842985	-14990.01971968485	23093.14484809058	552.8265009772113
185268019.715712	128324832760.95595	134541004819.1498	9800052098.897945	-14999.523187204457	23083.186537229685	552.1007719903972
185271619.715712	128270817382.50464	134624086362.0183	9802038355.546946	-15009.019145497334	23073.225756266027	551.3751643614754
185275219.715712	128216767832.11691	134707132041.6373	9804022000.227184	-15018.507596669635	23063.26251063582	550.6496782630311
185278819.715712	128162684136.81462	134790141849.14378	9806003033.376482	-15027.98854283015	23053.29680576979	549.9243138673305
185282419.715712	128108566323.61201	134873115775.69426	9807981455.433279	-15037.461986090299	23043.32864709316	549.1990713463214
185286019.715712	128054414419.51572	134956053812.46478	9809957266.836632	-15046.927928564124	23033.358040025647	548.473950871633
185289619.715712	128000228451.52475	135038955950.65088	9811930468.026217	-15056.38637236828	23023.384989981478	547.7489526145765
185293219.715712	127946008446.63052	135121822181.46758	9813901059.442324	-15065.837319622031	23013.40950236939	547.0240767461459
185296819.715712	127891754431.81679	135204652496.14935	9815869041.52586	-15075.280772447231	23003.431582592628	546.2993234370173
185300419.715712	127837466434.05966	135287446885.95013	9817834414.718346	-15084.716732968333	22993.451236048946	545.5746928575503
185304019.715712	127783144480.32762	135370205342.14326	9819797179.461914	-15094.145203312364	22983.468468130617	544.8501851777878
185307619.715712	127728788597.58147	135452927856.0215	9821757336.199308	-15103.566185608932	22973.483284224425	544.1258005674564
185311219.715712	127674398812.77434	135535614418.89696	9823714885.373886	-15112.979681990206	22963.495689711683	543.4015391959667
185314819.715712	127619975152.85168	135618265022.10115	9825669827.42961	-15122.385694590914	22953.505689968217	542.6774012324139
185318419.715712	127565517644.75127	135700879656.98491	9827622162.811052	-15131.784225548337	22943.513290364383	541.9533868455779
185322019.715712	127511026315.40315	135783458314.91838	9829571891.963392	-15141.175277002298	22933.51849626506	541.2294962039239
185325619.715712	127456501191.72969	135866000987.29105	9831519015.332417	-15150.558851095151	22923.52131302966	540.5057294756023
185329219.715712	127401942300.64552	135948507665.51166	9833463533.364513	-15159.934949971783	22913.521746012128	539.7820868284495
185332819.715712	127347349669.05757	136030978341.00822	9835405446.50668	-15169.303575779593	22903.51980056094	539.0585684299879
185336419.715712	127292723323.865	136113413005.228	9837344755.206509	-15178.664730668497	22893.515482019116	538.3351744474267
185340019.715712	127238063291.95927	136195811649.63747	9839281459.912199	-15188.018416790912	22883.50879572421	537.6119050476617
185343619.715712	127183369600.22404	136278174265.7223	9841215561.07255	-15197.364636301752	22873.499747008318	536.8887603972761
185347219.715712	127128642275.53525	136360500844.98741	9843147059.136957	-15206.703391358416	22863.488341198085	536.1657406625403
185350819.715712	127073881344.76102	136442791378.9568	9845075954.555418	-15216.034684120787	22853.4745836147	535.4428460094131
185354419.715712	127019086834.76173	136525045859.17368	9847002247.778522	-15225.358516751217	22843.45847957391	534.720076603541
185358019.715712	126964258772.38997	136607264277.20035	9848925939.25746	-15234.674891414525	22833.440034386003	533.9974326102594
185361619.715712	126909397184.49051	136689446624.61824	9850847029.44401	-15243.983810277985	22823.41925335583	533.2749141945925
185365219.715712	126854502097.90033	136771592893.02786	9852765518.79055	-15253.285275511322	22813.3961417828	532.5525215212539
185368819.715712	126799573539.44858	136853703074.04878	9854681407.75005	-15262.579289286701	22803.370704960882	531.8302547546465
185372419.715712	126744611535.9566	136935777159.31963	9856594696.776068	-15271.865853778721	22793.342948178604	531.1081140588635
185376019.715712	126689616114.2379	137017815140.49805	9858505386.322754	-15281.144971164409	22783.31287671907	530.3860995976883
185379619.715712	126634587301.09813	137099817009.26071	9860413476.844849	-15290.416643623208	22773.280495859937	529.6642115345946
185383219.715712	126579525123.3351	137181782757.30328	9862318968.797676	-15299.680873336974	22763.24581087345	528.9424500327477
185386819.715712	126524429607.73877	137263712376.34038	9864221862.637152	-15308.937662489965	22753.208827026418	528.2208152550037
185390419.715712	126469300781.09122	137345605858.10556	9866122158.819775	-15318.187013268833	22743.169549580227	527.4993073639105
185394019.715712	126414138670.16666	137427463194.35135	9868019857.80263	-15327.42892786262	22733.127983790844	526.7779265217082
185397619.715712	126358943301.7314	137509284376.84915	9869914960.043385	-15336.663408462748	22723.08413490882	526.056672890329
185401219.715712	126303714702.54388	137591069397.38928	9871807466.000288	-15345.89045726301	22713.038008179283	525.335546631398
185404819.715712	126248452899.35463	137672818247.7809	9873697376.132172	-15355.11007645957	22702.989608841955	524.6145479062332
185408419.715712	126193157918.90627	137754530919.85208	9875584690.898447	-15364.322268250942	22692.93894213115	523.893676875846
185412019.715712	126137829787.93347	137836207405.44968	9877469410.759104	-15373.527034837995	22682.88601327576	523.1729337009417
185415619.715712	126082468533.16302	137917847696.43936	9879351536.174711	-15382.724378423936	22672.830827499292	522.4523185419195
185419219.715712	126027074181.31377	137999451784.70563	9881231067.606417	-15391.914301214312	22662.773390019836	521.731831558873
185422819.715712	125971646759.09659	138081019662.15173	9883108005.51594	-15401.096805416995	22652.71370605009	521.0114729115907
185426419.715712	125916186293.21442	138162551320.69968	9884982350.365576	-15410.271893242178	22642.65178079735	520.291242759556
185430019.715712	125860692810.36224	138244046752.2902	9886854102.618195	-15419.439566902365	22632.587619463524	519.571141261948
185433619.715712	125805166337.22707	138325505948.88275	9888723262.737238	-15428.599828612367	22622.52122724512	518.8511685776415
185437219.715712	125749606900.48792	138406928902.45554	9890589831.18672	-15437.752680589289	22612.452609333268	518.1313248652073
185440819.715712	125694014526.81584	138488315605.00534	9892453808.431223	-15446.89812505253	22602.3817709137	517.4116102829128
185444419.715712	125638389242.87389	138569666048.5477	9894315194.935902	-15456.036164223771	22592.308717166776	516.6920249887221
185448019.715712	125582731075.31711	138650980225.11676	9896173991.166477	-15465.166800326966	22582.233453267472	515.9725691402967
185451619.715712	125527040050.79254	138732258126.76526	9898030197.589235	-15474.290035588338	22572.155984385383	515.2532428949954
185455219.715712	125471316195.93921	138813499745.56454	9899883814.671032	-15483.405872236372	22562.07631568473	514.5340464098749
185458819.715712	125415559537.3881	138894705073.60458	9901734842.879286	-15492.514312501802	22551.99445232437	513.8149798416902
185462419.715712	125359770101.76218	138975874102.99387	9903583282.68198	-15501.615358617613	22541.910399457774	513.0960433468945
185466019.715712	125303947915.67635	139057006825.85944	9905429134.547659	-15510.709012819023	22531.82416223306	512.3772370816403
185469619.715712	125248093005.73749	139138103234.34686	9907272398.94543	-15519.795277343484	22521.735745792983	511.658561201779
185473219.715712	125192205398.5444	139219163320.62024	9909113076.344961	-15528.874154430672	22511.645155274924	510.9400158628617
185476819.715712	125136285120.68782	139300187076.86212	9910951167.216478	-15537.945646322476	22501.55239581092	510.22160122013935
185480419.715712	125080332198.75041	139381174495.2735	9912786672.030767	-15547.009755262996	22491.457472527643	509.5033174285632
185484019.715712	125024346659.30676	139462125568.07388	9914619591.25917	-15556.066483498535	22481.36039054642	508.785164642785
185487619.715712	124968328528.92337	139543040287.50113	9916449925.373587	-15565.115833277585	22471.261154983218	508.06714301715743
185491219.715712	124912277834.15862	139623918645.81158	9918277674.84647	-15574.15780685083	22461.159770948667	507.34925270573444
185494819.715712	124856194601.56279	139704760635.27994	9920102840.15083	-15583.192406471133	22451.056243548046	506.63149386227167
185498419.715712	124800078857.67807	139785566248.19922	9921925421.760225	-15592.219634393527	22440.950577881296	505.91386664022656
185502019.715712	124743930629.0385	139866335476.88086	9923745420.14877	-15601.23949287521	22430.84277904302	505.1963711927589
185505619.715712	124687749942.17	139947068313.65463	9925562835.791126	-15610.25198417554	22420.732852122484	504.4790076727311
185509219.715712	124631536823.59035	140027764750.86856	9927377669.16251	-15619.257110556026	22410.62080220362	503.7617762327085
185512819.715712	124575291299.80919	140108424780.889	9929189920.738682	-15628.254874280316	22400.50663436503	503.0446770249598
185516419.715712	124519013397.328	140189048396.1006	9930999590.99595	-15637.245277614198	22390.390353679988	502.3277102014573
185520019.715712	124462703142.64012	140269635588.90616	9932806680.411175	-15646.22832282559	22380.27196521645	501.61087591387735
185523619.715712	124406360562.23068	140350186351.72687	9934611189.461756	-15655.204012184526	22370.151474037037	500.89417431360044
185527219.715712	124349985682.57669	140430700677.00204	9936413118.625639	-15664.172347963158	22360.028885199066	500.17760555171196
185530819.715712	124293578530.14693	140511178557.18918	9938212468.381315	-15673.133332435747	22349.904203754533	499.4611697790021
185534419.715712	124237139131.402	140591619984.764	9940009239.207815	-15682.086967878653	22339.777434750118	498.7448671459665
185538019.715712	124180667512.7943	140672024952.22037	9941803431.584713	-15691.033256570327	22329.648583227194	498.02869780280645
185541619.715712	124124163700.76805	140752393452.07025	9943595045.992123	-15699.972200791306	22319.517654221825	497.31266189942926
185545219.715712	124067627721.75923	140832725476.8438	9945384082.910696	-15708.90380282421	22309.38465276477	496.5967595854486
185548819.715712	124011059602.1956	140913021019.08926	9947170542.821625	-15717.828064953726	22299.24958388149	495.88099101018474
185552419.715712	123954459368.4967	140993280071.3729	9948954426.206635	-15726.744989466608	22289.112452592144	495.16535632266516
185556019.715712	123897827047.07384	141073502626.27905	9950735733.54799	-15735.654578651665	22278.973263911597	494.4498556716246
185559619.715712	123841162664.33006	141153688676.4102	9952514465.328491	-15744.55683479976	22268.832022849423	493.73448920550555
185563219.715712	123784466246.66017	141233838214.38672	9954290622.03147	-15753.451760203796	22258.688734409905	493.0192570724586
185566819.715712	123727737820.45073	141313951232.84708	9956064204.140789	-15762.339357158715	22248.543403592037	492.30415942034256
185570419.715712	123670977412.08002	141394027724.44772	9957835212.140848	-15771.219627961485	22238.39603538953	491.5891963967252
185574019.715712	123614185047.91803	141474067681.863	9959603646.516575	-15780.092574911101	22228.246634790816	490.87436814888315
185577619.715712	123557360754.3265	141554071097.7853	9961369507.753428	-15788.958200308567	22218.095206779046	490.1596748238026
185581219.715712	123500504557.6589	141634037964.9249	9963132796.33739	-15797.8165064569	22207.941756332097	489.4451165681795
185584819.715712	123443616484.26036	141713968276.00995	9964893512.754978	-15806.667495661117	22197.786288422576	488.73069352841975
185588419.715712	123386696560.46771	141793862023.78656	9966651657.49323	-15815.511170228228	22187.628808017816	488.0164058506397
185592019.715712	123329744812.60951	141873719201.01865	9968407231.039713	-15824.347532467233	22177.469320079887	487.30225368066664
185595619.715712	123272761267.00597	141953539800.48804	9970160233.882515	-15833.176584689108	22167.307829565594	486.5882371640387
185599219.715712	123215745949.969	142033323814.99435	9971910666.510252	-15841.998329206808	22157.144341426483	485.8743564460056
185602819.715712	123158698887.80215	142113071237.35507	9973658529.412058	-15850.812768335249	22146.97886060884	485.16061167152884
185606419.715712	123101620106.80067	142192782060.40546	9975403823.077593	-15859.619904391308	22136.8113920537	484.447002985282
185610019.715712	123044509633.25145	142272456276.9985	9977146547.997032	-15868.419739693816	22126.641940696845	483.73353053165107
185613619.715712	122987367493.433	142352093880.00504	9978886704.661074	-15877.21227656355	22116.470511468808	483.02019445473496
185617219.715712	122930193713.61552	142431694862.31357	9980624293.560932	-15885.997517323225	22106.297109294876	482.3069948983455
185620819.715712	122872988320.06082	142511259216.83035	9982359315.18834	-15894.775464297485	22096.12173909509	481.5939320060082
185624419.715712	122815751339.02234	142590786936.47934	9984091770.035543	-15903.546119812903	22085.944405784263	480.88100592096214
185628019.715712	122758482796.74513	142670278014.20218	9985821658.59531	-15912.30948619797	22075.76511427196	480.16821678616077
185631619.715712	122701182719.46588	142749732442.95816	9987548981.360916	-15921.065565783087	22065.583869462513	479.45556474427184
185635219.715712	122643851133.41286	142829150215.72424	9989273738.82615	-15929.814360900558	22055.40067625503	478.743049937678
185638819.715712	122586488064.80595	142908531325.495	9990995931.48532	-15938.555873884587	22045.21553954339	478.0306725084769
185642419.715712	122529093539.85664	142987875765.28262	9992715559.833235	-15947.290107071267	22035.028464216244	477.3184325984819
185646019.715712	122471667584.76799	143067183528.11688	9994432624.365221	-15956.017062798577	22024.839455157024	476.6063303492219
185649619.715712	122414210225.73463	143146454607.04514	9996147125.577112	-15964.736743406373	22014.64851724394	475.89436590194214
185653219.715712	122356721488.9428	143225688995.13226	9997859063.965248	-15973.44915123638	22004.45565534999	475.1825393976043
185656819.715712	122299201400.57025	143304886685.46072	9999568440.026476	-15982.154288632188	21994.26087434296	474.4708509768868
185660419.715712	122241649986.78635	143384047671.13043	10001275254.25815	-15990.85215793924	21984.064179085424	473.75930078018536
185664019.715712	122184067273.75198	143463171945.25885	10002979507.15813	-15999.542761504836	21973.865574434752	473.047888947613
185667619.715712	122126453287.61958	143542259500.9809	10004681199.22478	-16008.226101678112	21963.665065243113	472.33661561900067
185671219.715712	122068808054.53314	143621310331.44894	10006380330.95696	-16016.902180810048	21953.462656357467	471.62548093389745
185674819.715712	122011131600.62817	143700324429.83282	10008076902.854042	-16025.571001253447	21943.258352619585	470.91448503157096
185678419.715712	121953423952.03172	143779301789.3198	10009770915.415894	-16034.23256536294	21933.05215886604	470.2036280510075
185682019.715712	121895685134.86234	143858242403.11444	10011462369.142881	-16042.886875494973	21922.84407992822	469.4929101309127
185685619.715712	121837915175.2301	143937146264.43884	10013151264.535873	-16051.533934007799	21912.634120632316	468.78233140971156
185689219.715712	121780114099.23659	144016013366.53235	10014837602.096235	-16060.17374326148	21902.42228579934	468.0718920255489
185692819.715712	121722281932.97488	144094843702.65173	10016521382.325827	-16068.806305617869	21892.208580245122	467.3615921162897
185696419.715712	121664418702.52957	144173637266.07104	10018202605.727007	-16077.431623440612	21881.993008780308	466.6514318195196
185700019.715712	121606524433.97672	144252394050.08163	10019881272.802628	-16086.04969909514	21871.775576210373	465.94141127254477
185703619.715712	121548599153.38385	144331114047.9922	10021557384.056034	-16094.660534948654	21861.55628733562	465.23153061239276
185707219.715712	121490642886.81	144409797253.12863	10023230939.991066	-16103.26413337013	21851.335146951184	464.5217899758125
185710819.715712	121432655660.30565	144488443658.83417	10024901941.112053	-16111.860496730307	21841.112159847024	463.81218949927484
185714419.715712	121374637499.91277	144567053258.4692	10026570387.923817	-16120.44962740168	21830.887330807946	463.10272931897265
185718019.715712	121316588431.66473	144645626045.4114	10028236280.93167	-16129.031527758492	21820.66066461359	462.39340957082146
185721619.715712	121258508481.58643	144724162013.05557	10029899620.641409	-16137.606200176735	21810.432166038445	461.68423039045945
185725219.715712	121200397675.69414	144802661154.81375	10031560407.559324	-16146.173647034133	21800.201839851838	460.97519191324807
185728819.715712	121142256039.9956	144881123464.11508	10033218642.19219	-16154.733870710143	21789.96969081795	460.2662942742722
185732419.715712	121084083600.48999	144959548934.4059	10034874325.047266	-16163.286873585945	21779.735723695816	459.55753760834057
185736019.715712	121025880383.1679	145037937559.1497	10036527456.6323	-16171.832658044437	21769.49994323932	458.8489220499861
185739619.715712	120967646414.0113	145116289331.82693	10038178037.455517	-16180.37122647023	21759.26235419721	458.14044773346603
185743219.715712	120909381718.99367	145194604245.9353	10039826068.02563	-16188.902581249635	21749.022961313094	457.43211479276266
185746819.715712	120851086324.07982	145272882294.98947	10041471548.851835	-16197.426724770663	21738.781769325444	456.7239233615833
185750419.715712	120792760255.22597	145351123472.5212	10043114480.443806	-16205.94365942302	21728.5387829676	456.0158735733607
185754019.715712	120734403538.37975	145429327772.07928	10044754863.311695	-16214.45338759809	21718.294006967775	455.3079655612535
185757619.715712	120676016199.48016	145507495187.2295	10046392697.966137	-16222.955911688945	21708.047446049055	454.6001994581465
185761219.715712	120617598264.45761	145585625711.5546	10048027984.918243	-16231.45123409032	21697.7991049294	453.8925753966509
185764819.715712	120559149759.23386	145663719338.6544	10049660724.679602	-16239.93935719862	21687.548988321654	453.1850935091048
185768419.715712	120500670709.72205	145741776062.14557	10051290917.762276	-16248.42028341191	21677.297100933545	452.4777539275733
185772019.715712	120442161141.82668	145819795875.6618	10052918564.678804	-16256.894015129905	21667.043447467688	451.77055678384914
185775619.715712	120383621081.44362	145897778772.85367	10054543665.942202	-16265.36055475397	21656.788032621585	451.06350220945274
185779219.715712	120325050554.46008	145975724747.38864	10056166222.065952	-16273.819904687107	21646.530861087635	450.35659033563263
185782819.715712	120266449586.75462	146053633792.95108	10057786233.564016	-16282.272067333954	21636.27193755313	449.6498212933659
185786419.715712	120207818204.19714	146131505903.24222	10059403700.95082	-16290.717045100773	21626.011266700265	448.94319521335836
185790019.715712	120149156432.64886	146209341071.98013	10061018624.741264	-16299.154840395453	21615.748853206132	448.2367122260449
185793619.715712	120090464297.96237	146287139292.89972	10062631005.450716	-16307.585455627492	21605.484701742735	447.53037246159
185797219.715712	120031741825.98154	146364900559.75272	10064240843.59501	-16316.008893207996	21595.218816976983	446.8241760498877
185800819.715712	119972989042.54156	146442624866.3076	10065848139.690453	-16324.425155549678	21584.9512035707	446.1181231205623
185804419.715712	119914205973.46896	146520312206.34964	10067452894.253813	-16332.834245066842	21574.68186618063	445.4122138029685
185808019.715712	119855392644.58157	146597962573.68088	10069055107.802324	-16341.236164175385	21564.410809458423	444.7064482261917
185811619.715712	119796549081.68849	146675575962.12012	10070654780.853685	-16349.630915292782	21554.13803805066	444.0008265190485
185815219.715712	119737675310.59015	146753152365.5028	10072251913.92606	-16358.01850083809	21543.863556598844	443.29534881008675
185818819.715712	119678771357.07825	146830691777.68115	10073846507.53807	-16366.398923231935	21533.58736973941	442.5900152275862
185822419.715712	119619837246.93576	146908194192.52402	10075438562.208803	-16374.772184896503	21523.30948210372	441.8848258995586
185826019.715712	119560873005.93697	146985659603.91693	10077028078.457806	-16383.138288255543	21513.029898318076	441.1797809537481
185829619.715712	119501878659.84738	147063088005.7621	10078615056.805082	-16391.49723573435	21502.748623003714	440.47488051763156
185833219.715712	119442854234.42381	147140479391.97827	10080199497.771097	-16399.849029759775	21492.46566077681	439.7701247184189
185836819.715712	119383799755.41434	147217833756.50092	10081781401.876772	-16408.193672760197	21482.181016248487	439.06551368305344
185840419.715712	119324715248.55826	147295151093.282	10083360769.643484	-16416.531167165533	21471.894694024817	438.3610475382122
185844019.715712	119265600739.58614	147372431396.29016	10084937601.593067	-16424.861515407225	21461.60669870682	437.6567264103062
185847619.715712	119206456254.2198	147449674659.5105	10086511898.24781	-16433.184719918238	21451.317034890468	436.95255042548087
185851219.715712	119147281818.17229	147526880876.94467	10088083660.130453	-16441.500783133048	21441.0257071667	436.2485197096163
185854819.715712	119088077457.14787	147604050042.6109	10089652887.764193	-16449.809707487642	21430.732720121407	435.54463438832755
185858419.715712	119028843196.84207	147681182150.54385	10091219581.672674	-16458.111495419507	21420.438078335443	434.84089458696513
185862019.715712	118969579062.94162	147758277194.7947	10092783742.379993	-16466.40614936763	21410.141786384633	434.1373004306151
185865619.715712	118910285081.12447	147835335169.4311	10094345370.410698	-16474.693671772482	21399.843848839773	433.4338520440996
185869219.715712	118850961277.05977	147912356068.5371	10095904466.289783	-16482.974065076025	21389.544270266633	432.73054955197694
185872819.715712	118791607676.4079	147989339886.21326	10097461030.542694	-16491.24733172169	21379.243055225954	432.0273930785423
185876419.715712	118732224304.82042	148066286616.57645	10099015063.69532	-16499.513474154384	21368.940208273463	431.3243827478276
185880019.715712	118672811187.94011	148143196253.75998	10100566566.273998	-16507.77249482048	21358.63573395987	430.62151868360223
185883619.715712	118613368351.40091	148220068791.91357	10102115538.80551	-16516.024396167813	21348.329636830866	429.91880100937317
185887219.715712	118553895820.82796	148296904225.20325	10103661981.817081	-16524.26918064566	21338.021921427142	429.21622984838524
185890819.715712	118494393621.83757	148373702547.81137	10105205895.836382	-16532.506850704758	21327.712592284373	428.5138053236216
185894419.715712	118434861780.03725	148450463753.93665	10106747281.391523	-16540.73740879728	21317.401653933233	427.8115275578041
185898019.715712	118375300321.02565	148527187837.79407	10108286139.011057	-16548.96085737683	21307.089110899396	427.1093966733933
185901619.715712	118315709270.39261	148603874793.61493	10109822469.223976	-16557.17719889845	21296.774967703543	426.4074127925892
185905219.715712	118256088653.7191	148680524615.64676	10111356272.559713	-16565.3864358186	21286.459228861353	425.70557603733124
185908819.715712	118196438496.57729	148757137298.15335	10112887549.548141	-16573.588570595155	21276.141898883525	425.0038865292989
185912419.715712	118136758824.53044	148833712835.41476	10114416300.719566	-16581.783605687404	21265.82298227576	424.30234438991164
185916019.715712	118077049663.13301	148910251221.7272	10115942526.604736	-16589.97154355604	21255.502483538785	423.6009497403297
185919619.715712	118017311037.93056	148986752451.4031	10117466227.73483	-16598.152386663154	21245.18040716834	422.89970270145415
185923219.715712	117957542974.4598	149063216518.77106	10118987404.641464	-16606.326137472235	21234.85675765519	422.1986033939271
185926819.715712	117897745498.24855	149139643418.17584	10120506057.856688	-16614.49279844816	21224.531539485128	421.4976519381323
185930419.715712	117837918634.8158	149216033143.97833	10122022187.912985	-16622.652372057175	21214.204757138974	420.7968484541953
185934019.715712	117778062409.67162	149292385690.5556	10123535795.34327	-16630.80486076691	21203.87641509258	420.0961930619838
185937619.715712	117718176848.3172	149368701052.30075	10125046880.680885	-16638.95026704637	21193.54651781684	419.39568588110797
185941219.715712	117658261976.24484	149444979223.623	10126555444.45961	-16647.088593365912	21183.21506977768	418.69532703092074
185944819.715712	117598317818.93796	149521220198.9476	10128061487.213648	-16655.21984219726	21172.88207543607	417.9951166305183
185948419.715712	117538344401.87105	149597423972.7159	10129565009.477633	-16663.344016013485	21162.547539248033	417.2950547987401
185952019.715712	117478341750.50972	149673590539.3853	10131066011.786623	-16671.461117289004	21152.21146566463	416.59514165416954
185955619.715712	117418309890.31065	149749719893.42917	10132564494.67611	-16679.57114849957	21141.873859131985	415.89537731513394
185959219.715712	117358248846.72163	149825812029.33685	10134060458.682001	-16687.67411212228	21131.534724091274	415.19576189970513
185962819.715712	117298158645.1815	149901866941.61374	10135553904.340637	-16695.77001063555	21121.194064978732	414.4962955256996
185966419.715712	117238039311.12021	149977884624.78113	10137044832.188778	-16703.858846519128	21110.851886225657	413.796978310679
185970019.715712	117177890869.95874	150053865073.3763	10138533242.763607	-16711.940622254064	21100.508192258414	413.0978103719502
185973619.715712	117117713347.10918	150129808281.95245	10140019136.602728	-16720.01534032273	21090.16298749844	412.39879182656574
185977219.715712	117057506767.97464	150205714245.07864	10141502514.24417	-16728.0830032088	21079.816276362235	411.69992279132435
185980819.715712	116997271157.94931	150281582957.3399	10142983376.226377	-16736.143613397253	21069.46806326139	411.001203382771
185984419.715712	116937006542.41843	150357414413.33707	10144461723.088217	-16744.19717337435	21059.11835260256	410.3026337171972
185988019.715712	116876712946.75829	150433208607.68686	10145937555.36897	-16752.24368562764	21048.767148787494	409.60421391064153
185991619.715712	116816390396.3362	150508965535.02182	10147410873.608343	-16760.283152645963	21038.414456213024	408.90594407888983
185995219.715712	116756038916.51053	150584685189.99036	10148881678.346449	-16768.31557691943	21028.06027927107	408.2078243374756
185998819.715712	116695658532.63068	150660367567.25662	10150349970.123821	-16776.340960939426	21017.704622348647	407.5098548016801
186002419.715712	116635249270.03708	150736012661.50055	10151815749.481407	-16784.359307198592	21007.347489827866	406.812035586533
186006019.715712	116574811154.06117	150811620467.4179	10153279016.960567	-16792.370618190835	20996.988886085936	406.1143668068124
186009619.715712	116514344210.02544	150887190979.72015	10154739773.103077	-16800.37489641131	20986.62881549517	405.4168485770454
186013219.715712	116453848463.24335	150962724193.1345	10156198018.45112	-16808.372144356428	20976.26728242299	404.7194810115082
186016819.715712	116393323939.01941	151038220102.40384	10157653753.547295	-16816.36236452383	20965.90429123192	404.0222642242266
186020419.715712	116332770662.64911	151113678702.28683	10159106978.934607	-16824.3455594124	20955.539846279607	403.3251983289761
186024019.715712	116272188659.41896	151189099987.55777	10160557695.156471	-16832.32173152225	20945.17395191881	402.6282834392825
186027619.715712	116211577954.60648	151264483953.0066	10162005902.756712	-16840.29088335472	20934.806612497403	401.9315196684219
186031219.715712	116150938573.48013	151339830593.4389	10163451602.279562	-16848.253017412364	20924.437832358395	401.23490712942134
186034819.715712	116090270541.29942	151415139903.67593	10164894794.269657	-16856.20813619895	20914.06761583991	400.5384459350589
186038419.715712	116029573883.31482	151490411878.5545	10166335479.272043	-16864.156242219462	20903.69596727521	399.84213619786414
186042019.715712	115968848624.76776	151565646512.92706	10167773657.832167	-16872.097337980074	20893.322890992684	399.1459780301183
186045619.715712	115908094790.89067	151640843801.6616	10169209330.495878	-16880.031425988163	20882.948391315862	398.4499715438546
186049219.715712	115847312406.90694	151716003739.64166	10170642497.809435	-16887.958508752297	20872.572472563414	397.75411685085874
186052819.715712	115786501498.03093	151791126321.76636	10172073160.31949	-16895.878588782227	20862.195139049152	397.0584140626691
186056419.715712	115725662089.46797	151866211542.9503	10173501318.573105	-16903.791668588885	20851.816395082038	396.3628632905771
186060019.715712	115664794206.41434	151941259398.12357	10174926973.117735	-16911.697750684376	20841.436244966182	395.6674646456273
186063619.715712	115603897874.05728	152016269882.2318	10176350124.501238	-16919.596837581976	20831.054693000846	394.9722182386182
186067219.715712	115542973117.57497	152091242990.2361	10177770773.27187	-16927.48893179612	20820.671743480452	394.27712418010196
186070819.715712	115482019962.13655	152166178717.11298	10179188919.978285	-16935.374035842407	20810.287400694586	393.58218258038517
186074419.715712	115421038432.90208	152241077057.85434	10180604565.16953	-16943.252152237583	20799.90166892799	392.88739354952895
186078019.715712	115360028555.0226	152315938007.46762	10182017709.395056	-16951.12328349954	20789.51455246058	392.19275719734935
186081619.715712	115298990353.64003	152390761560.97556	10183428353.204699	-16958.987432147307	20779.126055567438	391.49827363341757
186085219.715712	115237923853.88725	152465547713.41632	10184836497.148693	-16966.84460070106	20768.736182518827	390.80394296706044
186088819.715712	115176829080.88808	152540296459.8434	10186242141.777668	-16974.6947916821	20758.344937580183	390.10976530736053
186092419.715712	115115706059.7572	152615007795.32574	10187645287.642645	-16982.53800761285	20747.95232501212	389.41574076315663
186096019.715712	115054554815.6003	152689681714.94748	10189045935.295033	-16990.37425101685	20737.558349070445	388.72186944304394
186099619.715712	114993375373.51389	152764318213.8081	10190444085.286634	-16998.203524418757	20727.16301400615	388.0281514553745
186103219.715712	114932167758.58545	152838917287.02246	10191839738.169641	-17006.025830344337	20716.766324065415	387.33458690825734
186106819.715712	114870931995.89334	152913478929.7206	10193232894.496634	-17013.841171320455	20706.368283489617	386.6411759095591
186110419.715712	114809668110.50684	152988003137.0479	10194623554.820578	-17021.649549875077	20695.968896515333	385.94791856690387
186114019.715712	114748376127.4861	153062489904.16492	10196011719.69483	-17029.450968537258	20685.56816737434	385.254814987674
186117619.715712	114687056071.8822	153136939226.24747	10197397389.673132	-17037.24542983714	20675.166100293616	384.56186527901014
186121219.715712	114625707968.73708	153211351098.48657	10198780565.30961	-17045.03293630595	20664.76269949536	383.8690695478114
186124819.715712	114564331843.08356	153285725516.08844	10200161247.158777	-17052.813490475983	20654.35796919697	383.17642790073614
186128419.715712	114502927719.94536	153360062474.27444	10201539435.775524	-17060.587094880608	20643.951913611072	382.48394044420183
186132019.715712	114441495624.33708	153434361968.28113	10202915131.71513	-17068.353752054256	20633.544536945497	381.7916072843855
186135619.715712	114380035581.26419	153508623993.3602	10204288335.533255	-17076.113464532424	20623.13584340331	381.09942852722423
186139219.715712	114318547615.72304	153582848544.77844	10205659047.785936	-17083.866234851655	20612.725837182796	380.4074042784152
186142819.715712	114257031752.7008	153657035617.81775	10207027269.029596	-17091.612065549547	20602.31452247747	379.71553464341605
186146419.715712	114195488017.17558	153731185207.77512	10208392999.821032	-17099.350959164738	20591.901903476086	379.0238197274454
186150019.715712	114133916434.11627	153805297309.96265	10209756240.717422	-17107.082918236905	20581.487984362626	378.332259635483
186153619.715712	114072317028.48268	153879371919.70743	10211116992.276321	-17114.807945306755	20571.072769316317	377.64085447226995
186157219.715712	114010689825.22542	153953409032.35162	10212475255.055662	-17122.526042916026	20560.656262511624	376.9496043423091
186160819.715712	113949034849.28598	154027408643.2524	10213831029.61375	-17130.237213607477	20550.238468118267	376.2585093498655
186164419.715712	113887352125.5967	154101370747.78198	10215184316.50927	-17137.941459924885	20539.819390301207	375.56756959896654
186168019.715712	113825641679.08072	154175295341.32748	10216535116.301277	-17145.638784413033	20529.399033220663	374.87678519340227
186171619.715712	113763903534.65205	154249182419.29105	10217883429.549202	-17153.329189617718	20518.977401032113	374.1861562367257
186175219.715712	113702137717.21555	154323031977.08975	10219229256.812845	-17161.01267808573	20508.554497886293	373.49568283225324
186178819.715712	113640344251.66685	154396844010.15564	10220572598.65238	-17168.689252364864	20498.130327929204	372.8053650830649
186182419.715712	113578523162.89249	154470618513.93564	10221913455.628353	-17176.358915003897	20487.704895302115	372.1152030920046
186186019.715712	113516674475.76974	154544355483.89157	10223251828.301676	-17184.021668552596	20477.27820414156	371.4251969616805
186189619.715712	113454798215.16676	154618054915.50018	10224587717.233633	-17191.677515561707	20466.850258579358	370.73534679446533
186193219.715712	113392894405.94249	154691716804.25302	10225921122.985874	-17199.32645858295	20456.421062742596	370.0456526924967
186196819.715712	113330963072.94669	154765341145.65656	10227252046.120419	-17206.968500169016	20445.990620753648	369.35611475767723
186200419.715712	113269004241.01993	154838927935.23203	10228580487.199652	-17214.60364287356	20435.558936730173	368.66673309167527
186204019.715712	113207017934.99359	154912477168.5155	10229906446.786324	-17222.231889251198	20425.126014785114	367.97750779592474
186207619.715712	113145004179.68985	154985988841.0579	10231229925.443548	-17229.853241857494	20414.691859026712	367.28843897162574
186211219.715712	113082962999.92168	155059462948.42484	10232550923.734806	-17237.46770324897	20404.2564735585	366.59952671974474
186214819.715712	113020894420.49284	155132899486.19678	10233869442.223938	-17245.075275983087	20393.819862479308	365.91077114101495
186218419.715712	112958798466.19792	155206298449.96887	10235185481.47515	-17252.675962618243	20383.38202988327	365.22217233593653
186222019.715712	112896675161.82225	155279659835.351	10236499042.053005	-17260.269765713776	20372.942979859825	364.53373040477703
186225619.715712	112834524532.14197	155352983637.96783	10237810124.522432	-17267.856687829946	20362.502716493724	363.84544544757154
186229219.715712	112772346601.92398	155426269853.45865	10239118729.448717	-17275.436731527938	20352.061243865028	363.15731756412316
186232819.715712	112710141395.926	155499518477.47745	10240424857.397503	-17283.009899369856	20341.618566049117	362.46934685400316
186236419.715712	112647908938.89647	155572729505.69287	10241728508.934793	-17290.576193918718	20331.17468711669	361.7815334165514
186240019.715712	112585649255.57465	155645902933.78824	10243029684.62695	-17298.13561773845	20320.729611133767	361.0938773508765
186243619.715712	112523362370.69054	155719038757.46146	10244328385.040686	-17305.688173393883	20310.283342161696	360.40637875585634
186247219.715712	112461048308.96492	155792136972.42508	10245624610.743074	-17313.23386345074	20299.835884257158	359.7190377301382
186250819.715712	112398707095.10933	155865197574.40625	10246918362.301544	-17320.77269047564	20289.387241472163	359.03185437213915
186254419.715712	112336338753.82605	155938220559.14667	10248209640.283875	-17328.30465703609	20278.93741785406	358.34482878004627
186258019.715712	112273943309.80814	156011205922.40265	10249498445.258198	-17335.82976570048	20268.486417445543	357.65796105181704
186261619.715712	112211520787.7394	156084153659.94498	10250784777.793001	-17343.348019038083	20258.03424428465	356.9712512851796
186265219.715712	112149071212.29437	156157063767.55902	10252068638.457123	-17350.859419619035	20247.580902404756	356.2846995776331
186268819.715712	112086594608.13837	156229936241.04465	10253350027.819748	-17358.363970014347	20237.1263958346	355.59830602644786
186272419.715712	112024090999.92741	156302771076.21622	10254628946.450417	-17365.86167279589	20226.67072859827	354.9120707286659
186276019.715712	111961560412.30829	156375568268.9026	10255905394.919014	-17373.352530536395	20216.213904715216	354.22599378110107
186279619.715712	111899002869.91852	156448327814.94702	10257179373.795776	-17380.836545809438	20205.755928200248	353.5400752803394
186283219.715712	111836418397.38634	156521049710.20728	10258450883.651285	-17388.313721189454	20195.296803063542	352.8543153227394
186286819.715712	111773807019.33073	156593733950.55554	10259719925.056467	-17395.784059251713	20184.83653331064	352.1687140044324
186290419.715712	111711168760.36142	156666380531.8784	10260986498.582598	-17403.247562572327	20174.37512294246	351.48327142132274
186294019.715712	111648503645.07881	156738989450.07678	10262250604.801296	-17410.70423372824	20163.912575955295	350.7979876690883
186297619.715712	111585811698.07408	156811560701.0661	10263512244.284527	-17418.15407529722	20153.44889634082	350.11286284318044
186301219.715712	111523092943.9291	156884094280.77606	10264771417.604593	-17425.597089857867	20142.984088086083	349.4278970388247
186304819.715712	111460347407.21643	156956590185.15073	10266028125.334146	-17433.03327998959	20132.518155173533	348.7430903510209
186308419.715712	111397575112.49939	157029048410.1485	10267282368.046175	-17440.462648272616	20122.051101581004	348.05844287454335
186312019.715712	111334776084.33199	157101468951.74207	10268534146.31401	-17447.885197287982	20111.58293128172	347.3739547039413
186315619.715712	111271950347.25894	157173851805.91843	10269783460.711325	-17455.300929617522	20101.1136482443	346.6896259335393
186319219.715712	111209097925.81567	157246196968.6789	10271030311.812126	-17462.709847843875	20090.643256432773	346.00545665743715
186322819.715712	111146218844.52829	157318504436.03897	10272274700.190763	-17470.11195455047	20080.171759806566	345.3214469695107
186326419.715712	111083313127.91362	157390774204.02847	10273516626.421925	-17477.507252321528	20069.699162320514	344.6375969634118
186330019.715712	111020380800.47919	157463006268.6914	10274756091.080631	-17484.895743742054	20059.225467924865	343.9539067325687
186333619.715712	110957421886.72319	157535200626.086	10275993094.74224	-17492.27743139783	20048.750680565285	343.2703763701864
186337219.715712	110894436411.13454	157607357272.28467	10277227637.982449	-17499.65231787541	20038.27480418285	342.5870059692468
186340819.715712	110831424398.1928	157679476203.37402	10278459721.377283	-17507.020405762127	20027.797842714062	341.90379562250916
186344419.715712	110768385872.36824	157751557415.45483	10279689345.503107	-17514.38169764607	20017.319800090852	341.22074542251033
186348019.715712	110705320858.12183	157823600904.642	10280916510.936613	-17521.73619611609	20006.840680240577	340.5378554615651
186351619.715712	110642229379.90518	157895606667.06458	10282141218.254827	-17529.083903761795	19996.360487086025	339.8551258317663
186355219.715712	110579111462.16061	157967574698.86575	10283363468.035109	-17536.424823173544	19985.879224545424	339.17255662498553
186358819.715712	110515967129.3211	158039504996.20276	10284583260.855145	-17543.758956942438	19975.39689653244	338.49014793287296
186362419.715712	110452796405.81029	158111397555.24692	10285800597.292952	-17551.08630766032	19964.913506956174	337.8078998468579
186366019.715712	110389599316.0425	158183252372.18365	10287015477.926878	-17558.406877919773	19954.429059721188	337.125812458149
186369619.715712	110326375884.4227	158255069443.2124	10288227903.335596	-17565.720670314113	19943.943558727486	336.4438858577348
186373219.715712	110263126135.34656	158326848764.54666	10289437874.098108	-17573.027687437374	19933.457007870526	335.7621201363836
186376819.715712	110199850093.20036	158398590332.4139	10290645390.793741	-17580.327931884316	19922.969411041224	335.08051538464406
186380419.715712	110136547782.36108	158470294143.05566	10291850454.00215	-17587.621406250422	19912.48077212596	334.39907169284544
186384019.715712	110073219227.19633	158541960192.7274	10293053064.30331	-17594.908113131878	19901.991095006575	333.71778915109786
186387619.715712	110009864452.06439	158613588477.69852	10294253222.277525	-17602.188055125585	19891.50038356038	333.0366678492926
186391219.715712	109946483481.31418	158685178994.25247	10295450928.50542	-17609.46123482915	19881.008641660155	332.3557078771024
186394819.715712	109883076339.28525	158756731738.68658	10296646183.567944	-17616.727654840863	19870.515873174158	331.6749093239818
186398419.715712	109819643050.30783	158828246707.31207	10297838988.046364	-17623.987317759726	19860.022081966123	330.9942722791674
186402019.715712	109756183638.70277	158899723896.4541	10299029342.52227	-17631.240226185422	19849.52727189527	330.3137968316781
186405619.715712	109692698128.78157	158971163302.45172	10300217247.577574	-17638.486382718318	19839.0314468163	329.63348307031544
186409219.715712	109629186544.84636	159042564921.6578	10301402703.794506	-17645.725789959462	19828.534610579412	328.95333108366395
186412819.715712	109565648911.1899	159113928750.43912	10302585711.755613	-17652.958450510578	19818.036767030288	328.2733409600914
186416419.715712	109502085252.09558	159185254785.17627	10303766272.04376	-17660.18436697406	19807.53792001011	327.59351278774903
186420019.715712	109438495591.83746	159256543022.26364	10304944385.242132	-17667.40354195297	19797.038073355558	326.91384665457196
186423619.715712	109374879954.68018	159327793458.10947	10306120051.934227	-17674.615978051024	19786.537230898823	326.23434264827944
186427219.715712	109311238364.87903	159399006089.13574	10307293272.703857	-17681.821677872606	19776.0353964676	325.55500085637505
186430819.715712	109247570846.6799	159470180911.77826	10308464048.135155	-17689.020644022745	19765.532573885088	324.8758213661471
186434419.715712	109183877424.31934	159541317922.4865	10309632378.812561	-17696.21287910712	19755.02876697001	324.1968042646689
186438019.715712	109120158122.02448	159612417117.72382	10310798265.320831	-17703.39838573205	19744.5239795366	323.5179496387991
186441619.715712	109056412964.01309	159683478493.96713	10311961708.245035	-17710.577166504492	19734.01821539462	322.8392575751819
186445219.715712	108992641974.49355	159754502047.70718	10313122708.170551	-17717.749224032046	19723.511478349348	322.16072816024723
186448819.715712	108928845177.66483	159825487775.44833	10314281265.683071	-17724.91456092293	19713.003772201602	321.4823614802114
186452419.715712	108865022597.71654	159896435673.70868	10315437381.368595	-17732.073179785995	19702.49510074772	320.8041576210771
186456019.715712	108801174258.82887	159967345739.01993	10316591055.813433	-17739.225083230707	19691.98546777959	320.1261166686337
186459619.715712	108737300185.17265	160038217967.92743	10317742289.6042	-17746.370273867153	19681.474877084624	319.44823870845767
186463219.715712	108673400400.90927	160109052356.9902	10318891083.327826	-17753.508754306025	19670.963332445786	318.7705238259128
186466819.715712	108609474930.19075	160179848902.78085	10320037437.57154	-17760.640527158626	19660.450837641587	318.09297210615046
186470419.715712	108545523797.1597	160250607601.88556	10321181352.922886	-17767.76559503686	19649.937396446083	317.41558363411
186474019.715712	108481547025.94933	160321328450.9041	10322322829.969706	-17774.88396055323	19639.423012628886	316.738358494519
186477619.715712	108417544640.68343	160392011446.44986	10323461869.300148	-17781.99562632083	19628.90768995517	316.06129677189335
186481219.715712	108353516665.47638	160462656585.1497	10324598471.502665	-17789.100594953343	19618.39143218566	315.3843985505379
186484819.715712	108289463124.43318	160533263863.644	10325732637.166014	-17796.19886906504	19607.874243076654	314.7076639145466
186488419.715712	108225384041.6494	160603833278.58676	10326864366.879253	-17803.29045127077	19597.356126380015	314.0310929478025
186492019.715712	108161279441.21118	160674364826.64536	10327993661.231743	-17810.37534418595	19586.837085843174	313.3546857339786
186495619.715712	108097149347.19527	160744858504.50073	10329120520.813143	-17817.453550426588	19576.31712520914	312.67844235653774
186499219.715712	108032993783.66898	160815314308.84726	10330244946.213413	-17824.525072609238	19565.796248216502	312.00236289873294
186502819.715712	107968812774.6902	160885732236.39276	10331366938.022816	-17831.58991335103	19555.27445859943	311.3264474436078
186506419.715712	107904606344.30743	160956112283.85852	10332486496.83191	-17838.648075269637	19544.751760087678	310.6506960739967
186510019.715712	107840374516.55971	161026454447.97922	10333603623.23155	-17845.699560983303	19534.228156406592	309.97510887252514
186513619.715712	107776117315.47665	161096758725.50293	10334718317.812893	-17852.744373110814	19523.703651277112	309.29968592161003
186517219.715712	107711834765.07848	161167025113.19113	10335830581.167385	-17859.782514271497	19513.17824841577	308.6244273034599
186520819.715712	107647526889.37592	161237253607.8187	10336940413.886774	-17866.81398708522	19502.651951534703	307.94933310007536
186524419.715712	107583193712.37033	161307444206.1738	10338047816.5631	-17873.838794172396	19492.124764341646	307.2744033932491
186528019.715712	107518835258.0536	161377596905.058	10339152789.7887	-17880.856938153956	19481.596690539947	306.5996382645664
186531619.715712	107454451550.4082	161447711701.2862	10340255334.156199	-17887.86842165137	19471.067733828564	305.9250377954055
186535219.715712	107390042613.40715	161517788591.68652	10341355450.258516	-17894.873247286625	19460.537897902064	305.25060206693763
186538819.715712	107325608471.01402	161587827573.10046	10342453138.688866	-17901.87141768223	19450.00718645064	304.5763311601274
186542419.715712	107261149147.18297	161657828642.38275	10343548400.04075	-17908.862935461202	19439.4756031601	303.90222515573316
186546019.715712	107196664665.85869	161727791796.40143	10344641234.907965	-17915.84780324708	19428.94315171188	303.2282841343072
186549619.715712	107132155050.97643	161797717032.03772	10345731643.884592	-17922.8260236639	19418.409835783044	302.5545081761962
186553219.715712	107067620326.46199	161867604346.1861	10346819627.565004	-17929.797599336198	19407.87565904629	301.8808973615411
186556819.715712	107003060516.23175	161937453735.75427	10347905186.543863	-17936.762532889014	19397.340625169953	301.20745177027794
186560419.715712	106938475644.1926	162007265197.66315	10348988321.416115	-17943.720826947872	19386.804737818	300.5341714821377
186564019.715712	106873865734.24197	162077038728.84677	10350069032.776995	-17950.672484138795	19376.268000650056	299.8610565766469
186567619.715712	106809230810.26788	162146774326.2524	10351147321.222021	-17957.617507088285	19365.730417321378	299.1881071331276
186571219.715712	106744570896.14886	162216471986.84045	10352223187.347002	-17964.555898423325	19355.19199148288	298.51532323069785
186574819.715712	106679886015.75401	162286131707.58444	10353296631.748026	-17971.48766077137	19344.65272678113	297.842704948272
186578419.715712	106615176192.94295	162355753485.471	10354367655.021467	-17978.412796760353	19334.11262685835	297.1702523645609
186582019.715712	106550441451.56583	162425337317.4999	10355436257.763983	-17985.33130901867	19323.571695352428	296.4979655580722
186585619.715712	106485681815.46335	162494883200.684	10356502440.572512	-17992.243200175188	19313.029935896913	295.8258446071107
186589219.715712	106420897308.46674	162564391132.04916	10357566204.044273	-17999.148472859222	19302.487352121025	295.1538895897785
186592819.715712	106356087954.39777	162633861108.63443	10358627548.776772	-18006.047129700546	19291.943947649655	294.48210058397535
186596419.715712	106291253777.06874	162703293127.49176	10359686475.367786	-18012.93917332939	19281.39972610337	293.8104776673991
186600019.715712	106226394800.28249	162772687185.68622	10360742984.415379	-18019.82460637642	19270.854691098415	293.13902091754557
186603619.715712	106161511047.83237	162842043280.29584	10361797076.517887	-18026.703431472753	19260.308846246717	292.4677304117093
186607219.715712	106096602543.50226	162911361408.41168	10362848752.27393	-18033.575651249943	19249.762195155894	291.7966062269835
186610819.715712	106031669311.06659	162980641567.1378	10363898012.2824	-18040.441268339975	19239.214741429245	291.12564844026053
186614419.715712	105966711374.29028	163049883753.59113	10364944857.14247	-18047.300285375266	19228.66648866577	290.45485712823205
186618019.715712	105901728756.9288	163119087964.90164	10365989287.453585	-18054.152704988654	19218.11744046017	289.78423236738934
186621619.715712	105836721482.72812	163188254198.21222	10367031303.815468	-18060.998529813405	19207.567600402832	289.1137742340236
186625219.715712	105771689575.42473	163257382450.67862	10368070906.828114	-18067.837762483203	19197.01697207986	288.4434828042262
186628819.715712	105706633058.74567	163326472719.46957	10369108097.091793	-18074.670405632136	19186.465559073058	287.7733581538891
186632419.715712	105641551956.40845	163395525001.76663	10370142875.207048	-18081.496461894712	19175.91336495995	287.10340035870485
186636019.715712	105576446292.12112	163464539294.76425	10371175241.774693	-18088.31593390584	19165.360393313767	286.4336094941672
186639619.715712	105511316089.58226	163533515595.66974	10372205197.395813	-18095.128824300828	19154.806647703466	285.763985635571
186643219.715712	105446161372.48093	163602453901.70325	10373232742.671766	-18101.93513571538	19144.252131693716	285.0945288580129
186646819.715712	105380982164.49672	163671354210.09775	10374257878.204178	-18108.734870785596	19133.69684884492	284.42523923639135
186650419.715712	105315778489.29973	163740216518.099	10375280604.594944	-18115.52803214797	19123.14080271321	283.7561168454069
186654019.715712	105250550370.55055	163809040822.9656	10376300922.44623	-18122.31462243937	19112.583996850444	283.0871617595626
186657619.715712	105185297831.9003	163877827121.9689	10377318832.360468	-18129.094644297053	19102.02643480423	282.41837405316426
186661219.715712	105120020896.99057	163946575412.39304	10378334334.940357	-18135.868100358646	19091.468120117897	281.7497538003205
186664819.715712	105054719589.4535	164015285691.53485	10379347430.788864	-18142.634993262156	19080.909056330536	281.0813010749434
186668419.715712	104989393932.91171	164083957956.70395	10380358120.509218	-18149.395325645957	19070.349246976977	280.41301595074844
186672019.715712	104924043950.97832	164152592205.22266	10381366404.704918	-18156.14910014878	19059.788695587802	279.744898501255
186675619.715712	104858669667.25694	164221188434.42596	10382372283.979725	-18162.89631940973	19049.227405689344	279.07694879978663
186679219.715712	104793271105.34169	164289746641.66162	10383375758.937662	-18169.636986068257	19038.6653808037	278.4091669194711
186682819.715712	104727848288.8172	164358266824.28998	10384376830.183018	-18176.37110276417	19028.102624448726	277.74155293324094
186686419.715712	104662401241.25858	164426748979.68408	10385375498.320341	-18183.09867213762	19017.539140138044	277.0741069138336
186690019.715712	104596929986.23143	164495193105.2296	10386371763.954445	-18189.819696829116	19006.974931381043	276.4068289337917
186693619.715712	104531434547.29185	164563599198.3249	10387365627.6904	-18196.534179479495	18996.410001682885	275.7397190654634
186697219.715712	104465914947.98645	164631967256.3808	10388357090.133537	-18203.242122729935	18985.844354544515	275.07277738100265
186700819.715712	104400371211.85231	164700297276.82086	10389346151.88945	-18209.94352922195	18975.277993462645	274.4060039523693
186704419.715712	104334803362.41699	164768589257.08118	10390332813.563988	-18216.638401597378	18964.71092192978	273.73939885132967
186708019.715712	104269211423.19858	164836843194.6104	10391317075.763258	-18223.32674249839	18954.143143434212	273.07296214945654
186711619.715712	104203595417.70561	164905059086.86975	10392298939.093628	-18230.008554567466	18943.574661460018	272.40669391812963
186715219.715712	104137955369.43712	164973236931.33295	10393278404.161718	-18236.683840447415	18933.005479487074	271.7405942285357
186718819.715712	104072291301.88264	165041376725.48624	10394255471.574408	-18243.35260278135	18922.435600991048	271.0746631516691
186722419.715712	104006603238.52219	165109478466.8284	10395230141.93883	-18250.014844212703	18911.865029443416	270.40890075833164
186726019.715712	103940891202.82623	165177542152.87073	10396202415.862371	-18256.6705673852	18901.293768311458	269.7433071191332
186729619.715712	103875155218.25575	165245567781.1369	10397172293.952677	-18263.31977494288	18890.721821058258	269.07788230449194
186733219.715712	103809395308.2622	165313555349.16315	10398139776.817638	-18269.962469530074	18880.149191142715	268.4126263846344
186736819.715712	103743611496.28752	165381504854.49808	10399104865.065405	-18276.598653791407	18869.57588201954	267.747539429596
186740419.715712	103677803805.76411	165449416294.70276	10400067559.304375	-18283.228330371792	18859.001897139275	267.08262150922116
186744019.715712	103611972260.11488	165517289667.3507	10401027860.143198	-18289.851501916437	18848.42723994827	266.4178726931636
186747619.715712	103546116882.75319	165585124970.02777	10401985768.190775	-18296.46817107082	18837.85191388871	265.75329305088667
186751219.715712	103480237697.08287	165652922200.3322	10402941284.056255	-18303.078340480708	18827.27592239861	265.08888265166354
186754819.715712	103414334726.49825	165720681355.87466	10403894408.349041	-18309.682012792135	18816.699268911816	264.4246415645776
186758419.715712	103348407994.38411	165788402434.2781	10404845141.678778	-18316.27919065141	18806.121956858013	263.7605698585225
186762019.715712	103282457524.11572	165856085433.1779	10405793484.655361	-18322.86987670511	18795.543989662725	263.09666760220273
186765619.715712	103216483339.05882	165923730350.22162	10406739437.888935	-18329.45407360007	18784.965370747326	262.4329348641336
186769219.715712	103150485462.56961	165991337183.0693	10407683001.989887	-18336.03178398339	18774.386103529032	261.76937171264166
186772819.715712	103084463917.99478	166058905929.39316	10408624177.568851	-18342.603010502426	18763.80619142091	261.10597821586504
186776419.715712	103018418728.67146	166126436586.87775	10409562965.236708	-18349.167755804778	18753.22563783189	260.4427544417535
186780019.715712	102952349917.92728	166193929153.21985	10410499365.60458	-18355.726022538303	18742.644446166752	259.77970045806893
186783619.715712	102886257509.08029	166261383626.12854	10411433379.283834	-18362.2778133511	18732.062619826145	259.1168163323855
186787219.715712	102820141525.43907	166328800003.32507	10412365006.886084	-18368.823130891502	18721.48016220658	258.45410213208993
186790819.715712	102754001990.30263	166396178282.54297	10413294249.023178	-18375.36197780809	18710.897076700436	257.79155792438183
186794419.715712	102687838926.96043	166463518461.52792	10414221106.30721	-18381.89435674967	18700.313366695973	257.12918377627386
186798019.715712	102621652358.69243	166530820538.03784	10415145579.35052	-18388.42027036528	18689.729035577322	256.46697975459205
186801619.715712	102555442308.76901	166598084509.8428	10416067668.765676	-18394.939721304185	18679.144086724496	255.80494592597614
186805219.715712	102489208800.45107	166665310374.72504	10416987375.165499	-18401.45271221587	18668.55852351339	255.14308235687977
186808819.715712	102422951856.98991	166732498130.4789	10417904699.163038	-18407.95924575004	18657.97234931579	254.48138911357074
186812419.715712	102356671501.62733	166799647774.91095	10418819641.371588	-18414.459324556614	18647.385567499372	253.81986626213134
186816019.715712	102290367757.5956	166866759305.83978	10419732202.404676	-18420.95295128572	18636.7981814277	253.15851386845856
186819619.715712	102224040648.1174	166933832721.09616	10420642382.87607	-18427.440128587696	18626.21019446025	252.49733199826437
186823219.715712	102157690196.4059	167000868018.52286	10421550183.39977	-18433.92085911308	18615.621609952388	251.83632071707606
186826819.715712	102091316425.66473	167067865195.9748	10422455604.590017	-18440.39514551262	18605.032431255393	251.1754800902364
186830419.715712	102024919359.08798	167134824251.31888	10423358647.061283	-18446.862990437243	18594.442661716446	250.51481018290391
186834019.715712	101958499019.86018	167201745182.43414	10424259311.428276	-18453.324396538086	18583.85230467865	249.85431106005328
186837619.715712	101892055431.15633	167268627987.21158	10425157598.305935	-18459.779366466464	18573.26136348102	249.19398278647543
186841219.715712	101825588616.14186	167335472663.55423	10426053508.309435	-18466.22790287388	18562.669841458483	248.5338254267779
186844819.715712	101759098597.97269	167402279209.3771	10426947042.054182	-18472.670008412024	18552.077741941903	247.87383904538513
186848419.715712	101692585399.79517	167469047622.6072	10427838200.155813	-18479.105685732753	18541.48506825806	247.21402370653863
186852019.715712	101626049044.7461	167535777901.18353	10428726983.230198	-18485.53493748811	18530.891823729675	246.55437947429732
186855619.715712	101559489555.95274	167602470043.05704	10429613391.893433	-18491.957766330306	18520.298011675393	245.89490641253778
186859219.715712	101492906956.53282	167669124046.19055	10430497426.761848	-18498.37417491171	18509.703635409805	245.2356045849545
186862819.715712	101426301269.5945	167735739908.5589	10431379088.452002	-18504.784165884867	18499.108698243443	244.57647405506017
186866419.715712	101359672518.23639	167802317628.1488	10432258377.580679	-18511.187741902475	18488.513203482777	243.9175148861859
186870019.715712	101293020725.54756	167868857202.95883	10433135294.764893	-18517.584905617394	18477.91715443023	243.25872714148153
186873619.715712	101226345914.60753	167935358630.9995	10434009840.621883	-18523.97565968263	18467.32055438418	242.60011088391585
186877219.715712	101159648108.48625	168001821910.29318	10434882015.769117	-18530.360006751343	18456.723406638957	241.9416661762769
186880819.715712	101092927330.24414	168068247038.87402	10435751820.824287	-18536.73794947684	18446.125714484853	241.28339308117222
186884419.715712	101026183602.93205	168134634014.78812	10436619256.405312	-18543.109490512565	18435.52748120812	240.6252916610291
186888019.715712	100959416949.5913	168200982836.09332	10437484323.130331	-18549.474632512105	18424.92871009098	239.96736197809489
186891619.715712	100892627393.25362	168267293500.8593	10438347021.617712	-18555.83337812918	18414.329404411623	239.30960409443713
186895219.715712	100825814956.94124	168333566007.16754	10439207352.486044	-18562.185730017645	18403.729567444214	238.65201807194404
186898819.715712	100758979663.66678	168399800353.11127	10440065316.354137	-18568.53169083148	18393.129202458895	237.99460397232457
186902419.715712	100692121536.43335	168465996536.79553	10440920913.841026	-18574.871263224795	18382.528312721784	237.33736185710873
186906019.715712	100625240598.23448	168532154556.33707	10441774145.565964	-18581.20444985181	18371.926901494997	236.68029178764792
186909619.715712	100558336872.05415	168598274409.8644	10442625012.148426	-18587.531253366873	18361.324972036622	236.02339382511505
186913219.715712	100491410380.86679	168664356095.51776	10443473514.208107	-18593.85167642444	18350.722527600752	235.36666803050497
186916819.715712	100424461147.63727	168730399611.44907	10444319652.36492	-18600.165721679085	18340.119571437466	234.7101144646346
186920419.715712	100357489195.32089	168796404955.82193	10445163427.238998	-18606.47339178548	18329.516106792846	234.0537331881432
