181471037.533056	160750527233.8695	29921342360.937336	6212229129.011928	-637.8791380529849	30862.409693792168	1331.2757986763318
181474637.533056	160748199311.2339	30032441151.529034	6217020498.288877	-655.4101940736128	30859.138799348646	1330.5959734519242
181478237.533056	160745808287.8275	30143528147.08214	6221809419.672679	-672.9351206376981	30855.856896151276	1329.9158581423296
181481837.533056	160743354185.72913	30254603307.98215	6226595892.120139	-690.4539106915905	30852.56399364411	1329.235453364262
181485437.533056	160740837027.04282	30365666594.648544	6231379914.59028	-707.9665571967226	30849.260101273958	1328.554759734135
181489037.533056	160738256833.898	30476717967.534824	6236161486.044342	-725.4730531296027	30845.945228490353	1327.8737778680616
181492637.533056	160735613628.44937	30587757387.12852	6240940605.4457855	-742.9733914818073	30842.61938474554	1327.1925083818528
181496237.533056	160732907432.87683	30698784813.951187	6245717271.760285	-760.4675652599742	30839.28257949444	1326.5109518910162
181499837.533056	160730138269.38538	30809800208.558422	6250491483.955733	-777.9555674857949	30835.93482219463	1325.8291090107557
181503437.533056	160727306160.20514	30920803531.539883	6255263241.0022335	-795.4373911960073	30832.576122306327	1325.1469803559694
181507037.533056	160724411127.5913	31031794743.51928	6260032541.872105	-812.9130294423885	30829.206489292348	1324.4645665412495
181510637.533056	160721453193.82404	31142773805.154396	6264799385.539876	-830.3824752917471	30825.825932618092	1323.7818681808808
181514237.533056	160718432381.2084	31253740677.1371	6269563770.982289	-847.845721825916	30822.434461751523	1323.0988858888402
181517837.533056	160715348712.07437	31364695320.19334	6274325697.178294	-865.3027621417446	30819.032086163137	1322.415620278795
181521437.533056	160712202208.77673	31475637695.083176	6279085163.109051	-882.7535893510911	30815.618815325935	1321.7320719641018
181525037.533056	160708992893.69504	31586567762.60076	6283842167.757926	-900.1981965808159	30812.194658715413	1321.0482415578065
181528637.533056	160705720789.23355	31697485483.57437	6288596710.110493	-917.6365769727724	30808.75962580952	1320.3641296726423
181532237.533056	160702385917.82123	31808390818.86641	6293348789.15453	-935.068723683801	30805.313726088647	1319.6797369210294
181535837.533056	160698988301.91162	31919283729.37341	6298098403.880019	-952.4946298857199	30801.856969035598	1318.995063915073
181539437.533056	160695527963.98282	32030164176.026047	6302845553.279147	-969.9142887653185	30798.389364135568	1318.3101112665634
181543037.533056	160692004926.53745	32141032119.78915	6307590236.346301	-987.327693524349	30794.910920876115	1317.6248795869742
181546637.533056	160688419212.10254	32251887521.66171	6312332452.07807	-1004.7348373795187	30791.42164874714	1316.939369487462
181550237.533056	160684770843.22952	32362730342.676876	6317072199.47324	-1022.1357135624824	30787.921557240858	1316.253581578865
181553837.533056	160681059842.4942	32473560543.90198	6321809477.532799	-1039.530315319834	30784.41065585178	1315.5675164717015
181557437.533056	160677286232.4966	32584378086.438545	6326544285.25993	-1056.9186359130993	30780.88895407669	1314.8811747761704
181561037.533056	160673450035.86108	32695182931.42227	6331276621.660012	-1074.300668618727	30777.356461414613	1314.1945571021488
181564637.533056	160669551275.23608	32805975040.023067	6336006485.740622	-1091.6764067280822	30773.813187366795	1313.5076640591913
181568237.533056	160665589973.2942	32916754373.445053	6340733876.511526	-1109.0458435474366	30770.259141436683	1312.8204962565296
181571837.533056	160661566152.7321	33027520892.92656	6345458792.984687	-1126.408972397962	30766.694333129897	1312.1330543030713
181575437.533056	160657479836.27048	33138274559.740147	6350181234.174257	-1143.7657866157215	30763.118771954207	1311.4453388073985
181579037.533056	160653331046.654	33249015335.1926	6354901199.09658	-1161.1162795516607	30759.53246741951	1310.7573503777674
181582637.533056	160649119806.6512	33359743180.62495	6359618686.770186	-1178.460444571601	30755.93542903781	1310.069089622107
181586237.533056	160644846139.05453	33470458057.41247	6364333696.215797	-1195.7982750562305	30752.327666323188	1309.3805571480184
181589837.533056	160640510066.68018	33581159926.964695	6369046226.456319	-1213.1297644010956	30748.709188791778	1308.6917535627736
181593437.533056	160636111612.3681	33691848750.725414	6373756276.516844	-1230.4549060165932	30745.08000596175	1308.0026794733149
181597037.533056	160631650798.982	33802524490.172688	6378463845.424649	-1247.773693327962	30741.440127353286	1307.3133354862532
181600637.533056	160627127649.40918	33913187106.81885	6383168932.209195	-1265.0861197752747	30737.789562488546	1306.6237222078685
181604237.533056	160622542186.56052	34023836562.210526	6387871535.902123	-1282.3921788134287	30734.12832089166	1305.9338402441072
181607837.533056	160617894433.37045	34134472817.928623	6392571655.537257	-1299.6918639121388	30730.456412088693	1305.2436902005825
181611437.533056	160613184412.7969	34245095835.588352	6397269290.150599	-1316.985168555928	30726.773845607626	1304.553272682573
181615037.533056	160608412147.8212	34355705576.839222	6401964438.780329	-1334.2720862441195	30723.080630978333	1303.8625882950216
181618637.533056	160603577661.44806	34466302003.36506	6406657100.466805	-1351.5526104908272	30719.376777732556	1303.1716376425352
181622237.533056	160598680976.70554	34576885076.884	6411347274.2525625	-1368.8267348249483	30715.662295403883	1302.4804213293828
181625837.533056	160593722116.64496	34687454759.14851	6416034959.182309	-1386.0944527901543	30711.937193527727	1301.7889399594956
181629437.533056	160588701104.34082	34798011011.94539	6420720154.302927	-1403.355757944882	30708.201481641296	1301.0971941364653
181633037.533056	160583617962.89084	34908553797.095764	6425402858.663471	-1420.6106438623258	30704.45516928358	1300.405184463544
181636637.533056	160578472715.4158	35019083076.45512	6430083071.315167	-1437.8591041304278	30700.69826599532	1299.7129115436426
181640237.533056	160573265385.05957	35129598811.91327	6434760791.311412	-1455.1011323518696	30696.930781318984	1299.02037597933
181643837.533056	160567995994.98898	35240100965.3944	6439436017.707768	-1472.3367221440642	30693.15272479875	1298.327578372833
181647437.533056	160562664568.3939	35350589498.85706	6444108749.561968	-1489.565867139146	30689.364105980483	1297.6345193260336
181651037.533056	160557271128.48697	35461064374.29416	6448778985.933909	-1506.7885609839625	30685.56493441171	1296.9411994404704
181654637.533056	160551815698.50378	35571525553.73298	6453446725.885654	-1524.004797340066	30681.755219641585	1296.2476193173363
181658237.533056	160546298301.7027	35681972999.23519	6458111968.48143	-1541.2145698837037	30677.934971220897	1295.5537795574778
181661837.533056	160540718961.36478	35792406672.89685	6462774712.787625	-1558.4178723058096	30674.10419870201	1294.8596807613944
181665437.533056	160535077700.7938	35902826536.8484	6467434957.872789	-1575.614698311995	30670.262911638874	1294.1653235292374
181669037.533056	160529374543.31616	36013232553.25467	6472092702.807632	-1592.8050416225396	30666.411119586974	1293.4707084608092
181672637.533056	160523609512.28085	36123624684.31491	6476747946.665023	-1609.988895972383	30662.548832103326	1292.7758361555627
181676237.533056	160517782631.05942	36234002892.26277	6481400688.519987	-1627.1662551111147	30658.676058746445	1292.0807072126001
181679837.533056	160511893923.0458	36344367139.36631	6486050927.449707	-1644.3371128029653	30654.79280907633	1291.385322230672
181683437.533056	160505943411.65643	36454717387.92802	6490698662.53352	-1661.5014628267982	30650.899092654436	1290.689681808177
181687037.533056	160499931120.3301	36565053600.2848	6495343892.852915	-1678.6592989760993	30646.99491904365	1289.9937865431602
181690637.533056	160493857072.5279	36675375738.80798	6499986617.491536	-1695.8106150589688	30643.080297808276	1289.2976370333129
181694237.533056	160487721291.7332	36785683765.90334	6504626835.535177	-1712.9554048981106	30639.155238514002	1288.6012338759713
181697837.533056	160481523801.45154	36895977644.01109	6509264546.071782	-1730.0936623308246	30635.219750727887	1287.9045776681164
181701437.533056	160475264625.2107	37006257335.60588	6513899748.1914425	-1747.2253812089964	30631.273844018335	1287.2076690063723
181705037.533056	160468943786.5605	37116522803.1968	6518532440.986399	-1764.3505553990885	30627.31752795507	1286.5105084870056
181708637.533056	160462561309.0728	37226774009.327415	6523162623.551035	-1781.4691787821305	30623.350812109118	1285.813096705925
181712237.533056	160456117216.34155	37337010916.57574	6527790294.981882	-1798.5812452537098	30619.373706052786	1285.1154342586804
181715837.533056	160449611531.98257	37447233487.55424	6532415454.377613	-1815.6867487239626	30615.38621935963	1284.417521740461
181719437.533056	160443044279.63364	37557441684.90985	6537038100.839043	-1832.785683117564	30611.388361604444	1283.7193597460964
181723037.533056	160436415482.9543	37667635471.324005	6541658233.469127	-1849.878042373719	30607.380142363236	1283.020948870054
181726637.533056	160429725165.62598	37777814809.51258	6546275851.372962	-1866.9638204461519	30603.3615712132	1282.3222897064395
181730237.533056	160422973351.35175	37887979662.225945	6550890953.657781	-1884.0430113030984	30599.3326577327	1281.6233828489949
181733837.533056	160416160063.85645	37998129992.248955	6555503539.432954	-1901.115608927295	30595.29341150124	1280.9242288910987
181737437.533056	160409285326.88654	38108265762.40095	6560113607.809987	-1918.1816073159691	30591.24384209945	1280.2248284257646
181741037.533056	160402349164.21005	38218386935.53576	6564721157.902521	-1935.2410004808305	30587.18395910907	1279.525182045641
181744637.533056	160395351599.61652	38328493474.541725	6569326188.826328	-1952.2937824480605	30583.1137721129	1278.8252903430098
181748237.533056	160388292656.917	38438585342.34167	6573928699.699314	-1969.3399472583033	30579.033290694824	1278.125153909786
181751837.533056	160381172359.94397	38548662501.89292	6578528689.641512	-1986.3794889666553	30574.94252443974	1277.4247733375164
181755437.533056	160373990732.55127	38658724916.18733	6583126157.775086	-2003.4124016426563	30570.841482933563	1276.7241492173796
181759037.533056	160366747798.61407	38768772548.25124	6587721103.224329	-2020.438679370279	30566.730175763212	1276.0232821401846
181762637.533056	160359443582.0288	38878805361.14553	6592313525.115656	-2037.4583162479198	30562.608612516568	1275.3221726963702
181766237.533056	160352078106.71317	38988823317.965576	6596903422.577611	-2054.4713063883883	30558.47680278246	1274.6208214760043
181769837.533056	160344651396.60596	39098826381.841286	6601490794.740859	-2071.4776439188977	30554.334756150653	1273.919229068783
181773437.533056	160337163475.6671	39208814515.93709	6606075640.738189	-2088.4773229810553	30550.182482211807	1273.2173960640296
181777037.533056	160329614367.87766	39318787683.45195	6610657959.70451	-2105.470337730852	30546.01999055747	1272.5153230506949
181780637.533056	160322004097.23962	39428745847.619354	6615237750.77685	-2122.456682338653	30541.847290780053	1271.813010617355
181784237.533056	160314332687.77597	39538688971.70733	6619815013.094357	-2139.4363509891873	30537.664392472812	1271.1104593522116
181787837.533056	160306600163.5306	39648617019.01843	6624389745.798293	-2156.409337881537	30533.471305229818	1270.4076698430906
181791437.533056	160298806548.56827	39758529952.88977	6628961948.032039	-2173.375637229129	30529.26803864594	1269.7046426774418
181795037.533056	160290951866.97452	39868427736.692986	6633531618.941087	-2190.335243259724	30525.054602316828	1269.001378442338
181798637.533056	160283036142.85568	39978310333.834274	6638098757.673044	-2207.2881502154055	30520.83100583888	1268.2978777244737
181802237.533056	160275059400.33875	40088177707.754364	6642663363.377627	-2224.234352352572	30516.59725880924	1267.5941411101658
181805837.533056	160267021663.57138	40198029821.92855	6647225435.206665	-2241.1738439419237	30512.35337082576	1266.8901691853512
181809437.533056	160258922956.72186	40307866639.866684	6651784972.314093	-2258.1066192684557	30508.099351486977	1266.1859625355874
181813037.533056	160250763303.979	40417688125.11315	6656341973.855954	-2275.0326726314447	30503.835210392106	1265.4815217460505
181816637.533056	160242542729.5521	40527494241.24692	6660896438.990398	-2291.951998344441	30499.560957141013	1264.7768474015359
181820237.533056	160234261257.6709	40637284951.8815	6665448366.877681	-2308.864590735257	30495.276601334186	1264.0719400864564
181823837.533056	160225918912.58557	40747060220.66498	6669997756.680158	-2325.7704441459573	30490.982152572728	1263.3668003848418
181827437.533056	160217515718.5666	40856820011.28	6674544607.562288	-2342.6695529328485	30486.677620458322	1262.6614288803387
181831037.533056	160209051699.90475	40966564287.44378	6679088918.690633	-2359.5619114664687	30482.363014593222	1261.9558261562092
181834637.533056	160200526880.91107	41076293012.9081	6683630689.23385	-2376.4475141315766	30478.038344580225	1261.2499927953304
181838237.533056	160191941285.91678	41186006151.459305	6688169918.362695	-2393.326355327142	30473.70362002265	1260.5439293801935
181841837.533056	160183294939.2732	41295703666.91833	6692706605.250021	-2410.1984294663357	30469.35885052432	1259.8376364929034
181845437.533056	160174587865.35178	41405385523.14067	6697240749.070775	-2427.0637309765166	30465.00404568954	1259.1311147151778
181849037.533056	160165820088.544	41515051684.01641	6701772349.001999	-2443.9222542992243	30460.639215123076	1258.424364628347
181852637.533056	160156991633.26132	41624702113.47021	6706301404.222825	-2460.7739938901664	30456.264368430133	1257.7173868133518
181856237.533056	160148102523.93512	41734336775.46129	6710827913.914477	-2477.6189442192085	30451.87951521634	1257.0101818507449
181859837.533056	160139152785.0167	41843955633.98347	6715351877.260269	-2494.4570997703645	30447.484665087726	1256.3027503206881
181863437.533056	160130142440.9771	41953558653.06515	6719873293.445601	-2511.2884550417853	30443.079827650694	1255.5950928029533
181867037.533056	160121071516.3073	42063145796.76931	6724392161.657961	-2528.113004545747	30438.665012512003	1254.887209876921
181870637.533056	160111940035.51788	42172717029.19352	6728908481.08692	-2544.9307428086436	30434.24022927876	1254.1791021215793
181874237.533056	160102748023.13913	42282272314.46993	6733422250.924135	-2561.7416643709716	30429.805487558377	1253.4707701155241
181877837.533056	160093495503.72098	42391811616.76529	6737933470.363345	-2578.545763787324	30425.360796958572	1252.762214436958
181881437.533056	160084182501.83295	42501334900.280914	6742442138.6003685	-2595.3430356263766	30420.90616708733	1252.0534356636892
181885037.533056	160074809042.06406	42610842129.25272	6746948254.833103	-2612.1334744708774	30416.441607552904	1251.344434373132
181888637.533056	160065375149.02283	42720333267.951225	6751451818.261526	-2628.9170749176374	30411.96712796377	1250.6352111423043
181892237.533056	160055880847.3372	42829808280.681526	6755952828.087691	-2645.6938315775187	30407.482737928625	1249.9257665478294
181895837.533056	160046326161.65445	42939267131.78331	6760451283.515726	-2662.4637390754237	30402.98844705636	1249.216101165933
181899437.533056	160036711116.64127	43048709785.63086	6764947183.751832	-2679.2267920502845	30398.48426495604	1248.5062155724436
181903037.533056	160027035736.98352	43158136206.63305	6769440528.004284	-2695.982985155052	30393.97020123689	1247.7961103427922
181906637.533056	160017300047.38638	43267546359.23335	6773931315.483427	-2712.732313056685	30389.44626550826	1247.0857860520111
181910237.533056	160007504072.57416	43376940207.90983	6778419545.401675	-2729.474770436139	30384.912467379618	1246.3752432747333
181913837.533056	159997647837.29025	43486317717.17513	6782905216.973511	-2746.2103519883553	30380.368816460526	1245.6644825851918
181917437.533056	159987731366.29718	43595678851.57652	6787388329.4154825	-2762.9390524222504	30375.815322360624	1244.9535045572193
181921037.533056	159977754684.3765	43705023575.69585	6791868881.946205	-2779.6608664607047	30371.2519946896	1244.2423097642472
181924637.533056	159967717816.32867	43814351854.149536	6796346873.786355	-2796.3757888405516	30366.678843057176	1243.5308987793057
181928237.533056	159957620786.97314	43923663651.58864	6800822304.158672	-2813.0838143125666	30362.095877073094	1242.819272175022
181931837.533056	159947463621.1482	44032958932.69878	6805295172.287958	-2829.7849376414556	30357.503106347085	1242.1074305236202
181935437.533056	159937246343.71097	44142237662.20018	6809765477.401072	-2846.4791536058447	30352.90054048886	1241.3953743969214
181939037.533056	159926968979.53732	44251499804.84767	6814233218.726931	-2863.1664569982677	30348.288189108076	1240.6831043663421
181942637.533056	159916631553.52188	44360745325.430664	6818698395.49651	-2879.8468426251566	30343.666061814332	1239.970621002894
181946237.533056	159906234090.57794	44469974188.77317	6823161006.942837	-2896.52030530683	30339.03416821714	1239.2579248771829
181949837.533056	159895776615.6374	44579186359.733795	6827621052.300995	-2913.18683987748	30334.392517925902	1238.545016559409
181953437.533056	159885259153.65073	44688381803.205734	6832078530.808118	-2929.846441185164	30329.74112054991	1237.831896619366
181957037.533056	159874681729.58694	44797560484.11678	6836533441.703391	-2946.499104091792	30325.079985698296	1237.1185656264397
181960637.533056	159864044368.4335	44906722367.42932	6840985784.228047	-2963.1448234731142	30320.409122980043	1236.4050241496082
181964237.533056	159853347095.1963	45015867418.14033	6845435557.625369	-2979.7835942187116	30315.72854200394	1235.6912727574413
181967837.533056	159842589934.8996	45124995601.28137	6849882761.140684	-2996.415411231984	30311.038252378577	1234.9773120180996
181971437.533056	159831772912.586	45234106881.91861	6854327394.021364	-3013.0402694301374	30306.338263712325	1234.2631424993338
181975037.533056	159820896053.31638	45343201225.15279	6858769455.516825	-3029.6581637441755	30301.62858561331	1233.5487647684845
181978637.533056	159809959382.16977	45452278596.11924	6863208944.878523	-3046.269089118885	30296.909227689404	1232.8341793924815
181982237.533056	159798962924.24347	45561338959.98789	6867645861.359956	-3062.8730405128267	30292.18019954819	1232.1193869378428
181985837.533056	159787906704.65286	45670382281.96326	6872080204.21666	-3079.470012898323	30287.441510796958	1231.4043879706749
181989437.533056	159776790748.5314	45779408527.28443	6876511972.706208	-3096.0600012614464	30282.693171042676	1230.6891830566713
181993037.533056	159765615081.03058	45888417661.22509	6880941166.08821	-3112.6430006020073	30277.93518989198	1229.9737727611125
181996637.533056	159754379727.31985	45997409649.093506	6885367783.624309	-3129.219005933545	30273.167576951146	1229.258157648865
182000237.533056	159743084712.58664	46106384456.23252	6889791824.578179	-3145.788012283313	30268.390341826067	1228.5423382843812
182003837.533056	159731730062.03616	46215342048.01956	6894213288.21553	-3162.35001469227	30263.603494122253	1227.8263152316986
182007437.533056	159720315800.8915	46324282389.86663	6898632173.804098	-3178.905008215067	30258.807043444795	1227.110089054439
182011037.533056	159708841954.3936	46433205447.22032	6903048480.613648	-3195.4529879200354	30254.000999398344	1226.3936603158081
182014637.533056	159697308547.80096	46542111185.56178	6907462207.915974	-3211.993948889177	30249.18537158711	1225.6770295785957
182018237.533056	159685715606.38995	46650999570.40675	6911873354.984891	-3228.5278862181503	30244.36016961483	1224.9601974051736
182021837.533056	159674063155.45444	46759870567.30554	6916281921.096242	-3245.054795016261	30239.525403084743	1224.2431643574967
182025437.533056	159662351220.30594	46868724141.84302	6920687905.52789	-3261.574670406448	30234.681081599585	1223.525930997101
182029037.533056	159650579826.27344	46977560259.63863	6925091307.559719	-3278.087507525274	30229.827214761568	1222.8084978851043
182032637.533056	159638748998.7035	47086378886.3464	6929492126.473634	-3294.5933015229116	30224.96381217235	1222.0908655822045
182036237.533056	159626858762.96002	47195179987.65489	6933890361.553555	-3311.0920475631333	30220.09088343303	1221.37303464868
182039837.533056	159614909144.42438	47303963529.287254	6938286012.08542	-3327.5837408232987	30215.208438144116	1220.6550056443884
182043437.533056	159602900168.4952	47412729477.00119	6942679077.357181	-3344.0683764943437	30210.31648590552	1219.936779128767
182047037.533056	159590831860.58847	47521477796.58896	6947069556.658804	-3360.5459497807674	30205.415036316535	1219.2183556608313
182050637.533056	159578704246.1374	47630208453.87737	6951457449.282267	-3377.016455900621	30200.5040989758	1218.4997357991747
182054237.533056	159566517350.59232	47738921414.7278	6955842754.521556	-3393.4798900854967	30195.583683481316	1217.7809201019681
182057837.533056	159554271199.4208	47847616645.03616	6960225471.6726675	-3409.9362475805137	30190.65379943039	1217.0619091269596
182061437.533056	159541965818.10745	47956294110.73294	6964605600.033606	-3426.3855236443087	30185.714456419642	1216.3427034314732
182065037.533056	159529601232.15396	48064953777.78315	6968983138.904378	-3442.827713549023	30180.76566404498	1215.6233035724094
182068637.533056	159517177467.07895	48173595612.18635	6973358087.586998	-3459.26281258029	30175.80743190157	1214.9037101062438
182072237.533056	159504694548.41806	48282219579.97663	6977730445.385482	-3475.6908160372236	30170.839769583836	1214.183923589027
182075837.533056	159492152501.7238	48390825647.22265	6982100211.6058445	-3492.1117192324073	30165.862686685436	1213.463944576384
182079437.533056	159479551352.5655	48499413780.02758	6986467385.556103	-3508.525517491881	30160.87619279923	1212.7437736235133
182083037.533056	159466891126.52936	48607983944.52913	6990831966.546271	-3524.9322061551293	30155.88029751728	1212.0234112851872
182086637.533056	159454171849.21826	48716536106.899536	6995193953.888359	-3541.331780575069	30150.875010430824	1211.3028581157507
182090237.533056	159441393546.25186	48825070233.34557	6999553346.896372	-3557.724236118038	30145.860341130254	1210.5821146691214
182093837.533056	159428556243.26642	48933586290.10853	7003910144.886309	-3574.1095681637826	30140.836299205108	1209.8611814987885
182097437.533056	159415659965.91483	49042084243.46421	7008264347.176159	-3590.4877721054463	30135.802894244043	1209.1400591578124
182101037.533056	159402704739.86652	49150564059.722946	7012615953.085903	-3606.858843349556	30130.760135834822	1208.4187481988247
182104637.533056	159389690590.80743	49259025705.22958	7016964961.937511	-3623.222777316012	30125.70803356429	1207.6972491740275
182108237.533056	159376617544.44003	49367469146.36348	7021311373.054939	-3639.5795694380736	30120.64659701836	1206.9755626351925
182111837.533056	159363485626.48315	49475894349.53849	7025655185.76413	-3655.9292151623486	30115.575835781998	1206.2536891336613
182115437.533056	159350294862.672	49584301281.20298	7029996399.393008	-3672.271709948781	30110.495759439204	1205.5316292203438
182119037.533056	159337045278.7581	49692689907.83982	7034335013.271483	-3688.607049270637	30105.40637757299	1204.8093834457188
182122637.533056	159323736900.50922	49801060195.96638	7038671026.731444	-3704.9352286144963	30100.30769976536	1204.086952359833
182126237.533056	159310369753.70944	49909412112.1345	7043004439.10676	-3721.2562434802353	30095.199735597304	1203.3643365123007
182129837.533056	159296943864.15894	50017745622.93054	7047335249.733277	-3737.570089381019	30090.082494648774	1202.6415364523032
182133437.533056	159283459257.67404	50126060694.975334	7051663457.94882	-3753.876761843286	30084.955986498655	1201.9185527285883
182137037.533056	159269915960.08716	50234357294.92419	7055989063.093185	-3770.176256406738	30079.820220724767	1201.1953858894701
182140637.533056	159256313997.24673	50342635389.466896	7060312064.508143	-3786.468568624326	30074.675206903838	1200.4720364828283
182144237.533056	159242653395.0172	50450894945.32773	7064632461.537437	-3802.7536940622385	30069.52095461148	1199.748505056108
182147837.533056	159228934179.27893	50559135929.26542	7068950253.52678	-3819.0316282998897	30064.35747342218	1199.0247921563182
182151437.533056	159215156375.92816	50667358308.07317	7073265439.823852	-3835.302366929906	30059.184772909288	1198.3008983300335
182155037.533056	159201320010.877	50775562048.57866	7077578019.7783	-3851.5659055581145	30054.002862644982	1197.5768241233916
182158637.533056	159187425110.0534	50883747117.644	7081887992.741738	-3867.8222398035314	30048.811752200265	1196.8525700820935
182162237.533056	159173471699.40094	50991913482.165764	7086195358.067743	-3884.071365298347	30043.61145114494	1196.1281367514034
182165837.533056	159159459804.87897	51100061109.07499	7090500115.111855	-3900.313277687915	30038.401969047605	1195.403524676148
182169437.533056	159145389452.46252	51208189965.337135	7094802263.231571	-3916.5479726307412	30033.183315475613	1194.678734400716
182173037.533056	159131260668.14218	51316300017.95212	7099101801.786352	-3932.7754457984684	30027.955499995078	1193.9537664690577
182176637.533056	159117073477.9241	51424391233.954285	7103398730.137613	-3948.9956928758647	30022.718532170842	1193.2286214246847
182180237.533056	159102827907.82996	51532463580.412415	7107693047.648726	-3965.208709560813	30017.472421566472	1192.5032998106694
182183837.533056	159088523983.89688	51640517024.4297	7111984753.685018	-3981.4144915642955	30012.217177744227	1191.7778021696445
182187437.533056	159074161732.17743	51748551533.14378	7116273847.613766	-3997.6130346103837	30006.952810265047	1191.0521290438023
182191037.533056	159059741178.73953	51856567073.72669	7120560328.804201	-4013.8043344362236	30001.679328688548	1190.326280974895
182194637.533056	159045262349.66644	51964563613.38489	7124844196.627503	-4029.988386792025	29996.396742572982	1189.6002585042338
182198237.533056	159030725271.05667	52072541119.35924	7129125450.456799	-4046.1651874410472	29991.10506147524	1188.8740621726881
182201837.533056	159016129969.024	52180499558.925	7133404089.667162	-4062.3347321595893	29985.80429495082	1188.1476925206862
182205437.533056	159001476469.6973	52288438899.39184	7137680113.635612	-4078.4970167369734	29980.494452553827	1187.4211500882136
182209037.533056	158986764799.22067	52396359108.103806	7141953521.741108	-4094.6520369755353	29975.175543836944	1186.6944354148136
182212637.533056	158971994983.7533	52504260152.43935	7146224313.364555	-4110.7997886906105	29969.84757835141	1185.9675490395862
182216237.533056	158957167049.46933	52612141999.81128	7150492487.888797	-4126.940267710522	29964.51056564702	1185.2404915011882
182219837.533056	158942281022.55798	52720004617.6668	7154758044.698614	-4143.073469876567	29959.164515272092	1184.5132633378325
182223437.533056	158927336929.22342	52827847973.48749	7159020983.180725	-4159.199391043006	29953.809436773463	1183.7858650872877
182227037.533056	158912334795.68463	52935672034.789276	7163281302.723783	-4175.3180270770445	29948.445339696464	1183.0582972868779
182230637.533056	158897274648.17557	53043476769.12246	7167539002.718374	-4191.429373858829	29943.072233584902	1182.330560473482
182234237.533056	158882156512.9449	53151262144.07169	7171794082.557019	-4207.533427281429	29937.690127981055	1181.6026551835337
182237837.533056	158866980416.25607	53259028127.25598	7176046541.634167	-4223.630183250822	29932.299032425643	1180.8745819530207
182241437.533056	158851746384.38733	53366774686.32867	7180296379.346195	-4239.719637685886	29926.89895645782	1180.1463413174845
182245037.533056	158836454443.63147	53474501788.97743	7184543595.091409	-4255.801786518383	29921.489909615146	1179.4179338120202
182248637.533056	158821104620.296	53582209402.92429	7188788188.27004	-4271.876625692949	29916.071901433585	1178.689359971276
182252237.533056	158805696940.70294	53689897495.92559	7193030158.284241	-4287.944151167079	29910.644941447477	1177.9606203294522
182255837.533056	158790231431.18887	53797566035.77199	7197269504.538091	-4304.004358911115	29905.209039189533	1177.231715420302
182259437.533056	158774708118.10486	53905214990.28847	7201506226.437587	-4320.057244908231	29899.764204190804	1176.5026457771298
182263037.533056	158759127027.8164	54012844327.33431	7205740323.390645	-4336.102805154425	29894.31044598068	1175.7734119327922
182266637.533056	158743488186.70343	54120454014.80311	7209971794.8071	-4352.141035658503	29888.84777408686	1175.0440144196964
182270237.533056	158727791621.16013	54228044020.62275	7214200640.098702	-4368.171932442064	29883.376198035345	1174.3144537698008
182273837.533056	158712037357.59506	54335614312.7554	7218426858.679116	-4384.19549153949	29877.89572735042	1173.5847305146137
182277437.533056	158696225422.431	54443164859.19753	7222650449.963919	-4400.211708997934	29872.406371554636	1172.854845185194
182281037.533056	158680355842.10495	54550695627.97988	7226871413.370598	-4416.220580877303	29866.908140168798	1172.12479831215
182284637.533056	158664428643.06808	54658206587.16746	7231089748.31855	-4432.222103250251	29861.401042711936	1171.3945904256389
182288237.533056	158648443851.78564	54765697704.85954	7235305454.229082	-4448.216272202159	29855.885088701307	1170.6642220553674
182291837.533056	158632401494.737	54873168949.18967	7239518530.525404	-4464.2030838311275	29850.36028765237	1169.9336937305907
182295437.533056	158616301598.4155	54980620288.325615	7243728976.632631	-4480.182534247961	29844.826649078765	1169.2030059801118
182299037.533056	158600144189.32852	55088051690.46942	7247936791.977783	-4496.154619576155	29839.284182492305	1168.4721593322822
182302637.533056	158583929293.9973	55195463123.85736	7252141975.98978	-4512.119335951884	29833.732897402962	1167.7411543150006
182306237.533056	158567656938.95703	55302854556.75993	7256344528.099442	-4528.076679523987	29828.172803318845	1167.0099914557127
182309837.533056	158551327150.7567	55410225957.48187	7260544447.739484	-4544.026646453957	29822.60390974618	1166.2786712814113
182313437.533056	158534939955.95914	55517577294.36213	7264741734.3445215	-4559.969232915925	29817.026226189308	1165.5471943186355
182317037.533056	158518495381.14087	55624908535.77386	7268936387.351063	-4575.904435096649	29811.439762150654	1164.8155610934707
182320637.533056	158501993452.89215	55732219650.124435	7273128406.19751	-4591.832249195498	29805.84452713073	1164.0837721315481
182324237.533056	158485434197.8169	55839510605.85542	7277317790.324156	-4607.752671424442	29800.240530628093	1163.3518279580444
182327837.533056	158468817642.53265	55946781371.44257	7281504539.173183	-4623.66569800804	29794.627782139356	1162.619729097681
182331437.533056	158452143813.67053	56054031915.395836	7285688652.1886635	-4639.571325183421	29789.00629115916	1161.887476074725
182335037.533056	158435412737.87512	56161262206.25932	7289870128.816554	-4655.4695492002775	29783.37606718015	1161.1550694129871
182338637.533056	158418624441.80457	56268472212.61132	7294048968.504698	-4671.360366320847	29777.737119692978	1160.4225096358225
182342237.533056	158401778952.13037	56375661903.064285	7298225170.702821	-4687.243772819902	29772.089458186278	1159.6897972661304
182345837.533056	158384876295.53748	56482831246.264824	7302398734.86253	-4703.119764984736	29766.433092146643	1158.956932826353
182349437.533056	158367916498.72412	56589980210.893684	7306569660.437313	-4718.988339115152	29760.768031058626	1158.2239168384763
182353037.533056	158350899588.40192	56697108765.665764	7310737946.882535	-4734.849491523442	29755.09428440471	1157.4907498240286
182356637.533056	158333825591.29565	56804216879.33009	7314903593.655439	-4750.703218534387	29749.4118616653	1156.7574323040812
182360237.533056	158316694534.14334	56911304520.66982	7319066600.215143	-4766.54951648523	29743.72077231871	1156.0239647992476
182363837.533056	158299506443.6962	57018371658.50223	7323226966.022636	-4782.388381725671	29738.02102584114	1155.2903478296826
182367437.533056	158282261346.71854	57125418261.67869	7327384690.540783	-4798.219810617852	29732.312631706664	1154.5565819150834
182371037.533056	158264959269.98773	57232444299.084694	7331539773.234314	-4814.043799536343	29726.59559938722	1153.8226675746882
182374637.533056	158247600240.2942	57339449739.63982	7335692213.569832	-4829.860344868128	29720.869938352585	1153.0886053272761
182378237.533056	158230184284.4413	57446434552.29773	7339842011.015804	-4845.669443012594	29715.135658070372	1152.3543956911672
182381837.533056	158212711429.24542	57553398706.04618	7343989165.042563	-4861.471090381515	29709.392768006	1151.6200391842215
182385437.533056	158195181701.53577	57660342169.90699	7348133675.122307	-4877.265283399041	29703.641277622693	1150.8855363238395
182389037.533056	158177595128.15445	57767264912.936035	7352275540.729092	-4893.052018501686	29697.88119638146	1150.1508876269615
182392637.533056	158159951735.95633	57874166904.22326	7356414761.338837	-4908.831292138307	29692.112533741074	1149.4160936100673
182396237.533056	158142251551.80905	57981048112.89264	7360551336.429319	-4924.603100770099	29686.33529915807	1148.6811547891757
182399837.533056	158124494602.59302	58087908508.10221	7364685265.480173	-4940.367440870581	29680.54950208671	1147.9460716798446
182403437.533056	158106680915.20123	58194748059.04402	7368816547.972886	-4956.124308925576	29674.755151978992	1147.2108447971707
182407037.533056	158088810516.5394	58301566734.94415	7372945183.390801	-4971.873701433204	29668.952258284622	1146.475474655789
182410637.533056	158070883433.52576	58408364505.0627	7377071171.219114	-4987.615614903866	29663.140830451	1145.7399617698723
182414237.533056	158052899693.0911	58515141338.69376	7381194510.944868	-5003.350045860233	29657.3208779232	1145.0043066531314
182417837.533056	158034859322.17874	58621897205.16544	7385315202.056956	-5019.076990837228	29651.492410143972	1144.2685098188144
182421437.533056	158016762347.74442	58728632073.83983	7389433244.046118	-5034.796446382014	29645.65543655371	1143.5325717797073
182425037.533056	157998608796.75626	58835345914.11298	7393548636.404939	-5050.508409053988	29639.80996659044	1142.7964930481323
182428637.533056	157980398696.1948	58942038695.414955	7397661378.627848	-5066.212875424753	29633.956009689824	1142.0602741359487
182432237.533056	157962132073.05286	59048710387.20975	7401771470.211115	-5081.90984207812	29628.09357528512	1141.3239155545523
182435837.533056	157943808954.33557	59155360958.99532	7405878910.652851	-5097.599305610083	29622.222672807176	1140.5874178148747
182439437.533056	157925429367.06027	59261990380.30359	7409983699.453005	-5113.281262628811	29616.34331168443	1139.8507814273837
182443037.533056	157906993338.2565	59368598620.70039	7414085836.113362	-5128.955709754635	29610.455501342876	1139.1140069020826
182446637.533056	157888500894.96594	59475185649.78551	7418185320.137546	-5144.622643620029	29604.559251206054	1138.37709474851
182450237.533056	157869952064.24237	59581751437.19263	7422282151.031009	-5160.282060869603	29598.654570695046	1137.6400454757397
182453837.533056	157851346873.15164	59688295952.58936	7426376328.301038	-5175.933958160087	29592.74146922845	1136.9028595923803
182457437.533056	157832685348.77158	59794819165.67722	7430467851.456751	-5191.578332160316	29586.819956222374	1136.165537606575
182461037.533056	157813967518.19202	59901321046.19161	7434556720.009091	-5207.215179551217	29580.890041090413	1135.4280800260017
182464637.533056	157795193408.5147	60007801563.90182	7438642933.470833	-5222.844497025799	29574.951733243644	1134.6904873578715
182468237.533056	157776363046.85327	60114260688.611	7442726491.356571	-5238.466281289133	29569.005042090605	1133.95276010893
182471837.533056	157757476460.33322	60220698390.15619	7446807393.182728	-5254.080529058344	29563.049977037284	1133.2148987854566
182475437.533056	157738533676.0918	60327114638.40827	7450885638.467545	-5269.687237062594	29557.086547487106	1132.4769038932634
182479037.533056	157719534721.278	60433509403.27198	7454961226.731084	-5285.286402043072	29551.114762840916	1131.7387759376961
182482637.533056	157700479623.0526	60539882654.68589	7459034157.495226	-5300.878020752974	29545.134632496967	1131.0005154236328
182486237.533056	157681368408.588	60646234362.6224	7463104430.2836685	-5316.462089957499	29539.146165850903	1130.2621228554847
182489837.533056	157662201105.0682	60752564497.08772	7467172044.621924	-5332.038606433825	29533.14937229575	1129.523598737195
182493437.533056	157642977739.6888	60858873028.1219	7471237000.03732	-5347.607566971103	29527.144261221893	1128.7849435722392
182497037.533056	157623698339.65698	60965159925.79877	7475299296.058992	-5363.168968370438	29521.130842017075	1128.0461578636246
182500637.533056	157604362932.19135	61071425160.22594	7479358932.217889	-5378.72280744488	29515.109124066377	1127.3072421138904
182504237.533056	157584971544.52197	61177668701.544815	7483415908.046765	-5394.269081019409	29509.0791167522	1126.5681968251072
182507837.533056	157565524203.89038	61283890519.93057	7487470223.080185	-5409.807785930918	29503.040829454254	1125.8290224988764
182511437.533056	157546020937.54944	61390090585.592155	7491521876.854514	-5425.338919028204	29496.99427154955	1125.089719636331
182515037.533056	157526461772.76334	61496268868.77225	7495570868.907924	-5440.8624771719515	29490.939452412375	1124.3502887381346
182518637.533056	157506846736.80753	61602425339.74729	7499617198.780386	-5456.3784572347195	29484.87638141429	1123.6107303044812
182522237.533056	157487175856.9687	61708559968.827446	7503660866.013673	-5471.886856100927	29478.805067924113	1122.8710448350953
182525837.533056	157467449160.54474	61814672726.3566	7507701870.151355	-5487.387670666842	29472.725521307893	1122.1312328292313
182529437.533056	157447666674.84476	61920763582.71235	7511740210.738798	-5502.880897840564	29466.63775092892	1121.3912947856736
182533037.533056	157427828427.18887	62026832508.30601	7515775887.323164	-5518.366534542014	29460.541766147686	1120.6512312027367
182536637.533056	157407934444.90833	62132879473.582565	7519808899.453407	-5533.844577702917	29454.437576321892	1119.9110425782637
182540237.533056	157387984755.34534	62238904449.0207	7523839246.680274	-5549.3150242667925	29448.325190806427	1119.170729409628
182543837.533056	157367979385.85318	62344907405.13277	7527866928.5563	-5564.777871188936	29442.204618953347	1118.4302921937312
182547437.533056	157347918363.796	62450888312.464775	7531891944.635808	-5580.233115436409	29436.075870111876	1117.6897314270045
182551037.533056	157327801716.54886	62556847141.5964	7535914294.474909	-5595.680753988025	29429.93895362838	1116.949047605407
182554637.533056	157307629471.4977	62662783863.14094	7539933977.631496	-5611.120783834332	29423.793878846365	1116.208241224427
182558237.533056	157287401656.03928	62768698447.74534	7543950993.665248	-5626.553201977603	29417.640655106447	1115.4673127790804
182561837.533056	157267118297.5811	62874590866.09016	7547965342.137622	-5641.978005431822	29411.47929174636	1114.7262627639118
182565437.533056	157246779423.54135	62980461088.889565	7551977022.611857	-5657.395191222666	29405.309798100927	1113.9850916729931
182569037.533056	157226385061.34903	63086309086.891335	7555986034.652969	-5672.804756387494	29399.132183502054	1113.2437999999242
182572637.533056	157205935238.44366	63192134830.87683	7559992377.82775	-5688.206697975337	29392.94645727871	1112.5023882378323
182576237.533056	157185429982.27542	63297938291.66099	7563996051.704766	-5703.601013046876	29386.75262875693	1111.760856879372
182579837.533056	157164869320.30505	63403719440.092316	7567997055.854357	-5718.987698674434	29380.55070725978	1111.0192064167252
182583437.533056	157144253280.0038	63509478247.05287	7571995389.848632	-5734.366751941961	29374.340702107358	1110.2774373416003
182587037.533056	157123581888.8534	63615214683.45828	7575991053.261471	-5749.738169945021	29368.12262261678	1109.5355501452327
182590637.533056	157102855174.34598	63720928720.25769	7579984045.668521	-5765.101949790774	29361.896478102157	1108.7935453183843
182594237.533056	157082073163.98413	63826620328.43377	7583974366.647195	-5780.458088597967	29355.662277874602	1108.0514233513434
182597837.533056	157061235885.28076	63932289479.00271	7587962015.77667	-5795.8065834969175	29349.4200312422	1107.3091847339242
182601437.533056	157040343365.75906	64037936143.0142	7591946992.637886	-5811.147431629502	29343.169747509994	1106.5668299554675
182605037.533056	157019395632.95255	64143560291.55142	7595929296.813543	-5826.480630149137	29336.911435979986	1105.8243595048395
182608637.533056	156998392714.4049	64249161895.73106	7599908927.888101	-5841.8061762207735	29330.645105951113	1105.0817738704322
182612237.533056	156977334637.67007	64354740926.70323	7603885885.447775	-5857.124067020874	29324.37076671924	1104.339073540163
182615837.533056	156956221430.31207	64460297355.65154	7607860169.08054	-5872.434299737403	29318.088427577142	1103.596259001475
182619437.533056	156935053119.90503	64565831153.79304	7611831778.376121	-5887.736871569817	29311.7980978145	1102.8533307413354
182623037.533056	156913829734.03317	64671342292.378204	7615800712.925996	-5903.031779729041	29305.499786717875	1102.110289246238
182626637.533056	156892551300.2907	64776830742.69095	7619766972.323395	-5918.319021437463	29299.19350357071	1101.3671350022
182630237.533056	156871217846.28186	64882296476.04859	7623730556.163296	-5933.598593928917	29292.879257653305	1100.623868494764
182633837.533056	156849829399.6208	64987739463.801865	7627691464.042423	-5948.870494448668	29286.557058242815	1099.8804902089973
182637437.533056	156828385987.9315	65093159677.33488	7631649695.559248	-5964.134720253402	29280.22691461323	1099.1370006294908
182641037.533056	156806887638.8479	65198557088.06514	7635605250.313984	-5979.391268611205	29273.88883603537	1098.3934002403603
182644637.533056	156785334380.0137	65303931667.44352	7639558127.908587	-5994.640136801558	29267.54283177686	1097.6496895252453
182648237.533056	156763726239.0824	65409283386.95424	7643508327.946754	-6009.881322115313	29261.18891110213	1096.9058689673093
182651837.533056	156742063243.71716	65514612218.11487	7647455850.03392	-6025.1148218546905	29254.827083272394	1096.1619390492392
182655437.533056	156720345421.59094	65619918132.47632	7651400693.777256	-6040.340633333255	29248.45735754565	1095.4179002532462
182659037.533056	156698572800.3863	65725201101.622826	7655342858.785668	-6055.558753875907	29242.079743176648	1094.6737530610644
182662637.533056	156676745407.79535	65830461097.17192	7659282344.669798	-6070.769180818868	29235.694249416898	1093.9294979539513
182666237.533056	156654863271.5199	65935698090.77445	7663219151.042016	-6085.971911509666	29229.300885514647	1093.185135412688
182669837.533056	156632926419.27118	66040912054.11455	7667153277.516425	-6101.166943307121	29222.899660714866	1092.4406659175777
182673437.533056	156610934878.76993	66146102958.909615	7671084723.708855	-6116.354273581332	29216.49058425924	1091.6960899484475
182677037.533056	156588888677.74637	66251270776.91032	7675013489.236861	-6131.533899713662	29210.073665386168	1090.9514079846465
182680637.533056	156566787843.9401	66356415479.90057	7678939573.719726	-6146.705819096726	29203.64891333072	1090.2066205050469
182684237.533056	156544632405.1001	66461537039.697556	7682862976.778453	-6161.870029134375	29197.21633732466	1089.461727988043
182687837.533056	156522422388.98465	66566635428.15165	7686783698.0357685	-6177.026527241682	29190.775946596408	1088.716730911552
182691437.533056	156500157823.36136	66671710617.146454	7690701737.1161175	-6192.175310844929	29184.327750371052	1087.9716297530128
182695037.533056	156477838736.00705	66776762578.598785	7694617093.645664	-6207.316377381594	29177.871757870307	1087.2264249893867
182698637.533056	156455465154.70776	66881791284.45865	7698529767.252287	-6222.449724300333	29171.407978312527	1086.4811170971568
182702237.533056	156433037107.2587	66986796706.70922	7702439757.56558	-6237.575349060971	29164.936420912687	1085.7357065523279
182705837.533056	156410554621.46417	67091778817.36686	7706347064.216851	-6252.693249134485	29158.45709488236	1084.990193830427
182709437.533056	156388017725.13757	67196737588.481064	7710251686.839117	-6267.8034220029895	29151.970009429722	1084.2445794065022
182713037.533056	156365426446.10138	67301672992.13449	7714153625.067105	-6282.905865159723	29145.47517375953	1083.4988637551235
182716637.533056	156342780812.18707	67406585000.44292	7718052878.5372505	-6298.000576109038	29138.97259707311	1082.753047350382
182720237.533056	156320080851.23505	67511473585.55524	7721949446.887692	-6313.087552366379	29132.46228856835	1082.0071306658904
182723837.533056	156297326591.09464	67616338719.65346	7725843329.758277	-6328.166791458275	29125.944257439685	1081.261114174782
182727437.533056	156274518059.62408	67721180374.95268	7729734526.79055	-6343.238290922323	29119.418512878092	1080.5149983497115
182731037.533056	156251655284.6905	67825998523.70109	7733623037.627761	-6358.302048307176	29112.88506407107	1079.7687836628545
182734637.533056	156228738294.1697	67930793138.179924	7737508861.914855	-6373.358061172524	29106.343920202627	1079.0224705859073
182738237.533056	156205767115.94638	68035564190.70349	7741391999.298477	-6388.406327089084	29099.79509045328	1078.276059590087
182741837.533056	156182741777.9139	68140311653.61914	7745272449.426967	-6403.446843638587	29093.23858400003	1077.5295511461313
182745437.533056	156159662307.97433	68245035499.30725	7749150211.9503565	-6418.47960841376	29086.674410016367	1076.7829457242985
182749037.533056	156136528734.03836	68349735700.18122	7753025286.520372	-6433.504619018314	29080.102577672234	1076.0362437943672
182752637.533056	156113341084.02527	68454412228.687454	7756897672.79043	-6448.521873066929	29073.523096134046	1075.289445825636
182756237.533056	156090099385.86298	68559065057.30534	7760767370.415633	-6463.531368185244	29066.93597456465	1074.542552286924
182759837.533056	156066803667.48788	68663694158.54727	7764634379.052773	-6478.533102009836	29060.341222123334	1073.7955636465708
182763437.533056	156043453956.84488	68768299504.95857	7768498698.360328	-6493.52707218821	29053.738847965808	1073.0484803724353
182767037.533056	156020050281.8873	68872881069.11755	7772360327.998455	-6508.513276378786	29047.128861244193	1072.3013029318965
182770637.533056	155996592670.57693	68977438823.63544	7776219267.628998	-6523.491712250882	29040.511271107007	1071.5540317918537
182774237.533056	155973081150.88388	69081972741.1564	7780075516.915477	-6538.462377484702	29033.88608669916	1070.8066674187255
182777837.533056	155949515750.7866	69186482794.35751	7783929075.523092	-6553.42526977132	29027.25331716194	1070.05921027845
182781437.533056	155925896498.27182	69290968955.94878	7787779943.11872	-6568.380386812667	29020.612971633	1069.3116608364855
182785037.533056	155902223421.33456	69395431198.67305	7791628119.370911	-6583.327726321518	29013.965059246344	1068.5640195578092
182788637.533056	155878496547.97806	69499869495.30608	7795473603.949889	-6598.267286021474	29007.309589132332	1067.8162869069179
182792237.533056	155854715906.21368	69604283818.65648	7799316396.527551	-6613.1990636469545	29000.646570417644	1067.0684633478277
182795837.533056	155830881524.06097	69708674141.5657	7803156496.77746	-6628.123056943176	28993.976012225296	1066.3205493440742
182799437.533056	155806993429.54758	69813040436.90807	7806993904.37485	-6643.039263666144	28987.297923674603	1065.5725453587117
182803037.533056	155783051650.70917	69917382677.59067	7810828618.99662	-6657.947681582632	28980.61231388119	1064.8244518543142
182806637.533056	155759056215.58942	70021700836.55345	7814660640.321333	-6672.848308470177	28973.919191956964	1064.0762692929743
182810237.533056	155735007152.24005	70125994886.76913	7818489968.029215	-6687.7411421170555	28967.21856701012	1063.3279981363034
182813837.533056	155710904488.7207	70230264801.24323	7822316601.802154	-6702.626180322276	28960.510448145116	1062.5796388454323
182817437.533056	155686748253.0989	70334510553.01399	7826140541.323694	-6717.503420895563	28953.794844462664	1061.8311918810102
182821037.533056	155662538473.45004	70438732115.15248	7829961786.279041	-6732.372861657341	28947.07176505973	1061.0826577032053
182824637.533056	155638275177.85736	70542929460.76247	7833780336.355053	-6747.234500438722	28940.34121902951	1060.3340367717044
182828237.533056	155613958394.41187	70647102562.98045	7837596191.240244	-6762.088335081492	28933.603215461426	1059.5853295457127
182831837.533056	155589588151.2123	70751251394.97565	7841409350.62478	-6776.934363438097	28926.85776344112	1058.8365364839544
182835437.533056	155565164476.3652	70855375929.94998	7845219814.200476	-6791.772583371626	28920.104872050433	1058.087658044672
182839037.533056	155540687397.98468	70959476141.13806	7849027581.660797	-6806.602992755799	28913.3445503674	1057.3386946856265
182842637.533056	155516156944.19254	71063552001.80716	7852832652.700857	-6821.425589474955	28906.57680746624	1056.5896468640972
182846237.533056	155491573143.11816	71167603485.25723	7856635027.017412	-6836.240371424033	28899.801652417344	1055.8405150368817
182849837.533056	155466936022.8985	71271630564.82086	7860434704.308864	-6851.047336508561	28893.019094287265	1055.0912996602963
182853437.533056	155442245611.67804	71375633213.86328	7864231684.275254	-6865.846482644642	28886.22914213871	1054.3420011901749
182857037.533056	155417501937.6087	71479611405.78232	7868025966.618267	-6880.637807758937	28879.43180503052	1053.59262008187
182860637.533056	155392705028.84988	71583565114.00842	7871817551.041224	-6895.421309788656	28872.627092017672	1052.8431567902526
182864237.533056	155367854913.5684	71687494312.00462	7875606437.249082	-6910.196986681538	28865.815012151266	1052.0936117697108
182867837.533056	155342951619.9384	71791398973.26654	7879392624.948435	-6924.964836395841	28858.99557447851	1051.3439854741516
182871437.533056	155317995176.1414	71895279071.32236	7883176113.847509	-6939.724856900327	28852.168788042713	1050.5942783569997
182875037.533056	155292985610.36618	71999134579.73279	7886956903.656163	-6954.477046174245	28845.334661883266	1049.8444908711979
182878637.533056	155267922950.8088	72102965472.0911	7890734994.085883	-6969.221402207319	28838.493205035647	1049.0946234692067
182882237.533056	155242807225.67258	72206771722.02306	7894510384.849785	-6983.957922999738	28831.644426531406	1048.3446766030047
182885837.533056	155217638463.1679	72310553303.18697	7898283075.66261	-6998.686606562133	28824.788335398145	1047.5946507240885
182889437.533056	155192416691.5124	72414310189.2736	7902053066.240725	-7013.407450915571	28817.92494065952	1046.8445462834723
182893037.533056	155167141938.93073	72518042354.00623	7905820356.302117	-7028.120454091533	28811.05425133522	1046.0943637316877
182896637.533056	155141814233.6547	72621749771.14055	7909584945.566399	-7042.82561413191	28804.176276440972	1045.344103518785
182900237.533056	155116433603.92307	72725432414.46474	7913346833.754798	-7057.522929088977	28797.291024988514	1044.5937660943316
182903837.533056	155091000077.98166	72829090257.79941	7917106020.590162	-7072.21239702539	28790.3985059856	1043.8433519074126
182907437.533056	155065513684.08322	72932723274.99757	7920862505.796954	-7086.894016014162	28783.498728435974	1043.0928614066308
182911037.533056	155039974450.4874	73036331439.94469	7924616289.101251	-7101.567784138657	28776.59170133938	1042.342295040107
182914637.533056	155014382405.46075	73139914726.55856	7928367370.2307415	-7116.233699492571	28769.677433691533	1041.5916532554793
182918237.533056	154988737577.27667	73243473108.7894	7932115748.914725	-7130.8917601799185	28762.75593448412	1040.8409364999034
182921837.533056	154963039994.21533	73347006560.61977	7935861424.884111	-7145.541964315019	28755.827212704793	1040.0901452200528
182925437.533056	154937289684.56372	73450515056.06458	7939604397.871416	-7160.184310022483	28748.891277337145	1039.3392798621182
182929037.533056	154911486676.61554	73553998569.17107	7943344667.61076	-7174.818795437198	28741.948137360716	1038.5883408718084
182932637.533056	154885630998.67117	73657457074.01881	7947082233.837869	-7189.445418704313	28734.997801750975	1037.8373286943493
182936237.533056	154859722679.03766	73760890544.71968	7950817096.290069	-7204.064177979225	28728.040279479308	1037.0862437744843
182939837.533056	154833761746.02872	73864298955.41783	7954549254.706287	-7218.675071427565	28721.075579513017	1036.3350865564746
182943437.533056	154807748227.96457	73967682280.2897	7958278708.82705	-7233.278097225185	28714.103710815303	1035.5838574840986
182947037.533056	154781682153.17206	74071040493.54398	7962005458.39448	-7247.87325355814	28707.124682345257	1034.8325570006525
182950637.533056	154755563549.9845	74174373569.4216	7965729503.152293	-7262.460538622679	28700.138503057857	1034.0811855489499
182954237.533056	154729392446.74167	74277681482.19576	7969450842.845801	-7277.039950625228	28693.145181903954	1033.3297435713214
182957837.533056	154703168871.78983	74380964206.17181	7973169477.221906	-7291.611487782373	28686.14472783026	1032.5782315096158
182961437.533056	154676892853.4816	74484221715.68736	7976885406.029099	-7306.175148320852	28679.137149779337	1031.826649805199
182965037.533056	154650564420.176	74587453985.11218	7980598629.017462	-7320.730930477536	28672.1224566896	1031.0749988989542
182968637.533056	154624183600.23834	74690660988.8482	7984309145.938659	-7335.278832499418	28665.100657495295	1030.3232792312824
182972237.533056	154597750422.04025	74793842701.32954	7988016956.545941	-7349.818852643595	28658.07176112649	1029.5714912421022
182975837.533056	154571264913.95963	74896999097.02243	7991722060.594144	-7364.350989177259	28651.03577650908	1028.819635370849
182979437.533056	154544727104.38055	75000130150.42522	7995424457.83968	-7378.875240377677	28643.99271256476	1028.0677120564765
182983037.533056	154518137021.69336	75103235836.0684	7999124148.0405445	-7393.391604532181	28636.942578211016	1027.3157217374553
182986637.533056	154491494694.29443	75206316128.51454	8002821130.956309	-7407.900079938154	28629.885382361135	1026.5636648517736
182990237.533056	154464800150.58633	75309371002.35829	8006515406.348123	-7422.400664903012	28622.82113392418	1025.8115418369375
182993837.533056	154438053418.9777	75412400432.22638	8010206973.978705	-7436.893357744192	28615.74984180498	1025.05935312997
182997437.533056	154411254527.88315	75515404392.77756	8013895833.612352	-7451.378156789142	28608.67151490413	1024.3070991674122
183001037.533056	154384403505.72336	75618382858.70262	8017581985.014928	-7465.855060375298	28601.586162117972	1023.5547803853223
183004637.533056	154357500380.92496	75721335804.72441	8021265427.953866	-7480.324066850078	28594.4937923386	1022.8023972192763
183008237.533056	154330545181.92053	75824263205.59773	8024946162.198168	-7494.785174570864	28587.39441445383	1022.0499501043678
183011837.533056	154303537937.14853	75927165036.1094	8028624187.5184	-7509.238381904986	28580.288037347214	1021.2974394752079
183015437.533056	154276478675.05325	76030041271.07822	8032299503.686693	-7523.6836872297135	28573.174669898013	1020.5448657659254
183019037.533056	154249367424.08484	76132891885.3549	8035972110.476739	-7538.121088932236	28566.0543209812	1019.7922294101666
183022637.533056	154222204212.69922	76235716853.82216	8039642007.663791	-7552.55058540965	28558.92699946744	1019.0395308410956
183026237.533056	154194989069.35806	76338516151.39459	8043309195.024658	-7566.972175068949	28551.79271422309	1018.2867704913941
183029837.533056	154167722022.52878	76441289753.01872	8046973672.33771	-7581.385856327002	28544.651474110193	1017.5339487932616
183033437.533056	154140403100.68445	76544037633.67297	8050635439.38287	-7595.791627610547	28537.503287986456	1016.7810661784154
183037037.533056	154113032332.3038	76646759768.36765	8054294495.941612	-7610.1894873561705	28530.34816470525	1016.0281230780902
183040637.533056	154085609745.8712	76749456132.14488	8057950841.796967	-7624.579434010297	28523.186113115604	1015.2751199230388
183044237.533056	154058135369.8765	76852126700.07872	8061604476.733509	-7638.961466029173	28516.017142062192	1014.5220571435319
183047837.533056	154030609232.8152	76954771447.275	8065255400.537366	-7653.335581878854	28508.84126038532	1013.7689351693579
183051437.533056	154003031363.1882	77057390348.87135	8068903612.99621	-7667.701780035191	28501.658476920926	1013.0157544298229
183055037.533056	153975401789.50198	77159983380.03728	8072549113.899258	-7682.060058983815	28494.468800500566	1012.2625153537514
183058637.533056	153947720540.26837	77262550515.974	8076191903.037268	-7696.410417220121	28487.272239951406	1011.5092183694854
183062237.533056	153919987644.00464	77365091731.91455	8079831980.202541	-7710.752853249259	28480.068804096216	1010.7558639048852
183065837.533056	153892203129.2334	77467607003.1237	8083469345.188919	-7725.087365586114	28472.858501753362	1010.0024523873292
183069437.533056	153864367024.4826	77570096304.89796	8087103997.791779	-7739.413952755297	28465.641341736788	1009.2489842437135
183073037.533056	153836479358.28552	77672559612.56557	8090735937.808034	-7753.732613291127	28458.41733285602	1008.4954599004526
183076637.533056	153808540159.18063	77774996901.48645	8094365165.036133	-7768.043345737618	28451.186483916154	1007.7418797834791
183080237.533056	153780549455.71167	77877408147.05225	8097991679.276056	-7782.3461486484675	28443.948803717838	1006.9882443182439
183083837.533056	153752507276.42755	77979793324.68626	8101615480.329316	-7796.641020587037	28436.70430105728	1006.234553929716
183087437.533056	153724413649.88232	78082152409.84346	8105236567.998952	-7810.927960126342	28429.45298472623	1005.4808090423828
183091037.533056	153696268604.63522	78184485378.01044	8108854942.089532	-7825.206965849039	28422.194863511966	1004.7270100802501
183094637.533056	153668072169.2505	78286792204.70543	8112470602.407148	-7839.478036347405	28414.9299461973	1003.9731574668419
183098237.533056	153639824372.29745	78389072865.47827	8116083548.759419	-7853.741170223329	28407.658241560555	1003.219251625201
183101837.533056	153611525242.3505	78491327335.9104	8119693780.955483	-7867.996366088299	28400.379758375573	1002.4652929778883
183105437.533056	153583174807.9889	78593555591.61484	8123301298.806	-7882.243622563381	28393.09450541169	1001.7112819469837
183109037.533056	153554773097.79694	78695757608.23615	8126906102.123147	-7896.482938279211	28385.802491433737	1000.9572189540853
183112637.533056	153526320140.36383	78797933361.45045	8130508190.72062	-7910.71431187598	28378.503725202037	1000.2031044203102
183116237.533056	153497815964.2836	78900082826.96541	8134107564.41363	-7924.937742003416	28371.19821547238	999.4489387662941
183119837.533056	153469260598.15518	79002205980.52016	8137704223.018898	-7939.153227320775	28363.885970996034	998.6947224121914
183123437.533056	153440654070.58228	79104302797.88538	8141298166.354661	-7953.360766496824	28356.567000519724	997.9404557776755
183127037.533056	153411996410.17337	79206373254.86319	8144889394.240664	-7967.5603582098265	28349.24131278563	997.1861392819388
183130637.533056	153383287645.5417	79308417327.2872	8148477906.498159	-7981.75200114753	28341.908916531374	996.4317733436926
183134237.533056	153354527805.30518	79410434991.02246	8152063702.949909	-7995.935694007151	28334.569820490018	995.6773583811671
183137837.533056	153325716918.08646	79512426221.96545	8155646783.4201765	-8010.111435495362	28327.22403339005	994.9228948121118
183141437.533056	153296855012.5128	79614390996.04407	8159227147.73473	-8024.279224328274	28319.87156395539	994.1683830537954
183145037.533056	153267942117.216	79716329289.21759	8162804795.720838	-8038.439059231428	28312.512420905354	993.4138235230057
183148637.533056	153238978260.83255	79818241077.4767	8166379727.207269	-8052.590938939776	28305.146612954675	992.65921663605
183152237.533056	153209963472.0034	79920126336.84343	8169951942.024289	-8066.734862197669	28297.774148813485	991.9045628087549
183155837.533056	153180897779.37396	80021985043.37117	8173521440.003662	-8080.870827758842	28290.395037187303	991.1498624564666
183159437.533056	153151781211.59424	80123817173.14464	8177088220.978643	-8094.998834386402	28283.00928677703	990.3951159940507
183163037.533056	153122613797.31857	80225622702.27986	8180652284.783984	-8109.118880852812	28275.616906278938	989.6403238358924
183166637.533056	153093395565.20575	80327401606.92416	8184213631.255924	-8123.230965939876	28268.217904384674	988.8854863958968
183170237.533056	153064126543.9189	80429153863.25618	8187772260.232193	-8137.335088438727	28260.81228978124	988.1306040874887
183173837.533056	153034806762.12555	80530879447.48576	8191328171.552008	-8151.431247149813	28253.400071150987	987.3756773236125
183177437.533056	153005436248.4974	80632578335.85405	8194881365.056071	-8165.519440882882	28245.981257171617	986.6207065167331
183181037.533056	152976015031.71057	80734250504.63339	8198431840.586571	-8179.599668456966	28238.555856516163	985.8656920788347
183184637.533056	152946543140.4453	80835895930.12737	8201979597.987175	-8193.67192870037	28231.123877852984	985.1106344214223
183188237.533056	152917020603.3861	80937514588.67073	8205524637.103034	-8207.73622045066	28223.685329845768	984.3555339555207
183191837.533056	152887447449.22162	81039106456.62944	8209066957.780777	-8221.792542554642	28216.24022115351	983.6003910916751
183195437.533056	152857823706.64465	81140671510.4006	8212606559.868508	-8235.84089386835	28208.78856043052	982.8452062399508
183199037.533056	152828149404.35208	81242209726.41249	8216143443.21581	-8249.881273257039	28201.330356326398	982.089979809934
183202637.533056	152798424571.04486	81343721081.12448	8219677607.673737	-8263.913679595162	28193.86561748604	981.334712210731
183206237.533056	152768649235.42798	81445205551.02708	8223209053.094814	-8277.938111766362	28186.394352549625	980.5794038509691
183209837.533056	152738823426.21045	81546663112.64189	8226737779.33304	-8291.954568663454	28178.91657015261	979.8240551387961
183213437.533056	152708947172.10526	81648093742.52159	8230263786.243879	-8305.963049188413	28171.432278925724	979.0686664818805
183217037.533056	152679020501.82925	81749497417.24991	8233787073.684264	-8319.963552252357	28163.941487494954	978.3132382874121
183220637.533056	152649043444.10327	81850874113.44165	8237307641.512591	-8333.95607677554	28156.444204481544	977.5577709621012
183224237.533056	152619016027.652	81952223807.74261	8240825489.588721	-8347.940621687329	28148.940438501984	976.8022649121797
183227837.533056	152588938281.20395	82053546476.82964	8244340617.773976	-8361.917185926195	28141.430198168007	976.0467205434003
183231437.533056	152558810233.49142	82154842097.41052	8247853025.931138	-8375.885768439703	28133.91349208658	975.2911382610371
183235037.533056	152528631913.25052	82256110646.22408	8251362713.924446	-8389.846368184486	28126.390328859892	974.5355184698857
183238637.533056	152498403349.22107	82357352100.04005	8254869681.6195965	-8403.798984126244	28118.860717085357	973.7798615742631
183242237.533056	152468124570.1466	82458566435.65915	8258373928.88374	-8417.743615239722	28111.324665355598	973.024167978008
183245837.533056	152437795604.77435	82559753629.91298	8261875455.585482	-8431.6802605087	28103.78218225844	972.2684380844805
183249437.533056	152407416481.85516	82660913659.66408	8265374261.594875	-8445.608918925971	28096.233276376915	971.5126722965629
183253037.533056	152376987230.1435	82762046501.80585	8268870346.783426	-8459.529589493342	28088.677956289237	970.7568710166591
183256637.533056	152346507878.3974	82863152133.26259	8272363711.024087	-8473.442271221606	28081.116230568812	970.0010346466953
183260237.533056	152315978455.37848	82964230530.98946	8275854354.191256	-8487.346963130532	28073.548107784216	969.2451635881195
183263837.533056	152285398989.8518	83065281671.97243	8279342276.160776	-8501.24366424886	28065.973596499196	968.489258241902
183267437.533056	152254769510.586	83166305533.22832	8282827476.809933	-8515.132373614268	28058.39270527267	967.7333190085357
183271037.533056	152224090046.35306	83267302091.80473	8286309956.017453	-8529.013090273378	28050.8054426587	966.9773462880356
183274637.533056	152193360625.92844	83368271324.78006	8289789713.663502	-8542.88581328173	28043.211817206513	966.2213404799397
183278237.533056	152162581278.09094	83469213209.26347	8293266749.629683	-8556.750541703772	28035.611837460467	965.4653019833083
183281837.533056	152131752031.62277	83570127722.39488	8296741063.799034	-8570.607274612847	28028.00551196006	964.7092311967247
183285437.533056	152100872915.30945	83671014841.34492	8300212656.056029	-8584.456011091173	28020.392849239917	963.953128518295
183289037.533056	152069943957.93973	83771874543.31497	8303681526.286573	-8598.29675022984	28012.77385782979	963.1969943456484
