192365184.081024	0.00017923968094289542	-0.002580231742378782	-0.000107491163189828
192368784.081024	0.00018011859278646724	-0.002579806458069088	-0.00010744583572929066
192372384.081024	0.0001809971156093161	-0.002579381091415723	-0.00010740051662628156
192375984.081024	0.00018187524966038207	-0.0025789556425894755	-0.00010735520588073014
192379584.081024	0.0001827529951885058	-0.0025785301117608604	-0.00010730990349255707
192383184.081024	0.0001836303524424274	-0.0025781044991001253	-0.00010726460946167336
192386784.081024	0.00018450732167078594	-0.002577678804777251	-0.00010721932378798017
192390384.081024	0.00018538390312211898	-0.0025772530289619477	-0.00010717404647136883
192393984.081024	0.00018626009704486387	-0.0025768271718236563	-0.00010712877751172161
192397584.081024	0.00018713590368735854	-0.002576401233531549	-0.00010708351690891258
192401184.081024	0.00018801132329784151	-0.0025759752142545276	-0.00010703826466280776
192404784.081024	0.00018888635612445193	-0.002575549114161226	-0.00010699302077326506
192408384.081024	0.00018976100241522794	-0.002575122933420015	-0.00010694778524013365
192411984.081024	0.0001906352624181051	-0.0025746966721989966	-0.00010690255806325288
192415584.081024	0.0001915091363809156	-0.0025742703306660115	-0.00010685733924245203
192419184.081024	0.00019238262455138807	-0.0025738439089886345	-0.00010681212877755064
192422784.081024	0.00019325572717714847	-0.0025734174073341735	-0.00010676692666835918
192426384.081024	0.0001941284445057215	-0.0025729908258696707	-0.00010672173291468025
192429984.081024	0.00019500077678452995	-0.002572564164761898	-0.0001066765475163084
192433584.081024	0.00019587272426089514	-0.0025721374241773672	-0.00010663137047303019
192437184.081024	0.00019674428718203396	-0.0025717106042823235	-0.00010658620178462251
192440784.081024	0.00019761546579505815	-0.0025712837052427576	-0.00010654104145085219
192444384.081024	0.00019848626034697355	-0.0025708567272243925	-0.00010649588947147571
192447984.081024	0.00019935667108468157	-0.002570429670392688	-0.00010645074584624056
192451584.081024	0.00020022669825498003	-0.002570002534912836	-0.00010640561057488591
192455184.081024	0.00020109634210456313	-0.002569575320949763	-0.00010636048365714232
192458784.081024	0.00020196560288002126	-0.0025691480286681406	-0.00010631536509273185
192462384.081024	0.0002028344808278427	-0.0025687206582323597	-0.00010627025488136936
192465984.081024	0.00020370297619440878	-0.0025682932098065716	-0.00010622515302275859
192469584.081024	0.0002045710892259969	-0.002567865683554652	-0.00010618005951659448
192473184.081024	0.0002054388201687794	-0.0025674380796402193	-0.00010613497436256143
192476784.081024	0.00020630616926881995	-0.0025670103982266272	-0.00010608989756033422
192480384.081024	0.00020717313677208097	-0.0025665826394769653	-0.00010604482910958042
192483984.081024	0.00020803972292442603	-0.0025661548035540555	-0.00010599976900995939
192487584.081024	0.00020890592797161397	-0.0025657268906204606	-0.0001059547172611222
192491184.081024	0.00020977175215929964	-0.00256529890083848	-0.00010590967386271115
192494784.081024	0.00021063719573303444	-0.0025648708343701584	-0.00010586463881435927
192498384.081024	0.00021150225893826492	-0.0025644426913772724	-0.00010581961211568922
192501984.081024	0.00021236694202033475	-0.002564014472021345	-0.00010577459376631438
192505584.081024	0.00021323124522448474	-0.0025635861764636276	-0.00010572958376583917
192509184.081024	0.0002140951687958558	-0.0025631578048651133	-0.0001056845821138606
192512784.081024	0.00021495871297948842	-0.0025627293573865307	-0.00010563958880996808
192516384.081024	0.0002158218780203226	-0.0025623008341883503	-0.0001055946038537428
192519984.081024	0.0002166846641631966	-0.002561872235430785	-0.00010554962724475713
192523584.081024	0.0002175470716528453	-0.002561443561273788	-0.00010550465898257352
192527184.081024	0.00021840910073390088	-0.002561014811877054	-0.00010545969906674494
192530784.081024	0.00021927075165089377	-0.002560585987400021	-0.00010541474749681537
192534384.081024	0.00022013202464825335	-0.002560157088001861	-0.00010536980427232037
192537984.081024	0.0002209929199703097	-0.0025597281138414908	-0.00010532486939278825
192541584.081024	0.000221853437861293	-0.0025592990650775706	-0.00010527994285773955
192545184.081024	0.0002227135785653322	-0.002558869941868499	-0.00010523502466668652
192548784.081024	0.00022357334232645456	-0.0025584407443724256	-0.0001051901148191324
192552384.081024	0.0002244327293885837	-0.0025580114727472435	-0.000105145213314571
192555984.081024	0.00022529173999553926	-0.0025575821271505883	-0.00010510032015248626
192559584.081024	0.0002261503743910379	-0.002557152707739843	-0.00010505543533235334
192563184.081024	0.00022700863281869426	-0.002556723214672133	-0.00010501055885363942
192566784.081024	0.00022786651552202138	-0.0025562936481043253	-0.00010496569071580394
192570384.081024	0.00022872402274443077	-0.0025558640081930384	-0.00010492083091829903
192573984.081024	0.0002295811547292309	-0.002555434295094632	-0.00010487597946056836
192577584.081024	0.00023043791171962485	-0.0025550045089652172	-0.00010483113634204604
192581184.081024	0.00023129429395870942	-0.002554574649960655	-0.00010478630156215624
192584784.081024	0.00023215030168947508	-0.0025541447182365526	-0.00010474147512031313
192588384.081024	0.00023300593515480746	-0.0025537147139482637	-0.00010469665701592238
192591984.081024	0.00023386119459748925	-0.002553284637250886	-0.0001046518472483823
192595584.081024	0.0002347160802602005	-0.0025528544882992593	-0.00010460704581708416
192599184.081024	0.00023557059238551737	-0.002552424267247981	-0.00010456225272141125
192602784.081024	0.00023642473121590846	-0.0025519939742513916	-0.00010451746796073669
192606384.081024	0.00023727849699373523	-0.0025515636094635866	-0.00010447269153442365
192609984.081024	0.0002381318899612531	-0.0025511331730384075	-0.00010442792344182638
192613584.081024	0.00023898491036061293	-0.0025507026651294435	-0.00010438316368229121
192617184.081024	0.00023983755843385503	-0.0025502720858900318	-0.0001043384122551524
192620784.081024	0.00024068983442292278	-0.002549841435473251	-0.00010429366915974121
192624384.081024	0.0002415417385696509	-0.0025494107140319336	-0.00010424893439537799
192627984.081024	0.00024239327111577163	-0.0025489799217186587	-0.00010420420796137618
192631584.081024	0.00024324443230291093	-0.002548549058685757	-0.00010415948985703942
192635184.081024	0.00024409522237258893	-0.0025481181250853117	-0.00010411478008166222
192638784.081024	0.00024494564156621876	-0.0025476871210691502	-0.0001040700786345289
192642384.081024	0.00024579569012510896	-0.002547256046788852	-0.00010402538551491492
192645984.081024	0.0002466453682904653	-0.0025468249023957437	-0.00010398070072208824
192649584.081024	0.00024749467630339226	-0.0025463936880408943	-0.00010393602425530984
192653184.081024	0.00024834361440489224	-0.002545962403875124	-0.00010389135611383303
192656784.081024	0.0002491921828358644	-0.0025455310500490055	-0.00010384669629690235
192660384.081024	0.00025004038183710386	-0.0025450996267128694	-0.00010380204480375288
192663984.081024	0.0002508882116493004	-0.0025446681340167893	-0.00010375740163360982
192667584.081024	0.00025173567251304146	-0.0025442365721105933	-0.00010371276678568979
192671184.081024	0.0002525827646688124	-0.0025438049411438575	-0.0001036681402592013
192674784.081024	0.0002534294883569979	-0.0025433732412659038	-0.00010362352205334552
192678384.081024	0.000254275843817883	-0.0025429414726258104	-0.00010357891216731642
192681984.081024	0.00025512183129165083	-0.002542509635372405	-0.00010353431060029969
192685584.081024	0.00025596745101838297	-0.002542077729654273	-0.00010348971735147259
192689184.081024	0.0002568127032380572	-0.002541645755619751	-0.00010344513242000294
192692784.081024	0.00025765758819054846	-0.0025412137134169345	-0.00010340055580504955
192696384.081024	0.00025850210611562906	-0.002540781603193668	-0.00010335598750576255
192699984.081024	0.00025934625725296885	-0.0025403494250975473	-0.00010331142752128397
192703584.081024	0.0002601900418421378	-0.0025399171792759275	-0.00010326687585074863
192707184.081024	0.00026103346012260346	-0.0025394848658759107	-0.0001032223324932836
192710784.081024	0.00026187651233373254	-0.0025390524850443653	-0.0001031777974480084
192714384.081024	0.0002627191987147872	-0.0025386200369279114	-0.00010313327071403358
192717984.081024	0.00026356151950492513	-0.0025381875216729274	-0.00010308875229046031
192721584.081024	0.00026440347494319867	-0.002537754939425555	-0.00010304424217638058
192725184.081024	0.0002652450652685552	-0.002537322290331686	-0.00010299974037087735
192728784.081024	0.0002660862907198381	-0.0025368895745369684	-0.00010295524687302562
192732384.081024	0.0002669271515357881	-0.0025364567921868078	-0.0001029107616818932
192735984.081024	0.0002677676479550438	-0.0025360239434263714	-0.00010286628479654102
192739584.081024	0.00026860778021613847	-0.0025355910284005777	-0.00010282181621602148
192743184.081024	0.0002694475485574996	-0.0025351580472541164	-0.00010277735593937801
192746784.081024	0.0002702869532174456	-0.0025347250001314307	-0.00010273290396564347
192750384.081024	0.00027112599443418695	-0.0025342918871767246	-0.00010268846029384098
192753984.081024	0.0002719646724458291	-0.002533858708533959	-0.00010264402492298563
192757584.081024	0.00027280298749037473	-0.0025334254643468515	-0.00010259959785208609
192761184.081024	0.00027364093980572273	-0.0025329921547588754	-0.00010255517908014406
192764784.081024	0.00027447852962966503	-0.002532558779913268	-0.00010251076860615197
192768384.081024	0.00027531575719988574	-0.0025321253399530255	-0.00010246636642909263
192771984.081024	0.0002761526227539672	-0.0025316918350209096	-0.0001024219725479428
192775584.081024	0.00027698912652937644	-0.002531258265259435	-0.00010237758696166502
192779184.081024	0.0002778252687634791	-0.0025308246308108837	-0.00010233320966921599
192782784.081024	0.0002786610496935344	-0.002530390931817288	-0.00010228884066954355
192786384.081024	0.00027949646955669925	-0.0025299571684204397	-0.00010224447996158932
192789984.081024	0.0002803315285900243	-0.00252952334076189	-0.0001022001275442854
192793584.081024	0.0002811662270304579	-0.0025290894489829532	-0.00010215578341655731
192797184.081024	0.00028200056511484383	-0.0025286554932247027	-0.000102111447577322
192800784.081024	0.00028283454307991853	-0.002528221473627977	-0.00010206712002548618
192804384.081024	0.0002836681611623113	-0.002527787390333373	-0.00010202280075994633
192807984.081024	0.0002845014195985477	-0.00252735324348125	-0.00010197848977959076
192811584.081024	0.0002853343186250521	-0.0025269190332117184	-0.00010193418708330103
192815184.081024	0.00028616685847814846	-0.0025264847596646557	-0.00010188989266995224
192818784.081024	0.00028699903939405873	-0.0025260504229796922	-0.00010184560653841163
192822384.081024	0.00028783086160890124	-0.0025256160232962287	-0.00010180132868753774
192825984.081024	0.0002886623253586899	-0.002525181560753429	-0.00010175705911617953
192829584.081024	0.00028949343087933426	-0.0025247470354902214	-0.00010171279782317661
192833184.081024	0.00029032417840664076	-0.0025243124476452927	-0.00010166854480735998
192836784.081024	0.0002911545681763147	-0.0025238777973570947	-0.00010162430006755326
192840384.081024	0.00029198460042396024	-0.0025234430847638346	-0.00010158006360257273
192843984.081024	0.00029281427538508146	-0.00252300831000349	-0.00010153583541122769
192847584.081024	0.0002936435932950796	-0.0025225734732137964	-0.00010149161549231912
192851184.081024	0.00029447255438925325	-0.0025221385745322657	-0.00010144740384463962
192854784.081024	0.0002953011589027961	-0.0025217036140961686	-0.00010140320046697232
192858384.081024	0.00029612940707079825	-0.0025212685920425484	-0.00010135900535809148
192861984.081024	0.0002969572991282456	-0.0025208335085082105	-0.00010131481851676287
192865584.081024	0.0002977848353100211	-0.0025203983636297236	-0.00010127063994174429
192869184.081024	0.0002986120158509057	-0.0025199631575434237	-0.00010122646963178642
192872784.081024	0.00029943884098557796	-0.002519527890385412	-0.0001011823075856325
192876384.081024	0.00030026531094861253	-0.0025190925622915594	-0.0001011381538020178
192879984.081024	0.00030109142597447956	-0.00251865717339751	-0.00010109400827966896
192883584.081024	0.00030191718629754186	-0.0025182217238386728	-0.00010104987101730294
192887184.081024	0.00030274259215205547	-0.002517786213750228	-0.00010100574201362738
192890784.081024	0.0003035676437721706	-0.002517350643267125	-0.00010096162126734124
192894384.081024	0.00030439234139193193	-0.0025169150125240757	-0.00010091750877713565
192897984.081024	0.00030521668524528117	-0.002516479321655562	-0.0001008734045416949
192901584.081024	0.000306040675566057	-0.0025160435707958307	-0.00010082930855969598
192905184.081024	0.00030686431258799293	-0.0025156077600789026	-0.00010078522082980783
192908784.081024	0.00030768759654471224	-0.0025151718896385747	-0.00010074114135068959
192912384.081024	0.0003085105276697313	-0.002514735959608411	-0.00010069707012099008
192915984.081024	0.00030933310619645643	-0.002514299970121742	-0.00010065300713934872
192919584.081024	0.0003101553323581901	-0.002513863921311664	-0.00010060895240439752
192923184.081024	0.0003109772063881328	-0.0025134278133110513	-0.00010056490591476185
192926784.081024	0.000311798728519377	-0.0025129916462525324	-0.00010052086766905827
192930384.081024	0.00031261989898491335	-0.002512555420268516	-0.00010047683766589698
192933984.081024	0.00031344071801762594	-0.00251211913549118	-0.00010043281590387913
192937584.081024	0.00031426118585028897	-0.0025116827920524734	-0.00010038880238159517
192941184.081024	0.00031508130271556923	-0.002511246390084117	-0.00010034479709762551
192944784.081024	0.0003159010688460324	-0.0025108099297176003	-0.00010030080005054453
192948384.081024	0.00031672048447413636	-0.002510373411084177	-0.0001002568112389168
192951984.081024	0.00031753954983223636	-0.0025099368343148715	-0.00010021283066129934
192955584.081024	0.0003183582651525868	-0.0025095001995404775	-0.00010016885831624285
192959184.081024	0.0003191766306673402	-0.0025090635068915597	-0.00010012489420229085
192962784.081024	0.00031999464660854344	-0.0025086267564984575	-0.00010008093831797726
192966384.081024	0.00032081231320813723	-0.0025081899484912813	-0.00010003699066182567
192969984.081024	0.00032162963069795673	-0.0025077530829999153	-9.999305123235008e-05
192973584.081024	0.0003224465993097349	-0.002507316160154012	-9.994912002805661e-05
192977184.081024	0.0003232632192751044	-0.0025068791800829876	-9.990519704744455e-05
192980784.081024	0.0003240794908255986	-0.0025064421429160334	-9.986128228900673e-05
192984384.081024	0.0003248954141926501	-0.002506005048782115	-9.981737575122854e-05
192987984.081024	0.0003257109896075884	-0.0025055678978099707	-9.977347743258649e-05
192991584.081024	0.000326526217301638	-0.0025051306901281117	-9.972958733154725e-05
192995184.081024	0.0003273410975059206	-0.002504693425864832	-9.968570544656845e-05
192998784.081024	0.0003281556304514543	-0.0025042561051481934	-9.964183177609893e-05
193002384.081024	0.0003289698163691559	-0.0025038187281060296	-9.959796631857983e-05
193005984.081024	0.0003297836554898418	-0.0025033812948659488	-9.955410907244543e-05
193009584.081024	0.00033059714804422794	-0.0025029438055553326	-9.951026003612287e-05
193013184.081024	0.0003314102942629279	-0.002502506260301339	-9.946641920803135e-05
193016784.081024	0.00033222309437645135	-0.002502068659230906	-9.942258658658123e-05
193020384.081024	0.00033303554861520277	-0.0025016310024707496	-9.937876217017328e-05
193023984.081024	0.00033384765720948124	-0.002501193290147365	-9.933494595719896e-05
193027584.081024	0.00033465942038948164	-0.002500755522387025	-9.929113794604109e-05
193031184.081024	0.00033547083838529493	-0.002500317699315772	-9.924733813507453e-05
193034784.081024	0.00033628191142691047	-0.0024998798210594288	-9.920354652266738e-05
193038384.081024	0.00033709263974421446	-0.0024994418877435907	-9.915976310718026e-05
193041984.081024	0.0003379030235669887	-0.0024990038994936355	-9.911598788696571e-05
193045584.081024	0.00033871306312490903	-0.0024985658564347256	-9.907222086036705e-05
193049184.081024	0.0003395227586475428	-0.0024981277586918005	-9.90284620257174e-05
193052784.081024	0.00034033211036435046	-0.002497689606389582	-9.898471138134046e-05
193056384.081024	0.0003411411185046861	-0.0024972513996525643	-9.894096892555121e-05
193059984.081024	0.00034194978329780035	-0.0024968131386050208	-9.889723465665763e-05
193063584.081024	0.0003427581049728402	-0.002496374823370995	-9.885350857296041e-05
193067184.081024	0.0003435660837588479	-0.0024959364540743188	-9.880979067275257e-05
193070784.081024	0.00034437371988475996	-0.0024954980308386047	-9.87660809543182e-05
193074384.081024	0.00034518101357940514	-0.0024950595537872452	-9.872237941593202e-05
193077984.081024	0.0003459879650715042	-0.0024946210230434073	-9.867868605585883e-05
193081584.081024	0.0003467945745896691	-0.002494182438730052	-9.863500087235287e-05
193085184.081024	0.0003476008423624099	-0.002493743800969898	-9.859132386366235e-05
193088784.081024	0.00034840676861813	-0.0024933051098854535	-9.854765502802595e-05
193092384.081024	0.00034921235358513324	-0.002492866365598998	-9.850399436367719e-05
193095984.081024	0.0003500175974916189	-0.0024924275682325966	-9.846034186884128e-05
193099584.081024	0.0003508225005656777	-0.0024919887179080903	-9.84166975417325e-05
193103184.081024	0.00035162706303529695	-0.00249154981474711	-9.837306138055692e-05
193106784.081024	0.0003524312851283578	-0.002491110858871061	-9.832943338351096e-05
193110384.081024	0.000353235167072636	-0.00249067185040113	-9.82858135487816e-05
193113984.081024	0.00035403870909580414	-0.002490232789458276	-9.824220187454761e-05
193117584.081024	0.00035484191142543485	-0.00248979367616324	-9.819859835898119e-05
193121184.081024	0.0003556447742890006	-0.0024893545106365383	-9.815500300024766e-05
193124784.081024	0.00035644729791387236	-0.0024889152929984757	-9.811141579650424e-05
193128384.081024	0.00035724948252731614	-0.0024884760233691377	-9.806783674589841e-05
193131984.081024	0.00035805132835649295	-0.002488036701868394	-9.80242658465674e-05
193135584.081024	0.00035885283562846004	-0.0024875973286158943	-9.798070309663897e-05
193139184.081024	0.00035965400457017296	-0.0024871579037310685	-9.793714849423269e-05
193142784.081024	0.00036045483540848736	-0.002486718427333124	-9.789360203746099e-05
193146384.081024	0.00036125532837016065	-0.0024862788995410542	-9.785006372442959e-05
193149984.081024	0.0003620554836818484	-0.002485839320473631	-9.780653355323624e-05
193153584.081024	0.0003628553015701048	-0.002485399690249414	-9.776301152197014e-05
193157184.081024	0.0003636547822613795	-0.0024849600089867528	-9.771949762871068e-05
193160784.081024	0.0003644539259820176	-0.0024845202768037766	-9.767599187152724e-05
193164384.081024	0.0003652527329582606	-0.002484080493818402	-9.763249424848013e-05
193167984.081024	0.00036605120341624776	-0.0024836406601483284	-9.758900475762145e-05
193171584.081024	0.0003668493375820183	-0.0024832007759110373	-9.75455233969962e-05
193175184.081024	0.0003676471356815105	-0.0024827608412237947	-9.750205016464208e-05
193178784.081024	0.00036844459794055986	-0.002482320856203655	-9.745858505858894e-05
193182384.081024	0.0003692417245848983	-0.0024818808209674586	-9.741512807685735e-05
193185984.081024	0.0003700385158401506	-0.0024814407356318364	-9.737167921745782e-05
193189584.081024	0.00037083497193183553	-0.0024810006003132116	-9.732823847839072e-05
193193184.081024	0.0003716310930853655	-0.0024805604151277865	-9.728480585764686e-05
193196784.081024	0.00037242687952605016	-0.0024801201801915524	-9.724138135320933e-05
193200384.081024	0.00037322233147909747	-0.002479679895620282	-9.719796496305426e-05
193203984.081024	0.00037401744916961283	-0.002479239561529536	-9.715455668515061e-05
193207584.081024	0.0003748122328225972	-0.002478799178034662	-9.71111565174587e-05
193211184.081024	0.0003756066826629442	-0.0024783587452508046	-9.706776445792857e-05
193214784.081024	0.00037640079891543754	-0.0024779182632928953	-9.702438050449907e-05
193218384.081024	0.0003771945818047549	-0.002477477732275655	-9.69810046550994e-05
193221984.081024	0.00037798803155547004	-0.0024770371523135854	-9.69376369076509e-05
193225584.081024	0.00037878114839205414	-0.0024765965235209702	-9.689427726006766e-05
193229184.081024	0.00037957393253887345	-0.0024761558460118876	-9.685092571025488e-05
193232784.081024	0.0003803663842201898	-0.0024757151199002016	-9.680758225610916e-05
193236384.081024	0.00038115850366016613	-0.002475274345299558	-9.67642468955218e-05
193239984.081024	0.0003819502910828501	-0.002474833522323408	-9.67209196263687e-05
193243584.081024	0.0003827417467121885	-0.00247439265108498	-9.667760044651923e-05
193247184.081024	0.0003835328707720196	-0.002473951731697296	-9.663428935383112e-05
193250784.081024	0.00038432366348607955	-0.0024735107642731573	-9.659098634615442e-05
193254384.081024	0.000385114125078003	-0.0024730697489251533	-9.654769142133159e-05
193257984.081024	0.0003859042557713243	-0.0024726286857656614	-9.650440457719782e-05
193261584.081024	0.00038669405578947534	-0.0024721875749068433	-9.646112581157975e-05
193265184.081024	0.0003874835253557844	-0.0024717464164606563	-9.64178551222946e-05
193268784.081024	0.0003882726646934748	-0.002471305210538848	-9.637459250714901e-05
193272384.081024	0.0003890614740256653	-0.0024708639572529603	-9.633133796393927e-05
193275984.081024	0.00038984995357537204	-0.00247042265671431	-9.628809149045249e-05
193279584.081024	0.0003906381035655122	-0.0024699813090340067	-9.624485308446815e-05
193283184.081024	0.00039142592421890484	-0.0024695399143229474	-9.620162274375871e-05
193286784.081024	0.00039221341575826975	-0.002469098472691816	-9.615840046608859e-05
193290384.081024	0.0003930005784062253	-0.0024686569842510904	-9.611518624921331e-05
193293984.081024	0.00039378741238528785	-0.0024682154491110432	-9.607198009087855e-05
193297584.081024	0.00039457391791787057	-0.0024677738673817393	-9.602878198881955e-05
193301184.081024	0.00039536009522628344	-0.002467332239173032	-9.598559194076173e-05
193304784.081024	0.0003961459445327365	-0.0024668905645945645	-9.594240994442186e-05
193308384.081024	0.0003969314660593404	-0.002466448843755768	-9.589923599750878e-05
193311984.081024	0.0003977166600281076	-0.002466007076765869	-9.58560700977239e-05
193315584.081024	0.00039850152666094993	-0.0024655652637338827	-9.581291224276022e-05
193319184.081024	0.00039928606617967887	-0.002465123404768622	-9.576976243030187e-05
193322784.081024	0.0004000702788060025	-0.002464681499978699	-9.572662065802276e-05
193326384.081024	0.0004008541647615251	-0.0024642395494725144	-9.568348692358634e-05
193329984.081024	0.0004016377242677464	-0.0024637975533582674	-9.564036122464599e-05
193333584.081024	0.0004024209575460629	-0.002463355511743947	-9.55972435588462e-05
193337184.081024	0.00040320386481777	-0.0024629134247373357	-9.555413392382339e-05
193340784.081024	0.00040398644630406803	-0.002462471292446005	-9.551103231720672e-05
193344384.081024	0.00040476870222605184	-0.002462029114977327	-9.546793873661691e-05
193347984.081024	0.00040555063280471224	-0.0024615868924384734	-9.542485317966491e-05
193351584.081024	0.00040633223826093466	-0.002461144624936411	-9.538177564395084e-05
193355184.081024	0.0004071135188154978	-0.0024607023125779045	-9.533870612706352e-05
193358784.081024	0.0004078944746890743	-0.002460259955469511	-9.529564462658142e-05
193362384.081024	0.0004086751061022347	-0.0024598175537175818	-9.52525911400748e-05
193365984.081024	0.00040945541327544975	-0.0024593751074282596	-9.520954566510693e-05
193369584.081024	0.0004102353964290898	-0.0024589326167074807	-9.51665081992337e-05
193373184.081024	0.00041101505578341953	-0.0024584900816609825	-9.512347874000099e-05
193376784.081024	0.0004117943915585956	-0.002458047502394303	-9.508045728494272e-05
193380384.081024	0.0004125734039746677	-0.00245760487901278	-9.503744383158137e-05
193383984.081024	0.0004133520932515823	-0.002457162211621536	-9.499443837743086e-05
193387584.081024	0.0004141304596091841	-0.002456719500325498	-9.495144091999621e-05
193391184.081024	0.00041490850326720777	-0.0024562767452293794	-9.490845145676967e-05
193394784.081024	0.0004156862244452981	-0.002455833946437686	-9.486546998524142e-05
193398384.081024	0.00041646362336299203	-0.002455391104054722	-9.482249650288962e-05
193401984.081024	0.00041724070023972366	-0.0024549482181845934	-9.47795310071826e-05
193405584.081024	0.00041801745529482194	-0.002454505288931204	-9.47365734955781e-05
193409184.081024	0.0004187938887475129	-0.0024540623163982495	-9.469362396552364e-05
193412784.081024	0.0004195700008169167	-0.0024536193006892276	-9.465068241445524e-05
193416384.081024	0.00042034579172205193	-0.0024531762419074243	-9.460774883979929e-05
193419984.081024	0.0004211212616818408	-0.0024527331401559206	-9.456482323897541e-05
193423584.081024	0.0004218964109151075	-0.002452289995537585	-9.452190560939547e-05
193427184.081024	0.00042267123964057714	-0.002451846808155095	-9.447899594846237e-05
193430784.081024	0.0004234457480768699	-0.0024514035781109194	-9.443609425356742e-05
193434384.081024	0.00042421993644250404	-0.0024509603055073354	-9.439320052209066e-05
193437984.081024	0.00042499380495589483	-0.0024505169904464183	-9.43503147514013e-05
193441584.081024	0.0004257673538353583	-0.0024500736330300287	-9.430743693885915e-05
193445184.081024	0.0004265405832991132	-0.0024496302333598258	-9.426456708181584e-05
193448784.081024	0.0004273134935652813	-0.002449186791537263	-9.422170517761482e-05
193452384.081024	0.0004280860848518861	-0.0024487433076635957	-9.417885122359068e-05
193455984.081024	0.0004288583573768519	-0.002448299781839884	-9.41360052170682e-05
193459584.081024	0.0004296303113579992	-0.002447856214166983	-9.409316715536084e-05
193463184.081024	0.00043040194701304834	-0.0024474126047455587	-9.405033703577143e-05
193466784.081024	0.00043117326455961724	-0.0024469689536760694	-9.400751485559205e-05
193470384.081024	0.0004319442642152244	-0.0024465252610587707	-9.39647006121053e-05
193473984.081024	0.00043271494619728996	-0.0024460815269937214	-9.3921894302585e-05
193477584.081024	0.00043348531072313516	-0.0024456377515807708	-9.387909592429611e-05
193481184.081024	0.0004342553580099829	-0.0024451939349195814	-9.383630547449477e-05
193484784.081024	0.00043502508827495377	-0.0024447500771096137	-9.379352295042663e-05
193488384.081024	0.00043579450173506537	-0.002444306178250136	-9.375074834932642e-05
193491984.081024	0.00043656359860723133	-0.002443862238440218	-9.370798166841735e-05
193495584.081024	0.0004373323791082623	-0.0024434182577787347	-9.36652229049116e-05
193499184.081024	0.0004381008434548664	-0.002442974236364354	-9.362247205601137e-05
193502784.081024	0.00043886899186365233	-0.0024425301742955455	-9.357972911890987e-05
193506384.081024	0.0004396368245511292	-0.00244208607167058	-9.353699409079181e-05
193509984.081024	0.0004404043417337061	-0.0024416419285875355	-9.34942669688329e-05
193513584.081024	0.0004411715436276884	-0.0024411977451442943	-9.34515477501978e-05
193517184.081024	0.00044193843044927514	-0.002440753521438547	-9.340883643203903e-05
193520784.081024	0.0004427050024145583	-0.0024403092575677834	-9.336613301149628e-05
193524384.081024	0.0004434712597395263	-0.0024398649536293004	-9.332343748569838e-05
193527984.081024	0.00044423720264006716	-0.002439420609720184	-9.328074985176506e-05
193531584.081024	0.0004450028313319716	-0.0024389762259373234	-9.323807010680868e-05
193535184.081024	0.000445768146030931	-0.0024385318023774174	-9.319539824793243e-05
193538784.081024	0.00044653314695252956	-0.0024380873391369622	-9.315273427222686e-05
193542384.081024	0.0004472978343122484	-0.002437642836312265	-9.311007817677118e-05
193545984.081024	0.0004480622083254676	-0.0024371982939994366	-9.306742995863497e-05
193549584.081024	0.00044882626920745753	-0.0024367537122943882	-9.30247896148724e-05
193553184.081024	0.00044959001717338845	-0.002436309091292836	-9.298215714252811e-05
193556784.081024	0.0004503534524383377	-0.002435864431090286	-9.293953253864034e-05
193560384.081024	0.0004511165752172806	-0.0024354197317820463	-9.289691580023641e-05
193563984.081024	0.00045187938572509084	-0.002434974993463235	-9.285430692433228e-05
193567584.081024	0.00045264188417654626	-0.0024345302162287756	-9.281170590793538e-05
193571184.081024	0.0004534040707863215	-0.0024340854001733904	-9.27691127480411e-05
193574784.081024	0.0004541659457689867	-0.002433640545391613	-9.27265274416311e-05
193578384.081024	0.0004549275093390101	-0.0024331956519777786	-9.268394998567481e-05
193581984.081024	0.0004556887617107631	-0.0024327507200260197	-9.26413803771323e-05
193585584.081024	0.00045644970309852346	-0.0024323057496302646	-9.259881861295555e-05
193589184.081024	0.00045721033371647486	-0.002431860740884249	-9.255626469008798e-05
193592784.081024	0.000457970653778702	-0.002431415693881514	-9.251371860546204e-05
193596384.081024	0.00045873066349918866	-0.0024309706087154116	-9.247118035599769e-05
193599984.081024	0.00045949036309181644	-0.0024305254854791	-9.242864993860184e-05
193603584.081024	0.0004602497527703674	-0.0024300803242655444	-9.238612735016961e-05
193607184.081024	0.0004610088327485263	-0.002429635125167509	-9.234361258758556e-05
193610784.081024	0.00046176760323988266	-0.0024291898882775596	-9.230110564772487e-05
193614384.081024	0.0004625260644579321	-0.002428744613688068	-9.225860652745354e-05
193617984.081024	0.0004632842166160724	-0.002428299301491211	-9.221611522362726e-05
193621584.081024	0.00046404205992760337	-0.0024278539517789783	-9.21736317330903e-05
193625184.081024	0.0004647995946057234	-0.00242740856464317	-9.213115605267457e-05
193628784.081024	0.0004655568208635295	-0.0024269631401753963	-9.208868817919922e-05
193632384.081024	0.0004663137389140185	-0.0024265176784670725	-9.204622810947152e-05
193635984.081024	0.00046707034897008854	-0.00242607217960942	-9.200377584028783e-05
193639584.081024	0.00046782665124454117	-0.0024256266436934607	-9.19613313684345e-05
193643184.081024	0.0004685826459500813	-0.002425181070810029	-9.191889469068814e-05
193646784.081024	0.00046933833329931536	-0.002424735461049767	-9.187646580381457e-05
193650384.081024	0.0004700937135047482	-0.002424289814503128	-9.183404470456784e-05
193653984.081024	0.0004708487867787826	-0.002423844131260381	-9.179163138968906e-05
193657584.081024	0.00047160355333371746	-0.002423398411411605	-9.174922585590618e-05
193661184.081024	0.00047235801338174887	-0.0024229526550466843	-9.170682809993452e-05
193664784.081024	0.00047311216713497446	-0.002422506862255311	-9.166443811847842e-05
193668384.081024	0.00047386601480539284	-0.0024220610331269774	-9.162205590823201e-05
193671984.081024	0.0004746195566049064	-0.0024216151677509874	-9.157968146587968e-05
193675584.081024	0.00047537279274531677	-0.002421169266216456	-9.153731478809453e-05
193679184.081024	0.0004761257234383234	-0.0024207233286123167	-9.1494955871537e-05
193682784.081024	0.0004768783488955202	-0.0024202773550273124	-9.145260471285323e-05
193686384.081024	0.0004776306693283973	-0.0024198313455499917	-9.141026130867571e-05
193689984.081024	0.00047838268494834366	-0.002419385300268709	-9.136792565562476e-05
193693584.081024	0.00047913439596665143	-0.0024189392192716284	-9.132559775031052e-05
193697184.081024	0.0004798858025945149	-0.0024184931026467182	-9.128327758933265e-05
193700784.081024	0.0004806369050430319	-0.0024180469504817502	-9.124096516928012e-05
193704384.081024	0.0004813877035231976	-0.002417600762864318	-9.119866048672903e-05
193707984.081024	0.00048213819824591026	-0.00241715453988182	-9.115636353824453e-05
193711584.081024	0.0004828883894219566	-0.002416708281621473	-9.111407432037308e-05
193715184.081024	0.00048363827726202654	-0.002416261988170295	-9.107179282965025e-05
193718784.081024	0.00048438786197671626	-0.002415815659615113	-9.102951906260163e-05
193722384.081024	0.0004851371437765213	-0.002415369296042555	-9.098725301573945e-05
193725984.081024	0.00048588612287184236	-0.0024149228975390586	-9.094499468556521e-05
193729584.081024	0.00048663479947298684	-0.00241447646419087	-9.090274406857046e-05
193733184.081024	0.00048738317379016453	-0.00241402999608405	-9.086050116123441e-05
193736784.081024	0.00048813124603348443	-0.0024135834933044767	-9.081826596002153e-05
193740384.081024	0.0004888790164129531	-0.002413136955937834	-9.077603846138109e-05
193743984.081024	0.0004896264851384791	-0.0024126903840696145	-9.07338186617491e-05
193747584.081024	0.0004903736524198778	-0.0024122437777851177	-9.069160655755057e-05
193751184.081024	0.0004911205184668726	-0.002411797137169448	-9.064940214520045e-05
193754784.081024	0.0004918670834890938	-0.002411350462307518	-9.060720542110289e-05
193758384.081024	0.0004926133476960756	-0.0024109037532840613	-9.056501638164955e-05
193761984.081024	0.000493359311297253	-0.00241045701018362	-9.052283502321767e-05
193765584.081024	0.0004941049745019634	-0.002410010233090559	-9.04806613421701e-05
193769184.081024	0.0004948503375194426	-0.002409563422089048	-9.04384953348551e-05
193772784.081024	0.0004955954005588282	-0.0024091165772630705	-9.03963369976083e-05
193776384.081024	0.0004963401638291692	-0.002408669698696415	-9.035418632675422e-05
193779984.081024	0.0004970846275394202	-0.002408222786472682	-9.031204331860627e-05
193783584.081024	0.0004978287918984394	-0.002407775840675284	-9.026990796946582e-05
193787184.081024	0.0004985726571149876	-0.0024073288613874564	-9.02277802756211e-05
193790784.081024	0.0004993162233977249	-0.0024068818486922446	-9.018566023334536e-05
193794384.081024	0.00050005949095521	-0.0024064348026725155	-9.014354783889699e-05
193797984.081024	0.0005008024599959031	-0.0024059877234109506	-9.010144308851984e-05
193801584.081024	0.0005015451307281659	-0.0024055406109900375	-9.005934597844472e-05
193805184.081024	0.000502287503360265	-0.0024050934654920746	-9.00172565048905e-05
193808784.081024	0.0005030295781003739	-0.002404646286999174	-8.997517466406486e-05
193812384.081024	0.000503771355156568	-0.0024041990755932618	-8.99331004521628e-05
193815984.081024	0.0005045128347368226	-0.0024037518313560825	-8.989103386536499e-05
193819584.081024	0.0005052540170490105	-0.002403304554369204	-8.984897489983643e-05
193823184.081024	0.0005059949023009	-0.0024028572447140073	-8.980692355172591e-05
193826784.081024	0.0005067354907001609	-0.002402409902471688	-8.976487981716785e-05
193830384.081024	0.0005074757824543656	-0.002401962527723247	-8.972284369228396e-05
193833984.081024	0.0005082157777709933	-0.0024015151205494948	-8.968081517318442e-05
193837584.081024	0.000508955476857427	-0.0024010676810310525	-8.96387942559669e-05
193841184.081024	0.0005096948799209494	-0.002400620209248368	-8.959678093671463e-05
193844784.081024	0.0005104339871687429	-0.002400172705281706	-8.955477521149536e-05
193848384.081024	0.000511172798807891	-0.0023997251692111444	-8.951277707636232e-05
193851984.081024	0.000511911315045374	-0.0023992776011165715	-8.947078652735215e-05
193855584.081024	0.0005126495360880701	-0.0023988300010776976	-8.942880356048483e-05
193859184.081024	0.0005133874621427686	-0.002398382369174029	-8.938682817177047e-05
193862784.081024	0.000514125093416163	-0.0023979347054848867	-8.934486035720492e-05
193866384.081024	0.0005148624301148551	-0.0023974870100894096	-8.930290011277303e-05
193869984.081024	0.0005155994724453476	-0.0023970392830665516	-8.926094743444349e-05
193873584.081024	0.000516336220614042	-0.0023965915244950836	-8.921900231816817e-05
193877184.081024	0.0005170726748272425	-0.002396143734453595	-8.917706475988364e-05
193880784.081024	0.0005178088352911564	-0.0023956959130204893	-8.913513475551075e-05
193884384.081024	0.0005185447022118949	-0.0023952480602739755	-8.90932123009554e-05
193887984.081024	0.0005192802757954784	-0.0023948001762920702	-8.905129739211045e-05
193891584.081024	0.0005200155562478381	-0.0023943522611526036	-8.900939002485652e-05
193895184.081024	0.0005207505437748128	-0.002393904314933227	-8.896749019506068e-05
193898784.081024	0.0005214852385821445	-0.0023934563377114083	-8.892559789857412e-05
193902384.081024	0.0005222196408754784	-0.002393008329564437	-8.888371313123106e-05
193905984.081024	0.0005229537508603612	-0.002392560290569416	-8.884183588884862e-05
193909584.081024	0.0005236875687422449	-0.0023921122208032594	-8.879996616722826e-05
193913184.081024	0.0005244210947264914	-0.002391664120342697	-8.875810396215764e-05
193916784.081024	0.000525154329018372	-0.0023912159892642646	-8.871624926941119e-05
193920384.081024	0.000525887271823068	-0.0023907678276443205	-8.867440208474989e-05
193923984.081024	0.000526619923345668	-0.002390319635559044	-8.86325624039197e-05
193927584.081024	0.0005273522837911623	-0.002389871413084432	-8.859073022264974e-05
193931184.081024	0.000528084353364444	-0.0023894231602963035	-8.85489055366518e-05
193934784.081024	0.0005288161322703092	-0.002388974877270294	-8.850708834162046e-05
193938384.081024	0.0005295476207134584	-0.0023885265640818543	-8.846527863323438e-05
193941984.081024	0.0005302788188985008	-0.00238807822080625	-8.842347640715777e-05
193945584.081024	0.0005310097270299545	-0.002387629847518562	-8.838168165904093e-05
193949184.081024	0.0005317403453122447	-0.0023871814442936873	-8.83398943845199e-05
193952784.081024	0.0005324706739497024	-0.002386733011206349	-8.829811457921482e-05
193956384.081024	0.0005332007131465587	-0.0023862845483310904	-8.825634223872811e-05
193959984.081024	0.0005339304631069452	-0.0023858360557422803	-8.821457735864384e-05
193963584.081024	0.0005346599240348927	-0.0023853875335140993	-8.817281993452777e-05
193967184.081024	0.0005353890961343383	-0.0023849389817205513	-8.813106996192959e-05
193970784.081024	0.0005361179796091257	-0.0023844904004354478	-8.808932743638437e-05
193974384.081024	0.0005368465746630083	-0.002384041789732415	-8.80475923534134e-05
193977984.081024	0.0005375748814996454	-0.0023835931496849014	-8.800586470852287e-05
193981584.081024	0.0005383029003225984	-0.002383144480366181	-8.796414449720133e-05
193985184.081024	0.0005390306313353258	-0.002382695781849352	-8.792243171491733e-05
193988784.081024	0.0005397580747411835	-0.002382247054207333	-8.788072635711963e-05
193992384.081024	0.0005404852307434316	-0.0023817982975128573	-8.783902841923997e-05
193995984.081024	0.0005412120995452407	-0.0023813495118384658	-8.779733789669599e-05
193999584.081024	0.0005419386813496896	-0.002380900697256514	-8.775565478489008e-05
194003184.081024	0.0005426649763597581	-0.00238045185383918	-8.771397907920624e-05
194006784.081024	0.0005433909847783342	-0.002380002981658465	-8.767231077501263e-05
194010384.081024	0.0005441167068082147	-0.0023795540807861814	-8.763064986766267e-05
194013984.081024	0.0005448421426520871	-0.0023791051512939824	-8.758899635248458e-05
194017584.081024	0.0005455672925125445	-0.0023786561932533264	-8.75473502247898e-05
194021184.081024	0.0005462921565920874	-0.002378207206735478	-8.750571147987225e-05
194024784.081024	0.0005470167350931256	-0.002377758191811526	-8.746408011300967e-05
194028384.081024	0.0005477410282179782	-0.0023773091485523737	-8.742245611946359e-05
194031984.081024	0.0005484650361688757	-0.0023768600770287347	-8.738083949447995e-05
194035584.081024	0.0005491887591479556	-0.0023764109773111485	-8.733923023328683e-05
194039184.081024	0.0005499121973572585	-0.002375961849469981	-8.729762833109222e-05
194042784.081024	0.0005506353509987257	-0.002375512693575421	-8.725603378308311e-05
194046384.081024	0.0005513582202742056	-0.0023750635096974706	-8.721444658442742e-05
194049984.081024	0.0005520808053854574	-0.0023746142979059397	-8.717286673027583e-05
194053584.081024	0.0005528031065341539	-0.002374165058270454	-8.713129421576319e-05
194057184.081024	0.0005535251239218811	-0.0023737157908604585	-8.708972903600801e-05
194060784.081024	0.000554246857750133	-0.0023732664957452202	-8.70481711861107e-05
194064384.081024	0.0005549683082203106	-0.0023728171729938356	-8.700662066115211e-05
194067984.081024	0.0005556894755337185	-0.002372367822675219	-8.696507745619234e-05
194071584.081024	0.0005564103598915681	-0.0023719184448581098	-8.692354156627137e-05
194075184.081024	0.0005571309614949787	-0.0023714690396110603	-8.688201298640987e-05
194078784.081024	0.0005578512805449804	-0.0023710196070024364	-8.684049171161053e-05
194082384.081024	0.0005585713172425158	-0.002370570147100424	-8.679897773685892e-05
194085984.081024	0.0005592910717884383	-0.0023701206599730323	-8.675747105712283e-05
194089584.081024	0.0005600105443835101	-0.0023696711456880947	-8.671597166735126e-05
194093184.081024	0.0005607297352283984	-0.002369221604313273	-8.66744795624728e-05
194096784.081024	0.0005614486445236736	-0.002368772035916046	-8.663299473739454e-05
194100384.081024	0.0005621672724698117	-0.0023683224405637235	-8.659151718700261e-05
194103984.081024	0.0005628856192671944	-0.0023678728183234255	-8.655004690616275e-05
194107584.081024	0.0005636036851161136	-0.0023674231692620926	-8.650858388972194e-05
194111184.081024	0.0005643214702167709	-0.002366973493446484	-8.646712813250909e-05
194114784.081024	0.0005650389747692793	-0.002366523790943181	-8.642567962933503e-05
194118384.081024	0.0005657561989736582	-0.002366074061818592	-8.63842383749906e-05
194121984.081024	0.0005664731430298303	-0.002365624306138952	-8.634280436424498e-05
194125584.081024	0.0005671898071376192	-0.0023651745239703244	-8.630137759184432e-05
194129184.081024	0.0005679061914967491	-0.002364724715378587	-8.625995805251178e-05
194132784.081024	0.0005686222963068531	-0.002364274880429439	-8.621854574094993e-05
194136384.081024	0.0005693381217674739	-0.002363825019188389	-8.617714065184278e-05
194139984.081024	0.0005700536680780697	-0.0023633751317207723	-8.613574277985717e-05
194143584.081024	0.0005707689354380062	-0.0023629252180917405	-8.60943521196404e-05
194147184.081024	0.0005714839240465526	-0.0023624752783662794	-8.605296866581678e-05
194150784.081024	0.0005721986341028749	-0.0023620253126092005	-8.601159241298514e-05
194154384.081024	0.0005729130658060433	-0.0023615753208851373	-8.597022335572118e-05
194157984.081024	0.00057362721935504	-0.0023611253032585337	-8.592886148858175e-05
194161584.081024	0.0005743410949487555	-0.0023606752597936545	-8.588750680610164e-05
194165184.081024	0.0005750546927859857	-0.0023602251905545774	-8.584615930279306e-05
194168784.081024	0.0005757680130654485	-0.002359775095605201	-8.580481897315308e-05
194172384.081024	0.0005764810559857694	-0.0023593249750092416	-8.57634858116564e-05
194175984.081024	0.0005771938217454702	-0.0023588748288302618	-8.572215981275072e-05
194179584.081024	0.0005779063105429848	-0.0023584246571316334	-8.568084097086245e-05
194183184.081024	0.0005786185225766543	-0.0023579744599765413	-8.563952928039468e-05
