188733801.898368	-0.0009516805583141113	-0.0029230759339513414	-0.00015693552271041884
188737401.898368	-0.0009502701644194019	-0.0029228831291580482	-0.00015688408656772433
188741001.898368	-0.0009488604371838845	-0.00292268986522856	-0.00015683265073198471
188744601.898368	-0.0009474513763590483	-0.0029224961428209505	-0.0001567812152243758
188748201.898368	-0.0009460429816961469	-0.0029223019625925504	-0.00015672978006603353
188751801.898368	-0.0009446352529461964	-0.0029221073251999353	-0.00015667834527805392
188755401.898368	-0.0009432281898599786	-0.0029219122312989262	-0.00015662691088149237
188759001.898368	-0.000941821792188041	-0.0029217166815445955	-0.00015657547689736448
188762601.898368	-0.0009404160596806974	-0.0029215206765912604	-0.00015652404334664654
188766201.898368	-0.0009390109920880297	-0.0029213242170924914	-0.00015647261025027477
188769801.898368	-0.0009376065891598879	-0.0029211273037011037	-0.00015642117762914526
188773401.898368	-0.000936202850645894	-0.002920929937069172	-0.00015636974550411518
188777001.898368	-0.0009347997762954397	-0.0029207321178480136	-0.000156318313896001
188780601.898368	-0.0009333973658576897	-0.0029205338466882043	-0.00015626688282557947
188784201.898368	-0.0009319956190815821	-0.0029203351242395675	-0.0001562154523135874
188787801.898368	-0.0009305945357158292	-0.0029201359511511825	-0.00015616402238072212
188791401.898368	-0.0009291941155089179	-0.0029199363280713784	-0.0001561125930476418
188795001.898368	-0.0009277943582091096	-0.00291973625564774	-0.00015606116433496524
188798601.898368	-0.0009263952635644432	-0.0029195357345271045	-0.0001560097362632717
188802201.898368	-0.0009249968313227345	-0.002919334765355565	-0.00015595830885310088
188805801.898368	-0.0009235990612315774	-0.0029191333487784688	-0.00015590688212495263
188809401.898368	-0.0009222019530383459	-0.00291893148544042	-0.0001558554560992878
188813001.898368	-0.0009208055064901919	-0.0029187291759852785	-0.00015580403079652776
188816601.898368	-0.000919409721334047	-0.002918526421056155	-0.0001557526062370549
188820201.898368	-0.0009180145973166242	-0.0029183232212954234	-0.00015570118244121297
188823801.898368	-0.000916620134184417	-0.0029181195773447096	-0.00015564975942930658
188827401.898368	-0.0009152263316837001	-0.0029179154898449004	-0.00015559833722160143
188831001.898368	-0.0009138331895605317	-0.0029177109594361404	-0.00015554691583832434
188834601.898368	-0.0009124407075607517	-0.0029175059867578316	-0.00015549549529966276
188838201.898368	-0.0009110488854299848	-0.0029173005724486382	-0.00015544407562576568
188841801.898368	-0.0009096577229136378	-0.002917094717146478	-0.00015539265683674325
188845401.898368	-0.0009082672197569044	-0.002916888421488537	-0.00015534123895266747
188849001.898368	-0.000906877375704761	-0.0029166816861112546	-0.00015528982199357178
188852601.898368	-0.0009054881905019709	-0.0029164745116503376	-0.00015523840597945156
188856201.898368	-0.0009040996638930831	-0.0029162668987407526	-0.0001551869909302633
188859801.898368	-0.0009027117956224343	-0.0029160588480167306	-0.00015513557686592548
188863401.898368	-0.0009013245854341494	-0.0029158503601117674	-0.0001550841638063177
188867001.898368	-0.0008999380330721424	-0.0029156414356586247	-0.00015503275177128164
188870601.898368	-0.0008985521382801167	-0.002915432075289327	-0.0001549813407806207
188874201.898368	-0.0008971669008015644	-0.002915222279635163	-0.00015492993085410028
188877801.898368	-0.0008957823203797706	-0.0029150120493266914	-0.00015487852201144818
188881401.898368	-0.0008943983967578124	-0.0029148013849937425	-0.00015482711427235426
188885001.898368	-0.0008930151296785599	-0.0029145902872654127	-0.00015477570765647016
188888601.898368	-0.0008916325188846761	-0.0029143787567700624	-0.00015472430218340898
188892201.898368	-0.0008902505641186229	-0.0029141667941353327	-0.00015467289787274624
188895801.898368	-0.000888869265122657	-0.0029139543999881306	-0.00015462149474401935
188899401.898368	-0.0008874886216388335	-0.002913741574954636	-0.0001545700928167281
188903001.898368	-0.0008861086334090036	-0.002913528319660299	-0.00015451869211033457
188906601.898368	-0.0008847293001748209	-0.0029133146347298457	-0.00015446729264426335
188910201.898368	-0.0008833506216777391	-0.002913100520787278	-0.00015441589443790116
188913801.898368	-0.0008819725976590118	-0.0029128859784558645	-0.00015436449751059684
188917401.898368	-0.0008805952278596993	-0.002912671008358162	-0.00015431310188166104
188921001.898368	-0.0008792185120206636	-0.0029124556111159933	-0.00015426170757036674
188924601.898368	-0.0008778424498825725	-0.0029122397873504596	-0.00015421031459594966
188928201.898368	-0.0008764670411858997	-0.002912023537681942	-0.00015415892297760786
188931801.898368	-0.0008750922856709259	-0.0029118068627300973	-0.000154107532734502
188935401.898368	-0.0008737181830777376	-0.002911589763113856	-0.00015405614388575532
188939001.898368	-0.0008723447331462305	-0.002911372239451432	-0.00015400475645045375
188942601.898368	-0.0008709719356161122	-0.002911154292360321	-0.00015395337044764564
188946201.898368	-0.0008695997902268965	-0.002910935922457291	-0.0001539019858963414
188949801.898368	-0.0008682282967179111	-0.0029107171303583926	-0.000153850602815514
188953401.898368	-0.0008668574548282943	-0.002910497916678959	-0.00015379922122409973
188957001.898368	-0.0008654872642969954	-0.002910278282033597	-0.00015374784114099754
188960601.898368	-0.0008641177248627787	-0.002910058227036206	-0.0001536964625850701
188964201.898368	-0.000862748836264218	-0.0029098377522999517	-0.00015364508557514216
188967801.898368	-0.0008613805982397044	-0.0029096168584372955	-0.000153593710130002
188971401.898368	-0.0008600130105274418	-0.002909395546059973	-0.0001535423362684002
188975001.898368	-0.0008586460728654508	-0.0029091738157790074	-0.00015349096400905064
188978601.898368	-0.0008572797849915668	-0.0029089516682047037	-0.00015343959337063041
188982201.898368	-0.0008559141466434404	-0.0029087291039466487	-0.0001533882243717799
188985801.898368	-0.0008545491575585385	-0.0029085061236137143	-0.00015333685703110324
188989401.898368	-0.0008531848174741453	-0.0029082827278140598	-0.00015328549136716822
188993001.898368	-0.0008518211261273615	-0.002908058917155125	-0.00015323412739850587
188996601.898368	-0.0008504580832551053	-0.002907834692243641	-0.0001531827651436107
189000201.898368	-0.0008490956885941143	-0.0029076100536856216	-0.00015313140462094063
189003801.898368	-0.0008477339418809453	-0.002907385002086374	-0.00015308004584891724
189007401.898368	-0.000846372842851974	-0.0029071595380504864	-0.0001530286888459257
189011001.898368	-0.0008450123912433975	-0.0029069336621818415	-0.00015297733363031554
189014601.898368	-0.0008436525867912334	-0.002906707375083611	-0.00015292598022040015
189018201.898368	-0.0008422934292313185	-0.0029064806773582493	-0.0001528746286344569
189021801.898368	-0.0008409349182993129	-0.002906253569607512	-0.00015282327889072755
189025401.898368	-0.0008395770537306978	-0.0029060260524324433	-0.0001527719310074174
189029001.898368	-0.0008382198352607841	-0.0029057981264333788	-0.0001527205850026951
189032601.898368	-0.0008368632626247032	-0.002905569792209952	-0.00015266924089469392
189036201.898368	-0.000835507335557413	-0.0029053410503610878	-0.00015261789870151137
189039801.898368	-0.0008341520537936982	-0.0029051119014850057	-0.0001525665584412094
189043401.898368	-0.0008327974170681705	-0.0029048823461792213	-0.00015251522013181437
189047001.898368	-0.0008314434251152711	-0.002904652385040551	-0.00015246388379131675
189050601.898368	-0.00083009007766927	-0.0029044220186651066	-0.00015241254943767108
189054201.898368	-0.0008287373744642686	-0.0029041912476482964	-0.0001523612170887962
189057801.898368	-0.0008273853152342011	-0.002903960072584834	-0.0001523098867625752
189061401.898368	-0.0008260338997128324	-0.0029037284940687256	-0.0001522585584768549
189065001.898368	-0.0008246831276337636	-0.002903496512693283	-0.00015220723224944747
189068601.898368	-0.0008233329987304283	-0.0029032641290511153	-0.00015215590809812923
189072201.898368	-0.0008219835127360975	-0.002903031343734137	-0.00015210458604064154
189075801.898368	-0.0008206346693838768	-0.0029027981573335614	-0.0001520532660946898
189079401.898368	-0.0008192864684067114	-0.0029025645704399074	-0.00015200194827794377
189083001.898368	-0.0008179389095373851	-0.0029023305836429984	-0.00015195063260803758
189086601.898368	-0.0008165919925085209	-0.0029020961975319594	-0.00015189931910256993
189090201.898368	-0.0008152457170525811	-0.0029018614126952195	-0.00015184800777910389
189093801.898368	-0.0008139000829018705	-0.002901626229720515	-0.00015179669865516792
189097401.898368	-0.0008125550897885341	-0.0029013906491948847	-0.00015174539174825515
189101001.898368	-0.0008112107374445593	-0.002901154671704673	-0.00015169408707582364
189104601.898368	-0.0008098670256017757	-0.002900918297835531	-0.0001516427846552961
189108201.898368	-0.000808523953991858	-0.0029006815281724194	-0.0001515914845040599
189111801.898368	-0.0008071815223463246	-0.002900444363299601	-0.0001515401866394671
189115401.898368	-0.0008058397303965399	-0.0029002068038006517	-0.0001514888910788347
189119001.898368	-0.0008044985778737119	-0.002899968850258451	-0.00015143759783944514
189122601.898368	-0.0008031580645088952	-0.002899730503255187	-0.00015138630693854589
189126201.898368	-0.0008018181900329891	-0.002899491763372355	-0.00015133501839335002
189129801.898368	-0.0008004789541767407	-0.0028992526311907635	-0.0001512837322210358
189133401.898368	-0.0007991403566707445	-0.00289901310729053	-0.00015123244843874675
189137001.898368	-0.000797802397245442	-0.002898773192251081	-0.00015118116706359144
189140601.898368	-0.0007964650756311226	-0.002898532886651155	-0.00015112988811264377
189144201.898368	-0.0007951283915579241	-0.002898292191068796	-0.00015107861160294298
189147801.898368	-0.000793792344755835	-0.0028980511060813737	-0.00015102733755149473
189151401.898368	-0.0007924569349546894	-0.0028978096322655545	-0.00015097606597526975
189155001.898368	-0.0007911221618841726	-0.0028975677701973224	-0.0001509247968912052
189158601.898368	-0.0007897880252738209	-0.0028973255204519854	-0.00015087353031620408
189162201.898368	-0.0007884545248530199	-0.0028970828836041526	-0.00015082226626713478
189165801.898368	-0.0007871216603510075	-0.002896839860227757	-0.00015077100476083147
189169401.898368	-0.0007857894314968735	-0.0028965964508960453	-0.00015071974581409386
189173001.898368	-0.0007844578380195614	-0.0028963526561815818	-0.0001506684894436882
189176601.898368	-0.0007831268796478666	-0.0028961084766562467	-0.00015061723566634668
189180201.898368	-0.0007817965561104393	-0.002895863912891241	-0.00015056598449876823
189183801.898368	-0.000780466867135783	-0.002895618965457082	-0.00015051473595761769
189187401.898368	-0.0007791378124522583	-0.002895373634923608	-0.00015046349005952628
189191001.898368	-0.0007778093917880828	-0.002895127921859984	-0.00015041224682109085
189194601.898368	-0.0007764816048713315	-0.0028948818268346903	-0.00015036100625887426
189198201.898368	-0.0007751544514299381	-0.0028946353504155325	-0.00015030976838940557
189201801.898368	-0.0007738279311916955	-0.002894388493169638	-0.00015025853322918068
189205401.898368	-0.0007725020438842567	-0.002894141255663459	-0.00015020730079466199
189209001.898368	-0.0007711767892351366	-0.0028938936384627738	-0.00015015607110227812
189212601.898368	-0.000769852166971712	-0.0028936456421326854	-0.00015010484416842432
189216201.898368	-0.0007685281768212211	-0.0028933972672376177	-0.00015005362000946205
189219801.898368	-0.0007672048185107702	-0.002893148514341332	-0.00015000239864171888
189223401.898368	-0.0007658820917673275	-0.002892899384006908	-0.0001499511800814884
189227001.898368	-0.0007645599963177299	-0.0028926498767967573	-0.00014989996434503118
189230601.898368	-0.0007632385318886795	-0.0028923999932726195	-0.00014984875144857435
189234201.898368	-0.0007619176982067466	-0.00289214973399556	-0.0001497975414083118
189237801.898368	-0.0007605974949983687	-0.002891899099525979	-0.0001497463342404042
189241401.898368	-0.0007592779219898532	-0.0028916480904236015	-0.0001496951299609789
189245001.898368	-0.0007579589789073777	-0.0028913967072474837	-0.00014964392858612946
189248601.898368	-0.0007566406654769907	-0.002891144950556019	-0.0001495927301319159
189252201.898368	-0.000755322981424612	-0.002890892820906925	-0.000149541534614365
189255801.898368	-0.0007540059264760326	-0.0028906403188572517	-0.00014949034204947035
189259401.898368	-0.0007526895003569169	-0.0028903874449633838	-0.000149439152453193
189263001.898368	-0.000751373702792801	-0.0028901341997810367	-0.00014938796584146088
189266601.898368	-0.0007500585335090935	-0.002889880583865256	-0.00014933678223016895
189270201.898368	-0.0007487439922310794	-0.00288962659777043	-0.00014928560163517934
189273801.898368	-0.0007474300786839151	-0.0028893722420502686	-0.00014923442407232046
189277401.898368	-0.0007461167925926341	-0.002889117517257827	-0.0001491832495573882
189281001.898368	-0.0007448041336821436	-0.0028888624239454866	-0.0001491320781061454
189284601.898368	-0.0007434921016772272	-0.0028886069626649674	-0.00014908090973432263
189288201.898368	-0.0007421806963025439	-0.0028883511339673285	-0.00014902974445761801
189291801.898368	-0.0007408699172826274	-0.002888094938402956	-0.00014897858229169711
189295401.898368	-0.0007395597643418886	-0.0028878383765215806	-0.00014892742325219298
189299001.898368	-0.0007382502372046155	-0.0028875814488722685	-0.0001488762673547063
189302601.898368	-0.0007369413355949725	-0.0028873241560034213	-0.00014882511461480487
189306201.898368	-0.0007356330592370043	-0.0028870664984627856	-0.00014877396504802442
189309801.898368	-0.0007343254078546303	-0.002886808476797438	-0.00014872281866986798
189313401.898368	-0.0007330183811716514	-0.0028865500915538065	-0.00014867167549580704
189317001.898368	-0.0007317119789117445	-0.0028862913432776446	-0.0001486205355412807
189320601.898368	-0.0007304062007984688	-0.0028860322325140633	-0.0001485693988216968
189324201.898368	-0.0007291010465552612	-0.0028857727598075047	-0.00014851826535243066
189327801.898368	-0.0007277965159054403	-0.0028855129257017585	-0.0001484671351488256
189331401.898368	-0.0007264926085722058	-0.0028852527307399556	-0.00014841600822619242
189335001.898368	-0.0007251893242786422	-0.0028849921754645802	-0.00014836488459981048
189338601.898368	-0.0007238866627477149	-0.002884731260417452	-0.0001483137642849267
189342201.898368	-0.000722584623702273	-0.0028844699861397404	-0.0001482626472967568
189345801.898368	-0.00072128320686505	-0.0028842083531719605	-0.00014821153365048503
189349401.898368	-0.0007199824119586644	-0.0028839463620539746	-0.0001481604233612639
189353001.898368	-0.000718682238705623	-0.0028836840133250026	-0.00014810931644421426
189356601.898368	-0.0007173826868283177	-0.002883421307523602	-0.00014805821291442425
189360201.898368	-0.0007160837560490306	-0.002883158245187687	-0.0001480071127869504
189363801.898368	-0.0007147854460899326	-0.0028828948268545236	-0.00014795601607681786
189367401.898368	-0.0007134877566730849	-0.002882631053060727	-0.0001479049227990203
189371001.898368	-0.000712190687520438	-0.002882366924342259	-0.00014785383296851926
189374601.898368	-0.0007108942383538365	-0.002882102441234446	-0.00014780274660024587
189378201.898368	-0.0007095984088950145	-0.0028818376042719553	-0.00014775166370909932
189381801.898368	-0.0007083031988656029	-0.002881572413988818	-0.00014770058430994663
189385401.898368	-0.0007070086079871253	-0.002881306870918416	-0.00014764950841762332
189389001.898368	-0.0007057146359810007	-0.002881040975593484	-0.00014759843604693343
189392601.898368	-0.000704421282568545	-0.002880774728546117	-0.00014754736721264944
189396201.898368	-0.0007031285474709692	-0.0028805081303077606	-0.0001474963019295123
189399801.898368	-0.0007018364304093819	-0.0028802411814092205	-0.0001474452402122324
189403401.898368	-0.0007005449311047872	-0.00287997388238065	-0.00014739418207548877
189407001.898368	-0.0006992540492780901	-0.002879706233751576	-0.00014734312753392938
189410601.898368	-0.0006979637846500926	-0.0028794382360508674	-0.00014729207660217004
189414201.898368	-0.0006966741369414981	-0.002879169889806762	-0.00014724102929479532
189417801.898368	-0.0006953851058729081	-0.00287890119554685	-0.00014718998562635854
189421401.898368	-0.0006940966911648262	-0.002878632153798085	-0.00014713894561138252
189425001.898368	-0.000692808892537654	-0.0028783627650867693	-0.00014708790926435878
189428601.898368	-0.0006915217097116955	-0.0028780930299385755	-0.0001470368765997486
189432201.898368	-0.0006902351424071569	-0.0028778229488785356	-0.00014698584763198227
189435801.898368	-0.0006889491903441427	-0.002877552522431033	-0.0001469348223754586
189439401.898368	-0.0006876638532426622	-0.0028772817511198232	-0.00014688380084454573
189443001.898368	-0.0006863791308226263	-0.002877010635468018	-0.00014683278305358102
189446601.898368	-0.0006850950228038479	-0.002876739175998092	-0.00014678176901687114
189450201.898368	-0.0006838115289060424	-0.0028764673732318818	-0.00014673075874869227
189453801.898368	-0.0006825286488488312	-0.0028761952276905862	-0.00014667975226329033
189457401.898368	-0.0006812463823517372	-0.002875922739894767	-0.0001466287495748809
189461001.898368	-0.0006799647291341831	-0.0028756499103643547	-0.00014657775069764958
189464601.898368	-0.0006786836889155016	-0.002875376739618643	-0.00014652675564575095
189468201.898368	-0.0006774032614149291	-0.002875103228176289	-0.00014647576443330908
189471801.898368	-0.0006761234463516062	-0.0028748293765553214	-0.00014642477707441779
189475401.898368	-0.0006748442434445795	-0.0028745551852731336	-0.000146373793583141
189479001.898368	-0.0006735656524128006	-0.002874280654846484	-0.00014632281397351243
189482601.898368	-0.0006722876729751289	-0.002874005785791502	-0.00014627183825953604
189486201.898368	-0.0006710103048503318	-0.00287373057862369	-0.0001462208664551861
189489801.898368	-0.0006697335477570832	-0.002873455033857913	-0.00014616989857440632
189493401.898368	-0.0006684574014139679	-0.002873179152008417	-0.00014611893463111072
189497001.898368	-0.0006671818655394799	-0.002872902933588816	-0.0001460679746391827
189500601.898368	-0.0006659069398520238	-0.002872626379112096	-0.00014601701861247557
189504201.898368	-0.0006646326240699155	-0.002872349489090615	-0.00014596606656481305
189507801.898368	-0.0006633589179113829	-0.0028720722640361088	-0.00014591511850998938
189511401.898368	-0.000662085821094566	-0.002871794704459684	-0.00014586417446176906
189515001.898368	-0.0006608133333375186	-0.002871516810871826	-0.0001458132344338871
189518601.898368	-0.0006595414543582102	-0.0028712385837823965	-0.00014576229844004803
189522201.898368	-0.000658270183874526	-0.0028709600237006357	-0.0001457113664939266
189525801.898368	-0.0006569995216042666	-0.0028706811311351578	-0.00014566043860916723
189529401.898368	-0.0006557294672651521	-0.0028704019065939586	-0.00014560951479938524
189533001.898368	-0.000654460020574818	-0.002870122350584408	-0.00014555859507816522
189536601.898368	-0.0006531911812508209	-0.0028698424636132624	-0.00014550767945906425
189540201.898368	-0.0006519229490106335	-0.0028695622461866496	-0.00014545676795560826
189543801.898368	-0.00065065532357165	-0.002869281698810079	-0.000145405860581294
189547401.898368	-0.0006493883046511857	-0.002869000821988448	-0.0001453549573495889
189551001.898368	-0.0006481218919664765	-0.002868719616226029	-0.00014530405827393019
189554601.898368	-0.0006468560852346805	-0.0028684380820264764	-0.0001452531633677251
189558201.898368	-0.0006455908841728789	-0.0028681562198928268	-0.00014520227264435169
189561801.898368	-0.0006443262884980754	-0.0028678740303275012	-0.0001451513861171591
189565401.898368	-0.000643062297927195	-0.002867591513832299	-0.0001451005037994671
189569001.898368	-0.0006417989121770878	-0.0028673086709084064	-0.00014504962570456679
189572601.898368	-0.0006405361309645264	-0.002867025502056388	-0.00014499875184571933
189576201.898368	-0.0006392739540062096	-0.002866742007776201	-0.00014494788223615659
189579801.898368	-0.0006380123810187607	-0.0028664581885671798	-0.0001448970168890806
189583401.898368	-0.0006367514117187282	-0.0028661740449280474	-0.00014484615581766464
189587001.898368	-0.0006354910458225853	-0.0028658895773569096	-0.00014479529903505315
189590601.898368	-0.0006342312830467304	-0.0028656047863512587	-0.00014474444655436186
189594201.898368	-0.0006329721231074876	-0.002865319672407972	-0.0001446935983886779
189597801.898368	-0.0006317135657211061	-0.0028650342360233122	-0.00014464275455105936
189601401.898368	-0.0006304556106037628	-0.002864748477692934	-0.0001445919150545355
189605001.898368	-0.00062919825747156	-0.002864462397911878	-0.00014454107991210654
189608601.898368	-0.0006279415060405276	-0.00286417599717457	-0.0001444902491367437
189612201.898368	-0.0006266853560266226	-0.00286388927597483	-0.00014443942274138989
189615801.898368	-0.0006254298071457287	-0.0028636022348058625	-0.00014438860073895951
189619401.898368	-0.0006241748591136569	-0.0028633148741602646	-0.0001443377831423389
189623001.898368	-0.0006229205116461468	-0.0028630271945300255	-0.00014428696996438627
189626601.898368	-0.0006216667644588653	-0.0028627391964065226	-0.00014423616121793107
189630201.898368	-0.0006204136172674096	-0.00286245088028053	-0.00014418535691577454
189633801.898368	-0.0006191610697873058	-0.002862162246642212	-0.00014413455707068887
189637401.898368	-0.0006179091217340111	-0.002861873295981131	-0.00014408376169541823
189641001.898368	-0.0006166577728229141	-0.002861584028786244	-0.00014403297080267855
189644601.898368	-0.0006154070227693336	-0.0028612944455459	-0.00014398218440515777
189648201.898368	-0.0006141568712885199	-0.0028610045467478435	-0.0001439314025155161
189651801.898368	-0.0006129073180956564	-0.00286071433287922	-0.00014388062514638568
189655401.898368	-0.00061165836290586	-0.0028604238044265705	-0.0001438298523103703
189659001.898368	-0.0006104100054341832	-0.0028601329618758386	-0.00014377908402004544
189662601.898368	-0.0006091622453956138	-0.002859841805712367	-0.00014372832028795824
189666201.898368	-0.000607915082505075	-0.002859550336420895	-0.0001436775611266275
189669801.898368	-0.0006066685164774281	-0.0028592585544855663	-0.0001436268065485446
189673401.898368	-0.0006054225470274706	-0.002858966460389924	-0.00014357605656617283
189677001.898368	-0.000604177173869938	-0.0028586740546169115	-0.00014352531119194776
189680601.898368	-0.0006029323967195055	-0.0028583813376488786	-0.0001434745704382775
189684201.898368	-0.0006016882152907883	-0.002858088309967576	-0.00014342383431754108
189687801.898368	-0.000600444629298342	-0.002857794972054162	-0.00014337310284209034
189691401.898368	-0.0005992016384566654	-0.0028575013243891953	-0.00014332237602424804
189695001.898368	-0.0005979592424801979	-0.0028572073674526426	-0.00014327165387630962
189698601.898368	-0.0005967174410833214	-0.0028569131017238715	-0.00014322093641054283
189702201.898368	-0.0005954762339803614	-0.0028566185276816592	-0.00014317022363918795
189705801.898368	-0.0005942356208855862	-0.002856323645804184	-0.00014311951557445749
189709401.898368	-0.0005929956015132086	-0.002856028456569036	-0.00014306881222853646
189713001.898368	-0.0005917561755773861	-0.00285573296045321	-0.00014301811361358175
189716601.898368	-0.0005905173427922213	-0.0028554371579331077	-0.00014296741974172215
189720201.898368	-0.0005892791028717641	-0.0028551410494845426	-0.00014291673062505903
189723801.898368	-0.0005880414555300087	-0.00285484463558273	-0.0001428660462756658
189727401.898368	-0.0005868044004808961	-0.002854547916702298	-0.00014281536670558923
189731001.898368	-0.0005855679374383116	-0.0028542508933172774	-0.00014276469192684856
189734601.898368	-0.0005843320661160895	-0.0028539535659011183	-0.00014271402195143622
189738201.898368	-0.0005830967862280083	-0.002853655934926667	-0.0001426633567913166
189741801.898368	-0.0005818620974877969	-0.0028533580008661946	-0.00014261269645842692
189745401.898368	-0.0005806279996091297	-0.0028530597641913766	-0.00014256204096467671
189749001.898368	-0.0005793944923056296	-0.0028527612253732943	-0.00014251139032194813
189752601.898368	-0.0005781615752908673	-0.0028524623848824476	-0.00014246074454209675
189756201.898368	-0.0005769292482783612	-0.002852163243188748	-0.0001424101036369515
189759801.898368	-0.0005756975109815762	-0.0028518638007615114	-0.00014235946761831424
189763401.898368	-0.0005744663631139275	-0.0028515640580694785	-0.0001423088364979603
189767001.898368	-0.0005732358043887777	-0.0028512640155807967	-0.00014225821028763779
189770601.898368	-0.0005720058345194391	-0.0028509636737630304	-0.00014220758899906758
189774201.898368	-0.0005707764532191745	-0.0028506630330831593	-0.00014215697264394374
189777801.898368	-0.0005695476602011956	-0.0028503620940075803	-0.00014210636123393355
189781401.898368	-0.0005683194551786643	-0.002850060857002104	-0.00014205575478067783
189785001.898368	-0.0005670918378646923	-0.0028497593225319585	-0.0001420051532957912
189788601.898368	-0.0005658648079723428	-0.0028494574910617916	-0.000141954556790862
189792201.898368	-0.0005646383652146302	-0.002849155363055671	-0.0001419039652774521
189795801.898368	-0.000563412509304521	-0.0028488529389770804	-0.00014185337876709614
189799401.898368	-0.0005621872399549365	-0.00284855021928893	-0.00014180279727130226
189803001.898368	-0.0005609625568787502	-0.0028482472044535486	-0.00014175222080155158
189806601.898368	-0.0005597384597887911	-0.0028479438949326865	-0.00014170164936929932
189810201.898368	-0.0005585149483978418	-0.002847640291187515	-0.00014165108298597428
189813801.898368	-0.0005572920224186411	-0.0028473363936786316	-0.00014160052166297988
189817401.898368	-0.0005560696815638843	-0.002847032202866059	-0.0001415499654116927
189821001.898368	-0.0005548479255462227	-0.0028467277192092393	-0.00014149941424346248
189824601.898368	-0.0005536267540782676	-0.0028464229431670457	-0.0001414488681696126
189828201.898368	-0.0005524061668725883	-0.0028461178751977767	-0.00014139832720144022
189831801.898368	-0.0005511861636417153	-0.00284581251575916	-0.0001413477913502157
189835401.898368	-0.0005499667440981364	-0.00284550686530834	-0.00014129726062718292
189839001.898368	-0.0005487479079543027	-0.0028452009243018998	-0.00014124673504356078
189842601.898368	-0.0005475296549226248	-0.0028448946931958433	-0.00014119621461054156
189846201.898368	-0.0005463119847154755	-0.0028445881724456098	-0.00014114569933929165
189849801.898368	-0.0005450948970451904	-0.002844281362506059	-0.00014109518924095073
189853401.898368	-0.0005438783916240687	-0.00284397426383149	-0.00014104468432663217
189857001.898368	-0.0005426624681643742	-0.002843666876875627	-0.00014099418460742285
189860601.898368	-0.0005414471263783347	-0.0028433592020916275	-0.00014094369009438372
189864201.898368	-0.000540232365978141	-0.0028430512399320726	-0.00014089320079854986
189867801.898368	-0.0005390181866759496	-0.002842742990848978	-0.00014084271673093075
189871401.898368	-0.000537804588183882	-0.0028424344552937953	-0.00014079223790251053
189875001.898368	-0.0005365915702140249	-0.002842125633717402	-0.00014074176432424666
189878601.898368	-0.0005353791324784305	-0.0028418165265701083	-0.00014069129600707058
189882201.898368	-0.0005341672746891187	-0.002841507134301661	-0.00014064083296188776
189885801.898368	-0.0005329559965580756	-0.0028411974573612415	-0.0001405903751995778
189889401.898368	-0.000531745297797252	-0.0028408874961974562	-0.00014053992273099463
189893001.898368	-0.0005305351781185695	-0.0028405772512583513	-0.00014048947556696693
189896601.898368	-0.0005293256372339107	-0.0028402667229914043	-0.00014043903371829813
189900201.898368	-0.000528116674855127	-0.002839955911843531	-0.0001403885971957665
189903801.898368	-0.0005269082906940374	-0.0028396448182610784	-0.00014033816601012394
189907401.898368	-0.0005257004844624292	-0.0028393334426898313	-0.00014028774017209723
189911001.898368	-0.0005244932558720572	-0.002839021785575014	-0.00014023731969238734
189914601.898368	-0.0005232866046346431	-0.0028387098473612836	-0.00014018690458166984
189918201.898368	-0.0005220805304618765	-0.0028383976284927326	-0.00014013649485059547
189921801.898368	-0.0005208750330654144	-0.002838085129412897	-0.00014008609050978997
189925401.898368	-0.0005196701121568822	-0.0028377723505647475	-0.00014003569156985422
189929001.898368	-0.000518465767447873	-0.002837459292390694	-0.00013998529804136407
189932601.898368	-0.0005172619986499497	-0.002837145955332591	-0.00013993490993487016
189936201.898368	-0.0005160588054746454	-0.002836832339831731	-0.0001398845272608979
189939801.898368	-0.0005148561876334628	-0.00283651844632885	-0.00013983415002994718
189943401.898368	-0.0005136541448378754	-0.002836204275264125	-0.00013978377825249317
189947001.898368	-0.0005124526767993271	-0.0028358898270771753	-0.00013973341193898622
189950601.898368	-0.0005112517832292331	-0.0028355751022070648	-0.00013968305109985241
189954201.898368	-0.0005100514638389798	-0.002835260101092304	-0.00013963269574549317
189957801.898368	-0.0005088517183399261	-0.0028349448241708456	-0.00013958234588628526
189961401.898368	-0.0005076525464434051	-0.0028346292718800913	-0.00013953200153258002
189965001.898368	-0.0005064539478607248	-0.002834313444656892	-0.00013948166269470353
189968601.898368	-0.0005052559223031681	-0.002833997342937541	-0.0001394313293829567
189972201.898368	-0.0005040584694819928	-0.002833680967157785	-0.00013938100160761633
189975801.898368	-0.0005028615891084334	-0.002833364317752816	-0.00013933067937893517
189979401.898368	-0.0005016652808937001	-0.0028330473951572754	-0.00013928036270714105
189983001.898368	-0.000500469544548982	-0.002832730199805258	-0.000139230051602437
189986601.898368	-0.0004992743797854447	-0.0028324127321303024	-0.00013917974607500128
189990201.898368	-0.0004980797863142354	-0.00283209499256541	-0.0001391294461349876
189993801.898368	-0.0004968857638464796	-0.0028317769815430255	-0.00013907915179252434
189997401.898368	-0.0004956923120932843	-0.002831458699495048	-0.00013902886305771454
190001001.898368	-0.0004944994307657359	-0.0028311401468528274	-0.00013897857994063818
190004601.898368	-0.0004933071195749032	-0.0028308213240471713	-0.0001389283024513503
190008201.898368	-0.0004921153782318346	-0.002830502231508333	-0.00013887803059988143
190011801.898368	-0.0004909242064475625	-0.0028301828696660285	-0.00013882776439623834
190015401.898368	-0.0004897336039330996	-0.0028298632389494186	-0.00013877750385040246
190019001.898368	-0.0004885435703994449	-0.0028295433397871293	-0.00013872724897233066
190022601.898368	-0.00048735410555757907	-0.002829223172607235	-0.00013867699977195463
190026201.898368	-0.0004861652091184674	-0.0028289027378372673	-0.00013862675625918224
190029801.898368	-0.00048497688079305836	-0.0028285820359042137	-0.00013857651844389758
190033401.898368	-0.0004837891202922838	-0.0028282610672345143	-0.00013852628633596062
190037001.898368	-0.0004826019273270594	-0.0028279398322540662	-0.00013847605994520728
190040601.898368	-0.0004814153016082865	-0.002827618331388228	-0.00013842583928144915
190044201.898368	-0.0004802292428468503	-0.0028272965650618124	-0.00013837562435447322
190047801.898368	-0.00047904375075362204	-0.002826974533699092	-0.00013832541517404221
190051401.898368	-0.00047785882503945733	-0.0028266522377237953	-0.00013827521174989484
190055001.898368	-0.0004766744654151967	-0.0028263296775591076	-0.00013822501409174607
190058601.898368	-0.0004754906715916654	-0.002826006853627676	-0.00013817482220928736
190062201.898368	-0.0004743074432796735	-0.002825683766351605	-0.0001381246361121865
190065801.898368	-0.000473124780190016	-0.0028253604161524583	-0.00013807445581008756
190069401.898368	-0.0004719426820334749	-0.0028250368034512664	-0.00013802428131261095
190073001.898368	-0.0004707611485208158	-0.002824712928668512	-0.00013797411262935245
190076601.898368	-0.0004695801793627929	-0.0028243887922241506	-0.0001379239497698848
190080201.898368	-0.00046839977427014554	-0.0028240643945375934	-0.0001378737927437568
190083801.898368	-0.0004672199329535988	-0.002823739736027714	-0.00013782364156049364
190087401.898368	-0.00046604065512386486	-0.0028234148171128494	-0.00013777349622959767
190091001.898368	-0.00046486194049164274	-0.0028230896382108036	-0.00013772335676054797
190094601.898368	-0.00046368378876761925	-0.00282276419973885	-0.00013767322316280052
190098201.898368	-0.0004625061996624684	-0.0028224385021137187	-0.000137623095445787
190101801.898368	-0.0004613291728868545	-0.0028221125457516174	-0.0001375729736189162
190105401.898368	-0.00046015270815142966	-0.0028217863310682116	-0.00013752285769157242
190109001.898368	-0.00045897680516683814	-0.0028214598584786455	-0.00013747274767311746
190112601.898368	-0.00045780146364371265	-0.0028211331283975226	-0.00013742264357288953
190116201.898368	-0.0004566266832926768	-0.002820806141238919	-0.00013737254540020425
190119801.898368	-0.00045545246382434597	-0.0028204788974163855	-0.00013732245316435456
190123401.898368	-0.0004542788049493264	-0.002820151397342935	-0.00013727236687460944
190127001.898368	-0.00045310570637821957	-0.0028198236414310627	-0.00013722228654021457
190130601.898368	-0.0004519331678216206	-0.002819495630092732	-0.00013717221217039166
190134201.898368	-0.0004507611889901193	-0.0028191673637393794	-0.00013712214377433935
190137801.898368	-0.00044958976959429944	-0.0028188388427819143	-0.00013707208136123352
190141401.898368	-0.0004484189093447406	-0.0028185100676307176	-0.0001370220249402269
190145001.898368	-0.00044724860795201753	-0.0028181810386956464	-0.00013697197452044966
190148601.898368	-0.00044607886512670246	-0.002817851756386033	-0.00013692193011100829
190152201.898368	-0.0004449096805793633	-0.0028175222211106847	-0.00013687189172098722
190155801.898368	-0.0004437410540205685	-0.002817192433277888	-0.00013682185935944585
190159401.898368	-0.00044257298516088323	-0.002816862393295403	-0.00013677183303542124
190163001.898368	-0.0004414054737108714	-0.0028165321015704648	-0.0001367218127579273
190166601.898368	-0.00044023851938109626	-0.002816201558509786	-0.0001366717985359548
190170201.898368	-0.00043907212188211935	-0.0028158707645195556	-0.00013662179037847197
190173801.898368	-0.00043790628092450176	-0.0028155397200054417	-0.00013657178829442498
190177401.898368	-0.00043674099621880317	-0.002815208425372589	-0.0001365217922927369
190181001.898368	-0.00043557626747558445	-0.0028148768810256214	-0.00013647180238230742
190184601.898368	-0.0004344120944054067	-0.0028145450873686417	-0.0001364218185720129
190188201.898368	-0.00043324847671883255	-0.0028142130448052327	-0.00013637184087070682
190191801.898368	-0.0004320854141264242	-0.0028138807537384553	-0.00013632186928722018
190195401.898368	-0.00043092290633874394	-0.002813548214570847	-0.0001362719038303619
190199001.898368	-0.0004297609530663539	-0.0028132154277044265	-0.00013622194450891857
190202601.898368	-0.0004285995540198175	-0.0028128823935406953	-0.0001361719913316545
190206201.898368	-0.00042743870890969867	-0.0028125491124806356	-0.0001361220443073113
190209801.898368	-0.00042627841744656233	-0.002812215584924709	-0.0001360721034446073
190213401.898368	-0.0004251186793409754	-0.0028118818112728623	-0.0001360221687522388
190217001.898368	-0.0004239594943035054	-0.0028115477919245227	-0.00013597224023887918
190220601.898368	-0.00042280086204472074	-0.0028112135272785983	-0.00013592231791318026
190224201.898368	-0.0004216427822751909	-0.002810879017733486	-0.000135872401783772
190227801.898368	-0.00042048525470548545	-0.0028105442636870578	-0.00013582249185926213
190231401.898368	-0.00041932827904617664	-0.0028102092655366787	-0.00013577258814823678
190235001.898368	-0.00041817185500783765	-0.002809874023679196	-0.00013572269065925937
190238601.898368	-0.0004170159823010445	-0.002809538538510943	-0.00013567279940087109
190242201.898368	-0.0004158606606363759	-0.0028092028104277442	-0.0001356229143815909
190245801.898368	-0.0004147058897244133	-0.0028088668398249064	-0.00013557303560991573
190249401.898368	-0.0004135516692757409	-0.0028085306270972258	-0.00013552316309432092
190253001.898368	-0.0004123979990009465	-0.0028081941726389877	-0.00013547329684326042
190256601.898368	-0.0004112448786106219	-0.0028078574768439692	-0.00013542343686516654
190260201.898368	-0.00041009230781536237	-0.0028075205401054334	-0.00013537358316844948
190263801.898368	-0.0004089402863257699	-0.00280718336281614	-0.00013532373576149743
190267401.898368	-0.00040778881385245246	-0.0028068459453683384	-0.00013527389465267637
190271001.898368	-0.000406637890106025	-0.0028065082881537713	-0.00013522405985033002
190274601.898368	-0.0004054875147971102	-0.0028061703915636792	-0.0001351742313627808
190278201.898368	-0.0004043376876363372	-0.002805832255988785	-0.00013512440919832936
190281801.898368	-0.0004031884083343435	-0.002805493881819317	-0.00013507459336525542
190285401.898368	-0.00040203967660177437	-0.0028051552694449886	-0.00013502478387181655
190289001.898368	-0.00040089149214928585	-0.002804816419255018	-0.000134974980726249
190292601.898368	-0.00039974385468754403	-0.0028044773316381155	-0.0001349251839367664
190296201.898368	-0.0003985967639272266	-0.0028041380069824913	-0.00013487539351156056
190299801.898368	-0.00039745021957902286	-0.0028037984456758505	-0.00013482560945880117
190303401.898368	-0.00039630422135363317	-0.0028034586481053914	-0.00013477583178663695
190307001.898368	-0.0003951587689617723	-0.0028031186146578197	-0.0001347260605031947
190310601.898368	-0.0003940138621141644	-0.0028027783457193305	-0.0001346762956165809
190314201.898368	-0.00039286950052154815	-0.0028024378416756216	-0.00013462653713487965
190317801.898368	-0.0003917256838946727	-0.0028020971029118873	-0.00013457678506615336
190321401.898368	-0.0003905824119443064	-0.002801756129812824	-0.0001345270394184426
190325001.898368	-0.00038943968438122947	-0.0028014149227626344	-0.00013447730019976637
190328601.898368	-0.00038829750091623683	-0.002801073482145008	-0.00013442756741812158
190332201.898368	-0.00038715586126013854	-0.002800731808343144	-0.00013437784108148444
190335801.898368	-0.00038601476512375765	-0.0028003899017397353	-0.00013432812119781
190339401.898368	-0.00038487421221793236	-0.0028000477627169807	-0.00013427840777503264
190343001.898368	-0.00038373420225351574	-0.002799705391656581	-0.00013422870082106512
190346601.898368	-0.0003825947349413761	-0.002799362788939735	-0.0001341790003437984
190350201.898368	-0.00038145580999239857	-0.0027990199549471507	-0.0001341293063511021
190353801.898368	-0.0003803174271174824	-0.0027986768900590308	-0.000134079618850824
190357401.898368	-0.0003791795860275431	-0.002798333594655086	-0.0001340299378507914
190361001.898368	-0.00037804228643351025	-0.0027979900691145272	-0.00013398026335881096
190364601.898368	-0.0003769055280463283	-0.0027976463138160677	-0.00013393059538266858
190368201.898368	-0.0003757693105769572	-0.00279730232913793	-0.00013388093393012956
190371801.898368	-0.0003746336337363721	-0.002796958115457836	-0.00013383127900893786
190375401.898368	-0.00037349849723556473	-0.0027966136731530193	-0.00013378163062681626
190379001.898368	-0.0003723639007855427	-0.0027962690026002187	-0.00013373198879146656
190382601.898368	-0.00037122984409732914	-0.002795924104175674	-0.0001336823535105694
190386201.898368	-0.0003700963268819636	-0.002795578978255139	-0.0001336327247917853
190389801.898368	-0.0003689633488505006	-0.002795233625213868	-0.00013358310264275435
190393401.898368	-0.0003678309097140111	-0.002794888045426629	-0.00013353348707109653
190397001.898368	-0.00036669900918358196	-0.0027945422392676943	-0.00013348387808441103
190400601.898368	-0.0003655676469703187	-0.002794196207110854	-0.0001334342756902766
190404201.898368	-0.0003644368227853438	-0.0027938499493294034	-0.00013338467989625058
190407801.898368	-0.0003633065363397988	-0.0027935034662961516	-0.00013333509070986968
190411401.898368	-0.0003621767873448438	-0.0027931567583834214	-0.00013328550813864994
190415001.898368	-0.00036104757551165735	-0.002792809825963043	-0.0001332359321900874
190418601.898368	-0.0003599189005514374	-0.002792462669406366	-0.00013318636287165835
190422201.898368	-0.00035879076217540075	-0.002792115289084246	-0.00013313680019081862
190425801.898368	-0.000357663160094786	-0.0027917676853670614	-0.00013308724415500377
190429401.898368	-0.0003565360940208531	-0.0027914198586247037	-0.0001330376947716281
190433001.898368	-0.0003554095636648845	-0.00279107180922658	-0.00013298815204808504
190436601.898368	-0.0003542835687381856	-0.0027907235375416177	-0.0001329386159917477
190440201.898368	-0.00035315810895208456	-0.0027903750439382553	-0.00013288908660996908
190443801.898368	-0.00035203318401793286	-0.0027900263287844508	-0.00013283956391008222
190447401.898368	-0.0003509087936471058	-0.002789677392447682	-0.0001327900478993995
190451001.898368	-0.00034978493755100234	-0.0027893282352949417	-0.000132740538585214
190454601.898368	-0.0003486616154410477	-0.002788978857692745	-0.0001326910359747979
190458201.898368	-0.0003475388270286925	-0.002788629260007126	-0.0001326415400754023
190461801.898368	-0.00034641657202541396	-0.0027882794426036393	-0.00013259205089425808
190465401.898368	-0.0003452948501427166	-0.002787929405847359	-0.00013254256843857538
190469001.898368	-0.0003441736610921303	-0.002787579150102877	-0.0001324930927155447
190472601.898368	-0.0003430530045852121	-0.002787228675734309	-0.0001324436237323368
190476201.898368	-0.00034193288033354573	-0.002786877983105291	-0.0001323941614961023
190479801.898368	-0.00034081328804874163	-0.002786527072578974	-0.00013234470601397187
190483401.898368	-0.0003396942274424391	-0.0027861759445180424	-0.00013229525729305586
190487001.898368	-0.00033857569822630525	-0.0027858245992846975	-0.00013224581534044397
190490601.898368	-0.0003374577001120356	-0.0027854730372406616	-0.00013219638016320537
190494201.898368	-0.0003363402328113538	-0.0027851212587471814	-0.00013214695176838953
190497801.898368	-0.0003352232960360114	-0.002784769264165026	-0.0001320975301630265
190501401.898368	-0.0003341068894977869	-0.002784417053854485	-0.0001320481153541268
190505001.898368	-0.0003329910129084862	-0.0027840646281753726	-0.00013199870734868113
190508601.898368	-0.00033187566597994424	-0.0027837119874870313	-0.00013194930615366074
190512201.898368	-0.0003307608484240235	-0.0027833591321483244	-0.00013189991177601625
190515801.898368	-0.0003296465599526159	-0.0027830060625176414	-0.0001318505242226784
190519401.898368	-0.000328532800277641	-0.0027826527789528975	-0.00013180114350055822
190523001.898368	-0.00032741956911104677	-0.002782299281811532	-0.00013175176961654716
190526601.898368	-0.0003263068661648088	-0.002781945571450514	-0.0001317024025775179
190530201.898368	-0.00032519469115093017	-0.0027815916482263362	-0.0001316530423903237
190533801.898368	-0.0003240830437814415	-0.002781237512495017	-0.00013160368906179853
190537401.898368	-0.00032297192376840283	-0.002780883164612108	-0.00013155434259875696
190541001.898368	-0.00032186133082390234	-0.002780528604932688	-0.00013150500300799364
190544601.898368	-0.0003207512646600582	-0.0027801738338113654	-0.00013145567029628364
190548201.898368	-0.0003196417249890176	-0.002779818851602278	-0.00013140634447038246
190551801.898368	-0.0003185327115229571	-0.0027794636586590976	-0.00013135702553702683
