177839655.3504	-0.005235718150701498	0.002792488744388444	-0.00021923115988551205
177843255.3504	-0.005227325685620956	0.002796574763272301	-0.00021309237270298117
177846855.3504	-0.0052194188518556	0.0028002819398474633	-0.00020725074743060273
177850455.3504	-0.005211967391320656	0.002803633480502892	-0.00020168798366832687
177854055.3504	-0.005204943358513541	0.002806650826066374	-0.0001963871759604481
177857655.3504	-0.00519832091068347	0.0028093538112783727	-0.00019133268752883777
177861255.3504	-0.005192076119954388	0.002811760807648478	-0.00018651003719158266
177864855.3504	-0.005186186804808941	0.0028138888516505995	-0.0001819057979122419
177868455.3504	-0.005180632378680273	0.002815753759957116	-0.00017750750562810528
177872055.3504	-0.0051753937136902635	0.002817370233193095	-0.00017330357718060938
177875655.3504	-0.005170453017822855	0.002818751949503244	-0.00016928323632112697
177879255.3504	-0.005165793724035677	0.0028199116490624614	-0.00016543644689384325
177882855.3504	-0.005161400389998612	0.0028208612105211613	-0.00016175385240855931
177886455.3504	-0.005157258607308385	0.0028216117202558262	-0.0001582267213125657
177890055.3504	-0.005153354919166597	0.0028221735351906282	-0.00015484689735364133
177893655.3504	-0.005149676745629076	0.002822556339865323	-0.00015160675449839268
177897255.3504	-0.005146212315639109	0.0028227691983455593	-0.00014849915593302942
177900855.3504	-0.005142950605148159	0.0028228206015030255	-0.00014551741672827454
177904455.3504	-0.005139881280707212	0.002822718510132849	-0.00014265526979769354
177908055.3504	-0.005136994647981643	0.002822470394322948	-0.0001399068348207958
177911655.3504	-0.005134281604703181	0.002822083269444159	-0.00013726658983848945
177915255.3504	-0.0051317335976262465	0.0028215637290895145	-0.00013472934526073186
177918855.3504	-0.005129342583102792	0.0028209179752553977	-0.00013229022005445607
177922455.3504	-0.005127100990931375	0.0028201518460260954	-0.00012994461990468233
177926055.3504	-0.005125001691172421	0.002819270840995613	-0.00012768821716355346
177929655.3504	-0.005123037963654176	0.0028182801446361766	-0.0001255169324215384
177933255.3504	-0.005121203469922247	0.00281718464780124	-0.0001234269175521869
177936855.3504	-0.0051194922274108426	0.002815988967531698	-0.00012141454009680074
177940455.3504	-0.005117898585636485	0.0028146974653169812	-0.00011947636886920821
177944055.3504	-0.005116417204234694	0.0028133142639475434	-0.0001176091606724951
177947655.3504	-0.00511504303267796	0.00281184326308192	-0.00011580984803035849
177951255.3504	-0.0051137712915292075	0.002810288153639352	-0.0001140755278453069
177954855.3504	-0.005112597455098979	0.002808652431118451	-0.00011240345090428799
177958455.3504	-0.005111517235387178	0.002806939407932723	-0.00011079101215994988
177962055.3504	-0.005110526567201494	0.002805152224845097	-0.00010923574172258895
177965655.3504	-0.005109621594354856	0.0028032938615762176	-0.00010773529650382065
177969255.3504	-0.005108798656853056	0.002801367146653979	-0.00010628745245853622
177972855.3504	-0.005108054278992153	0.002799374766565988	-0.00010489009737654457
177976455.3504	-0.005107385158292255	0.0027973192742707566	-0.00010354122417974648
177980055.3504	-0.0051067881552011194	0.0027952030971186673	-0.00010223892468460317
177983655.3504	-0.005106260283506792	0.002793028544229003	-0.00010098138379331211
177987255.3504	-0.005105798701403892	0.002790797813365527	-9.976687408019174e-05
177990855.3504	-0.0051054007031630195	0.0027885129973491164	-9.8593750742866e-05
177994455.3504	-0.00510506371135706	0.0027861760900429536	-9.746044689024849e-05
177998055.3504	-0.005104785269602132	0.002783788991942438	-9.636546914193282e-05
178001655.3504	-0.005104563035774598	0.0027813535153995515	-9.53073935155848e-05
178005255.3504	-0.00510439477566859	0.0027788713895086923	-9.428486158094966e-05
178008855.3504	-0.005104278357061694	0.0027763442646789346	-9.329657686087647e-05
178012455.3504	-0.00510421174415888	0.0027737737169154842	-9.234130146134555e-05
178016055.3504	-0.0051041929923874175	0.0027711612518313542	-9.141785291395605e-05
178019655.3504	-0.005104220243517534	0.002768508308408529	-9.052510121568361e-05
178023255.3504	-0.005104291721085689	0.0027658162625263526	-8.966196605189368e-05
178026855.3504	-0.005104405726099169	0.002763086430273511	-8.882741418976091e-05
178030455.3504	-0.005104560633002371	0.0027603200710586574	-8.802045703020172e-05
178034055.3504	-0.005104754885886672	0.0027575183905335604	-8.724014830738739e-05
178037655.3504	-0.005104986994927168	0.002754682543341626	-8.648558192572555e-05
178041255.3504	-0.005105255533030871	0.002751813635703583	-8.575588992500376e-05
178044855.3504	-0.005105559132682139	0.0027489127278513595	-8.505024056504307e-05
178048455.3504	-0.005105896482972096	0.0027459808363201658	-8.43678365219118e-05
178052055.3504	-0.005106266326799917	0.002743018936108249	-8.370791318831681e-05
178055655.3504	-0.005106667458234659	0.002740027962712944	-8.306973707133088e-05
178059255.3504	-0.005107098720027163	0.002737008814051068	-8.245260428113207e-05
178062855.3504	-0.005107559001262351	0.0027339623522711206	-8.185583910489189e-05
178066455.3504	-0.00510804723514292	0.0027308894054642353	-8.127879266032756e-05
178070055.3504	-0.005108562396896066	0.0027277907692802414	-8.072084162392111e-05
178073655.3504	-0.005109103501795446	0.0027246672084548823	-8.018138702903137e-05
178077255.3504	-0.005109669603291286	0.0027215194582536958	-7.965985312961137e-05
178080855.3504	-0.005110259791241744	0.002718348225837703	-7.915568632539322e-05
178084455.3504	-0.00511087319023948	0.0027151541915557925	-7.866835414480589e-05
178088055.3504	-0.005111508958027434	0.002711938010168147	-7.819734428208695e-05
178091655.3504	-0.005112166283998571	0.00270870031200502	-7.774216368531076e-05
178095255.3504	-0.005112844387774409	0.0027054417040646263	-7.730233769227475e-05
178098855.3504	-0.005113542517857682	0.0027021627710538767	-7.687740921137922e-05
178102455.3504	-0.005114259950354771	0.0026988640763752655	-7.646693794485324e-05
178106055.3504	-0.005114995987763732	0.0026955461630631112	-7.607049965183367e-05
178109655.3504	-0.005115749957824127	0.002692209554672096	-7.568768544896153e-05
178113255.3504	-0.005116521212425087	0.002688854756120849	-7.531810114634724e-05
178116855.3504	-0.005117309126568249	0.0026854822544931933	-7.496136661685524e-05
178120455.3504	-0.005118113097382405	0.002682092519799434	-7.461711519680298e-05
178124055.3504	-0.005118932543186938	0.0026786860056999457	-7.428499311631699e-05
178127655.3504	-0.00511976690260138	0.002675263150193245	-7.396465895765954e-05
178131255.3504	-0.0051206156336983544	0.002671824376270433	-7.365578313996893e-05
178134855.3504	-0.005121478213197651	0.002668370092537958	-7.33580474289537e-05
178138455.3504	-0.0051223541356990605	0.0026649006938103915	-7.307114447015592e-05
178142055.3504	-0.005123242912951923	0.0026614165616748796	-7.279477734451591e-05
178145655.3504	-0.005124144073159317	0.0026579180650288014	-7.252865914500235e-05
178149255.3504	-0.005125057160315085	0.0026544055605920744	-7.227251257318445e-05
178152855.3504	-0.005125981733571905	0.0026508793933954808	-7.202606955468684e-05
178156455.3504	-0.005126917366638748	0.002647339897246268	-7.178907087250105e-05
178160055.3504	-0.005127863647206183	0.0026437873951722472	-7.156126581722847e-05
178163655.3504	-0.0051288201763980724	0.0026402221998455063	-7.134241185336101e-05
178167255.3504	-0.005129786568248237	0.0026366446139867955	-7.113227430075818e-05
178170855.3504	-0.005130762449200856	0.002633054930751605	-7.093062603053478e-05
178174455.3504	-0.00513174745763333	0.002629453434098859	-7.073724717463044e-05
178178055.3504	-0.005132741243400493	0.0026258403991431273	-7.05519248483362e-05
178181655.3504	-0.005133743467399047	0.0026222160924911898	-7.037445288514338e-05
178185255.3504	-0.0051347538011512475	0.0026185807725637275	-7.020463158328707e-05
178188855.3504	-0.0051357719264068175	0.0026149346899029223	-7.004226746338383e-05
178192455.3504	-0.005136797534762242	0.0026112780874666323	-6.988717303662899e-05
178196055.3504	-0.005137830327296527	0.0026076112009098293	-6.973916658302119e-05
178199655.3504	-0.005138870014222636	0.0026039342588539106	-6.959807193912166e-05
178203255.3504	-0.005139916314553841	0.0026002474831444988	-6.946371829488311e-05
178206855.3504	-0.005140968955784239	0.002596551089098261	-6.933593999910317e-05
178210455.3504	-0.005142027673582797	0.002592845285739317	-6.921457637309632e-05
178214055.3504	-0.0051430922115002055	0.0025891302760256943	-6.909947153217836e-05
178217655.3504	-0.005144162320687997	0.0025854062570663332	-6.899047421459134e-05
178221255.3504	-0.00514523775962929	0.002581673420329086	-6.888743761752592e-05
178224855.3504	-0.005146318293880649	0.002577931951840132	-6.879021923989395e-05
178228455.3504	-0.005147403695824532	0.0025741820323751975	-6.869868073154562e-05
178232055.3504	-0.005148493744431814	0.0025704238376430045	-6.861268774862145e-05
178235655.3504	-0.0051495882250339265	0.0025666575384612512	-6.853210981476382e-05
178239255.3504	-0.00515068692910419	0.002562883300925517	-6.845682018790842e-05
178242855.3504	-0.0051517896540478805	0.0025591012865713923	-6.83866957324087e-05
178246455.3504	-0.005152896203000673	0.0025553116525301456	-6.832161679624548e-05
178250055.3504	-0.005154006384635051	0.0025515145516782204	-6.826146709309782e-05
178253655.3504	-0.005155120012974325	0.0025477101327808526	-6.820613358904139e-05
178257255.3504	-0.0051562369072139505	0.0025438985406300383	-6.815550639368923e-05
178260855.3504	-0.005157356891549788	0.0025400799161771543	-6.810947865555601e-05
178264455.3504	-0.005158479795012995	0.002536254396660419	-6.806794646147366e-05
178268055.3504	-0.005159605451311287	0.002532422115727448	-6.803080873987388e-05
178271655.3504	-0.005160733698676278	0.0025285832035531215	-6.799796716776796e-05
178275255.3504	-0.005161864379716598	0.0025247377869529416	-6.796932608126156e-05
178278855.3504	-0.005162997341276605	0.002520885989492108	-6.794479238946376e-05
178282455.3504	-0.005164132434300391	0.0025170279315904842	-6.792427549161874e-05
178286055.3504	-0.0051652695137008875	0.002513163730623605	-6.790768719735478e-05
178289655.3504	-0.005166408438233844	0.002509293501019949	-6.789494164988922e-05
178293255.3504	-0.005167549070376468	0.0025054173543545707	-6.788595525207753e-05
178296855.3504	-0.005168691276210546	0.002501535399439303	-6.788064659519317e-05
178300455.3504	-0.005169834925309828	0.002497647742409631	-6.787893639030276e-05
178304055.3504	-0.005170979890631527	0.0024937544868083978	-6.788074740215253e-05
178307655.3504	-0.005172126048411757	0.002489855733666475	-6.788600438544324e-05
178311255.3504	-0.00517327327806475	0.002485951581580515	-6.789463402340882e-05
178314855.3504	-0.005174421462085641	0.0024820421267879	-6.790656486858791e-05
178318455.3504	-0.00517557048595678	0.0024781274632390184	-6.792172728572099e-05
178322055.3504	-0.005176720238057344	0.0024742076826669702	-6.794005339666462e-05
178325655.3504	-0.005177870609576129	0.002470282874654791	-6.796147702725659e-05
178329255.3504	-0.0051790214944274484	0.0024663531267003274	-6.798593365604463e-05
178332855.3504	-0.005180172789169917	0.00246241852427882	-6.801336036480995e-05
178336455.3504	-0.0051813243929281156	0.0024584791509033145	-6.804369579081097e-05
178340055.3504	-0.005182476207316915	0.002454535088182973	-6.807688008067793e-05
178343655.3504	-0.005183628136368447	0.002450586415879359	-6.811285484590043e-05
178347255.3504	-0.005184780086461562	0.0024466332119608175	-6.815156311983405e-05
178350855.3504	-0.0051859319662536894	0.0024426755526549644	-6.819294931617743e-05
178354455.3504	-0.005187083686615019	0.0024387135124994083	-6.82369591888561e-05
178358055.3504	-0.005188235160564892	0.002434747164390741	-6.828353979326351e-05
178361655.3504	-0.005189386303210348	0.002430776579631892	-6.83326394488016e-05
178365255.3504	-0.005190537031686702	0.0024268018279778774	-6.838420770267505e-05
178368855.3504	-0.005191687265100133	0.0024228229776800387	-6.843819529489192e-05
178372455.3504	-0.005192836924472132	0.0024188400955287943	-6.849455412442209e-05
178376055.3504	-0.005193985932685817	0.0024148532468949904	-6.85532372164718e-05
178379655.3504	-0.005195134214434002	0.0024108624957698845	-6.861419869083301e-05
178383255.3504	-0.005196281696168936	0.0024068679048038196	-6.867739373126494e-05
178386855.3504	-0.005197428306053717	0.00240286953534364	-6.874277855587049e-05
178390455.3504	-0.0051985739739152164	0.002398867447468879	-6.881031038843219e-05
178394055.3504	-0.005199718631198614	0.002394861700026805	-6.887994743067309e-05
178397655.3504	-0.005200862210923279	0.0023908523506663087	-6.895164883540108e-05
178401255.3504	-0.005202004647640142	0.002386839455870729	-6.902537468051734e-05
178404855.3504	-0.005203145877390379	0.002382823070989617	-6.910108594384459e-05
178408455.3504	-0.00520428583766542	0.0023788032502695014	-6.917874447875425e-05
178412055.3504	-0.005205424467368208	0.002374780046883682	-6.92583129905595e-05
178415655.3504	-0.0052065617067756495	0.002370753512961074	-6.933975501364817e-05
178419255.3504	-0.0052076974975022875	0.0023667236996141646	-6.942303488933054e-05
178422855.3504	-0.005208831782465059	0.0023626906569660933	-6.950811774437345e-05
178426455.3504	-0.005209964505849141	0.0023586544341768854	-6.959496947019585e-05
178430055.3504	-0.005211095613074882	0.0023546150794688824	-6.968355670271065e-05
178433655.3504	-0.005212225050765713	0.0023505726401513863	-6.977384680277915e-05
178437255.3504	-0.005213352766717036	0.0023465271626445486	-6.986580783726339e-05
178440855.3504	-0.0052144787098660945	0.0023424786925025356	-6.995940856065414e-05
178444455.3504	-0.0052156028302627055	0.002338427274435984	-7.005461839725605e-05
178448055.3504	-0.0052167250790409085	0.002334372952333781	-7.015140742390565e-05
178451655.3504	-0.005217845408391431	0.0023303157692841823	-7.024974635321154e-05
178455255.3504	-0.00521896377153502	0.0023262557675953113	-7.034960651729282e-05
178458855.3504	-0.005220080122696525	0.00232219298881503	-7.045095985199994e-05
178462455.3504	-0.005221194417079761	0.0023181274737502293	-7.055377888160633e-05
178466055.3504	-0.005222306610843121	0.002314059262485544	-7.065803670394854e-05
178469655.3504	-0.0052234166610758805	0.002309988394401513	-7.076370697600056e-05
178473255.3504	-0.005224524525775232	0.002305914908192218	-7.087076389987674e-05
178476855.3504	-0.005225630163823942	0.0023018388418823937	-7.097918220923407e-05
178480455.3504	-0.00522673353496869	0.002297760232844045	-7.10889371560745e-05
178484055.3504	-0.0052278345997990115	0.0022936791178125786	-7.120000449792542e-05
178487655.3504	-0.0052289333197268585	0.002289595532902481	-7.131236048538908e-05
178491255.3504	-0.005230029656966731	0.0022855095136225224	-7.142598185005024e-05
178494855.3504	-0.005231123574516395	0.002281421094890555	-7.154084579272531e-05
178498455.3504	-0.00523221503613811	0.0022773303110478526	-7.165692997204881e-05
178502055.3504	-0.005233304006340449	0.0022732371958730873	-7.177421249338054e-05
178505655.3504	-0.005234390450360546	0.00226914178259586	-7.189267189802575e-05
178509255.3504	-0.005235474334146938	0.0022650441039099014	-7.201228715275795e-05
178512855.3504	-0.005236555624342777	0.00226094419198585	-7.213303763963384e-05
178516455.3504	-0.005237634288269615	0.002256842078483721	-7.22549031460923e-05
178520055.3504	-0.005238710293911561	0.0022527377945649883	-7.237786385532945e-05
178523655.3504	-0.005239783609899911	0.0022486313709043646	-7.250190033693566e-05
178527255.3504	-0.005240854205498186	0.00224452283770122	-7.262699353779353e-05
178530855.3504	-0.005241922050587588	0.002240412224690727	-7.275312477322315e-05
178534455.3504	-0.005242987115652852	0.0022362995611546607	-7.288027571837277e-05
178538055.3504	-0.0052440493717684665	0.00223218487593193	-7.300842839983654e-05
178541655.3504	-0.005245108790585292	0.002228068197428814	-7.313756518750773e-05
178545255.3504	-0.005246165344317507	0.002223949553628914	-7.326766878664355e-05
178548855.3504	-0.00524721900572995	0.002219828972102852	-7.339872223015066e-05
178552455.3504	-0.005248269748125731	0.0022157064800176853	-7.353070887107055e-05
178556055.3504	-0.005249317545334264	0.0022115821041461	-7.366361237527106e-05
178559655.3504	-0.005250362371699518	0.002207455870875323	-7.37974167143282e-05
178563255.3504	-0.005251404202068668	0.0022033278062158304	-7.393210615859787e-05
178566855.3504	-0.005252443011780957	0.0021991979358097938	-7.406766527047054e-05
178570455.3504	-0.005253478776656945	0.002195066284939334	-7.420407889780154e-05
178574055.3504	-0.005254511472987949	0.002190932878534531	-7.43413321675153e-05
178577655.3504	-0.005255541077525823	0.0021867977411812395	-7.447941047937651e-05
178581255.3504	-0.005256567567472958	0.002182660897128696	-7.461829949991998e-05
178584855.3504	-0.00525759092047258	0.0021785223702969264	-7.475798515654123e-05
178588455.3504	-0.005258611114599255	0.002174382184283963	-7.489845363173664e-05
178592055.3504	-0.005259628128349675	0.0021702403623728717	-7.503969135749489e-05
178595655.3504	-0.005260641940633657	0.002166096927538605	-7.518168500982844e-05
178599255.3504	-0.005261652530765373	0.002161951902454672	-7.532442150344587e-05
178602855.3504	-0.005262659878454814	0.002157805309499638	-7.546788798656152e-05
178606455.3504	-0.0052636639637994535	0.002153657170763467	-7.561207183583317e-05
178610055.3504	-0.005264664767276133	0.002149507508053692	-7.575696065142928e-05
178613655.3504	-0.005265662269733148	0.002145356342901435	-7.590254225222112e-05
178617255.3504	-0.005266656452382523	0.002141203696567274	-7.604880467109374e-05
178620855.3504	-0.0052676472967924945	0.002137049590046965	-7.619573615037411e-05
178624455.3504	-0.005268634784880159	0.002132894044077014	-7.634332513737478e-05
178628055.3504	-0.0052696188989043245	0.0021287370791401162	-7.649156028004505e-05
178631655.3504	-0.005270599621458527	0.0021245787154704574	-7.664043042273185e-05
178635255.3504	-0.005271576935464211	0.0021204189730588833	-7.678992460204483e-05
178638855.3504	-0.0052725508241641085	0.0021162578716579475	-7.694003204282174e-05
178642455.3504	-0.005273521271115717	0.00211209543078682	-7.709074215419289e-05
178646055.3504	-0.005274488260185011	0.0021079316697360903	-7.724204452574209e-05
178649655.3504	-0.005275451775540249	0.0021037666075724494	-7.73939289237599e-05
178653255.3504	-0.005276411801645954	0.0020996002631432508	-7.754638528758799e-05
178656855.3504	-0.005277368323257031	0.002095432655080967	-7.769940372605118e-05
178660455.3504	-0.005278321325413037	0.002091263801807541	-7.785297451397654e-05
178664055.3504	-0.0052792707934325766	0.0020870937215386252	-7.80070880887937e-05
178667655.3504	-0.005280216712907818	0.002082922432287718	-7.816173504721769e-05
178671255.3504	-0.005281159069699171	0.002078749951870212	-7.831690614201132e-05
178674855.3504	-0.005282097849930075	0.0020745762979073328	-7.8472592278822e-05
178678455.3504	-0.005283033039981884	0.0020704014878299877	-7.862878451309553e-05
178682055.3504	-0.005283964626488923	0.0020662255388825355	-7.878547404706165e-05
178685655.3504	-0.005284892596333618	0.0020620484681264446	-7.894265222678987e-05
178689255.3504	-0.005285816936641751	0.0020578702924438814	-7.9100310539315e-05
178692855.3504	-0.005286737634777827	0.0020536910285412074	-7.925844060982946e-05
178696455.3504	-0.005287654678340565	0.0020495106929524047	-7.941703419894061e-05
178700055.3504	-0.005288568055158451	0.0020453293020424	-7.95760831999909e-05
178703655.3504	-0.0052894777532854305	0.002041146872010333	-7.973557963644208e-05
178707255.3504	-0.005290383760996691	0.00203696341889274	-7.989551565931685e-05
178710855.3504	-0.005291286066784525	0.0020327789585666617	-8.005588354470096e-05
178714455.3504	-0.005292184659354307	0.0020285935067526828	-8.021667569130269e-05
178718055.3504	-0.005293079527620548	0.002024407079017899	-8.037788461806549e-05
178721655.3504	-0.005293970660703049	0.0020202196907788228	-8.05395029618384e-05
178725255.3504	-0.0052948580479231285	0.002016031357304209	-8.070152347509582e-05
178728855.3504	-0.005295741678799949	0.0020118420937178328	-8.08639390237106e-05
178732455.3504	-0.005296621543046909	0.002007651915001188	-8.102674258477749e-05
178736055.3504	-0.005297497630568144	0.0020034608359961454	-8.11899272444841e-05
178739655.3504	-0.005298369931455054	0.0019992688714075228	-8.13534861960302e-05
178743255.3504	-0.0052992384359829715	0.001995076035805621	-8.151741273759323e-05
178746855.3504	-0.005300103134607852	0.0019908823436286974	-8.168170027033938e-05
178750455.3504	-0.005300964017963068	0.0019866878091853732	-8.184634229647803e-05
178754055.3504	-0.005301821076856236	0.0019824924466569954	-8.201133241735903e-05
178757655.3504	-0.00530267430226618	0.0019782962700999563	-8.217666433161308e-05
178761255.3504	-0.0053035236853398865	0.001974099293447938	-8.234233183333169e-05
178764855.3504	-0.005304369217389563	0.0019699015305141244	-8.250832881028715e-05
178768455.3504	-0.005305210889889763	0.0019657029949933656	-8.26746492421914e-05
178772055.3504	-0.00530604869447457	0.001961503700464281	-8.284128719899302e-05
178775655.3504	-0.005306882622934815	0.001957303660391329	-8.300823683921109e-05
178779255.3504	-0.005307712667215405	0.0019531028881268266	-8.317549240830389e-05
178782855.3504	-0.005308538819412654	0.0019489013969129212	-8.334304823707483e-05
178786455.3504	-0.005309361071771714	0.0019446991998835316	-8.351089874011074e-05
178790055.3504	-0.005310179416684032	0.0019404963100662297	-8.36790384142537e-05
178793655.3504	-0.005310993846684877	0.0019362927403840972	-8.384746183710747e-05
178797255.3504	-0.005311804354450905	0.00193208850365753	-8.401616366557277e-05
178800855.3504	-0.0053126109327978005	0.0019278836126060176	-8.418513863441571e-05
178804455.3504	-0.005313413574677937	0.0019236780798498672	-8.435438155486644e-05
178808055.3504	-0.005314212273178098	0.0019194719179119058	-8.452388731324506e-05
178811655.3504	-0.005315007021517258	0.0019152651392191377	-8.469365086961997e-05
178815255.3504	-0.005315797813044389	0.0019110577561043695	-8.486366725649132e-05
178818855.3504	-0.005316584641236335	0.0019068497808078031	-8.503393157750349e-05
178822455.3504	-0.005317367499695704	0.001902641225478589	-8.520443900618372e-05
178826055.3504	-0.005318146382148816	0.0018984321021763503	-8.537518478470745e-05
178829655.3504	-0.005318921282443713	0.001894222422872678	-8.554616422268924e-05
178833255.3504	-0.005319692194548171	0.0018900121994525885	-8.571737269599778e-05
178836855.3504	-0.005320459112547779	0.001885801443715956	-8.588880564559638e-05
178840455.3504	-0.005321222030644056	0.001881590167378912	-8.606045857640685e-05
178844055.3504	-0.005321980943152578	0.001877378382075213	-8.623232705619591e-05
178847655.3504	-0.005322735844501196	0.0018731660993575898	-8.640440671448611e-05
178851255.3504	-0.005323486729228233	0.001868953330699059	-8.657669324148695e-05
178854855.3504	-0.00532423359198076	0.001864740087494212	-8.674918238704882e-05
178858455.3504	-0.005324976427512875	0.0018605263810604748	-8.69218699596379e-05
178862055.3504	-0.005325715230684033	0.001856312222639344	-8.709475182533168e-05
178865655.3504	-0.005326449996457425	0.001852097623397603	-8.726782390683485e-05
178869255.3504	-0.005327180719898334	0.0018478825944284966	-8.74410821825139e-05
178872855.3504	-0.0053279073961726	0.001843667146752904	-8.761452268545363e-05
178876455.3504	-0.005328630020545046	0.0018394512913204701	-8.778814150252887e-05
178880055.3504	-0.0053293485883779655	0.0018352350390107171	-8.796193477349756e-05
178883655.3504	-0.005330063095129665	0.00183101840063415	-8.81358986901112e-05
178887255.3504	-0.005330773536352969	0.0018268013869333119	-8.831002949524129e-05
178890855.3504	-0.005331479907693816	0.0018225840085838406	-8.848432348202519e-05
178894455.3504	-0.005332182204889862	0.001818366276195499	-8.865877699302753e-05
178898055.3504	-0.005332880423769096	0.0018141482003131762	-8.883338641941857e-05
178901655.3504	-0.005333574560248489	0.001809929791417876	-8.90081482001677e-05
178905255.3504	-0.005334264610332686	0.001805711059927687	-8.91830588212541e-05
178908855.3504	-0.005334950570112711	0.0018014920161987305	-8.935811481489199e-05
178912455.3504	-0.0053356324357646725	0.0017972726705260838	-8.953331275877022e-05
178916055.3504	-0.00533631020354855	0.0017930530331447011	-8.97086492753084e-05
178919655.3504	-0.005336983869806955	0.0017888331142303002	-8.988412103092539e-05
178923255.3504	-0.0053376534309639125	0.0017846129239002364	-9.005972473532285e-05
178926855.3504	-0.005338318883523728	0.0017803924722143679	-9.023545714078289e-05
178930455.3504	-0.005338980224069786	0.0017761717691758899	-9.041131504147849e-05
178934055.3504	-0.0053396374492634445	0.0017719508247321628	-9.058729527279704e-05
178937655.3504	-0.005340290555842918	0.0017677296487755235	-9.076339471067709e-05
178941255.3504	-0.005340939540622174	0.0017635082511440732	-9.093961027095801e-05
178944855.3504	-0.005341584400489878	0.00175928664162246	-9.111593890874085e-05
178948455.3504	-0.00534222513240833	0.001755064829942638	-9.129237761776256e-05
178952055.3504	-0.005342861733412434	0.0017508428257846178	-9.1468923429781e-05
178955655.3504	-0.005343494200608695	0.0017466206387772	-9.164557341397202e-05
178959255.3504	-0.00534412253117421	0.001742398278498693	-9.18223246763375e-05
178962855.3504	-0.005344746722355699	0.00173817575447762	-9.199917435912506e-05
178966455.3504	-0.005345366771468546	0.0017339530761934102	-9.217611964025742e-05
178970055.3504	-0.005345982675895855	0.0017297302530770782	-9.235315773277403e-05
178973655.3504	-0.005346594433087533	0.0017255072945118943	-9.25302858842812e-05
178977255.3504	-0.005347202040559381	0.0017212842098340306	-9.270750137641412e-05
178980855.3504	-0.0053478054958921925	0.0017170610083332082	-9.288480152430706e-05
178984455.3504	-0.005348404796730885	0.0017128376992533209	-9.306218367607489e-05
178988055.3504	-0.005348999940783646	0.001708614291793059	-9.323964521230335e-05
178991655.3504	-0.005349590925821087	0.0017043907951065107	-9.341718354554846e-05
178995255.3504	-0.0053501777496754	0.001700167218303753	-9.359479611984554e-05
178998855.3504	-0.005350760410239563	0.0016959435704514446	-9.377248041022684e-05
179002455.3504	-0.005351338905466531	0.0016917198605733905	-9.395023392224798e-05
179006055.3504	-0.0053519132333684554	0.0016874960976511083	-9.412805419152356e-05
179009655.3504	-0.0053524833920158945	0.0016832722906243735	-9.430593878327006e-05
179013255.3504	-0.005353049379537071	0.0016790484483917658	-9.448388529185715e-05
179016855.3504	-0.005353611194117131	0.0016748245798111998	-9.46618913403687e-05
179020455.3504	-0.005354168833997386	0.0016706006937004434	-9.483995458016917e-05
179024055.3504	-0.00535472229747463	0.0016663767988376334	-9.501807269048012e-05
179027655.3504	-0.005355271582900392	0.001662152903961773	-9.519624337796146e-05
179031255.3504	-0.005355816688680278	0.00165792901777323	-9.537446437630387e-05
179034855.3504	-0.005356357613273242	0.001653705148934212	-9.555273344582446e-05
179038455.3504	-0.005356894355190981	0.0016494813060692578	-9.573104837307328e-05
179042055.3504	-0.005357426912997201	0.001645257497765684	-9.590940697044356e-05
179045655.3504	-0.005357955285307016	0.0016410337325740573	-9.608780707579104e-05
179049255.3504	-0.005358479470786304	0.0016368100190086389	-9.626624655205918e-05
179052855.3504	-0.005358999468151056	0.001632586365547824	-9.644472328691037e-05
179056455.3504	-0.005359515276166784	0.0016283627806345795	-9.662323519236489e-05
179060055.3504	-0.005360026893647904	0.0016241392726768671	-9.680178020444515e-05
179063655.3504	-0.005360534319457151	0.0016199158500480625	-9.698035628282636e-05
179067255.3504	-0.005361037552504963	0.0016156925210873611	-9.71589614104931e-05
179070855.3504	-0.005361536591748942	0.001611469294100189	-9.733759359340244e-05
179074455.3504	-0.005362031436193268	0.0016072461773585923	-9.751625086015252e-05
179078055.3504	-0.005362522084888139	0.0016030231791016281	-9.769493126165597e-05
179081655.3504	-0.005363008536929222	0.0015988003075357434	-9.787363287082071e-05
179085255.3504	-0.0053634907914571345	0.0015945775708351563	-9.80523537822346e-05
179088855.3504	-0.005363968847656889	0.0015903549771422172	-9.823109211185654e-05
179092455.3504	-0.005364442704757379	0.0015861325345677712	-9.84098459967118e-05
179096055.3504	-0.005364912362030874	0.001581910251191519	-9.858861359459388e-05
179099655.3504	-0.00536537781879251	0.001577688135062357	-9.876739308376997e-05
179103255.3504	-0.0053658390743997865	0.0015734661941987284	-9.894618266269282e-05
179106855.3504	-0.005366296128252089	0.0015692444365889555	-9.912498054971625e-05
179110455.3504	-0.005366748979790198	0.0015650228701915702	-9.930378498281586e-05
179114055.3504	-0.005367197628495824	0.0015608015029356364	-9.948259421931486e-05
179117655.3504	-0.005367642073891133	0.0015565803427210747	-9.966140653561392e-05
179121255.3504	-0.005368082315538308	0.0015523593974189763	-9.984022022692612e-05
179124855.3504	-0.005368518353039078	0.001548138674871904	-0.0001000190336070153
179128455.3504	-0.00536895018603428	0.0015439181828942013	-0.00010019784500794012
179132055.3504	-0.005369377814203431	0.001539697929272286	-0.00010037665277980111
179135655.3504	-0.005369801237264284	0.0015354779217649456	-0.00010055545529049285
179139255.3504	-0.00537022045497243	0.0015312581681036252	-0.0001007342509254599
179142855.3504	-0.005370635467120842	0.0015270386759927053	-0.00010091303808745614
179146455.3504	-0.005371046273539512	0.0015228194531097844	-0.00010109181519630947
179150055.3504	-0.005371452874095011	0.0015186005071059483	-0.00010127058068868893
179153655.3504	-0.005371855268690105	0.0015143818456060394	-0.0001014493330178763
179157255.3504	-0.005372253457263376	0.0015101634762089227	-0.00010162807065354178
179160855.3504	-0.005372647439788815	0.0015059454064877398	-0.00010180679208152264
179164455.3504	-0.005373037216275457	0.0015017276439901668	-0.00010198549580360564
179168055.3504	-0.005373422786767002	0.001497510196238664	-0.00010216418033731327
179171655.3504	-0.005373804151341459	0.0014932930707307244	-0.00010234284421569341
179175255.3504	-0.00537418131011076	0.0014890762749391092	-0.00010252148598711174
179178855.3504	-0.0053745542632204265	0.001484859816312093	-0.0001027001042150486
179182455.3504	-0.005374923010849213	0.0014806437022736926	-0.00010287869747789826
179186055.3504	-0.0053752875532087465	0.0014764279402238983	-0.00010305726436877129
179189655.3504	-0.005375647890543203	0.001472212537538899	-0.00010323580349530108
179193255.3504	-0.005376004023128966	0.0014679975015713049	-0.00010341431347945258
179196855.3504	-0.005376355951274293	0.0014637828396503688	-0.0001035927929573341
179200455.3504	-0.005376703675318989	0.0014595685590821927	-0.00010377124057901266
179204055.3504	-0.005377047195634093	0.0014553546671499467	-0.00010394965500833169
179207655.3504	-0.00537738651262156	0.001451141171114075	-0.00010412803492273211
179211255.3504	-0.005377721626713928	0.001446928078212493	-0.00010430637901307554
179214855.3504	-0.00537805253837404	0.0014427153956607952	-0.00010448468598347113
179218455.3504	-0.005378379248094746	0.0014385031306524561	-0.0001046629545511049
179222055.3504	-0.005378701756398556	0.0014342912903590086	-0.00010484118344607052
179225655.3504	-0.005379020063837401	0.00143007988193025	-0.000105019371411205
179229255.3504	-0.0053793341709923136	0.0014258689124944208	-0.00010519751720192485
179232855.3504	-0.0053796440784731545	0.0014216583891583942	-0.00010537561958606621
179236455.3504	-0.005379949786918317	0.00141744831900785	-0.00010555367734372637
179240055.3504	-0.0053802512969944784	0.0014132387091074642	-0.00010573168926710881
179243655.3504	-0.005380548609396281	0.0014090295665010683	-0.00010590965416036932
179247255.3504	-0.005380841724846107	0.0014048208982118378	-0.00010608757083946617
179250855.3504	-0.005381130644093793	0.0014006127112424513	-0.00010626543813201092
179254455.3504	-0.0053814153679163715	0.0013964050125752612	-0.0001064432548771227
179258055.3504	-0.005381695897117806	0.0013921978091724534	-0.00010662101992528398
179261655.3504	-0.005381972232528743	0.0013879911079762144	-0.00010679873213819901
179265255.3504	-0.005382244375006263	0.0013837849159088846	-0.00010697639038865412
179268855.3504	-0.005382512325433628	0.001379579239873117	-0.00010715399356038042
179272455.3504	-0.00538277608472005	0.0013753740867520326	-0.00010733154054791862
179276055.3504	-0.005383035653800426	0.001371169463409364	-0.00010750903025648488
179279655.3504	-0.005383291033635129	0.0013669653766896124	-0.00010768646160184048
179283255.3504	-0.005383542225209746	0.0013627618334181857	-0.00010786383351016187
179286855.3504	-0.005383789229534878	0.0013585588404015508	-0.0001080411449179137
179290455.3504	-0.005384032047645886	0.0013543564044273672	-0.00010821839477172301
179294055.3504	-0.005384270680602679	0.0013501545322646303	-0.00010839558202825573
179297655.3504	-0.005384505129489492	0.0013459532306638073	-0.00010857270565409495
179301255.3504	-0.0053847353954146705	0.0013417525063569734	-0.00010874976462562131
179304855.3504	-0.005384961479510438	0.0013375523660579401	-0.0001089267579288942
179308455.3504	-0.005385183382932705	0.0013333528164623909	-0.00010910368455953599
179312055.3504	-0.005385401106860847	0.0013291538642480067	-0.00010928054352261705
179315655.3504	-0.005385614652497505	0.0013249555160745935	-0.00010945733383254289
179319255.3504	-0.005385824021068363	0.0013207577785842044	-0.00010963405451294288
179322855.3504	-0.005386029213821979	0.0013165606584012665	-0.00010981070459656059
179326455.3504	-0.005386230232029547	0.001312364162132696	-0.00010998728312514556
179330055.3504	-0.00538642707698473	0.0013081682963680204	-0.00011016378914934717
179333655.3504	-0.00538661975000345	0.0013039730676794932	-0.0001103402217286095
179337255.3504	-0.005386808252423706	0.0012997784826222103	-0.00011051657993106808
179340855.3504	-0.005386992585605378	0.0012955845477342224	-0.00011069286283344802
179344455.3504	-0.005387172750930045	0.0012913912695366445	-0.00011086906952096357
179348055.3504	-0.005387348749800795	0.0012871986545337684	-0.00011104519908721928
179351655.3504	-0.005387520583642054	0.0012830067092131686	-0.00011122125063411249
179355255.3504	-0.00538768825389939	0.0012788154400458064	-0.00011139722327173707
179358855.3504	-0.005387851762039349	0.001274624853486138	-0.00011157311611828903
179362455.3504	-0.005388011109549265	0.0012704349559722115	-0.00011174892829997273
179366055.3504	-0.0053881662979371175	0.0012662457539257769	-0.00011192465895090962
179369655.3504	-0.005388317328731324	0.0012620572537523757	-0.00011210030721304682
179373255.3504	-0.00538846420348059	0.001257869461841444	-0.00011227587223606787
179376855.3504	-0.005388606923753749	0.0012536823845664088	-0.00011245135317730503
179380455.3504	-0.005388745491139576	0.001249496028284779	-0.00011262674920165197
179384055.3504	-0.005388879907246641	0.001245310399338241	-0.00011280205948147811
179387655.3504	-0.0053890101737031565	0.0012411255040527534	-0.0001129772831965448
179391255.3504	-0.0053891362921568015	0.0012369413487386316	-0.00011315241953392143
179394855.3504	-0.005389258264274564	0.0012327579396906377	-0.00011332746768790336
179398455.3504	-0.005389376091742606	0.0012285752831880715	-0.00011350242685993158
179402055.3504	-0.00538948977626609	0.0012243933854948527	-0.00011367729625851225
179405655.3504	-0.005389599319569046	0.0012202122528596087	-0.0001138520750991387
179409255.3504	-0.005389704723394205	0.0012160318915157534	-0.00011402676260421331
179412855.3504	-0.005389805989502866	0.0012118523076815743	-0.00011420135800297122
179416455.3504	-0.005389903119674741	0.0012076735075603085	-0.00011437586053140502
179420055.3504	-0.005389996115707818	0.001203495497340227	-0.00011455026943219019
179423655.3504	-0.0053900849794182235	0.0011993182831947094	-0.00011472458395461202
179427255.3504	-0.0053901697126400635	0.0011951418712823224	-0.00011489880335449296
179430855.3504	-0.005390250317225301	0.001190966267746893	-0.00011507292689412121
179434455.3504	-0.005390326795043621	0.0011867914787175898	-0.00011524695384218101
179438055.3504	-0.005390399147982285	0.0011826175103089892	-0.00011542088347368253
179441655.3504	-0.005390467377945994	0.0011784443686211508	-0.00011559471506989376
179445255.3504	-0.005390531486856776	0.0011742720597396905	-0.00011576844791827289
179448855.3504	-0.0053905914766538355	0.0011701005897358494	-0.00011594208131240209
179452455.3504	-0.005390647349293436	0.0011659299646665626	-0.00011611561455192123
179456055.3504	-0.005390699106748767	0.001161760190574528	-0.0001162890469424638
179459655.3504	-0.005390746751009815	0.0011575912734882743	-0.00011646237779559251
179463255.3504	-0.005390790284083246	0.001153423219422225	-0.00011663560642873634
179466855.3504	-0.005390829707992276	0.0011492560343767664	-0.0001168087321651288
179470455.3504	-0.005390865024776546	0.0011450897243383091	-0.00011698175433374587
179474055.3504	-0.0053908962364920135	0.0011409242952793556	-0.00011715467226924634
179477655.3504	-0.005390923345210824	0.0011367597531585576	-0.00011732748531191148
179481255.3504	-0.005390946353021188	0.001132596103920781	-0.0001175001928075864
179484855.3504	-0.005390965262027272	0.0011284333534971646	-0.00011767279410762212
179488455.3504	-0.0053909800743490825	0.001124271507805181	-0.000117845288568818
179492055.3504	-0.005390990792122345	0.0011201105727486945	-0.00011801767555336536
179495655.3504	-0.005390997417498391	0.0011159505542180173	-0.00011818995442879128
179499255.3504	-0.005390999952644066	0.0011117914580899713	-0.00011836212456790458
179502855.3504	-0.00539099839974158	0.001107633290227939	-0.0001185341853487402
179506455.3504	-0.0053909927609884336	0.0011034760564819209	-0.00011870613615450645
179510055.3504	-0.005390983038597289	0.0010993197626885894	-0.00011887797637353174
179513655.3504	-0.0053909692347958735	0.0010951644146713446	-0.00011904970539921272
179517255.3504	-0.005390951351826869	0.0010910100182403635	-0.00011922132262996248
179520855.3504	-0.005390929391947793	0.0010868565791926528	-0.00011939282746915969
179524455.3504	-0.005390903357430919	0.001082704103312101	-0.00011956421932509836
179528055.3504	-0.005390873250563165	0.0010785525963695303	-0.00011973549761093904
179531655.3504	-0.005390839073645978	0.001074402064122743	-0.00011990666174465907
179535255.3504	-0.005390800828995243	0.0010702525123165694	-0.00012007771114900447
179538855.3504	-0.005390758518941198	0.0010661039466829214	-0.0001202486452514426
179542455.3504	-0.005390712145828303	0.0010619563729408336	-0.00012041946348411525
179546055.3504	-0.005390661712015166	0.0010578097967965149	-0.00012059016528379184
179549655.3504	-0.005390607219874451	0.0010536642239433913	-0.00012076075009182413
179553255.3504	-0.005390548671792747	0.0010495196600621474	-0.00012093121735410003
179556855.3504	-0.0053904860701705195	0.0010453761108207814	-0.00012110156652100027
179560455.3504	-0.005390419417421987	0.0010412335818746408	-0.00012127179704735357
179564055.3504	-0.005390348715975027	0.0010370920788664655	-0.00012144190839239302
179567655.3504	-0.0053902739682711	0.0010329516074264334	-0.0001216119000197135
179571255.3504	-0.005390195176765153	0.0010288121731722025	-0.0001217817713972292
179574855.3504	-0.005390112343925529	0.0010246737817089487	-0.00012195152199713166
179578455.3504	-0.005390025472233868	0.0010205364386294087	-0.00012212115129584832
179582055.3504	-0.005389934564185034	0.0010164001495139201	-0.00012229065877400198
179585655.3504	-0.005389839622287007	0.00101226491993046	-0.00012246004391637015
179589255.3504	-0.005389740649060838	0.0010081307554346882	-0.000122629306211846
179592855.3504	-0.005389637647040505	0.0010039976615699774	-0.00012279844515339795
179596455.3504	-0.005389530618772876	0.0009998656438674589	-0.00012296746023803177
179600055.3504	-0.005389419566817593	0.0009957347078460542	-0.00012313635096675187
179603655.3504	-0.005389304493747022	0.0009916048590125172	-0.00012330511684452384
179607255.3504	-0.005389185402146132	0.000987476102861466	-0.00012347375738023644
179610855.3504	-0.00538906229461244	0.0009833484448754208	-0.00012364227208666532
179614455.3504	-0.005388935173755926	0.0009792218905248398	-0.00012381066048043661
179618055.3504	-0.005388804042198935	0.0009750964452681516	-0.00012397892208199034
179621655.3504	-0.005388668902576124	0.0009709721145517925	-0.00012414705641554565
179625255.3504	-0.005388529757534359	0.0009668489038102384	-0.00012431506300906517
179628855.3504	-0.005388386609732659	0.0009627268184660407	-0.00012448294139422096
179632455.3504	-0.0053882394618420875	0.0009586058639298544	-0.00012465069110635947
179636055.3504	-0.005388088316545713	0.0009544860456004761	-0.0001248183116844686
179639655.3504	-0.0053879331765385036	0.0009503673688648738	-0.00012498580267114394
179643255.3504	-0.005387774044527256	0.0009462498390982149	-0.00012515316361255552
179646855.3504	-0.005387610923230539	0.0009421334616639051	-0.000125320394058416
179650455.3504	-0.005387443815378597	0.0009380182419136126	-0.00012548749356194793
179654055.3504	-0.005387272723713287	0.0009339041851872998	-0.000125654461679852
179657655.3504	-0.005387097650987996	0.0009297912968132537	-0.0001258212979722759
