190549492.989696	24815489651.044815	216001522833.39557	10204886990.764101	-22160.501741370066	7793.523242735362	-335.3691918584394
190553092.989696	24735709778.486267	216029561505.3056	10203678810.375834	-22161.649014746137	7783.5169204425365	-335.84210536721355
190556692.989696	24655925782.927666	216057564156.75797	10202468927.81849	-22162.792297271346	7773.51187749633	-336.3148413492825
190560292.989696	24576137678.732666	216085530792.35968	10201257343.731121	-22163.931590838107	7763.508114653006	-336.78739982950464
190563892.989696	24496345480.258114	216113461416.7205	10200044058.75269	-22165.0668973378	7753.505632667555	-337.2597808327623
190567492.989696	24416549201.854046	216141356034.45282	10198829073.522068	-22166.198218660775	7743.504432293705	-337.73198438396184
190571092.989696	24336748857.8637	216169214650.17184	10197612388.678038	-22167.325556696334	7733.504514283916	-338.2040105080335
190574692.989696	24256944462.623512	216197037268.49542	10196394004.859293	-22168.44891333275	7723.505879389389	-338.67585922993135
190578292.989696	24177136030.46312	216224823894.0441	10195173922.704435	-22169.568290457264	7713.508528360057	-339.14753057463327
190581892.989696	24097323575.70537	216252574531.44116	10193952142.851978	-22170.683689956077	7703.5124619446	-339.61902456714085
190585492.989696	24017507112.666325	216280289185.31253	10192728665.940344	-22171.795113714354	7693.5176808904325	-340.0903412324793
190589092.989696	23937686655.655254	216307967860.2869	10191503492.607866	-22172.90256361623	7683.524185943718	-340.5614805956975
190592692.989696	23857862218.974655	216335610560.99554	10190276623.492786	-22174.0060415448	7673.531977849363	-341.0324426818677
190596292.989696	23778033816.920242	216363217292.0725	10189048059.23326	-22175.105549382122	7663.54105735102	-341.5032275160856
190599892.989696	23698201463.780956	216390788058.15448	10187817800.467344	-22176.20108900923	7653.55142519109	-341.9738351234703
190603492.989696	23618365173.83897	216418322863.8808	10186585847.833014	-22177.292662306118	7643.563082110725	-342.4442655291642
190607092.989696	23538524961.369694	216445821713.89346	10185352201.968147	-22178.38027115174	7633.576028849829	-342.914518758333
190610692.989696	23458680840.641766	216473284612.8372	10184116863.510536	-22179.46391742402	7623.590266147056	-343.3845948361653
190614292.989696	23378832825.917076	216500711565.35928	10182879833.09788	-22180.543602999845	7613.605794739819	-343.85449378787314
190617892.989696	23298980931.450752	216528102576.10974	10181641111.367785	-22181.619329755078	7603.622615364286	-344.3242156386913
190621492.989696	23219125171.491173	216555457649.7412	10180400698.957771	-22182.691099564538	7593.64072875538	-344.79376041387775
190625092.989696	23139265560.279972	216582776790.90897	10179158596.505266	-22183.758914302012	7583.660135646791	-345.2631281387131
190628692.989696	23059402112.052036	216610060004.27094	10177914804.647604	-22184.822775840257	7573.680836770964	-345.732318838501
190632292.989696	22979534841.035515	216637307294.48767	10176669324.02203	-22185.882686050994	7563.70283285911	-346.20133253856767
190635892.989696	22899663761.451817	216664518666.22235	10175422155.265696	-22186.93864680491	7553.7261246412045	-346.6701692642621
190639492.989696	22819788887.51562	216691694124.14078	10174173299.015665	-22187.99065997166	7543.75071284599	-347.13882904095584
190643092.989696	22739910233.43488	216718833672.9114	10172922755.908909	-22189.038727419866	7533.776598200977	-347.6073118940431
190646692.989696	22660027813.410816	216745937317.20526	10171670526.582306	-22190.082851017116	7523.803781432443	-348.0756178489405
190650292.989696	22580141641.637936	216773005061.696	10170416611.672644	-22191.123032629966	7513.832263265443	-348.54374693108707
190653892.989696	22500251732.304024	216800036911.05994	10169161011.816618	-22192.15927412394	7503.862044423798	-349.01169916594415
190657492.989696	22420358099.59015	216827032869.97592	10167903727.650835	-22193.19157736353	7493.893125630108	-349.4794745789954
190661092.989696	22340460757.670673	216853992943.1254	10166644759.811806	-22194.219944212193	7483.92550760575	-349.94707319574667
190664692.989696	22260559720.713253	216880917135.19247	10165384108.935951	-22195.244376532355	7473.959191070875	-350.41449504172596
190668292.989696	22180655002.87884	216907805450.86377	10164121775.6596	-22196.264876185414	7463.994176744417	-350.88174014248335
190671892.989696	22100746618.321686	216934657894.82855	10162857760.618988	-22197.28144503173	7454.03046534409	-351.34880852359095
190675492.989696	22020834581.189346	216961474471.77863	10161592064.450262	-22198.294084930636	7444.068057586391	-351.8157002106428
190679092.989696	21940918905.622692	216988255186.40842	10160324687.789474	-22199.302797740427	7434.106954186601	-352.28241522925475
190682692.989696	21860999605.755894	217015000043.41486	10159055631.272583	-22200.307585318373	7424.147155858788	-352.7489536050646
190686292.989696	21781076695.71645	217041709047.49753	10157784895.535458	-22201.30844952071	7414.188663315808	-353.2153153637318
190689892.989696	21701150189.62517	217068382203.35852	10156512481.213873	-22202.30539220265	7404.231477269306	-353.6815005309375
190693492.989696	21621220101.59619	217095019515.7025	10155238388.943514	-22203.298415218356	7394.275598429717	-354.14750913238447
190697092.989696	21541286445.736973	217121620989.23672	10153962619.359968	-22204.287520420978	7384.32102750627	-354.61334119379705
190700692.989696	21461349236.14831	217148186628.67093	10152685173.098736	-22205.272709662626	7374.367765206988	-355.07899674092107
190704292.989696	21381408486.924335	217174716438.71744	10151406050.79522	-22206.253984794384	7364.415812238689	-355.5444757995237
190707892.989696	21301464212.152504	217201210424.0911	10150125253.084734	-22207.231347666304	7354.465169306989	-356.00977839539354
190711492.989696	21221516425.913628	217227668589.50934	10148842780.602497	-22208.204800127405	7344.515837116303	-356.4749045543405
190715092.989696	21141565142.28186	217254090939.69208	10147558633.983635	-22209.174344025683	7334.567816369848	-356.9398543021957
190718692.989696	21061610375.324703	217280477479.3618	10146272813.863182	-22210.139981208096	7324.621107769641	-357.4046276648114
190722292.989696	20981652139.10301	217306828213.24344	10144985320.87608	-22211.101713520573	7314.675712016504	-357.86922466806095
190725892.989696	20901690447.670986	217333143146.06454	10143696155.657173	-22212.05954280802	7304.731629810065	-358.33364533783873
190729492.989696	20821725315.07621	217359422282.55515	10142405318.841217	-22213.013470914306	7294.788861848759	-358.7978897000601
190733092.989696	20741756755.35961	217385665627.44778	10141112811.062872	-22213.963499682275	7284.847408829828	-359.2619577806614
190736692.989696	20661784782.555492	217411873185.47748	10139818632.956703	-22214.90963095374	7274.907271449328	-359.7258496055997
190740292.989696	20581809410.69153	217438044961.3818	10138522785.157187	-22215.851866569486	7264.9684504021225	-360.1895652008529
190743892.989696	20501830653.78877	217464180959.90082	10137225268.298702	-22216.790208369268	7255.030946381891	-360.65310459241954
190747492.989696	20421848525.86164	217490281185.77704	10135926083.015535	-22217.724658191815	7245.094760081129	-361.11646780631895
190751092.989696	20341863040.917953	217516345643.7555	10134625229.94188	-22218.655217874824	7235.159892191145	-361.5796548685909
190754692.989696	20261874212.958904	217542374338.58374	10133322709.711832	-22219.581889254965	7225.226343402071	-362.04266580529577
190758292.989696	20181882055.979076	217568367275.01175	10132018522.9594	-22220.504674167878	7215.294114402853	-362.5055006425143
190761892.989696	20101886583.966454	217594324457.79202	10130712670.318495	-22221.423574448178	7205.363205881262	-362.9681594063477
190765492.989696	20021887810.90241	217620245891.6795	10129405152.422932	-22222.338591929452	7195.433618523892	-363.4306421229175
190769092.989696	19941885750.761723	217646131581.4316	10128095969.906435	-22223.249728444258	7185.50535301616	-363.8929488183654
190772692.989696	19861880417.512573	217671981531.80826	10126785123.402634	-22224.156985824127	7175.578410042312	-364.3550795188535
190776292.989696	19781871825.116554	217697795747.57178	10125472613.545061	-22225.06036589956	7165.652790285418	-364.8170342505637
190779892.989696	19701859987.528667	217723574233.487	10124158440.96716	-22225.959870500035	7155.72849442738	-365.2788130396984
190783492.989696	19621844918.69733	217749316994.32117	10122842606.302275	-22226.855501454003	7145.805523148929	-365.7404159124796
190787092.989696	19541826632.56438	217775024034.844	10121525110.183659	-22227.747260588883	7135.8838771296305	-366.20184289514947
190790692.989696	19461805143.065083	217800695359.82764	10120205953.244467	-22228.635149731075	7125.963557047882	-366.66309401397
190794292.989696	19381780464.12812	217826330974.0467	10118885136.117764	-22229.519170705946	7116.044563580918	-367.124169295223
190797892.989696	19301752609.675613	217851930882.27817	10117562659.436516	-22230.399325337836	7106.126897404811	-367.58506876521
190801492.989696	19221721593.62311	217877495089.30154	10116238523.833597	-22231.275615450068	7096.210559194469	-368.0457924502523
190805092.989696	19141687429.87961	217903023599.8987	10114912729.941786	-22232.148042864927	7086.295549623644	-368.50634037669073
190808692.989696	19061650132.347534	217928516418.854	10113585278.393764	-22233.016609403683	7076.381869364926	-368.9667125708857
190812292.989696	18981609714.922768	217953973550.95413	10112256169.822123	-22233.881316886574	7066.469519089754	-369.42690905921717
190815892.989696	18901566191.494633	217979395000.98825	10110925404.859354	-22234.742167132816	7056.558499468406	-369.8869298680845
190819492.989696	18821519575.94591	218004780773.7479	10109592984.137857	-22235.5991619606	7046.648811170011	-370.34677502390645
190823092.989696	18741469882.152836	218030130874.02707	10108258908.289934	-22236.452303187085	7036.740454862544	-370.8064445531211
190826692.989696	18661417123.985104	218055445306.6221	10106923177.947794	-22237.301592628413	7026.83343121283	-371.2659384821857
190830292.989696	18581361315.305874	218080724076.3318	10105585793.74355	-22238.147032099703	7016.9277408865455	-371.72525683757675
190833892.989696	18501302469.97177	218105967187.95728	10104246756.30922	-22238.98862341504	7007.023384548221	-372.18439964578994
190837492.989696	18421240601.832897	218131174646.30212	10102906066.276724	-22239.826368387494	6997.120362861239	-372.6433669333399
190841092.989696	18341175724.73282	218156346456.17227	10101563724.277891	-22240.660268829106	6987.218676487841	-373.10215872676036
190844692.989696	18261107852.50859	218181482622.376	10100219730.944452	-22241.490326550895	6977.318326089122	-373.560775052604
190848292.989696	18181036998.990746	218206583149.72406	10098874086.908041	-22242.316543362853	6967.419312325039	-374.0192159374423
190851892.989696	18100963178.0033	218231648043.0295	10097526792.8002	-22243.13892107395	6957.521635854409	-374.47748140786564
190855492.989696	18020886403.363766	218256677307.10776	10096177849.25237	-22243.95746149214	6947.625297334912	-374.9355714904831
190859092.989696	17940806688.88314	218281670946.77664	10094827256.895903	-22244.772166424344	6937.73029742309	-375.39348621192244
190862692.989696	17860724048.365925	218306628966.85632	10093475016.362047	-22245.58303767646	6927.836636774351	-375.8512255988301
190866292.989696	17780638495.61012	218331551372.1693	10092121128.281961	-22246.39007705337	6917.94431604297	-376.30878967787123
190869892.989696	17700550044.407227	218356438167.5405	10090765593.286705	-22247.193286358928	6908.05333588209	-376.7661784757293
190873492.989696	17620458708.54226	218381289357.79712	10089408412.007242	-22247.99266739597	6898.163696943725	-377.22339201910637
190877092.989696	17540364501.793736	218406104947.76874	10088049585.074442	-22248.788221966308	6888.2753998787575	-377.68043033472276
190880692.989696	17460267437.9337	218430884942.28726	10086689113.119074	-22249.579951870728	6878.388445336946	-378.13729344931727
190884292.989696	17380167530.727707	218455629346.18695	10085326996.771816	-22250.367858908998	6868.502833966921	-378.59398138964696
190887892.989696	17300064793.934837	218480338164.30438	10083963236.663246	-22251.15194487986	6858.618566416191	-379.050494182487
190891492.989696	17219959241.307697	218505011401.4785	10082597833.423847	-22251.932211581046	6848.735643331142	-379.50683185463083
190895092.989696	17139850886.592422	218529649062.5505	10081230787.684006	-22252.708660809254	6838.854065357036	-379.9629944328899
190898692.989696	17059739743.528683	218554251152.36398	10079862100.07401	-22253.481294360165	6828.9738331380195	-380.4189819440938
190902292.989696	16979625825.849688	218578817675.7648	10078491771.224056	-22254.25011402844	6819.094947317119	-380.87479441509
190905892.989696	16899509147.282185	218603348637.60114	10077119801.764238	-22255.01512160772	6809.217408536244	-381.3304318727439
190909492.989696	16819389721.546467	218627844042.72348	10075746192.324556	-22255.776318890625	6799.34121743619	-381.78589434393876
190913092.989696	16739267562.356377	218652303895.98465	10074370943.534914	-22256.533707668754	6789.466374656639	-382.24118185557575
190916692.989696	16659142683.419308	218676728202.23975	10072994056.025116	-22257.287289732685	6779.592880836161	-382.69629443457364
190920292.989696	16579015098.43621	218701116966.3462	10071615530.424871	-22258.037066871977	6769.720736612217	-383.1512321078689
190923892.989696	16498884821.101593	218725470193.16364	10070235367.363792	-22258.783040875172	6759.849942621155	-383.60599490241566
190927492.989696	16418751865.103527	218749787887.5541	10068853567.471395	-22259.52521352979	6749.98049949822	-384.06058284518554
190931092.989696	16338616244.123653	218774070054.38184	10067470131.377096	-22260.263586622328	6740.112407877549	-384.51499596316773
190934692.989696	16258477971.83718	218798316698.5134	10066085059.710217	-22260.998161938274	6730.245668392176	-384.9692342833688
190938292.989696	16178337061.912888	218822527824.8176	10064698353.09998	-22261.72894126209	6720.380281674032	-385.4232978328127
190941892.989696	16098193528.013142	218846703438.16553	10063310012.175512	-22262.455926377217	6710.516248353943	-385.87718663854076
190945492.989696	16018047383.793882	218870843543.43057	10061920037.565842	-22263.179119066084	6700.653569061641	-386.3309007276115
190949092.989696	15937898642.904638	218894948145.48837	10060528429.8999	-22263.8985211101	6690.792244425755	-386.78444012710065
190952692.989696	15857747318.988527	218919017249.2168	10059135189.806522	-22264.61413428965	6680.932275073819	-387.2378048641011
190956292.989696	15777593425.682257	218943050859.496	10057740317.914442	-22265.32596038411	6671.073661632273	-387.6909949657229
190959892.989696	15697436976.61613	218967048981.2084	10056343814.852299	-22266.034001171836	6661.21640472646	-388.1440104590929
190963492.989696	15617277985.414055	218991011619.23865	10054945681.248634	-22266.738258430163	6651.360504980633	-388.5968513713551
190967092.989696	15537116465.693537	219014938778.4736	10053545917.73189	-22267.438733935414	6641.505963017953	-389.0495177296704
190970692.989696	15456952431.065693	219038830463.80246	10052144524.930412	-22268.13542946289	6631.652779460494	-389.5020095612165
190974292.989696	15376785895.135248	219062686680.11655	10050741503.472448	-22268.82834678688	6621.800954929238	-389.9543268931878
190977892.989696	15296616871.500544	219086507432.3095	10049336853.986149	-22269.51748768065	6611.950490044085	-390.40646975279554
190981492.989696	15216445373.753536	219110292725.2772	10047930577.099564	-22270.202853916457	6602.101385423847	-390.85843816726765
190985092.989696	15136271415.479809	219134042563.91763	10046522673.440647	-22270.88444726554	6592.253641686254	-391.31023216384864
190988692.989696	15056095010.258564	219157756953.13113	10045113143.637253	-22271.56226949812	6582.407259447953	-391.76185176979953
190992292.989696	14975916171.662638	219181435897.8202	10043701988.31714	-22272.236322383407	6572.562239324512	-392.2132970123979
190995892.989696	14895734913.258497	219205079402.88953	10042289208.107967	-22272.90660768959	6562.71858193042	-392.6645679189378
190999492.989696	14815551248.606247	219228687473.2461	10040874803.637295	-22273.573127183845	6552.876287879088	-393.1156645167295
191003092.989696	14735365191.259628	219252260113.799	10039458775.532585	-22274.235882632333	6543.03535778285	-393.56658683309985
191006692.989696	14655176754.76603	219275797329.45963	10038041124.421202	-22274.8948758002	6533.195792252967	-394.01733489539174
191010292.989696	14574985952.666485	219299299125.14145	10036621850.93041	-22275.550108451578	6523.357591899628	-394.46790873096444
191013892.989696	14494792798.495682	219322765505.76025	10035200955.687378	-22276.201582349586	6513.520757331947	-394.9183083671933
191017492.989696	14414597305.781958	219346196476.23392	10033778439.319174	-22276.849299256326	6503.685289157971	-395.36853383146973
191021092.989696	14334399488.047312	219369592041.48257	10032354302.452766	-22277.493260932886	6493.851187984678	-395.8185851512013
191024692.989696	14254199358.807405	219392952206.42853	10030928545.715027	-22278.133469139342	6484.018454417978	-396.2684623538115
191028292.989696	14173996931.571562	219416276975.99625	10029501169.732727	-22278.76992563476	6474.187089062715	-396.7181654667398
191031892.989696	14093792219.842777	219439566355.11237	10028072175.132542	-22279.402632177185	6464.35709252267	-397.16769451744136
191035492.989696	14013585237.11772	219462820348.70572	10026641562.541044	-22280.031590523657	6454.528465400561	-397.6170495333874
191039092.989696	13933375996.886734	219486038961.70728	10025209332.584711	-22280.656802430196	6444.701208298044	-398.0662305420648
191042692.989696	13853164512.633844	219509222199.0502	10023775485.889917	-22281.27826965181	6434.875321815714	-398.5152375709761
191046292.989696	13772950797.836758	219532370065.6698	10022340023.082943	-22281.895993942504	6425.050806553112	-398.96407064763963
191049892.989696	13692734865.966871	219555482566.50357	10020902944.789965	-22282.509977055262	6415.227663108718	-399.41272979958916
191053492.989696	13612516730.489271	219578559706.4911	10019464251.637062	-22283.120220742057	6405.405892079957	-399.8612150543741
191057092.989696	13532296404.862738	219601601490.57416	10018023944.250216	-22283.726726753852	6395.5854940632025	-400.30952643955925
191060692.989696	13452073902.539753	219624607923.6967	10016582023.255306	-22284.329496840597	6385.766469653772	-400.75766398272486
191064292.989696	13371849236.966497	219647579010.80472	10015138489.278116	-22284.928532751233	6375.948819445935	-401.20562771146666
191067892.989696	13291622421.582859	219670514756.84647	10013693342.944328	-22285.523836233693	6366.13254403291	-401.65341765339554
191071492.989696	13211393469.822433	219693415166.77225	10012246584.879524	-22286.11540903489	6356.317644006866	-402.10103383613773
191075092.989696	13131162395.11253	219716280245.53452	10010798215.709187	-22286.703252900737	6346.504119958927	-402.5484762873346
191078692.989696	13050929210.874176	219739109998.08786	10009348236.0587	-22287.28736957613	6336.6919724791705	-402.99574503464277
191082292.989696	12970693930.522118	219761904429.38898	10007896646.553349	-22287.867760804955	6326.881202156631	-403.4428401057338
191085892.989696	12890456567.464825	219784663544.3967	10006443447.818317	-22288.44442833009	6317.0718095793	-403.8897615282944
191089492.989696	12810217135.104494	219807387348.07196	10004988640.478691	-22289.017373893406	6307.263795334128	-404.3365093300262
191093092.989696	12729975646.837057	219830075845.3778	10003532225.159454	-22289.58659923576	6297.457160007027	-404.78308353864577
191096692.989696	12649732116.052176	219852729041.27942	10002074202.485493	-22290.152106097004	6287.651904182869	-405.2294841818845
191100292.989696	12569486556.13325	219875346940.74405	10000614573.08159	-22290.71389621598	6277.84802844549	-405.6757112874887
191103892.989696	12489238980.457424	219897929548.74103	9999153337.572435	-22291.27197133052	6268.045533377691	-406.12176488321927
191107492.989696	12408989402.39559	219920476870.24185	9997690496.582611	-22291.82633317745	6258.244419561239	-406.567644996852
191111092.989696	12328737835.312384	219942988910.22006	9996226050.736603	-22292.376983492588	6248.444687576868	-407.0133516561771
191114692.989696	12248484292.566198	219965465673.6513	9994760000.658798	-22292.923924010738	6238.646338004282	-407.4588848889996
191118292.989696	12168228787.509182	219987907165.51328	9993292346.97348	-22293.467156465704	6228.849371422156	-407.90424472313885
191121892.989696	12087971333.487242	220010313390.78583	9991823090.304836	-22294.006682590283	6219.053788408134	-408.3494311864288
191125492.989696	12007711943.84005	220032684354.4508	9990352231.27695	-22294.54250411626	6209.259589538837	-408.79444430671776
191129092.989696	11927450631.901045	220055020061.4922	9988879770.513807	-22295.074622774413	6199.4667753898575	-409.2392841118686
191132692.989696	11847187410.997438	220077320516.89597	9987405708.63929	-22295.603040294518	6189.675346535766	-409.6839506297582
191136292.989696	11766922294.450214	220099585725.65027	9985930046.277184	-22296.127758405342	6179.88530355011	-410.12844388827796
191139892.989696	11686655295.574137	220121815692.74524	9984452784.051172	-22296.648778834646	6170.096647005416	-410.57276391533327
191143492.989696	11606386427.67775	220144010423.17313	9982973922.584837	-22297.166103309184	6160.309377473192	-411.0169107388439
191147092.989696	11526115704.063385	220166169921.92816	9981493462.501663	-22297.67973355471	6150.523495523927	-411.46088438674354
191150692.989696	11445843138.02716	220188294194.00668	9980011404.42503	-22298.189671295964	6140.739001727091	-411.90468488698
191154292.989696	11365568742.85899	220210383244.40707	9978527748.97822	-22298.695918256686	6130.955896651142	-412.34831226751515
191157892.989696	11285292531.84258	220232437078.12973	9977042496.784414	-22299.198476159614	6121.174180863523	-412.79176655632466
191161492.989696	11205014518.255444	220254455700.17712	9975555648.466692	-22299.697346726472	6111.393854930665	-413.2350477813982
191165092.989696	11124734715.368889	220276439115.55374	9974067204.648031	-22300.19253167799	6101.614919417987	-413.67815597073917
191168692.989696	11044453136.448036	220298387329.2661	9972577165.951311	-22300.684032733883	6091.8373748898985	-414.12109115236484
191172292.989696	10964169794.751816	220320300346.3228	9971085532.99931	-22301.171851612875	6082.0612219098	-414.5638533543062
191175892.989696	10883884703.532974	220342178171.7344	9969592306.414701	-22301.655990032676	6072.2864610400875	-415.0064426046079
191179492.989696	10803597876.038073	220364020810.51352	9968097486.820065	-22302.136449709997	6062.513092842149	-415.44885893132823
191183092.989696	10723309325.507494	220385828267.67477	9966601074.837872	-22302.61323236054	6052.741117876369	-415.89110236253896
191186692.989696	10643019065.17545	220407600548.2348	9965103071.090496	-22303.086339699017	6042.970536702131	-416.3331729263255
191190292.989696	10562727108.269978	220429337657.21225	9963603476.20021	-22303.555773439126	6033.201349877814	-416.7750706507867
191193892.989696	10482433468.012949	220451039599.6278	9962102290.789185	-22304.021535293563	6023.433557960801	-417.21679556403467
191197492.989696	10402138157.620071	220472706380.50412	9960599515.479488	-22304.483626974026	6013.667161507474	-417.65834769419513
191201092.989696	10321841190.300892	220494338004.86588	9959095150.893091	-22304.94205019121	6003.902161073217	-418.0997270694069
191204692.989696	10241542579.258799	220515934477.73975	9957589197.651861	-22305.396806654808	5994.138557212421	-418.54093371782227
191208292.989696	10161242337.69103	220537495804.15436	9956081656.377562	-22305.84789807351	5984.376350478481	-418.98196766760645
191211892.989696	10080940478.788673	220559021989.14038	9954572527.691858	-22306.295326155006	5974.615541423799	-419.422828946938
191215492.989696	10000637015.73667	220580513037.73047	9953061812.216314	-22306.73909260599	5964.8561305997855	-419.86351758400855
191219092.989696	9920331961.71382	220601968954.95923	9951549510.57239	-22307.179199132144	5955.098118556861	-420.3040336070227
191222692.989696	9840025329.892782	220623389745.86328	9950035623.381447	-22307.61564743816	5945.341505844457	-420.744377044198
191226292.989696	9759717133.440084	220644775415.48117	9948520151.264742	-22308.048439227725	5935.586293011018	-421.1845479237652
191229892.989696	9679407385.516119	220666125968.85345	9947003094.843431	-22308.477576203528	5925.832480604001	-421.6245462739676
191233492.989696	9599096099.275152	220687441411.02267	9945484454.738571	-22308.90306006726	5916.0800691698805	-422.0643721230616
191237092.989696	9518783287.865328	220708721747.0333	9943964231.571114	-22309.324892519606	5906.329059254146	-422.50402549931624
191240692.989696	9438468964.428665	220729966981.93176	9942442425.96191	-22309.74307526026	5896.579451401305	-422.9435064310133
191244292.989696	9358153142.101068	220751177120.7665	9940919038.53171	-22310.157609987913	5886.831246154886	-423.38281494644724
191247892.989696	9277835834.01233	220772352168.58786	9939394069.901161	-22310.56849840026	5877.084444057436	-423.82195107392516
191251492.989696	9197517053.286129	220793492130.44815	9937867520.69081	-22310.97574219399	5867.339045650526	-424.26091484176675
191255092.989696	9117196813.040041	220814597011.4016	9936339391.521097	-22311.379343064807	5857.595051474749	-424.6997062783042
191258692.989696	9036875126.385536	220835666816.5045	9934809683.01237	-22311.779302707408	5847.852462069725	-425.13832541188214
191262292.989696	8956552006.427988	220856701550.81488	9933278395.784863	-22312.175622815495	5838.111277974099	-425.57677227085765
191265892.989696	8876227466.266674	220877701219.3929	9931745530.458715	-22312.56830508177	5828.371499725542	-426.01504688360023
191269492.989696	8795901518.99478	220898665827.30057	9930211087.653963	-22312.957351197947	5818.633127860758	-426.4531492784916
191273092.989696	8715574177.6994	220919595379.6018	9928675067.990538	-22313.342762854732	5808.896162915476	-426.8910794839257
191276692.989696	8635245455.461548	220940489881.3625	9927137472.088272	-22313.72454174184	5799.160605424463	-427.32883752830884
191280292.989696	8554915365.356155	220961349337.65042	9925598300.566893	-22314.102689547995	5789.4264559215135	-427.7664234400594
191283892.989696	8474583920.452074	220982173753.53534	9924057554.046028	-22314.477207960917	5779.69371493946	-428.20383724760785
191287492.989696	8394251133.812084	221002963134.08887	9922515233.1452	-22314.84809866733	5769.962383010168	-428.64107897939675
191291092.989696	8313917018.492894	221023717484.38452	9920971338.483833	-22315.215363352974	5760.232460664543	-429.0781486638807
191294692.989696	8233581587.545146	221044436809.49777	9919425870.681244	-22315.57900370258	5750.503948432529	-429.51504632952617
191298292.989696	8153244854.013418	221065121114.50598	9917878830.35665	-22315.939021399892	5740.776846843106	-429.95177200481163
191301892.989696	8072906830.93623	221085770404.48843	9916330218.129164	-22316.29541812766	5731.0511564243	-430.38832571822735
191305492.989696	7992567531.346044	221106384684.52628	9914780034.617798	-22316.64819556763	5721.326877703176	-430.8247074982755
191309092.989696	7912226968.269271	221126963959.70258	9913228280.441462	-22316.997355400574	5711.604011205845	-431.2609173734698
191312692.989696	7831885154.726273	221147508235.10226	9911674956.21896	-22317.34289930625	5701.882557457463	-431.69695537233594
191316292.989696	7751542103.731364	221168017515.8122	9910120062.568998	-22317.684828963436	5692.162516982232	-432.1328215234111
191319892.989696	7671197828.292821	221188491806.92108	9908563600.110176	-22318.023146049905	5682.443890303402	-432.56851585524413
191323492.989696	7590852341.412878	221208931113.51956	9907005569.46099	-22318.35785224245	5672.726677943274	-433.0040383963954
191327092.989696	7510505656.087737	221229335440.7001	9905445971.239838	-22318.688949216863	5663.010880423197	-433.4393891754369
191330692.989696	7430157785.307569	221249704793.55707	9903884806.065008	-22319.016438647945	5653.296498263574	-433.87456822095186
191334292.989696	7349808742.056516	221270039177.18668	9902322074.554693	-22319.340322209504	5643.58353198386	-434.30957556153515
191337892.989696	7269458539.312696	221290338596.68704	9900757777.326977	-22319.66060157436	5633.871982102565	-434.74441122579293
191341492.989696	7189107190.04821	221310603057.1581	9899191914.999844	-22319.97727841434	5624.161849137257	-435.1790752423426
191345092.989696	7108754707.229138	221330832563.70175	9897624488.191174	-22320.290354400277	5614.453133604558	-435.6135676398129
191348692.989696	7028401103.81555	221351027121.4216	9896055497.518745	-22320.599831202017	5604.745836020152	-436.0478884468438
191352292.989696	6948046392.761502	221371186735.42325	9894484943.600231	-22320.905710488412	5595.039956898779	-436.48203769208635
191355892.989696	6867690587.01505	221391311410.81406	9892912827.053202	-22321.207993927324	5585.335496754244	-436.91601540420277
191359492.989696	6787333699.518243	221411401152.70328	9891339148.495125	-22321.506683185627	5575.632456099412	-437.3498216118664
191363092.989696	6706975743.207131	221431455966.202	9889763908.543365	-22321.801779929207	5565.930835446214	-437.78345634376143
191366692.989696	6626616731.011772	221451475856.42313	9888187107.815186	-22322.093285822953	5556.230635305645	-438.21691962858324
191370292.989696	6546256675.856229	221471460828.48145	9886608746.927742	-22322.381202530774	5546.531856187767	-438.650211495038
191373892.989696	6465895590.658578	221491410887.49353	9885028826.498089	-22322.665531715582	5536.834498601709	-439.08333197184265
191377492.989696	6385533488.33091	221511326038.57782	9883447347.143177	-22322.946275039303	5527.1385630556715	-439.5162810877252
191381092.989696	6305170381.779335	221531206286.85458	9881864309.479855	-22323.223434162875	5517.4440500569235	-439.9490588714242
191384692.989696	6224806283.903985	221551051637.4459	9880279714.124866	-22323.49701074625	5507.750960111805	-440.38166535168904
191388292.989696	6144441207.599019	221570862095.47565	9878693561.694853	-22323.76700644839	5498.0592937257325	-440.8141005572798
191391892.989696	6064075165.7526245	221590637666.06958	9877105852.806349	-22324.033422927267	5488.369051403194	-441.2463645169671
191395492.989696	5983708171.247023	221610378354.35522	9875516588.07579	-22324.29626183987	5478.680233647755	-441.6784572595322
191399092.989696	5903340236.95847	221630084165.4619	9873925768.119507	-22324.555524842202	5468.992840962056	-442.11037881376683
191402692.989696	5822971375.757265	221649755104.5208	9872333393.553722	-22324.811213589273	5459.306873847818	-442.5421292084732
191406292.989696	5742601600.507749	221669391176.6649	9870739464.994562	-22325.063329735112	5449.62233280584	-442.9737084724641
191409892.989696	5662230924.06831	221688992387.0289	9869143983.058043	-22325.311874932762	5439.939218336005	-443.4051166345625
191413492.989696	5581859359.291388	221708558740.7494	9867546948.36008	-22325.556850834277	5430.257530937275	-443.83635372360175
191417092.989696	5501486919.023477	221728090242.96472	9865948361.516485	-22325.798259090723	5420.577271107697	-444.26741976842555
191420692.989696	5421113616.105128	221747586898.81503	9864348223.142965	-22326.03610135219	5410.8984393444025	-444.6983147978878
191424292.989696	5340739463.370955	221767048713.44226	9862746533.855124	-22326.27037926778	5401.22103614361	-445.12903884085256
191427892.989696	5260364473.649637	221786475691.99014	9861143294.26846	-22326.5010944856	5391.545062000625	-445.55959192619406
191431492.989696	5179988659.76392	221805867839.60416	9859538504.99837	-22326.728248652787	5381.870517409842	-445.9899740827966
191435092.989696	5099612034.5306225	221825225161.43155	9857932166.660143	-22326.95184341549	5372.1974028647455	-446.4201853395546
191438692.989696	5019234610.760639	221844547662.62143	9856324279.868969	-22327.171880418864	5362.525718857912	-446.8502257253724
191442292.989696	4938856401.2589445	221863835348.3246	9854714845.239931	-22327.388361307098	5352.855465881009	-447.2800952691643
191445892.989696	4858477418.8245945	221883088223.6936	9853103863.388008	-22327.60128772338	5343.186644424801	-447.70979399985447
191449492.989696	4778097676.250731	221902306293.88284	9851491334.928074	-22327.81066130993	5333.519254979145	-448.139321946377
191453092.989696	4697717186.324589	221921489564.04843	9849877260.474901	-22328.016483707976	5323.853298032997	-448.56867913767576
191456692.989696	4617335961.827492	221940638039.34827	9848261640.643154	-22328.218756557766	5314.18877407441	-448.9978656027044
191460292.989696	4536954015.534863	221959751724.94196	9846644476.047398	-22328.417481498567	5304.525683590534	-449.42688137042626
191463892.989696	4456571360.216227	221978830625.99088	9845025767.30209	-22328.612660168666	5294.864027067623	-449.8557264698144
191467492.989696	4376188008.635209	221997874747.65817	9843405515.021584	-22328.804294205365	5285.203804991032	-450.2844009298514
191471092.989696	4295803973.549544	222016884095.10873	9841783719.820127	-22328.992385244987	5275.545017845216	-450.71290477952954
191474692.989696	4215419267.7110786	222035858673.50916	9840160382.311869	-22329.17693492287	5265.887666113738	-451.14123804785055
191478292.989696	4135033903.8657722	222054798488.02783	9838535503.110846	-22329.35794487338	5256.231750279267	-451.5694007638257
191481892.989696	4054647894.753703	222073703543.83484	9836909082.830996	-22329.535416729894	5246.5772708235745	-451.99739295647555
191485492.989696	3974261253.109071	222092573846.102	9835281122.086151	-22329.70935212481	5236.9242282275445	-452.4252146548303
191489092.989696	3893873991.6602006	222111409400.00287	9833651621.49004	-22329.87975268955	5227.272622971169	-452.85286588792934
191492692.989696	3813486123.1295457	222130210210.71277	9832020581.656282	-22330.04662005456	5217.622455533549	-453.2803466848213
191496292.989696	3733097660.233692	222148976283.40866	9830388003.198399	-22330.209955849296	5207.973726392902	-453.7076570745642
191499892.989696	3652708615.683361	222167707623.26932	9828753886.7298	-22330.369761702244	5198.326436026553	-454.13479708622526
191503492.989696	3572319002.183413	222186404235.47516	9827118232.863796	-22330.526039240907	5188.680584910946	-454.56176674888076
191507092.989696	3491928832.432852	222205066125.20834	9825481042.213593	-22330.678790091813	5179.036173521639	-454.9885660916162
191510692.989696	3411538119.124827	222223693297.65274	9823842315.392286	-22330.82801588051	5169.393202333308	-455.415195143526
191514292.989696	3331146874.9466376	222242285757.99396	9822202053.012873	-22330.973718231566	5159.751671819746	-455.84165393371376
191517892.989696	3250755112.5797367	222260843511.41922	9820560255.688242	-22331.115898768578	5150.111582453866	-456.26794249129205
191521492.989696	3170362844.6997337	222279366563.11755	9818916924.03118	-22331.25455911416	5140.472934707702	-456.69406084538224
191525092.989696	3089970083.9763985	222297854918.27963	9817272058.654366	-22331.389700889955	5130.835729052411	-457.12000902511465
191528692.989696	3009576843.0736647	222316308582.0978	9815625660.170374	-22331.52132571662	5121.199965958272	-457.54578705962854
191532292.989696	2929183134.649634	222334727559.76617	9813977729.191675	-22331.64943521385	5111.565645894689	-457.9713949780718
191535892.989696	2848788971.356578	222353111856.48047	9812328266.330635	-22331.77403100035	5101.932769330192	-458.3968328096012
191539492.989696	2768394365.840943	222371461477.4381	9810677272.199514	-22331.89511469386	5092.301336732438	-458.8221005833821
191543092.989696	2687999330.7433534	222389776427.83826	9809024747.41047	-22332.012687911138	5082.671348568213	-459.2471983285886
191546692.989696	2607603878.698615	222408056712.88168	9807370692.575548	-22332.12675226797	5073.042805303432	-459.6721260744033
191550292.989696	2527208022.3357186	222426302337.77087	9805715108.306698	-22332.23730937917	5063.41570740314	-460.09688385001755
191553892.989696	2446811774.277843	222444513307.71	9804057995.215757	-22332.34436085857	5053.790055331516	-460.521471684631
191557492.989696	2366415147.1423593	222462689627.90482	9802399353.914463	-22332.447908319034	5044.16584955187	-460.94588960745193
191561092.989696	2286018153.540834	222480831303.56287	9800739185.014442	-22332.547953372454	5034.54309052665	-461.370137647697
191564692.989696	2205620806.079033	222498938339.89328	9799077489.127222	-22332.644497629746	5024.9217787174375	-461.79421583459117
191568292.989696	2125223117.3569233	222517010742.10684	9797414266.864222	-22332.737542700852	5015.301914584951	-462.2181241973679
191571892.989696	2044825099.9686794	222535048515.41605	9795749518.836754	-22332.82709019474	5005.683498589048	-462.6418627652688
191575492.989696	1964426766.5026844	222553051665.035	9794083245.656029	-22332.91314171941	4996.066531188726	-463.0654315675438
191579092.989696	1884028129.5415344	222571020196.17947	9792415447.933151	-22332.995698881892	4986.451012842122	-463.48883063345096
191582692.989696	1803629201.6620421	222588954114.0669	9790746126.279118	-22333.074763288234	4976.836944006516	-463.91205999225656
191586292.989696	1723229995.4352403	222606853423.9163	9789075281.304821	-22333.15033654352	4967.2243251383325	-464.335119673235
191589892.989696	1642830523.426385	222624718130.9484	9787402913.621048	-22333.222420251863	4957.613156693138	-464.75800970566866
191593492.989696	1562430798.1949594	222642548240.38553	9785729023.838482	-22333.291016016403	4948.003439125647	-465.18073011884803
191597092.989696	1482030832.2946768	222660343757.4517	9784053612.5677	-22333.35612543931	4938.395172889719	-465.6032809420716
191600692.989696	1401630638.2734847	222678104687.37247	9782376680.419172	-22333.417750121782	4928.788358438365	-466.0256622046457
191604292.989696	1321230228.673568	222695831035.37512	9780698228.003263	-22333.475891664053	4919.1829962237425	-466.4478739358846
191607892.989696	1240829616.0313525	222713522806.6885	9779018255.930235	-22333.53055166538	4909.579086697161	-466.8699161651104
191611492.989696	1160428812.8775084	222731180006.54312	9777336764.810242	-22333.581731724054	4899.976630309082	-467.29178892165305
191615092.989696	1080027831.7369537	222748802640.17105	9775653755.253332	-22333.6294334374	4890.37562750912	-467.7134922348502
191618692.989696	999626685.1288579	222766390712.80603	9773969227.869448	-22333.673658401767	4880.776078746045	-468.1350261340473
191622292.989696	919225385.5666453	222783944229.6834	9772283183.268429	-22333.71440821254	4871.17798446778	-468.55639064859736
191625892.989696	838823945.5579985	222801463196.04013	9770595622.060005	-22333.751684464143	4861.581345121408	-468.9775858078611
191629492.989696	758422377.6048622	222818947617.11475	9768906544.853804	-22333.785488750018	4851.986161153169	-469.39861164120674
191633092.989696	678020694.2034463	222836397498.14743	9767215952.259344	-22333.815822662647	4842.392433008461	-469.8194681780102
191636692.989696	597618907.8442292	222853812844.37994	9765523844.886042	-22333.842687793545	4832.800161131844	-470.2401554476548
191640292.989696	517217031.0119621	222871193661.05563	9763830223.343206	-22333.866085733258	4823.2093459670405	-470.6606734795312
191643892.989696	436815076.1856717	222888539953.4195	9762135088.24004	-22333.88601807137	4813.619987956934	-471.0810223030378
191647492.989696	356413055.8386639	222905851726.71805	9760438440.18564	-22333.902486396495	4804.032087543574	-471.50120194758006
191651092.989696	276010982.43852735	222923128986.19946	9758740279.788998	-22333.91549229628	4794.4456451681735	-471.92121244257083
191654692.989696	195608868.44713703	222940371737.11343	9757040607.658998	-22333.92503735741	4784.860661271114	-472.34105381743035
191658292.989696	115206726.3206575	222957579984.7113	9755339424.40442	-22333.9311231656	4775.277136291944	-472.76072610158604
191661892.989696	34804568.50954652	222974753734.24597	9753636730.63394	-22333.9337513056	4765.695070669381	-473.1802293244725
191665492.989696	-45597592.541441575	222991892990.9719	9751932526.956123	-22333.932923361208	4756.114464841313	-473.59956351553154
191669092.989696	-125999744.39325231	223008997760.1451	9750226813.979431	-22333.92864091524	4746.535319244799	-474.018728704212
191672692.989696	-206401874.61252767	223026068047.02325	9748519592.31222	-22333.92090554956	4736.957634316072	-474.4377249199698
191676292.989696	-286803970.7716026	223043103856.8655	9746810862.562738	-22333.90971884506	4727.381410490536	-474.856552192268
191679892.989696	-367206020.44850147	223060105194.93262	9745100625.339132	-22333.895082381678	4717.806648202773	-475.2752105505765
191683492.989696	-447608011.2269348	223077072066.4869	9743388881.249437	-22333.876997738378	4708.233347886541	-475.6937000243722
191687092.989696	-528009930.6962955	223094004476.79227	9741675630.901585	-22333.85546649317	4698.661509974773	-476.112020643139
191690692.989696	-608411766.4516557	223110902431.11414	9739960874.903399	-22333.830490223096	4689.091134899583	-476.53017243636737
191694292.989696	-688813506.0937632	223127765934.71948	9738244613.862598	-22333.802070504244	4679.522223092264	-476.9481554335548
191697892.989696	-769215137.2290379	223144594992.87683	9736526848.386797	-22333.77020891173	4669.954774983289	-477.3659696642056
191701492.989696	-849616647.4695683	223161389610.8563	9734807579.0835	-22333.734907019716	4660.388791002316	-477.7836151578306
191705092.989696	-930018024.4331082	223178149793.9295	9733086806.560108	-22333.696166401398	4650.8242715781835	-478.20109194394746
191708692.989696	-1010419255.7430735	223194875547.36963	9731364531.423916	-22333.653988629016	4641.261217138916	-478.61840005208046
191712292.989696	-1090820329.0285378	223211566876.4514	9729640754.28211	-22333.608375273845	4631.699628111724	-479.0355395117605
191715892.989696	-1171221231.92423	223228223786.45102	9727915475.741774	-22333.5593279062	4622.139504923005	-479.4525103525248
191719492.989696	-1251621952.0705307	223244846282.64633	9726188696.40988	-22333.506848095447	4612.580847998343	-479.8693126039175
191723092.989696	-1332022477.1134677	223261434370.31662	9724460416.893297	-22333.450937409976	4603.023657762515	-480.2859462954888
191726692.989696	-1412422794.7047138	223277988054.74274	9722730637.798788	-22333.391597417227	4593.467934639484	-480.70241145679563
191730292.989696	-1492822892.5015829	223294507341.20706	9720999359.73301	-22333.32882968368	4583.913679052408	-481.1187081174011
191733892.989696	-1573222758.167026	223310992234.99347	9719266583.30251	-22333.26263577486	4574.360891423637	-481.5348363068748
191737492.989696	-1653622379.369629	223327442741.38736	9717532309.11373	-22333.193017255326	4564.809572174716	-481.95079605479253
191741092.989696	-1734021743.7836077	223343858865.6757	9715796537.773008	-22333.119975688685	4555.259721726383	-482.36658739073636
191744692.989696	-1814420839.0888062	223360240613.14685	9714059269.886576	-22333.04351263759	4545.711340498574	-482.7822103442946
191748292.989696	-1894819652.9706912	223376587989.09082	9712320506.060553	-22332.96362966372	4536.164428910423	-483.1976649450617
191751892.989696	-1975218173.1203506	223392900998.79907	9710580246.900959	-22332.88032832782	4526.618987380263	-483.6129512226384
191755492.989696	-2055616387.234489	223409179647.56454	9708838493.013702	-22332.793610189667	4517.075016325627	-484.0280692066313
191759092.989696	-2136014283.0154243	223425423940.6817	9707095245.004587	-22332.703476808078	4507.532516163248	-484.4430189266532
191762692.989696	-2216411848.1710844	223441633883.4465	9705350503.479311	-22332.60992974092	4497.991487309063	-484.8578004123229
191766292.989696	-2296809070.4150043	223457809481.1564	9703604269.043465	-22332.5129705451	4488.451930178211	-485.27241369326504
191769892.989696	-2377205937.466322	223473950739.11035	9701856542.30253	-22332.412600776577	4478.913845185037	-485.6868587991103
191773492.989696	-2457602437.0497746	223490057662.6088	9700107323.861885	-22332.308821990347	4469.377232743092	-486.1011357594954
191777092.989696	-2537998556.895696	223506130256.95364	9698356614.326801	-22332.201635740457	4459.8420932651325	-486.51524460406256
191780692.989696	-2618394284.740013	223522168527.44833	9696604414.30244	-22332.09104358	4450.308427163125	-486.9291853624601
191784292.989696	-2698789608.324242	223538172479.39777	9694850724.39386	-22331.977047061107	4440.776234848246	-487.34295806434193
191787892.989696	-2779184515.3954844	223554142118.10828	9693095545.206009	-22331.859647734964	4431.245516730879	-487.75656273936784
191791492.989696	-2859578993.706425	223570077448.88776	9691338877.343733	-22331.738847151802	4421.716273220624	-488.1699994172032
191795092.989696	-2939973031.015328	223585978477.0455	9689580721.411766	-22331.614646860897	4412.188504726291	-488.58326812751903
191798692.989696	-3020366615.0860324	223601845207.8923	9687821078.01474	-22331.487048410574	4402.662211655905	-488.996368899992
191802292.989696	-3100759733.6879497	223617677646.74042	9686059947.757175	-22331.3560533482	4393.137394416704	-489.4093017643043
191805892.989696	-3181152374.5960608	223633475798.9036	9684297331.24349	-22331.221663220203	4383.614053415146	-489.8220667501437
191809492.989696	-3261544525.590911	223649239669.697	9682533229.077993	-22331.083879572045	4374.092189056905	-490.2346638872034
191813092.989696	-3341936174.4586086	223664969264.43726	9680767641.864885	-22330.942703948243	4364.5718017468735	-490.6470932051821
191816692.989696	-3422327308.99082	223680664588.4425	9679000570.208263	-22330.798137892365	4355.052891889163	-491.05935473378383
191820292.989696	-3502717916.9847665	223696325647.0323	9677232014.712114	-22330.650182947025	4345.535459887107	-491.47144850271803
191823892.989696	-3583107986.2432213	223711952445.52762	9675461975.98032	-22330.498840653887	4336.019506143262	-491.8833745416995
191827492.989696	-3663497504.574506	223727544989.25092	9673690454.616655	-22330.344112553666	4326.505031059406	-492.29513288044814
191831092.989696	-3743886459.7924867	223743103283.52612	9671917451.224787	-22330.186000186128	4316.992035036542	-492.70672354868935
191834692.989696	-3824274839.716572	223758627333.67856	9670142966.408274	-22330.02450509009	4307.480518474899	-493.11814657615355
191838292.989696	-3904662632.1717067	223774117145.03497	9668367000.77057	-22329.859628803413	4297.970481773933	-493.5294019925764
191841892.989696	-3985049824.988372	223789572722.9236	9666589554.915024	-22329.69137286302	4288.461925332326	-493.9404898276987
191845492.989696	-4065436406.002579	223804994072.67413	9664810629.444872	-22329.519738804884	4278.954849547991	-494.3514101112662
191849092.989696	-4145822363.0558677	223820381199.6176	9663030224.963247	-22329.344728164022	4269.449254818071	-494.76216287302987
191852692.989696	-4226207683.9953017	223835734109.08655	9661248342.073175	-22329.166342474506	4259.9451415389385	-495.1727481427455
191856292.989696	-4306592356.673466	223851052806.4149	9659464981.377573	-22328.984583269466	4250.442510106201	-495.5831659501739
191859892.989696	-4386976368.948462	223866337296.938	9657680143.479252	-22328.799452081083	4240.941360914696	-495.9934163250809
191863492.989696	-4467359708.683907	223881587585.99265	9655893828.980915	-22328.61095044059	4231.441694358499	-496.40349929723703
191867092.989696	-4547742363.748928	223896803678.91702	9654106038.485159	-22328.419079878273	4221.943510830921	-496.81341489641784
191870692.989696	-4628124322.01816	223911985581.05075	9652316772.594473	-22328.223841923475	4212.4468107245075	-497.2231631524036
191874292.989696	-4708505571.37174	223927133297.73483	9650526031.911238	-22328.02523810459	4202.951594431045	-497.6327440949792
191877892.989696	-4788886099.695309	223942246834.3117	9648733817.03773	-22327.82326994907	4193.457862341557	-498.04215775393453
191881492.989696	-4869265894.880001	223957326196.1252	9646940128.576115	-22327.617938983418	4183.965614846309	-498.45140415906394
191885092.989696	-4949644944.822448	223972371388.5206	9645144967.128454	-22327.409246733194	4174.474852334807	-498.86048334016647
191888692.989696	-5030023237.424768	223987382416.84448	9643348333.2967	-22327.19719472302	4164.9855751958	-499.2693953270458
191892292.989696	-5110400760.59457	224002359286.44492	9641550227.682697	-22326.981784476564	4155.497783817282	-499.6781401495101
191895892.989696	-5190777502.244944	224017302002.67133	9639750650.888186	-22326.763017516558	4146.011478586488	-500.0867178373722
191899492.989696	-5271153450.294459	224032210570.87457	9637949603.514795	-22326.54089536479	4136.526659889903	-500.49512842044925
191903092.989696	-5351528592.667165	224047084996.40683	9636147086.16405	-22326.315419542098	4127.043328113258	-500.90337192856293
191906692.989696	-5431902917.292582	224061925284.62173	9634343099.437365	-22326.086591568386	4117.5614836415325	-501.31144839153933
191910292.989696	-5512276412.1057	224076731440.87427	9632537643.936049	-22325.854412962613	4108.081126858954	-501.7193578392089
191913892.989696	-5592649065.046976	224091503470.5208	9630730720.261305	-22325.618885242795	4098.602258149002	-502.12710030140636
191917492.989696	-5673020864.062331	224106241378.9191	9628922329.014225	-22325.380009926008	4089.1248778944077	-502.5346758079708
191921092.989696	-5753391797.103146	224120945171.42825	9627112470.795797	-22325.137788528384	4079.648986477154	-502.94208438874557
191924692.989696	-5833761852.126256	224135614853.40878	9625301146.206902	-22324.892222565115	4070.1745842784776	-503.34932607357814
191928292.989696	-5914131017.093952	224150250430.22256	9623488355.848307	-22324.64331355046	4060.701671678872	-503.75640089232024
191931892.989696	-5994499279.973973	224164851907.23285	9621674100.320679	-22324.391062997725	4051.2302490580855	-504.1633088748277
191935492.989696	-6074866628.739505	224179419289.80423	9619858380.224575	-22324.135472419286	4041.760316795124	-504.57005005096045
191939092.989696	-6155233051.369175	224193952583.30267	9618041196.160444	-22323.876543326573	4032.291875268251	-504.9766244505825
191942692.989696	-6235598535.847052	224208451793.0955	9616222548.728628	-22323.61427723008	4022.8249248549905	-505.38303210356185
191946292.989696	-6315963070.162639	224222916924.5514	9614402438.52936	-22323.348675639365	4013.359465932127	-505.78927303977053
191949892.989696	-6396326642.310872	224237347983.04044	9612580866.162766	-22323.079740063044	4003.895498875706	-506.1953472890845
191953492.989696	-6476689240.292119	224251744973.934	9610757832.228867	-22322.807472008793	3994.433024061036	-506.6012548813836
191957092.989696	-6557050852.11217	224266107902.6048	9608933337.327572	-22322.531872983353	3984.97204186269	-507.00699584655166
191960692.989696	-6637411465.782241	224280436774.42697	9607107382.058687	-22322.252944492528	3975.512552654505	-507.41257021447615
191964292.989696	-6717771069.318964	224294731594.77594	9605279967.021908	-22321.970688041183	3966.0545568095845	-507.8179780150484
191967892.989696	-6798129650.74439	224308992369.02847	9603451092.816824	-22321.68510513325	3956.5980547002996	-508.22321927816364
191971492.989696	-6878487198.085979	224323219102.5627	9601620760.042915	-22321.396197271715	3947.143046698289	-508.6282940337207
191975092.989696	-6958843699.376604	224337411800.7581	9599788969.299555	-22321.103965958642	3937.689533174461	-509.03320231162206
191978692.989696	-7039199142.654541	224351570468.9954	9597955721.186008	-22320.808412695147	3928.2375144989946	-509.43794414177387
191982292.989696	-7119553515.963469	224365695112.65674	9596121016.301435	-22320.509538981416	3918.78699104134	-509.842519554086
191985892.989696	-7199906807.352466	224379785737.12558	9594284855.244884	-22320.2073463167	3909.3379631702205	-510.2469285784716
191989492.989696	-7280259004.876005	224393842347.7867	9592447238.6153	-22319.901836199315	3899.890431253633	-510.6511712448477
191993092.989696	-7360610096.593954	224407864950.0262	9590608167.011515	-22319.593010126642	3890.4443956588484	-511.05524758313464
191996692.989696	-7440960070.571567	224421853549.2315	9588767641.032259	-22319.280869595128	3880.999856752415	-511.45915762325615
192000292.989696	-7521308914.879483	224435808150.79132	9586925661.27615	-22318.965416100287	3871.5568149001565	-511.8629013951395
192003892.989696	-7601656617.593726	224449728760.0957	9585082228.3417	-22318.6466511367	3862.1152704671763	-512.2664789287153
192007492.989696	-7682003166.795697	224463615382.53604	9583237342.827312	-22318.324576198014	3852.6752238178556	-512.6698902539174
192011092.989696	-7762348550.572173	224477468023.50497	9581391005.331285	-22317.999192776944	3843.2366753158567	-513.0731354006831
192014692.989696	-7842692757.015303	224491286688.3965	9579543216.451807	-22317.670502365276	3833.7996253241226	-513.476214398953
192018292.989696	-7923035774.222604	224505071382.60596	9577693976.786957	-22317.338506453856	3824.3640742048797	-513.8791272786706
192021892.989696	-8003377590.296959	224518822111.52988	9575843286.934708	-22317.003206532605	3814.9300223196374	-514.2818740697829
192025492.989696	-8083718193.346614	224532538880.56616	9573991147.492926	-22316.66460409051	3805.4974700291896	-514.6844548022401
192029092.989696	-8164057571.485171	224546221695.114	9572137559.059366	-22316.32270061563	3796.0664176936157	-515.0868695059952
192032692.989696	-8244395712.831592	224559870560.5739	9570282522.23168	-22315.977497595093	3786.6368656722825	-515.4891182110046
192036292.989696	-8324732605.510185	224573485482.34766	9568426037.607409	-22315.628996515094	3777.2088143238448	-515.8912009472274
192039892.989696	-8405068237.650612	224587066465.8383	9566568105.783985	-22315.2771988609	3767.7822640062454	-516.293117744626
192043492.989696	-8485402597.3878765	224600613516.45016	9564708727.358736	-22314.922106116846	3758.3572150767177	-516.6948686331656
192047092.989696	-8565735672.862326	224614126639.58893	9562847902.92888	-22314.563719766345	3748.933667891786	-517.0964536428144
192050692.989696	-8646067452.219645	224627605840.6615	9560985633.091528	-22314.20204129188	3739.511622807268	-517.4978728035435
192054292.989696	-8726397923.610855	224641051125.07608	9559121918.443678	-22313.837072174996	3730.0910801782725	-517.8991261453268
192057892.989696	-8806727075.19231	224654462498.24216	9557256759.582228	-22313.468813896317	3720.6720403592044	-518.3002136981411
192061492.989696	-8887054895.12569	224667839965.57047	9555390157.103962	-22313.09726793554	3711.2545037037635	-518.7011354919658
192065092.989696	-8967381371.578003	224681183532.47305	9553522111.60556	-22312.722435771437	3701.8384705649464	-519.1018915567832
192068692.989696	-9047706492.721575	224694493204.3632	9551652623.683592	-22312.344318881846	3692.4239412950465	-519.5024819225785
192072292.989696	-9128030246.734055	224707768986.65546	9549781693.93452	-22311.96291874368	3683.0109162456565	-519.902906619339
192075892.989696	-9208352621.798403	224721010884.76566	9547909322.9547	-22311.57823683293	3673.5993957676683	-520.3031656770552
192079492.989696	-9288673606.102894	224734218904.1109	9546035511.340378	-22311.19027462466	3664.1893802112754	-520.7032591257199
192083092.989696	-9368993187.841112	224747393050.10953	9544160259.68769	-22310.799033593004	3654.780869925972	-521.1031869953287
192086692.989696	-9449311355.211945	224760533328.18112	9542283568.59267	-22310.404515211176	3645.373865260557	-521.5029493158795
192090292.989696	-9529628096.41958	224773639743.74655	9540405438.65124	-22310.00672095146	3635.9683665631314	-521.9025461173728
192093892.989696	-9609943399.673508	224786712302.22794	9538525870.459211	-22309.60565228522	3626.564374181102	-522.3019774298116
192097492.989696	-9690257253.18851	224799751009.04865	9536644864.612295	-22309.201310682893	3617.1618884611817	-522.7012432832012
192101092.989696	-9770569645.184666	224812755869.63327	9534762421.706087	-22308.793697613994	3607.7609097493905	-523.1003437075493
192104692.989696	-9850880563.887335	224825726889.40765	9532878542.336079	-22308.382814547113	3598.3614383910567	-523.4992787328661
192108292.989696	-9931189997.527168	224838664073.79892	9530993227.097652	-22307.96866294992	3588.9634747308182	-523.8980483891639
192111892.989696	-10011497934.340097	224851567428.23538	9529106476.586082	-22307.551244289156	3579.5670191126223	-524.2966527064576
192115492.989696	-10091804362.567333	224864436958.1466	9527218291.396536	-22307.130560030644	3570.1720718797283	-524.695091714764
192119092.989696	-10172109270.455359	224877272668.9634	9525328672.124071	-22306.706611639285	3560.7786333747076	-525.0933654441022
192122692.989696	-10252412646.255932	224890074566.1178	9523437619.363638	-22306.279400579057	3551.3867039394454	-525.4914739244937
192126292.989696	-10332714478.22608	224902842655.04306	9521545133.710077	-22305.848928313015	3541.9962839151412	-525.8894171859619
192129892.989696	-10413014754.628094	224915576941.17368	9519651215.758125	-22305.415196303296	3532.60737364231	-526.2871952585323
192133492.989696	-10493313463.729525	224928277429.94537	9517755866.102407	-22304.978206011114	3523.2199734607834	-526.6848081722325
192137092.989696	-10573610593.803186	224940944126.7951	9515859085.33744	-22304.537958896766	3513.8340837097103	-527.0822559570922
192140692.989696	-10653906133.127146	224953577037.161	9513960874.057634	-22304.094456419625	3504.449704727559	-527.4795386431431
192144292.989696	-10734200069.984722	224966176166.48248	9512061232.857292	-22303.647700038146	3495.066836852117	-527.8766562604187
192147892.989696	-10814492392.664484	224978741520.2001	9510160162.330606	-22303.197691209865	3485.6854804204922	-528.2736088389547
192151492.989696	-10894783089.460245	224991273103.75565	9508257663.071663	-22302.7444313914	3476.3056357691153	-528.6703964087884
192155092.989696	-10975072148.67106	225003770922.59216	9506353735.674438	-22302.287922038446	3466.927303233739	-529.067018999959
192158692.989696	-11055359558.601227	225016234982.15387	9504448380.732801	-22301.828164605788	3457.5504831494404	-529.4634766425077
192162292.989696	-11135645307.560272	225028665287.88617	9502541598.840515	-22301.365160547288	3448.1751758506207	-529.8597693664772
192165892.989696	-11215929383.86296	225041061845.23572	9500633390.59123	-22300.89891131589	3438.801381671008	-530.2558972019121
192169492.989696	-11296211775.829283	225053424659.65033	9498723756.578491	-22300.42941836362	3429.429100943657	-530.6518601788589
192173092.989696	-11376492471.784456	225065753736.57904	9496812697.395737	-22299.95668314159	3420.05833400095	-531.0476583273653
192176692.989696	-11456771460.05892	225078049081.47208	9494900213.636293	-22299.480707099996	3410.6890811745984	-531.443291677481
192180292.989696	-11537048728.988333	225090310699.78085	9492986305.893381	-22299.00149168812	3401.321342795645	-531.8387602592574
192183892.989696	-11617324266.913568	225102538596.95795	9491070974.760113	-22298.51903835432	3391.9551191944615	-532.234064102747
192187492.989696	-11697598062.180714	225114732778.45718	9489154220.82949	-22298.033348546047	3382.5904107007536	-532.6292032380042
192191092.989696	-11777870103.141066	225126893249.73352	9487236044.694412	-22297.544423709835	3373.2272176435595	-533.0241776950846
192194692.989696	-11858140378.151125	225139020016.24313	9485316446.947664	-22297.0522652913	3363.8655403512516	-533.4189875040458
192198292.989696	-11938408875.572598	225151113083.44336	9483395428.181925	-22296.556874735146	3354.505379151538	-533.8136326949464
192201892.989696	-12018675583.772387	225163172456.79272	9481472988.989765	-22296.058253485167	3345.1467343714626	-534.2081132978462
192205492.989696	-12098940491.122591	225175198141.75092	9479549129.96365	-22295.55640298424	3335.7896063374064	-534.6024293428069
192209092.989696	-12179203586.000504	225187190143.77884	9477623851.69593	-22295.051324674325	3326.4339953750896	-534.9965808598911
192212692.989696	-12259464856.788605	225199148468.3385	9475697154.778856	-22294.543019996476	3317.079901809571	-535.3905678791629
192216292.989696	-12339724291.874565	225211073120.89313	9473769039.804564	-22294.031490390833	3307.7273259652497	-535.7843904306875
192219892.989696	-12419981879.651234	225222964106.9071	9471839507.365082	-22293.51673729662	3298.3762681658673	-536.1780485445314
192223492.989696	-12500237608.516642	225234821431.84598	9469908558.052332	-22292.998762152158	3289.026728734507	-536.5715422507624
192227092.989696	-12580491466.873995	225246645101.17642	9467976192.458128	-22292.477566394846	3279.6787079935953	-536.9648715794492
192230692.989696	-12660743443.131674	225258435120.36633	9466042411.174175	-22291.953151461177	3270.3322062649036	-537.358036560662
192234292.989696	-12740993525.703226	225270191494.88474	9464107214.79207	-22291.42551878673	3260.987223869549	-537.7510372244715
192237892.989696	-12821241703.00737	225281914230.20178	9462170603.903303	-22290.894669806185	3251.6437611279944	-538.14387360095
192241492.989696	-12901487963.467983	225293603331.78882	9460232579.099253	-22290.360605953298	3242.301818360051	-538.5365457201705
192245092.989696	-12981732295.514107	225305258805.11832	9458293140.971191	-22289.82332866092	3232.9613958848786	-538.9290536122071
192248692.989696	-13061974687.579933	225316880655.6639	9456352290.110283	-22289.282839361	3223.6224940209854	-539.3213973071349
192252292.989696	-13142215128.104813	225328468888.9004	9454410027.107582	-22288.739139484565	3214.2851130862314	-539.7135768350298
192255892.989696	-13222453605.533245	225340023510.30365	9452466352.554035	-22288.192230461744	3204.9492533978278	-540.1055922259686
192259492.989696	-13302690108.314877	225351544525.35074	9450521267.040483	-22287.642113721755	3195.6149152723383	-540.497443510029
192263092.989696	-13382924624.904495	225363031939.51987	9448574771.157656	-22287.08879069291	3186.28209902568	-540.8891307172895
192266692.989696	-13463157143.762032	225374485758.29034	9446626865.496176	-22286.532262802604	3176.950804973125	-541.2806538778292
192270292.989696	-13543387653.352552	225385905987.14267	9444677550.646557	-22285.97253147734	3167.6210334293	-541.6720130217283
192273892.989696	-13623616142.146257	225397292631.5584	9442726827.199203	-22285.4095981427	3158.29278470819	-542.0632081790674
192277492.989696	-13703842598.618479	225408645697.02032	9440774695.744415	-22284.843464223373	3148.9660591231363	-542.4542393799278
192281092.989696	-13784067011.249674	225419965189.01224	9438821156.87238	-22284.27413114313	3139.640856986839	-542.8451066543917
192284692.989696	-13864289368.525425	225431251113.01913	9436866211.173178	-22283.701600324846	3130.317178611358	-543.2358100325416
192288292.989696	-13944509658.936434	225442503474.52713	9434909859.236784	-22283.12587319048	3120.995024308114	-543.6263495444608
192291892.989696	-14024727870.978521	225453722279.0234	9432952101.65306	-22282.546951161097	3111.6743943878882	-544.0167252202331
192295492.989696	-14104943993.152622	225464907531.99634	9430992939.011765	-22281.96483565685	3102.3552891608256	-544.4069370899425
192299092.989696	-14185158013.964783	225476059238.93536	9429032371.902544	-22281.379528096993	3093.037708936434	-544.796985183674
192302692.989696	-14265369921.926155	225487177405.33105	9427070400.914938	-22280.791029899876	3083.721654023586	-545.1868695315126
192306292.989696	-14345579705.552998	225498262036.67508	9425107026.638376	-22280.19934248294	3074.4071247305196	-545.5765901635439
192309892.989696	-14425787353.366669	225509313138.46024	9423142249.662184	-22279.60446726273	3065.09412136484	-545.9661471098539
192313492.989696	-14505992853.893625	225520330716.1804	9421176070.575573	-22279.00640565488	3055.7826442335186	-546.3555404005288
192317092.989696	-14586196195.665417	225531314775.33057	9419208489.967651	-22278.40515907413	3046.472693642897	-546.7447700656551
192320692.989696	-14666397367.218687	225542265321.40683	9417239508.427416	-22277.800728934315	3037.164269898685	-547.1338361353197
192324292.989696	-14746596357.095167	225553182359.9064	9415269126.543756	-22277.193116648366	3027.857373305963	-547.5227386396098
192327892.989696	-14826793153.841673	225564065896.32758	9413297344.905453	-22276.582323628318	3018.552004169184	-547.9114776086125
192331492.989696	-14906987746.010103	225574915936.16974	9411324164.10118	-22275.9683512853	3009.248162792172	-548.3000530724153
192335092.989696	-14987180122.157433	225585732484.93335	9409349584.719501	-22275.351201029545	2999.9458494781256	-548.6884650611057
192338692.989696	-15067370270.845713	225596515548.12	9407373607.348873	-22274.730874270383	2990.6450645296172	-549.0767136047715
192342292.989696	-15147558180.642065	225607265131.23236	9405396232.577644	-22274.107372416245	2981.345808248595	-549.4647987335003
192345892.989696	-15227743840.118685	225617981239.77417	9403417460.994053	-22273.480696874663	2972.048080936383	-549.85272047738
192349492.989696	-15307927237.852827	225628663879.25024	9401437293.186232	-22272.85084905227	2962.751882893684	-550.2404788664983
192353092.989696	-15388108362.426811	225639313055.1665	9399455729.742203	-22272.217830354795	2953.4572144205777	-550.6280739309428
192356692.989696	-15468287202.428017	225649928773.02994	9397472771.249882	-22271.58164218708	2944.164075816524	-551.0155057008014
192360292.989696	-15548463746.44888	225660511038.3486	9395488418.297075	-22270.94228595306	2934.8724673803636	-551.4027742061616
192363892.989696	-15628637983.086884	225671059856.63165	9393502671.47148	-22270.299763055777	2925.5823894103173	-551.7898794771107
192367492.989696	-15708809900.944567	225681575233.38928	9391515531.360685	-22269.654074897375	2916.2938422039892	-552.1768215437362
