194180875.17235202	-55567078673.58691	226845625227.90012	8225694085.631937	-21569.586812773367	-1563.1918595978989	-726.9696125023095
194184475.17235202	-55644725438.02543	226839982456.5101	8223076439.995348	-21567.50411468985	-1571.68086472604	-727.2779385950887
194188075.17235202	-55722364700.13692	226834309127.61905	8220457684.6524935	-21565.41885347582	-1580.1682490603448	-727.5861159871074
194191675.17235202	-55799996450.69589	226828605247.06195	8217837820.138651	-21563.331030126294	-1588.654012509614	-727.8941447040733
194195275.17235202	-55877620680.48045	226822870820.67416	8215216846.989003	-21561.240645635575	-1597.1381549828739	-728.2020247716736
194198875.17235202	-55955237380.272285	226817105854.29135	8212594765.738643	-21559.147700997255	-1605.620676389376	-728.5097562155752
194202475.17235202	-56032846540.85664	226811310353.74954	8209971576.922568	-21557.05219720422	-1614.101576638596	-728.8173390614244
194206075.17235202	-56110448153.02236	226805484324.88504	8207347281.075687	-21554.95413524863	-1622.5808556402333	-729.124773334847
194209675.17235202	-56188042207.56183	226799627773.53452	8204721878.732814	-21552.853516121948	-1631.05851330421	-729.4320590614478
194213275.17235202	-56265628695.27102	226793740705.53494	8202095370.428671	-21550.750340814913	-1639.5345495406712	-729.7391962668113
194216875.17235202	-56343207606.94946	226787823126.72363	8199467756.697888	-21548.644610317562	-1648.0089642599833	-730.0461849765006
194220475.17235202	-56420778933.40026	226781875042.9382	8196839038.075005	-21546.536325619218	-1656.481757372734	-730.3530252160582
194224075.17235202	-56498342665.43007	226775896460.0166	8194209215.094466	-21544.42548770849	-1664.9529287897315	-730.6597170110053
194227675.17235202	-56575898793.8491	226769887383.79706	8191578288.290628	-21542.31209757328	-1673.4224784220035	-730.9662603868424
194231275.17235202	-56653447309.471115	226763847820.1182	8188946258.197754	-21540.196156200785	-1681.8904061807973	-731.2726553690482
194234875.17235202	-56730988203.11344	226757777774.8189	8186313125.350014	-21538.077664577482	-1690.3567119775785	-731.5789019830806
194238475.17235202	-56808521465.596954	226751677253.7384	8183678890.281487	-21535.956623689144	-1698.8213957240307	-731.8850002543761
194242075.17235202	-56886047087.74607	226745546262.71625	8181043553.526163	-21533.833034520838	-1707.284457332055	-732.1909502083494
194245675.17235202	-56963565060.38875	226739384807.5923	8178407115.617938	-21531.706898056917	-1715.7458967137686	-732.4967518703937
194249275.17235202	-57041075374.35651	226733192894.2067	8175769577.090616	-21529.578215281024	-1724.2057137815054	-732.8024052658809
194252875.17235202	-57118578020.48438	226726970528.39996	8173130938.477913	-21527.446987176103	-1732.6639084478143	-733.1079104201609
194256475.17235202	-57196072989.61096	226720717716.01288	8170491200.31345	-21525.313214724385	-1741.1204806254589	-733.4132673585618
194260075.17235202	-57273560272.57836	226714434462.88657	8167850363.130759	-21523.176898907393	-1749.5754302274167	-733.7184761063899
194263675.17235202	-57351039860.23223	226708120774.86246	8165208427.463282	-21521.038040705942	-1758.0287571668794	-734.0235366889293
194267275.17235202	-57428511743.42175	226701776657.7823	8162565393.844367	-21518.896641100146	-1766.4804613572508	-734.3284491314423
194270875.17235202	-57505975912.99964	226695402117.4881	8159921262.807273	-21516.752701069403	-1774.9305427121474	-734.6332134591688
194274475.17235202	-57583432359.82212	226688997159.82227	8157276034.885168	-21514.606221592414	-1783.379001145397	-734.9378296973264
194278075.17235202	-57660881074.74895	226682561790.62747	8154629710.61113	-21512.457203647173	-1791.8258365710387	-735.2422978711104
194281675.17235202	-57738322048.643394	226676096015.74667	8151982290.518144	-21510.30564821096	-1800.2710489033213	-735.5466180056936
194285275.17235202	-57815755272.37225	226669599841.0232	8149333775.139106	-21508.151556260364	-1808.714638056704	-735.8507901262265
194288875.17235202	-57893180736.805824	226663073272.3006	8146684165.006822	-21505.994928771255	-1817.1566039458542	-736.1548142578364
194292475.17235202	-57970598432.81793	226656516315.4228	8144033460.654006	-21503.83576671881	-1825.5969464856485	-736.4586904256284
194296075.17235202	-58048008351.2859	226649928976.234	8141381662.613283	-21501.674071077494	-1834.035665591171	-736.7624186546847
194299675.17235202	-58125410483.09055	226643311260.57877	8138728771.417189	-21499.50984282107	-1842.4727611777128	-737.0659989700641
194303275.17235202	-58202804819.11624	226636663174.30185	8136074787.5981655	-21497.3430829226	-1850.9082331607717	-737.3694313968028
194306875.17235202	-58280191350.25079	226629984723.2484	8133419711.688568	-21495.173792354446	-1859.3420814560513	-737.6727159599138
194310475.17235202	-58357570067.38555	226623275913.2639	8130763544.22066	-21493.00197208826	-1867.7743059794602	-737.9758526843867
194314075.17235202	-58434940961.41535	226616536750.194	8128106285.726617	-21490.827623094992	-1876.2049066471118	-738.2788415951879
194317675.17235202	-58512304023.238525	226609767239.88477	8125447936.738522	-21488.650746344894	-1884.6338833753234	-738.5816827172605
194321275.17235202	-58589659243.75689	226602967388.18253	8122788497.788369	-21486.471342807512	-1893.0612360806156	-738.8843760755237
194324875.17235202	-58667006613.875755	226596137200.9339	8120127969.408065	-21484.289413451697	-1901.4869646797117	-739.1869216948735
194328475.17235202	-58744346124.50392	226589276683.98584	8117466352.129423	-21482.104959245593	-1909.911069089537	-739.489319600182
194332075.17235202	-58821677766.553665	226582385843.18558	8114803646.484171	-21479.917981156643	-1918.333549227218	-739.7915698162972
194335675.17235202	-58899001530.94075	226575464684.38065	8112139853.003943	-21477.728480151593	-1926.7544050100823	-740.0936723680436
194339275.17235202	-58976317408.58442	226568513213.41885	8109474972.220288	-21475.536457196486	-1935.1736363556574	-740.3956272802214
194342875.17235202	-59053625390.40739	226561531436.14832	8106809004.664663	-21473.341913256667	-1943.59124318167	-740.6974345776069
194346475.17235202	-59130925467.335846	226554519358.41745	8104141950.868438	-21471.144849296783	-1952.007225406046	-740.9990942849521
194350075.17235202	-59208217630.29946	226547476986.075	8101473811.36289	-21468.945266280774	-1960.4215829469092	-741.3006064269844
194353675.17235202	-59285501870.23136	226540404324.96997	8098804586.679212	-21466.74316517189	-1968.834315722581	-741.6019710284069
194357275.17235202	-59362778178.068146	226533301380.95163	8096134277.348504	-21464.538546932676	-1977.2454236515803	-741.9031881138983
194360875.17235202	-59440046544.74988	226526168159.8696	8093462883.901781	-21462.33141252498	-1985.654906652621	-742.2042577081124
194364475.17235202	-59517306961.22008	226519004667.57376	8090790406.869966	-21460.12176290996	-1994.062764644614	-742.5051798356785
194368075.17235202	-59594559418.425735	226511810909.91428	8088116846.783895	-21457.909599048064	-2002.4689975466638	-742.8059545212009
194371675.17235202	-59671803907.31728	226504586892.74164	8085442204.1743145	-21455.694921899045	-2010.8736052780703	-743.1065817892588
194375275.17235202	-59749040418.84862	226497332621.9066	8082766479.571884	-21453.47773242197	-2019.2765877583265	-743.4070616644066
194378875.17235202	-59826268943.97708	226490048103.26016	8080089673.507174	-21451.25803157519	-2027.677944907119	-743.7073941711733
194382475.17235202	-59903489473.66347	226482733342.65375	8077411786.510665	-21449.03582031638	-2036.0776766443264	-744.0075793340626
194386075.17235202	-59980701998.87202	226475388345.93893	8074732819.112752	-21446.811099602506	-2044.4757828900194	-744.3076171775529
194389675.17235202	-60057906510.57041	226468013118.96762	8072052771.84374	-21444.583870389837	-2052.8722635644594	-744.6075077260969
194393275.17235202	-60135102999.729774	226460607667.59204	8069371645.233849	-21442.354133633955	-2061.267118588099	-744.9072510041218
194396875.17235202	-60212291457.32467	226453171997.66467	8066689439.813206	-21440.12189028974	-2069.66034788158	-745.2068470360291
194400475.17235202	-60289471874.3331	226445706115.03827	8064006156.111855	-21437.887141311385	-2078.051951365734	-745.5062958461945
194404075.17235202	-60366644241.736496	226438210025.5659	8061321794.65975	-21435.649887652376	-2086.441928961581	-745.8055974589674
194407675.17235202	-60443808550.51972	226430683735.1009	8058636355.986758	-21433.410130265514	-2094.8302805903295	-746.1047518986715
194411275.17235202	-60520964791.671074	226423127249.4969	8055949840.622659	-21431.1678701029	-2103.2170061733746	-746.4037591896039
194414875.17235202	-60598112956.182274	226415540574.6078	8053262249.097143	-21428.923108115952	-2111.6021056322984	-746.7026193560357
194418475.17235202	-60675253035.04846	226407923716.28778	8050573581.9398155	-21426.67584525538	-2119.9855788888694	-747.0013324222115
194422075.17235202	-60752385019.2682	226400276680.39133	8047883839.680194	-21424.42608247121	-2128.3674258650412	-747.2998984123492
194425675.17235202	-60829508899.84348	226392599472.7732	8045193022.847709	-21422.173820712775	-2136.747646482953	-747.5983173506403
194429275.17235202	-60906624667.7797	226384892099.2884	8042501131.971703	-21419.919060928714	-2145.1262406649266	-747.8965892612492
194432875.17235202	-60983732314.08568	226377154565.79224	8039808167.581432	-21417.66180406697	-2153.5032083334695	-748.1947141683137
194436475.17235202	-61060831829.77363	226369386878.14032	8037114130.206066	-21415.4020510748	-2161.878549411271	-748.4926920959442
194440075.17235202	-61137923205.85919	226361589042.18848	8034419020.374687	-21413.13980289877	-2170.2522638212026	-748.7905230682244
194443675.17235202	-61215006433.36141	226353761063.79288	8031722838.616292	-21410.875060484752	-2178.624351486318	-749.0882071092103
194447275.17235202	-61292081503.302734	226345902948.80994	8029025585.459789	-21408.607824777922	-2186.994812329852	-749.3857442429307
194450875.17235202	-61369148406.709	226338014703.09637	8026327261.434003	-21406.338096722775	-2195.3636462752183	-749.683134493387
194454475.17235202	-61446207134.60945	226330096332.50912	8023627867.067668	-21404.06587726311	-2203.730853246013	-749.9803778845527
194458075.17235202	-61523257678.036736	226322147842.90546	8020927402.889436	-21401.79116734204	-2212.096433166009	-750.2774744403737
194461675.17235202	-61600300028.026886	226314169240.14288	8018225869.427871	-21399.51396790198	-2220.460385959159	-750.5744241847678
194465275.17235202	-61677334175.61933	226306160530.0792	8015523267.211451	-21397.23427988467	-2228.8227115495934	-750.8712271416252
194468875.17235202	-61754360111.85689	226298121718.57245	8012819596.768567	-21394.952104231146	-2237.18340986162	-751.1678833348076
194472475.17235202	-61831377827.78576	226290052811.48102	8010114858.627527	-21392.667441881767	-2245.5424808197226	-751.4643927881484
194476075.17235202	-61908387314.45553	226281953814.66348	8007409053.316551	-21390.380293776198	-2253.899924348561	-751.7607555254527
194479675.17235202	-61985388562.91917	226273824733.97873	8004702181.363774	-21388.090660853413	-2262.2557403729706	-752.0569715704972
194483275.17235202	-62062381564.23302	226265665575.2859	8001994243.297246	-21385.798544051704	-2270.6099288179616	-752.3530409470299
194486875.17235202	-62139366309.45681	226257476344.44443	7999285239.64493	-21383.503944308675	-2278.962489608718	-752.6489636787696
194490475.17235202	-62216342789.65363	226249257047.314	7996575170.934705	-21381.206862561237	-2287.313422670597	-752.9447397894066
194494075.17235202	-62293310995.88997	226241007689.75458	7993864037.694364	-21378.907299745624	-2295.6627279291292	-753.2403693026021
194497675.17235202	-62370270919.23565	226232728277.62637	7991151840.451614	-21376.605256797375	-2304.0104053100167	-753.5358522419879
194501275.17235202	-62447222550.76388	226224418816.7899	7988438579.734081	-21374.300734651344	-2312.3564547391334	-753.8311886311666
194504875.17235202	-62524165881.55122	226216079313.10587	7985724256.069302	-21371.993734241703	-2320.7008761425236	-754.1263784937113
194508475.17235202	-62601100902.67762	226207709772.43536	7983008869.98473	-21369.684256501936	-2329.043669446402	-754.4214218531656
194512075.17235202	-62678027605.22636	226199310200.63965	7980292422.007734	-21367.37230236484	-2337.384834577153	-754.7163187330433
194515675.17235202	-62754945980.28409	226190880603.5803	7977574912.665599	-21365.057872762536	-2345.72437146133	-755.0110691568283
194519275.17235202	-62831856018.94081	226182420987.1191	7974856342.485524	-21362.740968626444	-2354.062280025654	-755.3056731479744
194522875.17235202	-62908757712.28988	226173931357.1182	7972136711.994625	-21360.421590887312	-2362.398560197015	-755.6001307299055
194526475.17235202	-62985651051.42799	226165411719.43985	7969416021.719933	-21358.0997404752	-2370.733211902468	-755.8944419260148
194530075.17235202	-63062536027.45521	226156862079.94672	7966694272.188393	-21355.77541831949	-2379.066235069236	-756.1886067596655
194533675.17235202	-63139412631.474915	226148282444.50168	7963971463.926869	-21353.44862534887	-2387.397629624707	-756.4826252541901
194537275.17235202	-63216280854.59386	226139672818.96783	7961247597.462141	-21351.119362491347	-2395.727395496434	-756.7764974328903
194540875.17235202	-63293140687.922104	226131033209.2086	7958522673.320903	-21348.787630674255	-2404.055532612135	-757.0702233190369
194544475.17235202	-63369992122.573074	226122363621.08762	7955796692.029767	-21346.453430824233	-2412.3820408996908	-757.3638029358699
194548075.17235202	-63446835149.66351	226113664060.4688	7953069654.11526	-21344.116763867245	-2420.7069202871467	-757.6572363065978
194551675.17235202	-63523669760.3135	226104934533.21634	7950341560.1038265	-21341.77763072857	-2429.0301707027097	-757.9505234543982
194555275.17235202	-63600495945.64645	226096175045.1946	7947612410.521828	-21339.43603233281	-2437.351792074749	-758.243664402417
194558875.17235202	-63677313696.78909	226087385602.26834	7944882205.895541	-21337.09196960388	-2445.6717843317947	-758.5366591737686
194562475.17235202	-63754123004.8715	226078566210.30246	7942150946.751161	-21334.745443465014	-2453.990147402538	-758.8295077915357
194566075.17235202	-63830923861.027054	226069716875.16217	7939418633.614799	-21332.396454838767	-2462.306881215829	-759.1222102787689
194569675.17235202	-63907716256.392456	226060837602.71292	7936685267.012483	-21330.04500464701	-2470.621985700679	-759.414766658487
194573275.17235202	-63984500182.107735	226051928398.8204	7933950847.470159	-21327.691093810943	-2478.935460786257	-759.7071769536766
194576875.17235202	-64061275629.31622	226042989269.35062	7931215375.51369	-21325.33472325108	-2487.2473064018905	-759.9994411872917
194580475.17235202	-64138042589.16457	226034020220.16977	7928478851.668857	-21322.975893887247	-2495.5575224770637	-760.2915593822539
194584075.17235202	-64214801052.80275	226025021257.14432	7925741276.461357	-21320.61460663861	-2503.8661089414186	-760.5835315614523
194587675.17235202	-64291551011.38401	226015992386.141	7923002650.416806	-21318.25086242364	-2512.1730657247526	-760.875357747743
194591275.17235202	-64368292456.06494	226006933613.0268	7920262974.060738	-21315.884662160133	-2520.478392757019	-761.1670379639493
194594875.17235202	-64445025378.00541	225997844943.66895	7917522247.918603	-21313.51600676521	-2528.7820899683256	-761.4585722328611
194598475.17235202	-64521749768.36859	225988726383.9349	7914780472.515771	-21311.14489715531	-2537.084157288936	-761.7499605772352
194602075.17235202	-64598465618.32097	225979577939.6924	7912037648.377529	-21308.771334246198	-2545.3845946492656	-762.041203019795
194605675.17235202	-64675172919.0323	225970399616.80945	7909293776.029083	-21306.39531895296	-2553.6834019798844	-762.3322995832301
194609275.17235202	-64751871661.67567	225961191421.15427	7906548855.995558	-21304.016852190005	-2561.9805792115135	-762.6232502901963
194612875.17235202	-64828561837.42741	225951953358.59534	7903802888.801994	-21301.63593487106	-2570.2761262750264	-762.9140551633157
194616475.17235202	-64905243437.46716	225942685435.00137	7901055874.973355	-21299.25256790919	-2578.5700431014475	-763.204714225176
194620075.17235202	-64981916452.977875	225933387656.24136	7898307815.03452	-21296.866752216763	-2586.862329621952	-763.4952274983308
194623675.17235202	-65058580875.145744	225924060028.18454	7895558709.510287	-21294.47848870549	-2595.1529857678643	-763.7855950052993
194627275.17235202	-65135236695.16026	225914702556.70038	7892808558.925375	-21292.08777828639	-2603.442011470658	-764.075816768566
194630875.17235202	-65211883904.21421	225905315247.65857	7890057363.8044195	-21289.69462186982	-2611.7294066619565	-764.3658928105806
194634475.17235202	-65288522493.503624	225895898106.9291	7887305124.671977	-21287.29902036546	-2620.0151712735296	-764.6558231537579
194638075.17235202	-65365152454.22783	225886451140.38217	7884551842.052524	-21284.900974682307	-2628.299305237295	-764.9456078204773
194641675.17235202	-65441773777.58942	225876974353.88824	7881797516.470454	-21282.50048572869	-2636.5818084853163	-765.2352468330835
194645275.17235202	-65518386454.79424	225867467753.31802	7879042148.450084	-21280.097554412267	-2644.862680949804	-765.5247402138851
194648875.17235202	-65594990477.05144	225857931344.54245	7876285738.515646	-21277.69218164001	-2653.1419225631134	-765.8140879851555
194652475.17235202	-65671585835.573395	225848365133.43268	7873528287.191296	-21275.28436831823	-2661.4195332577447	-766.1032901691322
194656075.17235202	-65748172521.57576	225838769125.86017	7870769795.001106	-21272.87411535256	-2669.6955129663415	-766.3923467880164
194659675.17235202	-65824750526.27745	225829143327.6966	7868010262.469073	-21270.461423647957	-2677.9698616216915	-766.6812578639735
194663275.17235202	-65901319840.90063	225819487744.81384	7865249690.119111	-21268.04629410871	-2686.242579156725	-766.9700234191324
194666875.17235202	-65977880456.670715	225809802383.08408	7862488078.475055	-21265.628727638432	-2694.5136655045135	-767.2586434755854
194670475.17235202	-66054432364.81639	225800087248.3797	7859725428.060659	-21263.20872514007	-2702.783120598271	-767.5471180553881
194674075.17235202	-66130975556.56957	225790342346.57333	7856961739.399602	-21260.78628751589	-2711.050944371352	-767.8354471805593
194677675.17235202	-66207510023.165436	225780567683.53787	7854197013.015479	-21258.361415667492	-2719.3171367572513	-768.1236308730807
194681275.17235202	-66284035755.84239	225770763265.14642	7851431249.431808	-21255.934110495808	-2727.581697689602	-768.4116691548968
194684875.17235202	-66360552745.8421	225760929097.27234	7848664449.17203	-21253.50437290109	-2735.844627102178	-768.6995620479145
194688475.17235202	-66437060984.409454	225751065185.78918	7845896612.759504	-21251.072203782925	-2744.10592492889	-768.987309574003
194692075.17235202	-66513560462.79259	225741171536.57083	7843127740.717512	-21248.637604040232	-2752.3655911037868	-769.2749117549938
194695675.17235202	-66590051172.242874	225731248155.4913	7840357833.569257	-21246.200574571256	-2760.6236255610534	-769.5623686126805
194699275.17235202	-66666533104.01491	225721295048.42493	7837586891.837863	-21243.76111627357	-2768.880028235012	-769.8496801688183
194702875.17235202	-66743006249.36652	225711312221.24622	7834814916.046377	-21241.319230044082	-2777.1347990601203	-770.136846445124
194706475.17235202	-66819470599.558784	225701299679.83	7832041906.717768	-21238.874916779034	-2785.3879379709706	-770.423867463276
194710075.17235202	-66895926145.855965	225691257430.0512	7829267864.374926	-21236.42817737399	-2793.63944490229	-770.7107432449137
194713675.17235202	-66972372879.52558	225681185477.78516	7826492789.540663	-21233.97901272385	-2801.8893197889392	-770.9974738116377
194717275.17235202	-67048810791.838356	225671083828.9073	7823716682.737714	-21231.527423722844	-2810.137562565912	-771.2840591850093
194720875.17235202	-67125239874.06824	225660952489.2933	7820939544.488737	-21229.073411264537	-2818.384173168334	-771.5704993865502
194724475.17235202	-67201660117.492386	225650791464.81915	7818161375.316312	-21226.616976241825	-2826.6291515314642	-771.8567944377429
194728075.17235202	-67278071513.391174	225640600761.36102	7815382175.74294	-21224.158119546937	-2834.8724975906907	-772.14294436003
194731675.17235202	-67354474053.04819	225630380384.79532	7812601946.291048	-21221.696842071433	-2843.1142112815337	-772.4289491748141
194735275.17235202	-67430867727.75022	225620130340.9987	7809820687.482985	-21219.233144706206	-2851.354292539643	-772.7148089034574
194738875.17235202	-67507252528.78728	225609850635.84802	7807038399.841021	-21216.76702834149	-2859.5927413007976	-773.0005235672821
194742475.17235202	-67583628447.45255	225599541275.2204	7804255083.887352	-21214.298493866838	-2867.8295575009042	-773.2860931875695
194746075.17235202	-67659995475.04246	225589202264.99316	7801470740.144096	-21211.82754217115	-2876.064741075999	-773.57151778556
194749675.17235202	-67736353602.85659	225578833611.04388	7798685369.133297	-21209.354174142656	-2884.298291962244	-773.8567973824532
194753275.17235202	-67812702822.197754	225568435319.25034	7795898971.376919	-21206.87839066892	-2892.5302100959293	-774.1419319994075
194756875.17235202	-67889043124.37194	225558007395.49057	7793111547.396852	-21204.40019263684	-2900.76049541347	-774.4269216575395
194760475.17235202	-67965374500.68833	225547549845.64282	7790323097.71491	-21201.919580932652	-2908.989147851407	-774.7117663779247
194764075.17235202	-68041696942.45931	225537062675.58557	7787533622.852831	-21199.436556441928	-2917.2161673464057	-774.9964661815962
194767675.17235202	-68118010441.000435	225526545891.19754	7784743123.332277	-21196.951120049573	-2925.441553835256	-775.2810210895452
194771275.17235202	-68194314987.63045	225515999498.35764	7781951599.674836	-21194.463272639827	-2933.6653072548706	-775.5654311227205
194774875.17235202	-68270610573.67128	225505423502.94504	7779159052.402019	-21191.97301509627	-2941.8874275422854	-775.8496963020284
194778475.17235202	-68346897190.44804	225494817910.83914	7776365482.035261	-21189.48034830182	-2950.1079146346583	-776.1338166483325
194782075.17235202	-68423174829.28901	225484182727.91956	7773570889.095925	-21186.985273138725	-2958.3267684692687	-776.4177921824535
194785675.17235202	-68499443481.52565	225473517960.06613	7770775274.105297	-21184.48779048858	-2966.5439889835166	-776.7016229251686
194789275.17235202	-68575703138.4926	225462823613.15894	7767978637.584589	-21181.987901232307	-2974.7595761149223	-776.9853088972119
194792875.17235202	-68651953791.52766	225452099693.07825	7765180980.054937	-21179.485606250175	-2982.9735298011265	-777.2688501192736
194796475.17235202	-68728195431.97179	225441346205.7046	7762382302.037405	-21176.980906421788	-2991.1858499798873	-777.5522466120001
194800075.17235202	-68804428051.16913	225430563156.91867	7759582604.052981	-21174.473802626086	-2999.3965365890817	-777.8354983959936
194803675.17235202	-68880651640.46698	225419750552.6015	7756781886.62258	-21171.96429574135	-3007.605589566704	-778.118605491812
194807275.17235202	-68956866191.2158	225408908398.63425	7753980150.267041	-21169.4523866452	-3015.813008850866	-778.4015679199687
194810875.17235202	-69033071694.76923	225398036700.8983	7751177395.507133	-21166.938076214596	-3024.0187943797946	-778.6843857009321
194814475.17235202	-69109268142.48401	225387135465.27527	7748373622.863546	-21164.421365325838	-3032.2229460918334	-778.9670588551259
194818075.17235202	-69185455525.72008	225376204697.64706	7745568832.856903	-21161.90225485456	-3040.42546392544	-779.2495874029279
194821675.17235202	-69261633835.84052	225365244403.89572	7742763026.007749	-21159.38074567575	-3048.6263478191872	-779.531971364671
194825275.17235202	-69337803064.21155	225354254589.90356	7739956202.836556	-21156.856838663716	-3056.825597711761	-779.8142107606418
194828875.17235202	-69413963202.20255	225343235261.55307	7737148363.863727	-21154.330534692126	-3065.02321354196	-780.0963056110812
194832475.17235202	-69490114241.18602	225332186424.727	7734339509.609587	-21151.801834633978	-3073.2191952486955	-780.3782559361838
194836075.17235202	-69566256172.53764	225321108085.3083	7731529640.594392	-21149.270739361615	-3081.4135427709903	-780.6600617560975
194839675.17235202	-69642388987.63622	225310000249.18015	7728718757.338325	-21146.737249746722	-3089.606256047978	-780.9417230909238
194843275.17235202	-69718512677.86366	225298862922.22592	7725906860.361495	-21144.201366660323	-3097.797335018903	-781.2232399607168
194846875.17235202	-69794627234.60506	225287696110.32925	7723093950.183941	-21141.66309097279	-3105.9867796231197	-781.5046123854836
194850475.17235202	-69870732649.2486	225276499819.37396	7720280027.325629	-21139.122423553832	-3114.1745898000904	-781.7858403851837
194854075.17235202	-69946828913.18561	225265274055.24408	7717465092.306454	-21136.5793652725	-3122.3607654893867	-782.0669239797288
194857675.17235202	-70022916017.81056	225254018823.82388	7714649145.646237	-21134.033916997192	-3130.5453066306877	-782.3478631889826
194861275.17235202	-70098993954.52104	225242734130.99786	7711832187.864732	-21131.48607959565	-3138.7282131637794	-782.6286580327605
194864875.17235202	-70175062714.71774	225231419982.6507	7709014219.481617	-21128.935853934952	-3146.9094850285546	-782.9093085308295
194868475.17235202	-70251122289.8045	225220076384.66733	7706195241.016501	-21126.38324088153	-3155.0891221650118	-783.1898147029077
194872075.17235202	-70327172671.18826	225208703342.93286	7703375252.988924	-21123.82824130115	-3163.267124513254	-783.4701765686641
194875675.17235202	-70403213850.27908	225197300863.33264	7700554255.918351	-21121.270856058934	-3171.4434920134904	-783.7503941477183
194879275.17235202	-70479245818.49013	225185868951.75226	7697732250.324181	-21118.711086019342	-3179.618224606032	-784.0304674596406
194882875.17235202	-70555268567.2377	225174407614.07745	7694909236.725739	-21116.148932046177	-3187.7913222312945	-784.310396523951
194886475.17235202	-70631282087.94118	225162916856.1942	7692085215.642282	-21113.584395002592	-3195.962784829795	-784.5901813601197
194890075.17235202	-70707286372.02307	225151396683.98877	7689260187.592996	-21111.017475751083	-3204.1326123421536	-784.8698219875663
194893675.17235202	-70783281410.90898	225139847103.34753	7686434153.096998	-21108.448175153495	-3212.3008047090907	-785.1493184256598
194897275.17235202	-70859267196.0276	225128268120.1571	7683607112.673335	-21105.876494071013	-3220.467361871428	-785.4286706937182
194900875.17235202	-70935243718.81075	225116659740.30435	7680779066.840984	-21103.302433364177	-3228.6322837700864	-785.7078788110084
194904475.17235202	-71011210970.69331	225105021969.67633	7677950016.118854	-21100.725993892866	-3236.795570346087	-785.9869427967456
194908075.17235202	-71087168943.1133	225093354814.1603	7675119961.025783	-21098.14717651631	-3244.9572215405487	-786.265862670093
194911675.17235202	-71163117627.51178	225081658279.64377	7672288902.080541	-21095.565982093092	-3253.117237294689	-786.5446384501623
194915275.17235202	-71239057015.33295	225069932372.0144	7669456839.80183	-21092.98241148113	-3261.275617549822	-786.8232701560122
194918875.17235202	-71314987098.02405	225058177097.1601	7666623774.708283	-21090.3964655377	-3269.4323622473594	-787.1017578066492
194922475.17235202	-71390907867.03545	225046392460.96896	7663789707.318465	-21087.80814511942	-3277.5874713288076	-787.3801014210264
194926075.17235202	-71466819313.82057	225034578469.32935	7660954638.150872	-21085.217451082262	-3285.740944735769	-787.6583010180442
194929675.17235202	-71542721429.83592	225022735128.12976	7658118567.723933	-21082.624384281546	-3293.892782409941	-787.936356616549
194933275.17235202	-71618614206.5411	225010862443.25894	7655281496.556008	-21080.028945571936	-3302.042984293115	-788.2142682353335
194936875.17235202	-71694497635.39877	224998960420.60587	7652443425.165392	-21077.431135807452	-3310.191550327175	-788.4920358931364
194940475.17235202	-71770371707.87468	224987029066.0597	7649604354.070309	-21074.830955841462	-3318.338480454098	-788.7696596086416
194944075.17235202	-71846236415.43762	224975068385.50977	7646764283.788918	-21072.228406526683	-3326.483774615953	-789.0471394004787
194947675.17235202	-71922091749.55948	224963078384.84567	7643923214.839311	-21069.623488715184	-3334.6274327549004	-789.324475287222
194951275.17235202	-71997937701.7152	224951059069.9572	7641081147.739513	-21067.01620325838	-3342.7694548131913	-789.6016672873905
194954875.17235202	-72073774263.38278	224939010446.73438	7638238083.0074835	-21064.406551007043	-3350.909840733166	-789.8787154194475
194958475.17235202	-72149601426.0433	224926932521.06735	7635394021.161113	-21061.79453281129	-3359.048590457256	-790.1556197018006
194962075.17235202	-72225419181.18091	224914825298.8466	7632548962.718227	-21059.1801495206	-3367.18570392798	-790.4323801528006
194965675.17235202	-72301227520.28276	224902688785.96265	7629702908.196588	-21056.56340198379	-3375.3211810879448	-790.7089967907422
194969275.17235202	-72377026434.83911	224890522988.3064	7626855858.113888	-21053.94429104904	-3383.455021879845	-790.9854696338627
194972875.17235202	-72452815916.34325	224878327911.76883	7624007812.987756	-21051.32281756388	-3391.587226246461	-791.2617987003429
194976475.17235202	-72528595956.29152	224866103562.2412	7621158773.335755	-21048.698982375186	-3399.71779413066	-791.5379840083052
194980075.17235202	-72604366546.18332	224853849945.61496	7618308739.6753845	-21046.072786329198	-3407.8467254753946	-791.8140255758149
194983675.17235202	-72680127677.52107	224841567067.7817	7615457712.524076	-21043.4442302715	-3415.9740202237017	-792.0899234208784
194987275.17235202	-72755879341.81027	224829254934.63333	7612605692.3991995	-21040.81331504703	-3424.099678318702	-792.3656775614442
194990875.17235202	-72831621530.55943	224816913552.06186	7609752679.818058	-21038.18004150009	-3432.2236997036002	-792.6412880154014
194994475.17235202	-72907354235.2801	224804542925.95956	7606898675.297892	-21035.544410474326	-3440.3460843216835	-792.9167548005803
194998075.17235202	-72983077447.4869	224792143062.21893	7604043679.355875	-21032.906422812735	-3448.4668321163203	-793.1920779347515
195001675.17235202	-73058791158.69742	224779713966.7326	7601187692.509121	-21030.266079357683	-3456.5859430309615	-793.4672574356259
195005275.17235202	-73134495360.43233	224767255645.39343	7598330715.274677	-21027.623380950878	-3464.703417009138	-793.742293320854
195008875.17235202	-73210190044.21533	224754768104.0945	7595472748.169529	-21024.97832843339	-3472.8192539944603	-794.0171856080258
195012475.17235202	-73285875201.57314	224742251348.72913	7592613791.710597	-21022.330922645644	-3480.9334539306196	-794.2919343146706
195016075.17235202	-73361550824.03548	224729705385.19073	7589753846.41474	-21019.681164427417	-3489.0460167613846	-794.5665394582562
195019675.17235202	-73437216903.13512	224717130219.37305	7586892912.798753	-21017.029054617844	-3497.156942430603	-794.841001056189
195023275.17235202	-73512873430.40782	224704525857.16992	7584030991.37937	-21014.37459405542	-3505.266230882199	-795.1153191258136
195026875.17235202	-73588520397.39241	224691892304.47543	7581168082.673261	-21011.717783577995	-3513.373882060174	-795.3894936844118
195030475.17235202	-73664157795.63069	224679229567.18387	7578304187.197035	-21009.05862402277	-3521.479895908605	-795.6635247492034
195034075.17235202	-73739785616.66748	224666537651.18973	7575439305.467238	-21006.39711622631	-3529.5842723716455	-795.9374123373448
195037675.17235202	-73815403852.05063	224653816562.3877	7572573438.000358	-21003.73326102454	-3537.687011393522	-796.2111564659292
195041275.17235202	-73891012493.33098	224641066306.67267	7569706585.312815	-21001.06705925273	-3545.7881129185366	-796.4847571519861
195044875.17235202	-73966611532.06238	224628286889.93973	7566838747.920974	-20998.398511745527	-3553.8875768910643	-796.7582144124807
195048475.17235202	-74042200959.80167	224615478318.08417	7563969926.341135	-20995.72761933692	-3561.9854032555527	-797.0315282643139
195052075.17235202	-74117780768.10872	224602640597.00146	7561100121.0895405	-20993.054382860268	-3570.0815919565216	-797.3046987243218
195055675.17235202	-74193350948.54639	224589773732.58734	7558229332.68237	-20990.37880314828	-3578.176142938562	-797.5777258092754
195059275.17235202	-74268911492.68051	224576877730.73764	7555357561.635744	-20987.70088103303	-3586.2690561463355	-797.8506095358798
195062875.17235202	-74344462392.07994	224563952597.34848	7552484808.465722	-20985.020617345952	-3594.360331524574	-798.1233499207744
195066475.17235202	-74420003638.31651	224550998338.31613	7549611073.688305	-20982.338012917837	-3602.449969018079	-798.3959469805322
195070075.17235202	-74495535222.96506	224538014959.53708	7546736357.819433	-20979.65306857884	-3610.537968571721	-798.6684007316596
195073675.17235202	-74571057137.60338	224525002466.90802	7543860661.374988	-20976.96578515847	-3618.6243301304376	-798.9407111905956
195077275.17235202	-74646569373.81229	224511960866.3258	7540983984.870791	-20974.27616348561	-3626.7090536392343	-799.2128783737119
195080875.17235202	-74722071923.17557	224498890163.68753	7538106328.822608	-20971.58420438849	-3634.792139043183	-799.4849022973121
195084475.17235202	-74797564777.27997	224485790364.89047	7535227693.746142	-20968.889908694713	-3642.873586287422	-799.7567829776319
195088075.17235202	-74873047927.71524	224472661475.83212	7532348080.157042	-20966.193277231232	-3650.9533953171544	-800.0285204308382
195091675.17235202	-74948521366.0741	224459503502.41013	7529467488.570893	-20963.494310824375	-3659.031566077649	-800.3001146730285
195095275.17235202	-75023985083.95222	224446316450.52237	7526585919.503229	-20960.79301029982	-3667.1080985142376	-800.5715657202312
195098875.17235202	-75099439072.9483	224433100326.0669	7523703373.469522	-20958.08937648262	-3675.1829925723155	-800.8428735884046
195102475.17235202	-75174883324.66394	224419855134.942	7520819850.9851885	-20955.38341019718	-3683.256248197341	-801.1140382934368
195106075.17235202	-75250317830.70375	224406580883.04608	7517935352.565586	-20952.675112267276	-3691.3278653348343	-801.3850598511451
195109675.17235202	-75325742582.67528	224393277576.27783	7515049878.726018	-20949.964483516043	-3699.3978439303764	-801.6559382772757
195113275.17235202	-75401157572.18906	224379945220.5361	7512163429.981729	-20947.251524765987	-3707.466183929609	-801.9266735875033
195116875.17235202	-75476562790.85858	224366583821.7199	7509276006.847908	-20944.53623683897	-3715.532885278234	-802.1972657974306
195120475.17235202	-75551958230.30028	224353193385.72852	7506387609.839689	-20941.81862055622	-3723.5979479220127	-802.4677149225881
195124075.17235202	-75627343882.13354	224339773918.46136	7503498239.472149	-20939.098676738333	-3731.6613718067647	-802.7380209784334
195127675.17235202	-75702719737.98073	224326325425.81808	7500607896.260309	-20936.37640620527	-3739.7231568783673	-803.0081839803506
195131275.17235202	-75778085789.46715	224312847913.6985	7497716580.719137	-20933.651809776355	-3747.7833030827555	-803.2782039436505
195134875.17235202	-75853442028.22104	224299341388.0026	7494824293.3635435	-20930.92488827028	-3755.8418103659205	-803.5480808835696
195138475.17235202	-75928788445.8736	224285805854.6306	7491931034.708385	-20928.195642505103	-3763.898678673909	-803.8178148152698
195142075.17235202	-76004125034.05894	224272241319.48297	7489036805.268465	-20925.464073298244	-3771.953907952824	-804.0874057538383
195145675.17235202	-76079451784.41418	224258647788.46027	7486141605.558531	-20922.730181466497	-3780.007498148822	-804.3568537142868
195149275.17235202	-76154768688.57933	224245025267.4633	7483245436.093278	-20919.993967826016	-3788.059449208113	-804.626158711551
195152875.17235202	-76230075738.19734	224231373762.393	7480348297.387346	-20917.255433192327	-3796.109761076962	-804.8953207604904
195156475.17235202	-76305372924.91411	224217693279.15063	7477450189.955323	-20914.514578380324	-3804.1584337016848	-805.1643398758878
195160075.17235202	-76380660240.37845	224203983823.6375	7474551114.311743	-20911.771404204264	-3812.2054670286498	-805.4332160724484
195163675.17235202	-76455937676.24213	224190245401.75525	7471651070.9710865	-20909.025911477776	-3820.250861004276	-805.7019493648003
195167275.17235202	-76531205224.1598	224176478019.40558	7468750060.447783	-20906.278101013857	-3828.2946155750333	-805.9705397674929
195170875.17235202	-76606462875.78911	224162681682.49045	7465848083.25621	-20903.527973624874	-3836.3367306874416	-806.2389872949975
195174475.17235202	-76681710622.79057	224148856396.91202	7462945139.910692	-20900.77553012256	-3844.3772062880694	-806.5072919617061
195178075.17235202	-76756948456.82764	224135002168.57263	7460041230.925502	-20898.020771318013	-3852.416042323534	-806.775453781931
195181675.17235202	-76832176369.56668	224121119003.37482	7457136356.814861	-20895.263698021714	-3860.4532387405	-807.0434727699047
195185275.17235202	-76907394352.67699	224107206907.2213	7454230518.09294	-20892.504311043504	-3868.488795485681	-807.3113489397792
195188875.17235202	-76982602397.83075	224093265886.015	7451323715.273859	-20889.742611192596	-3876.522712505834	-807.5790823056255
195192475.17235202	-77057800496.7031	224079295945.65903	7448415948.871687	-20886.978599277576	-3884.554989747765	-807.846672881433
195196075.17235202	-77132988640.97205	224065297092.05664	7445507219.400444	-20884.212276106402	-3892.585627158322	-808.1141206811093
195199675.17235202	-77208166822.31853	224051269331.11136	7442597527.374098	-20881.443642486396	-3900.6146246844	-808.3814257184795
195203275.17235202	-77283335032.42638	224037212668.72684	7439686873.306569	-20878.67269922426	-3908.6419822729363	-808.6485880072859
195206875.17235202	-77358493262.98233	224023127110.80698	7436775257.711727	-20875.899447126063	-3916.667699870912	-808.9156075611871
195210475.17235202	-77433641505.67604	224009012663.25583	7433862681.103394	-20873.12388699725	-3924.6917774253507	-809.182484393758
195214075.17235202	-77508779752.20004	223994869331.97763	7430949143.995341	-20870.346019642635	-3932.7142148833173	-809.449218518489
195217675.17235202	-77583907994.24977	223980697122.87683	7428034646.901294	-20867.565845866407	-3940.7350121919176	-809.7158099487854
195221275.17235202	-77659026223.52354	223966496041.8581	7425119190.334928	-20864.78336647213	-3948.7541692982986	-809.9822586979672
195224875.17235202	-77734134431.7226	223952266094.8262	7422202774.80987	-20861.998582262735	-3956.771686149646	-810.2485647792683
195228475.17235202	-77809232610.55103	223938007287.6862	7419285400.839702	-20859.211494040537	-3964.7875626931855	-810.5147282058364
195232075.17235202	-77884320751.71584	223923719626.34326	7416367068.937957	-20856.422102607215	-3972.8017988761803	-810.7807489907318
195235675.17235202	-77959398846.92691	223909403116.7028	7413447779.618122	-20853.63040876383	-3980.814394645932	-811.0466271469276
195239275.17235202	-78034466887.897	223895057764.67038	7410527533.393638	-20850.836413310815	-3988.8253499497796	-811.3123626873085
195242875.17235202	-78109524866.34177	223880683576.1518	7407606330.777897	-20848.040117047978	-3996.834664735097	-811.5779556246706
195246475.17235202	-78184572773.97974	223866280557.05298	7404684172.284248	-20845.241520774503	-4004.8423389492946	-811.8434059717213
195250075.17235202	-78259610602.53229	223851848713.2801	7401761058.425994	-20842.440625288953	-4012.848372539818	-812.1087137410777
195253675.17235202	-78334638343.72371	223837388050.7395	7398836989.716391	-20839.637431389263	-4020.852765454146	-812.3738789452672
195257275.17235202	-78409655989.28114	223822898575.3377	7395911966.668651	-20836.831939872744	-4028.8555176397917	-812.6389015967261
195260875.17235202	-78484663530.9346	223808380292.98145	7392985989.795942	-20834.024151536087	-4036.856629044302	-812.9037817077995
195264475.17235202	-78559660960.41696	223793833209.5776	7390059059.611388	-20831.214067175362	-4044.8560996152546	-813.1685192907405
195268075.17235202	-78634648269.46397	223779257331.0333	7387131176.628068	-20828.40168758601	-4052.85392930026	-813.4331143577099
195271675.17235202	-78709625449.81425	223764652663.25577	7384202341.359017	-20825.587013562857	-4060.8501180469584	-813.6975669207753
195275275.17235202	-78784592493.20926	223750019212.15253	7381272554.317228	-20822.770045900103	-4068.844665803021	-813.961876991911
195278875.17235202	-78859549391.39333	223735356983.63123	7378341816.015652	-20819.950785391324	-4076.837572516148	-814.2260445829969
195282475.17235202	-78934496136.11362	223720665983.59973	7375410126.967193	-20817.12923282948	-4084.828838134069	-814.4900697058183
195286075.17235202	-79009432719.12018	223705946217.96606	7372477487.684717	-20814.30538900691	-4092.818462604541	-814.7539523720653
195289675.17235202	-79084359132.1659	223691197692.63843	7369543898.681047	-20811.47925471533	-4100.806445875349	-815.017692593332
195293275.17235202	-79159275367.00652	223676420413.52527	7366609360.468966	-20808.65083074584	-4108.792787894305	-815.2812903811159
195296875.17235202	-79234181415.4006	223661614386.53516	7363673873.561211	-20805.820117888914	-4116.777488609247	-815.5447457468176
195300475.17235202	-79309077269.1096	223646779617.5769	7360737438.470482	-20802.98711693441	-4124.760547968039	-815.80805870174
195304075.17235202	-79383962919.89777	223631916112.55948	7357800055.709437	-20800.15182867157	-4132.741965918568	-816.0712292570879
195307675.17235202	-79458838359.53221	223617023877.39203	7354861725.790696	-20797.31425388901	-4140.721742408748	-816.3342574239671
195311275.17235202	-79533703579.78288	223602102917.98395	7351922449.226837	-20794.474393374734	-4148.6998773865125	-816.5971432133839
195314875.17235202	-79608558572.42258	223587153240.24472	7348982226.530399	-20791.632247916124	-4156.6763707998225	-816.8598866362446
195318475.17235202	-79683403329.2269	223572174850.0841	7346041058.213883	-20788.78781829995	-4164.651222596657	-817.1224877033549
195322075.17235202	-79758237841.97429	223557167753.41202	7343098944.78975	-20785.94110531235	-4172.62443272502	-817.384946425419
195325675.17235202	-79833062102.44604	223542131956.13855	7340155886.770422	-20783.092109738867	-4180.596001132933	-817.6472628130393
195329275.17235202	-79907876102.42625	223527067464.17398	7337211884.668284	-20780.240832364412	-4188.565927768441	-817.9094368767156
195332875.17235202	-79982679833.70184	223511974283.4288	7334266938.995686	-20777.387273973283	-4196.534212579604	-818.1714686268446
195336475.17235202	-80057473288.06258	223496852419.81366	7331321050.2649355	-20774.531435349163	-4204.500855514506	-818.433358073719
195340075.17235202	-80132256457.30101	223481701879.2394	7328374218.988307	-20771.67331727512	-4212.465856521245	-818.6951052275272
195343675.17235202	-80207029333.21255	223466522667.6171	7325426445.678037	-20768.812920533604	-4220.429215547938	-818.9567100983525
195347275.17235202	-80281791907.5954	223451314790.8579	7322477730.846326	-20765.950245906453	-4228.39093254272	-819.2181726961722
195350875.17235202	-80356544172.25056	223436078254.8733	7319528075.00534	-20763.085294174893	-4236.351007453741	-819.4794930308575
195354475.17235202	-80431286118.98187	223420813065.5748	7316577478.667208	-20760.218066119527	-4244.309440229165	-819.7406711121722
195358075.17235202	-80506017739.59598	223405519228.87424	7313625942.344025	-20757.348562520354	-4252.266230817175	-820.0017069497726
195361675.17235202	-80580739025.90231	223390196750.6836	7310673466.547851	-20754.47678415675	-4260.221379165963	-820.2626005532065
195365275.17235202	-80655449969.71313	223374845636.915	7307720051.790711	-20751.602731807492	-4268.174885223738	-820.5233519319128
195368875.17235202	-80730150562.84349	223359465893.4808	7304765698.5845995	-20748.72640625073	-4276.12674893872	-820.7839610952202
195372475.17235202	-80804840797.11124	223344057526.29352	7301810407.441473	-20745.84780826401	-4284.076970259143	-821.0444280523475
195376075.17235202	-80879520664.33702	223328620541.26587	7298854178.873259	-20742.966938624264	-4292.025549133252	-821.3047528124021
195379675.17235202	-80954190156.34428	223313154944.31076	7295897013.3918495	-20740.08379810781	-4299.972485509301	-821.5649353843794
195383275.17235202	-81028849264.95927	223297660741.34128	7292938911.509107	-20737.19838749036	-4307.917779335556	-821.8249757771626
195386875.17235202	-81103497982.01102	223282137938.2707	7289979873.736858	-20734.310707547014	-4315.8614305602905	-822.0848739995216
195390475.17235202	-81178136299.33134	223266586541.01245	7287019900.586904	-20731.420759052256	-4323.80343913179	-822.3446300601123
195394075.17235202	-81252764208.75485	223251006555.4802	7284058992.57101	-20728.528542779968	-4331.743804998346	-822.6042439674761
195397675.17235202	-81327381702.11894	223235397987.58777	7281097150.2009115	-20725.63405950342	-4339.682528108257	-822.8637157300391
195401275.17235202	-81401988771.2638	223219760843.24918	7278134373.988317	-20722.73730999527	-4347.619608409831	-823.1230453561111
195404875.17235202	-81476585408.03236	223204095128.37863	7275170664.444901	-20719.838295027574	-4355.555045851379	-823.3822328538853
195408475.17235202	-81551171604.27037	223188400848.89053	7272206022.082313	-20716.93701537177	-4363.488840381218	-823.6412782314374
195412075.17235202	-81625747351.82634	223172678010.69943	7269240447.412169	-20714.03347179869	-4371.4209919476725	-823.9001814967247
195415675.17235202	-81700312642.55154	223156926619.72012	7266273940.946061	-20711.12766507857	-4379.351500499069	-824.1589426575857
195419275.17235202	-81774867468.30005	223141146681.86752	7263306503.195551	-20708.219595981023	-4387.280365983736	-824.4175617217392
195422875.17235202	-81849411820.92868	223125338203.0568	7260338134.672172	-20705.309265275067	-4395.207588350009	-824.6760386967833
195426475.17235202	-81923945692.29703	223109501189.20322	7257368835.887432	-20702.39667372911	-4403.133167546223	-824.934373590195
195430075.17235202	-81998469074.26744	223093635646.22232	7254398607.352812	-20699.481822110945	-4411.057103520715	-825.1925664093295
195433675.17235202	-82072981958.70505	223077741580.0298	7251427449.579765	-20696.564711187777	-4418.979396221822	-825.450617161419
195437275.17235202	-82147484337.47774	223061818996.5415	7248455363.079721	-20693.64534172619	-4426.900045597883	-825.7085258535723
195440875.17235202	-82221976202.45615	223045867901.67352	7245482348.364083	-20690.723714492175	-4434.819051597236	-825.9662924927737
195444475.17235202	-82296457545.51367	223029888301.3421	7242508405.944229	-20687.799830251108	-4442.736414168216	-826.2239170858828
195448075.17235202	-82370928358.52646	223013880201.46368	7239533536.331512	-20684.87368976777	-4450.652133259158	-826.4813996396332
195451675.17235202	-82445388633.37343	222997843607.95486	7236557740.037263	-20681.945293806333	-4458.566208818396	-826.7387401606318
195455275.17235202	-82519838361.93622	222981778526.73248	7233581017.572787	-20679.014643130366	-4466.478640794259	-826.995938655358
195458875.17235202	-82594277536.09923	222965684963.7135	7230603369.4493685	-20676.08173850284	-4474.389429135073	-827.2529951301632
195462475.17235202	-82668706147.7496	222949562924.81512	7227624796.178267	-20673.146580686116	-4482.29857378916	-827.5099095912695
195466075.17235202	-82743124188.77725	222933412415.9547	7224645298.2707205	-20670.20917044196	-4490.206074704836	-827.7666820447695
195469675.17235202	-82817531651.07478	222917233443.0498	7221664876.2379465	-20667.269508531535	-4498.111931830413	-828.0233124966247
195473275.17235202	-82891928526.53758	222901026012.01816	7218683530.59114	-20664.3275957154	-4506.016145114194	-828.2798009526655
195476875.17235202	-82966314807.06375	222884790128.77768	7215701261.8414755	-20661.383432753515	-4513.918714504479	-828.5361474185897
195480475.17235202	-83040690484.55414	222868525799.24646	7212718070.500108	-20658.437020405243	-4521.819639949558	-828.7923518999623
195484075.17235202	-83115055550.91231	222852233029.34283	7209733957.078171	-20655.488359429342	-4529.718921397714	-829.048414402214
195487675.17235202	-83189409998.04459	222835911824.98526	7206748922.086781	-20652.537450583975	-4537.616558797221	-829.3043349306408
195491275.17235202	-83263753817.85999	222819562192.0924	7203762966.037033	-20649.584294626704	-4545.512552096343	-829.5601134904031
195494875.17235202	-83338087002.27028	222803184136.58313	7200776089.440006	-20646.62889231449	-4553.406901243336	-829.8157500865245
195498475.17235202	-83412409543.18994	222786777664.3765	7197788292.806761	-20643.6712444037	-4561.299606186441	-830.0712447238916
195502075.17235202	-83486721432.53618	222770342781.3917	7194799576.648339	-20640.711351650105	-4569.190666873895	-830.3265974072525
195505675.17235202	-83561022662.22891	222753879493.54816	7191809941.475768	-20637.749214808875	-4577.080083253915	-830.5818081412162
195509275.17235202	-83635313224.1908	222737387806.7655	7188819387.800056	-20634.784834634585	-4584.967855274713	-830.836876930252
195512875.17235202	-83709593110.34718	222720867726.96347	7185827916.132199	-20631.818211881215	-4592.853982884482	-831.0918037786877
195516475.17235202	-83783862312.62614	222704319260.06207	7182835526.983174	-20628.849347302144	-4600.738466031406	-831.3465886907098
195520075.17235202	-83858120822.95847	222687742411.98145	7179842220.863945	-20625.878241650164	-4608.62130466365	-831.6012316703622
195523675.17235202	-83932368633.27763	222671137188.64197	7176847998.285461	-20622.904895677468	-4616.502498729369	-831.8557327215448
195527275.17235202	-84006605735.51985	222654503595.96414	7173852859.758659	-20619.929310135652	-4624.382048176698	-832.1100918480133
195530875.17235202	-84080832121.62402	222637841639.8687	7170856805.794461	-20616.951485775728	-4632.259952953758	-832.3643090533782
195534475.17235202	-84155047783.53175	222621151326.27655	7167859836.903776	-20613.971423348103	-4640.1362130086545	-832.6183843411034
195538075.17235202	-84229252713.18735	222604432661.10876	7164861953.597503	-20610.989123602598	-4648.0108282894735	-832.8723177145056
195541675.17235202	-84303446902.53781	222587685650.28665	7161863156.386525	-20608.00458728844	-4655.883798744283	-833.1261091767535
195545275.17235202	-84377630343.53284	222570910299.73166	7158863445.781719	-20605.017815154264	-4663.755124321135	-833.3797587308666
195548875.17235202	-84451803028.12483	222554106615.36545	7155862822.293949	-20602.028807948114	-4671.624804968058	-833.6332663797142
195552475.17235202	-84525964948.26888	222537274603.10986	7152861286.434069	-20599.037566417446	-4679.492840633065	-833.8866321260149
195556075.17235202	-84600116095.92274	222520414268.88693	7149858838.712922	-20596.044091309122	-4687.359231264145	-834.1398559723352
195559675.17235202	-84674256463.0469	222503525618.61887	7146855479.641345	-20593.048383369416	-4695.223976809268	-834.3929379210889
195563275.17235202	-84748386041.6045	222486608658.22806	7143851209.730165	-20590.050443344007	-4703.087077216383	-834.6458779745357
195566875.17235202	-84822504823.56137	222469663393.63712	7140846029.4902	-20587.050271977998	-4710.948532433415	-834.8986761347805
195570475.17235202	-84896612800.88603	222452689830.76883	7137839939.432263	-20584.047870015893	-4718.808342408266	-835.1513324037726
195574075.17235202	-84970709965.54967	222435687975.54614	7134832940.06716	-20581.043238201608	-4726.6665070888175	-835.4038467833041
195577675.17235202	-85044796309.52615	222418657833.8922	7131825031.905688	-20578.03637727848	-4734.523026422924	-835.6562192750096
195581275.17235202	-85118871824.79204	222401599411.73038	7128816215.458643	-20575.02728798925	-4742.377900358416	-835.9084498803649
195584875.17235202	-85192936503.32654	222384512714.98416	7125806491.236812	-20572.01597107608	-4750.231128843099	-836.1605386006859
195588475.17235202	-85266990337.11153	222367397749.5773	7122795859.750978	-20569.002427280546	-4758.082711824754	-836.4124854371278
195592075.17235202	-85341033318.13158	222350254521.4337	7119784321.511924	-20565.98665734363	-4765.9326492511345	-836.664290390684
195595675.17235202	-85415065438.37392	222333083036.47742	7116771877.030424	-20562.96866200574	-4773.780941069967	-836.9159534621849
195599275.17235202	-85489086689.82843	222315883300.63278	7113758526.817254	-20559.948442006695	-4781.627587228952	-837.1674746522972
195602875.17235202	-85563097064.48766	222298655319.82422	7110744271.383185	-20556.92599808573	-4789.472587675758	-837.4188539615226
195606475.17235202	-85637096554.34682	222281399099.9764	7107729111.238988	-20553.9013309815	-4797.315942358031	-837.6700913901967
195610075.17235202	-85711085151.40378	222264114647.01422	7104713046.895432	-20550.874441432075	-4805.157651223382	-837.9211869384884
195613675.17235202	-85785062847.65907	222246801966.86264	7101696078.863288	-20547.845330174943	-4812.997714219397	-838.1721406063983
195617275.17235202	-85859029635.11588	222229461065.44693	7098678207.653323	-20544.81399794701	-4820.836131293627	-838.4229523937581
195620875.17235202	-85932985505.78001	222212091948.6925	7095659433.77631	-20541.78044548461	-4828.672902393596	-838.6736223002291
195624475.17235202	-86006930451.65997	222194694622.52493	7092639757.743019	-20538.744673523477	-4836.508027466795	-838.9241503253015
195628075.17235202	-86080864464.76688	222177269092.87003	7089619180.064226	-20535.706682798787	-4844.341506460685	-839.174536468293
195631675.17235202	-86154787537.11449	222159815365.65378	7086597701.250708	-20532.666474045127	-4852.173339322691	-839.424780728348
195635275.17235202	-86228699660.71924	222142333446.80234	7083575321.813243	-20529.6240479965	-4860.003526000209	-839.674883104436
195638875.17235202	-86302600827.60019	222124823342.24207	7080552042.262617	-20526.579405386346	-4867.832066440597	-839.9248435953516
195642475.17235202	-86376491029.77902	222107285057.8995	7077527863.10962	-20523.532546947514	-4875.658960591184	-840.174662199712
195646075.17235202	-86450370259.28009	222089718599.70142	7074502784.865046	-20520.48347341228	-4883.484208399262	-840.4243389159567
195649675.17235202	-86524238508.13036	222072123973.5747	7071476808.039694	-20517.43218551235	-4891.307809812086	-840.6738737423464
195653275.17235202	-86598095768.35942	222054501185.4465	7068449933.144371	-20514.378683978844	-4899.129764776879	-840.9232666769614
195656875.17235202	-86671942031.99953	222036850241.2441	7065422160.689892	-20511.322969542318	-4906.950073240826	-841.1725177177009
195660475.17235202	-86745777291.08553	222019171146.89502	7062393491.187078	-20508.265042932744	-4914.768735151075	-841.4216268622816
195664075.17235202	-86819601537.6549	222001463908.32693	7059363925.146762	-20505.204904879527	-4922.5857504547375	-841.6705941082369
195667675.17235202	-86893414763.7478	221983728531.46774	7056333463.079781	-20502.1425561115	-4930.401119098888	-841.919419452915
195671275.17235202	-86967216961.40694	221965965022.24548	7053302105.496985	-20499.07799735692	-4938.214841030562	-842.1681028934788
195674875.17235202	-87041008122.67767	221948173386.58844	7050269852.909236	-20496.01122934347	-4946.026916196756	-842.4166444269038
195678475.17235202	-87114788239.60799	221930353630.42505	7047236705.827404	-20492.942252798264	-4953.8373445444295	-842.6650440499772
195682075.17235202	-87188557304.24846	221912505759.68396	7044202664.762373	-20489.871068447854	-4961.6461260205	-842.9133017592969
195685675.17235202	-87262315308.65231	221894629780.294	7041167730.225039	-20486.79767701821	-4969.453260571845	-843.1614175512702
195689275.17235202	-87336062244.87537	221876725698.1842	7038131902.72631	-20483.72207923474	-4977.258748145303	-843.4093914221125
195692875.17235202	-87409798104.97604	221858793519.28378	7035095182.77711	-20480.644275822277	-4985.06258868767	-843.6572233678462
195696475.17235202	-87483522881.0154	221840833249.52216	7032057570.888377	-20477.564267505095	-4992.8647821457	-843.9049133842994
195700075.17235202	-87557236565.05707	221822844894.82892	7029019067.571064	-20474.482055006894	-5000.665328466108	-844.152461467105
195703675.17235202	-87630939149.1673	221804828461.13385	7025979673.33614	-20471.397639050814	-5008.464227595563	-844.3998676116988
195707275.17235202	-87704630625.41495	221786783954.36694	7022939388.694591	-20468.311020359422	-5016.261479480693	-844.6471318133189
195710875.17235202	-87778310985.87148	221768711380.45834	7019898214.157421	-20465.222199654727	-5024.057084068083	-844.8942540670041
195714475.17235202	-87851980222.61092	221750610745.33847	7016856150.235652	-20462.131177658164	-5031.851041304272	-845.1412343675928
195718075.17235202	-87925638327.70993	221732482054.93784	7013813197.440325	-20459.03795509062	-5039.643351135756	-845.3880727097215
195721675.17235202	-87999285293.24776	221714325315.18723	7010769356.282499	-20455.9425326724	-5047.434013508987	-845.6347690878242
195725275.17235202	-88072921111.30621	221696140532.01758	7007724627.273256	-20452.844911123262	-5055.223028370369	-845.8813234961302
195728875.17235202	-88146545773.96974	221677927711.36005	7004679010.923698	-20449.745091162396	-5063.010395666264	-846.1277359286636
195732475.17235202	-88220159273.32535	221659686859.14594	7001632507.744948	-20446.643073508432	-5070.796115342985	-846.3740063792415
195736075.17235202	-88293761601.46263	221641417981.3068	6998585118.248154	-20443.53885887944	-5078.5801873468	-846.6201348414728
195739675.17235202	-88367352750.47377	221623121083.77432	6995536842.944484	-20440.432447992935	-5086.36261162393	-846.8661213087572
195743275.17235202	-88440932712.45354	221604796172.48044	6992487682.345133	-20437.323841565863	-5094.1433881205485	-847.1119657742835
195746875.17235202	-88514501479.49927	221586443253.35724	6989437636.96132	-20434.213040314622	-5101.92251678278	-847.3576682310285
195750475.17235202	-88588059043.71088	221568062332.33707	6986386707.304289	-20431.10004495505	-5109.699997556702	-847.6032286717555
195754075.17235202	-88661605397.19087	221549653415.3524	6983334893.885311	-20427.98485620242	-5117.475830388345	-847.8486470890133
195757675.17235202	-88735140532.04433	221531216508.33588	6980282197.215685	-20424.867474771465	-5125.250015223686	-848.0939234751346
195761275.17235202	-88808664440.37888	221512751617.22043	6977228617.806737	-20421.747901376355	-5133.022552008659	-848.3390578222346
195764875.17235202	-88882177114.30473	221494258747.93915	6974174156.169822	-20418.626136730705	-5140.793440689144	-848.5840501222096
195768475.17235202	-88955678545.9347	221475737906.42526	6971118812.816323	-20415.502181547577	-5148.562681210971	-848.8289003667361
195772075.17235202	-89029168727.3841	221457189098.61227	6968062588.257658	-20412.376036539485	-5156.330273519922	-849.0736085472687
195775675.17235202	-89102647650.77084	221438612330.43384	6965005483.005271	-20409.247702418383	-5164.096217561727	-849.3181746550392
195779275.17235202	-89176115308.21542	221420007607.82382	6961947497.570641	-20406.117179895682	-5171.860513282064	-849.5625986810555
195782875.17235202	-89249571691.84087	221401374936.71628	6958888632.465277	-20402.98446968224	-5179.62316062656	-849.8068806160994
195786475.17235202	-89323016793.77277	221382714323.04544	6955828888.200725	-20399.84957248837	-5187.384159540792	-850.0510204507257
195790075.17235202	-89396450606.13927	221364025772.74576	6952768265.288564	-20396.712489023823	-5195.143509970284	-850.2950181752608
195793675.17235202	-89469873121.07108	221345309291.7519	6949706764.240407	-20393.57321999782	-5202.901211860506	-850.5388737798011
195797275.17235202	-89543284330.70143	221326564885.9987	6946644385.567905	-20390.431766119025	-5210.657265156878	-850.7825872542114
195800875.17235202	-89616684227.16615	221307792561.42114	6943581129.782745	-20387.28812809556	-5218.411669804764	-851.0261585881242
195804475.17235202	-89690072802.60359	221288992323.95453	6940516997.396652	-20384.142306634996	-5226.164425749477	-851.2695877709374
195808075.17235202	-89763450049.15465	221270164179.53427	6937451988.921389	-20380.994302444367	-5233.915532936276	-851.5128747918134
195811675.17235202	-89836815958.96277	221251308134.09598	6934386104.868758	-20377.84411623016	-5241.664991310366	-851.7560196396773
195815275.17235202	-89910170524.17393	221232424193.57547	6931319345.750604	-20374.691748698322	-5249.412800816896	-851.9990223032157
195818875.17235202	-89983513736.93666	221213512363.90878	6928251712.07881	-20371.537200554256	-5257.158961400965	-852.2418827708751
195822475.17235202	-90056845589.40202	221194572651.03214	6925183204.365302	-20368.380472502828	-5264.903473007615	-852.4846010308603
195826075.17235202	-90130166073.72363	221175605060.88196	6922113823.12205	-20365.22156524836	-5272.6463355818305	-852.727177071133
195829675.17235202	-90203475182.05762	221156609599.39487	6919043568.861068	-20362.060479494638	-5280.387549068544	-852.9696108794105
195833275.17235202	-90276772906.56264	221137586272.50766	6915972442.094412	-20358.89721594491	-5288.127113412632	-853.2119024431639
195836875.17235202	-90350059239.3999	221118535086.15735	6912900443.334186	-20355.731775301887	-5295.865028558915	-853.4540517496167
195840475.17235202	-90423334172.73314	221099456046.28116	6909827573.092539	-20352.564158267745	-5303.601294452157	-853.6960587857435
195844075.17235202	-90496597698.7286	221080349158.81647	6906753831.881668	-20349.39436554412	-5311.3359110370675	-853.9379235382679
195847675.17235202	-90569849809.55507	221061214429.70093	6903679220.2138195	-20346.222397832127	-5319.068878258299	-854.1796459936614
195851275.17235202	-90643090497.38385	221042051864.8723	6900603738.601287	-20343.04825583233	-5326.800196060448	-854.4212261381417
195854875.17235202	-90716319754.38876	221022861470.26865	6897527387.556415	-20339.871940244775	-5334.529864388052	-854.6626639576714
195858475.17235202	-90789537572.74615	221003643251.82816	6894450167.5915985	-20336.693451768973	-5342.257883185594	-854.9039594379559
195862075.17235202	-90862743944.63487	220984397215.48923	6891372079.219286	-20333.5127911039	-5349.9842523975	-855.1451125644425
195865675.17235202	-90935938862.23631	220965123367.19046	6888293122.951977	-20330.329958948012	-5357.708971968137	-855.3861233223183
195869275.17235202	-91009122317.73434	220945821712.8707	6885213299.302225	-20327.14495599923	-5365.4320418418165	-855.626991696509
195872875.17235202	-91082294303.31538	220926492258.4689	6882132608.78264	-20323.957782954945	-5373.153461962792	-855.8677176716768
195876475.17235202	-91155454811.16833	220907135009.92432	6879051051.905887	-20320.768440512034	-5380.873232275259	-856.1083012322192
195880075.17235202	-91228603833.48462	220887749973.17636	6875968629.184685	-20317.57692936684	-5388.591352723356	-856.3487423622672
195883675.17235202	-91301741362.45816	220868337154.1646	6872885341.131814	-20314.38325021519	-5396.307823251162	-856.5890410456839
195887275.17235202	-91374867390.28539	220848896558.82892	6869801188.260112	-20311.18740375237	-5404.022643802698	-856.8291972660625
195890875.17235202	-91447981909.16524	220829428193.10928	6866716171.082475	-20307.989390673167	-5411.73581432193	-857.0692110067253
195894475.17235202	-91521084911.29913	220809932062.94592	6863630290.111859	-20304.789211671832	-5419.447334752763	-857.3090822507213
195898075.17235202	-91594176388.891	220790408174.27924	6860543545.861286	-20301.586867442104	-5427.157205039044	-857.5488109808251
195901675.17235202	-91667256334.14728	220770856533.04987	6857455938.843836	-20298.382358677198	-5434.865425124563	-857.788397179535
195905275.17235202	-91740324739.27687	220751277145.19864	6854367469.572653	-20295.17568606982	-5442.571994953052	-858.027840829071
195908875.17235202	-91813381596.4912	220731670016.66656	6851278138.560947	-20291.966850312147	-5450.276914468182	-858.267141911374
195912475.17235202	-91886426898.00417	220712035153.3949	6848187946.321994	-20288.755852095852	-5457.980183613568	-858.5063004081034
195916075.17235202	-91959460636.03217	220692372561.32504	6845096893.369134	-20285.54269211209	-5465.681802332765	-858.7453163006355
195919675.17235202	-92032482802.79408	220672682246.39865	6842004980.215776	-20282.327371051502	-5473.381770569271	-858.9841895700623
195923275.17235202	-92105493390.51128	220652964214.5576	6838912207.3754	-20279.109889604217	-5481.080088266524	-859.2229201971892
195926875.17235202	-92178492391.4076	220633218471.74387	6835818575.36155	-20275.890248459855	-5488.776755367907	-859.4615081625334
195930475.17235202	-92251479797.70937	220613445023.89972	6832724084.687847	-20272.66844830753	-5496.47177181674	-859.6999534463223
195934075.17235202	-92324455601.64542	220593643876.96762	6829628735.867979	-20269.444489835838	-5504.165137556289	-859.9382560284919
195937675.17235202	-92397419795.44702	220573815036.89023	6826532529.415709	-20266.218373732878	-5511.856852529758	-860.1764158886846
195941275.17235202	-92470372371.34796	220553958509.61038	6823435465.8448715	-20262.99010068624	-5519.546916680295	-860.414433006248
195944875.17235202	-92543313321.58446	220534074301.07117	6820337545.669379	-20259.759671383003	-5527.2353299509905	-860.6523073602332
195948475.17235202	-92616242638.39523	220514162417.21585	6817238769.403219	-20256.527086509755	-5534.922092284875	-860.8900389293922
195952075.17235202	-92689160314.02147	220494222863.9879	6814139137.560455	-20253.292346752572	-5542.607203624923	-861.1276276921769
195955675.17235202	-92762066340.70682	220474255647.33102	6811038650.65523	-20250.055452797034	-5550.290663914051	-861.3650736267373
195959275.17235202	-92834960710.69739	220454260773.18906	6807937309.201763	-20246.81640532822	-5557.972473095117	-861.6023767109192
195962875.17235202	-92907843416.24178	220434238247.50613	6804835113.714358	-20243.57520503071	-5565.652631110922	-861.8395369222628
195966475.17235202	-92980714449.59103	220414188076.22653	6801732064.707397	-20240.331852588584	-5573.33113790421	-862.076554238001
195970075.17235202	-93053573802.99866	220394110265.29477	6798628162.695347	-20237.086348685436	-5581.0079934176665	-862.3134286350572
195973675.17235202	-93126421468.72063	220374004820.65555	6795523408.192756	-20233.83869400436	-5588.683197593922	-862.5501600900438
195977275.17235202	-93199257439.01537	220353871748.25378	6792417801.714257	-20230.588889227954	-5596.35675037555	-862.7867485792606
195980875.17235202	-93272081706.14377	220333711054.0346	6789311343.774572	-20227.33693503833	-5604.028651705067	-863.0231940786921
195984475.17235202	-93344894262.36917	220313522743.94333	6786204034.888508	-20224.082832117103	-5611.698901524934	-863.2594965640066
195988075.17235202	-93417695099.95735	220293306823.9255	6783095875.570958	-20220.82658114541	-5619.367499777554	-863.4956560105537
195991675.17235202	-93490484211.17657	220273063299.92688	6779986866.336908	-20217.568182803894	-5627.034446405277	-863.7316723933629
195995275.17235202	-93563261588.29752	220252792177.8934	6776877007.701433	-20214.30763777271	-5634.699741350394	-863.9675456871416
195998875.17235202	-93636027223.59332	220232493463.77124	6773766300.179699	-20211.044946731527	-5642.363384555145	-864.2032758662732
