179655346.441728	153492839538.99063	-26675508885.956463	3512467267.9920487	8791.51086530675	30921.150649708303	1623.5092622024288
179658946.441728	153524454069.29968	-26564186710.320232	3518311086.364498	8772.117190051391	30924.500014045087	1623.05640019574
179662546.441728	153555998783.53003	-26452852503.618702	3524153273.353212	8752.724157301109	30927.834575579498	1622.6029379842919
179666146.441728	153587473684.02045	-26341506319.134335	3529993826.798312	8733.331781369207	30931.154338553028	1622.1488760455404
179669746.441728	153618878773.16122	-26230148210.13428	3535832744.5416417	8713.94007655896	30934.45930722622	1621.6942148584903
179673346.441728	153650214053.39417	-26118778229.87033	3541670024.4267716	8694.549057163573	30937.749485878652	1621.2389549036832
179676946.441728	153681479527.21243	-26007396431.578823	3547505664.299005	8675.158737466141	30941.02487880887	1620.7830966631855
179680546.441728	153712675197.16068	-25896002868.480595	3553339662.005384	8655.769131739611	30944.285490334358	1620.3266406205767
179684146.441728	153743801065.83484	-25784597593.7809	3559172015.394693	8636.380254246738	30947.531324791504	1619.8695872609376
179687746.441728	153774857135.88223	-25673180660.669353	3565002722.3174663	8616.992119240047	30950.76238653555	1619.4119370708393
179691346.441728	153805843410.00143	-25561752122.319855	3570831780.6259923	8597.604740961797	30953.978679940545	1618.9536905383309
179694946.441728	153836759890.9423	-25450312031.89052	3576659188.174319	8578.218133643939	30957.18020939932	1618.4948481529289
179698546.441728	153867606581.5059	-25338860442.52362	3582484942.818259	8558.832311508075	30960.366979323433	1618.0354104056053
179702146.441728	153898383484.54443	-25227397407.345516	3588309042.4153953	8539.447288765425	30963.538994143135	1617.575377788777
179705746.441728	153929090602.9613	-25115922979.46658	3594131484.825087	8520.063079616784	30966.696258307325	1617.114750796294
179709346.441728	153959727939.711	-25004437211.981133	3599952267.908472	8500.679698252487	30969.838776283515	1616.6535299234292
179712946.441728	153990295497.79907	-24892940157.967384	3605771389.5284753	8481.297158852367	30972.966552557788	1616.1917156668674
179716546.441728	154020793280.2821	-24781431870.48736	3611588847.549811	8461.915475585723	30976.07959163475	1615.7293085246936
179720146.441728	154051221290.26764	-24669912402.586826	3617404639.8389897	8442.534662611279	30979.177898037495	1615.2663089963835
179723746.441728	154081579530.9142	-24558381807.29525	3623218764.2643228	8423.154734077145	30982.261476307573	1614.8027175827922
179727346.441728	154111868005.43127	-24446840137.6257	3629031218.695926	8403.775704120786	30985.330331004934	1614.338534786144
179730946.441728	154142086717.07913	-24335287446.57481	3634842001.0057273	8384.397586868978	30988.3844667079	1613.8737611100216
179734546.441728	154172235669.1689	-24223723787.122684	3640651109.0674686	8365.020396437778	30991.423888013112	1613.4083970593565
179738146.441728	154202314865.0626	-24112149212.232857	3646458540.7567124	8345.644146932485	30994.44859953551	1612.9424431404177
179741746.441728	154232324308.17285	-24000563774.85221	3652264293.9508467	8326.268852447603	30997.458605908272	1612.4758998608022
179745346.441728	154262264001.96313	-23888967527.91092	3658068366.529088	8306.894527066805	31000.453911782788	1612.008767729425
179748946.441728	154292133949.94754	-23777360524.322372	3663870756.3724885	8287.521184862899	31003.434521828614	1611.5410472565088
179752546.441728	154321934155.69083	-23665742816.983124	3669671461.363939	8268.148839897793	31006.400440733436	1611.0727389535741
179756146.441728	154351664622.80835	-23554114458.772816	3675470479.3881736	8248.777506222457	31009.351673203026	1610.6038433334295
179759746.441728	154381325354.96603	-23442475502.554115	3681267808.3317757	8229.407197876892	31012.2882239612	1610.134360910162
179763346.441728	154410916355.8803	-23330826001.172657	3687063446.0831814	8210.037928890088	31015.210097749794	1609.6642921991274
179766946.441728	154440437629.3181	-23219166007.45697	3692857390.532684	8190.669713279999	31018.1172993286	1609.1936377169402
179770546.441728	154469889179.0968	-23107495574.21841	3698649639.572439	8171.302565053503	31021.009833475353	1608.7223979814644
179774146.441728	154499271009.08417	-22995814754.25111	3704440191.0964694	8151.936498206366	31023.88770498567	1608.2505735118043
179777746.441728	154528583123.19833	-22884123600.3319	3710229043.0006676	8132.571526723214	31026.750918673024	1607.778164828295
179781346.441728	154557825525.40778	-22772422165.220257	3716016193.182802	8113.207664577493	31029.5994793687	1607.305172452493
179784946.441728	154586998219.73126	-22660710501.658222	3721801639.542522	8093.84492573144	31032.43339192175	1606.8315969071668
179788546.441728	154616101210.23776	-22548988662.370354	3727585379.981359	8074.483324136046	31035.252661198967	1606.3574387162885
179792146.441728	154645134501.04648	-22437256700.06366	3733367412.4027348	8055.122873731027	31038.05729208484	1605.8826984050236
179795746.441728	154674098096.32678	-22325514667.427532	3739147734.711962	8035.763588444786	31040.84728948151	1605.4073764997231
179799346.441728	154702992000.29813	-22213762617.13368	3744926344.8162527	8016.4054821943855	31043.622658308737	1604.931473527914
179802946.441728	154731816217.2301	-22102000601.836067	3750703240.6247177	7997.048568885511	31046.38340350386	1604.4549900182908
179806546.441728	154760570751.4423	-21990228674.170864	3756478420.0483747	7977.6928624124375	31049.129530021757	1603.9779265007062
179810146.441728	154789255607.30432	-21878446886.75636	3762251881.00015	7958.338376658004	31051.86104283481	1603.5002835061628
179813746.441728	154817870789.23575	-21766655292.192913	3768023621.394885	7938.985125493573	31054.57794693286	1603.0220615668043
179817346.441728	154846416301.70602	-21654853943.062893	3773793639.1493373	7919.633122779005	31057.28024732317	1602.543261215907
179820946.441728	154874892149.23453	-21543042891.930607	3779561932.182187	7900.282382362624	31059.9679490304	1602.0638829878717
179824546.441728	154903298336.3904	-21431222191.342243	3785328498.41404	7880.932918081186	31062.64105709654	1601.5839274182142
179828146.441728	154931634867.79266	-21319391893.82581	3791093335.767432	7861.584743759848	31065.299576580906	1601.1033950435578
179831746.441728	154959901748.11002	-21207552051.891068	3796856442.166833	7842.237873212137	31067.943512560072	1600.622286401625
179835346.441728	154988098982.06088	-21095702718.029472	3802617815.5386496	7822.892320239921	31070.572870127846	1600.1406020312284
179838946.441728	155016226574.4134	-20983843944.714108	3808377453.811231	7803.548098633374	31073.187654395235	1599.6583424722635
179842546.441728	155044284529.98523	-20871975784.39963	3814135354.9148726	7784.205222170949	31075.787870490396	1599.1755082657003
179846146.441728	155072272853.6437	-20760098289.52221	3819891516.7818174	7764.863704619347	31078.37352355861	1598.6920999535748
179849746.441728	155100191550.3057	-20648211512.499447	3825645937.3462634	7745.523559733485	31080.94461876223	1598.2081180789817
179853346.441728	155128040624.9375	-20536315505.730343	3831398614.5443645	7726.184801256467	31083.501161280656	1597.7235631860656
179856946.441728	155155820082.5549	-20424410321.595215	3837149546.314235	7706.847442919555	31086.04315631029	1597.2384358200138
179860546.441728	155183529928.22314	-20312496012.455643	3842898730.595956	7687.511498442139	31088.5706090645	1596.7527365270487
179864146.441728	155211170167.05676	-20200572630.654408	3848646165.331574	7668.176981531706	31091.083524773578	1596.2664658544188
179867746.441728	155238740804.21967	-20088640228.51543	3854391848.46511	7648.843905883812	31093.58190868471	1595.7796243503924
179871346.441728	155266241844.92505	-19976698858.34372	3860135777.9425583	7629.512285182054	31096.065766061936	1595.2922125642492
179874946.441728	155293673294.43533	-19864748572.42529	3865877951.711894	7610.182133098038	31098.535102186102	1594.8042310462727
179878546.441728	155321035158.0621	-19752789423.027126	3871618367.7230744	7590.8534632913515	31100.98992235484	1594.315680347743
179882146.441728	155348327441.16614	-19640821462.397106	3877357023.9280434	7571.526289409535	31103.430231882514	1593.826561020929
179885746.441728	155375550149.15732	-19528844742.763947	3883093918.280735	7552.200625088055	31105.856036100195	1593.336873619081
179889346.441728	155402703287.4946	-19416859316.337143	3888829048.737076	7532.876483950272	31108.267340355615	1592.8466186964238
179892946.441728	155429786861.6859	-19304865235.306908	3894562413.25499	7513.553879607416	31110.664150013134	1592.3557968081486
179896546.441728	155456800877.28824	-19192862551.844112	3900294009.7944026	7494.232825658556	31113.0464704537	1591.8644085104065
179900146.441728	155483745339.90744	-19080851318.100227	3906023836.317242	7474.913335690574	31115.414307074814	1591.3724543603005
179903746.441728	155510620255.19827	-18968831586.207264	3911751890.7874436	7455.595423278135	31117.76766529049	1590.8799349158792
179907346.441728	155537425628.86438	-18856803408.27771	3917478171.1709538	7436.279101983661	31120.106550531214	1590.3868507361287
179910946.441728	155564161466.65817	-18744766836.404476	3923202675.435733	7416.964385357305	31122.43096824392	1589.8932023809666
179914546.441728	155590827774.3808	-18632721922.660835	3928925401.551759	7397.651286936921	31124.74092389194	1589.3989904112343
179918146.441728	155617424557.88217	-18520668719.10036	3934646347.49103	7378.339820248037	31127.03642295497	1588.9042153886899
179921746.441728	155643951823.06085	-18408607277.75687	3940365511.227569	7359.0299988038305	31129.31747092904	1588.408877876002
179925346.441728	155670409575.86404	-18296537650.644367	3946082890.7374253	7339.7218361051	31131.584073326463	1587.912978436742
179928946.441728	155696797822.2875	-18184459889.75698	3951798483.998679	7320.415345640238	31133.83623567581	1587.4165176353779
179932546.441728	155723116568.37552	-18072374047.06891	3957512288.991444	7301.110540885207	31136.073963521874	1586.9194960372674
179936146.441728	155749365820.2209	-17960280174.534355	3963224303.6978707	7281.807435303511	31138.297262425614	1586.4219142086508
179939746.441728	155775545583.96484	-17848178324.087482	3968934526.10215	7262.506042346167	31140.506137964145	1585.9237727166449
179943346.441728	155801655865.79706	-17736068547.64234	3974642954.190516	7243.206375451687	31142.70059573068	1585.4250721292356
179946946.441728	155827696671.9555	-17623950897.09282	3980349585.9512486	7223.9084480460415	31144.880641334505	1584.9258130152723
179950546.441728	155853668008.72647	-17511825424.31258	3986054419.3746777	7204.612273542643	31147.046280400937	1584.4259959444605
179954146.441728	155879569882.44455	-17399692181.15501	3991757452.453185	7185.317865342316	31149.197518571287	1583.9256214873558
179957746.441728	155905402299.49255	-17287551219.453156	3997458683.1812086	7166.02523683327	31151.334361502828	1583.424690215357
179961346.441728	155931165266.30142	-17175402591.01967	4003158109.5552444	7146.734401391081	31153.45681486875	1582.9232027007004
179964946.441728	155956858789.35028	-17063246347.646753	4008855729.57385	7127.445372378656	31155.564884358133	1582.4211595164522
179968546.441728	155982482875.1663	-16951082541.106098	4014551541.237648	7108.1581631462195	31157.6585756759	1581.9185612365038
179972146.441728	156008037530.32468	-16838911223.148829	4020245542.549328	7088.87278703128	31159.737894542795	1581.4154084355641
179975746.441728	156033522761.44864	-16726732445.505447	4025937731.5136495	7069.589257358608	31161.802846695326	1580.9117016891541
179979346.441728	156058938575.20935	-16614546259.885777	4031628106.1374464	7050.307587440214	31163.853437885744	1580.4074415736
179982946.441728	156084284978.32587	-16502352717.978903	4037316664.429629	7031.027790575321	31165.889673882008	1579.9026286660276
179986546.441728	156109561977.5651	-16390151871.45312	4043003404.401185	7011.749880050341	31167.91156046773	1579.3972635443563
179990146.441728	156134769579.74176	-16277943771.95587	4048688324.0651855	6992.47386913885	31169.919103442167	1578.8913467872924
179993746.441728	156159907791.71835	-16165728471.113693	4054371421.436786	6973.199771101568	31171.912308620158	1578.384878974323
179997346.441728	156184976620.40506	-16053506020.532166	4060052694.53323	6953.927599186331	31173.8911818321	1577.8778606857113
180000946.441728	156209976072.75974	-15941276471.795847	4065732141.37385	6934.657366628066	31175.85572892391	1577.3702925024888
180004546.441728	156234906155.78787	-15829039876.468225	4071409759.9800725	6915.389086648773	31177.805955756994	1576.8621750064508
180008146.441728	156259766876.54254	-15716796286.091658	4077085548.37542	6896.122772457498	31179.7418682082	1576.3535087801495
180011746.441728	156284558242.12433	-15604545752.187315	4082759504.585513	6876.858437250311	31181.663472169785	1575.8442944068886
180015346.441728	156309280259.68134	-15492288326.255135	4088431626.638074	6857.596094210279	31183.57077354939	1575.334532470718
180018946.441728	156333932936.40906	-15380024059.773752	4094101912.562928	6838.335756507451	31185.463778269983	1574.8242235564267
180022546.441728	156358516279.55038	-15267753004.200457	4099770360.392009	6819.077437298826	31187.342492269847	1574.3133682495384
180026146.441728	156383030296.39557	-15155475210.97113	4105436968.159357	6799.821149728336	31189.20692150252	1573.801967136305
180029746.441728	156407474994.28214	-15043190731.500196	4111101733.901127	6780.566906926823	31191.057071936775	1573.290020803701
180033346.441728	156431850380.59488	-14930899617.180563	4116764655.655586	6761.314722012014	31192.892949556583	1572.7775298394185
180036946.441728	156456156462.7658	-14818601919.383568	4122425731.4631186	6742.064608088499	31194.714560361066	1572.2644948318605
180040546.441728	156480393248.27402	-14706297689.458925	4128084959.36623	6722.816578247713	31196.521910364474	1571.7509163701359
180044146.441728	156504560744.64578	-14593986978.73467	4133742337.4095464	6703.570645567907	31198.31500559614	1571.2367950440541
180047746.441728	156528658959.45438	-14481669838.517107	4139397863.6398187	6684.326823114134	31200.09385210045	1570.7221314441197
180051346.441728	156552687900.32013	-14369346320.09075	4145051536.105925	6665.085123938218	31201.8584559368	1570.2069261615259
180054946.441728	156576647574.9103	-14257016474.718275	4150703352.858873	6645.8455610787405	31203.608823179562	1569.6911797881505
180058546.441728	156600537990.93912	-14144680353.640463	4156353311.951802	6626.608147561014	31205.34495991806	1569.1748929165494
180062146.441728	156624359156.16757	-14032338008.076145	4162001411.4399858	6607.372896397064	31207.066872256517	1568.6580661399516
180065746.441728	156648111078.4036	-13919989489.222153	4167647649.380836	6588.139820585603	31208.77456631403	1568.1407000522543
180069346.441728	156671793765.5018	-13807634848.253262	4173292023.8339024	6568.908933112013	31210.468048224528	1567.6227952480167
180072946.441728	156695407225.3636	-13695274136.322136	4178934532.860876	6549.680246948325	31212.147324136742	1567.1043523224553
180076546.441728	156718951465.93698	-13582907404.55928	4184575174.5255933	6530.453775053194	31213.812400214163	1566.5853718714386
180080146.441728	156742426495.21664	-13470534704.072983	4190213946.894036	6511.229530371882	31215.463282635013	1566.065854491482
180083746.441728	156765832321.24384	-13358156085.949265	4195850848.0343337	6492.007525836237	31217.099977592206	1565.545800779742
180087346.441728	156789168952.10635	-13245771601.251827	4201485876.016769	6472.787774364668	31218.72249129331	1565.0252113340116
180090946.441728	156812436395.93845	-13133381301.021996	4207119028.913776	6453.570288862131	31220.330829960512	1564.504086752715
180094546.441728	156835634660.9208	-13020985236.27867	4212750304.799945	6434.355082220103	31221.92499983059	1563.9824276349025
180098146.441728	156858763755.28052	-12908583458.01827	4218379701.752023	6415.142167316567	31223.50500715487	1563.4602345802455
180101746.441728	156881823687.29102	-12796176017.214691	4224007217.848919	6395.931557015986	31225.070858199182	1562.9375081890312
180105346.441728	156904814465.27197	-12683762964.819237	4229632851.1717014	6376.723264169288	31226.62255924385	1562.414249062158
180108946.441728	156927736097.58936	-12571344351.760582	4235256599.803605	6357.517301613843	31228.16011658363	1561.89045780113
180112546.441728	156950588592.6553	-12458920228.944712	4240878461.830031	6338.313682173446	31229.683536527686	1561.3661350080522
180116146.441728	156973371958.9281	-12346490647.254871	4246498435.3385477	6319.112418658295	31231.19282539956	1560.841281285626
180119746.441728	156996086204.9121	-12234055657.551517	4252116518.4188957	6299.9135238649715	31232.687989537128	1560.3158972371443
180123346.441728	157018731339.15775	-12121615310.672264	4257732709.162988	6280.7170105764235	31234.16903529256	1559.7899834664852
180126946.441728	157041307370.26138	-12009169657.431831	4263347005.664913	6261.522891561943	31235.635969032304	1559.263540578109
180130546.441728	157063814306.86542	-11896718748.621994	4268959406.0209355	6242.331179577149	31237.08879713703	1558.7365691770526
180134146.441728	157086252157.65808	-11784262635.011534	4274569908.3294997	6223.141887363969	31238.5275260016	1558.2090698689242
180137746.441728	157108620931.37344	-11671801367.346182	4280178510.691231	6203.955027650617	31239.952162035046	1557.6810432598993
180141346.441728	157130920636.7914	-11559334996.348572	4285785211.2089376	6184.770613151578	31241.36271166052	1557.152489956716
180144946.441728	157153151282.73764	-11446863572.718191	4291390007.9876146	6165.588656567587	31242.759181315258	1556.6234105666692
180148546.441728	157175312878.08344	-11334387147.131327	4296992899.134442	6146.409170585613	31244.14157745056	1556.0938056976072
180152146.441728	157197405431.7458	-11221905770.241014	4302593882.758792	6127.232167878837	31245.509906531734	1555.5636759579263
180155746.441728	157219428952.6873	-11109419492.67699	4308192956.972225	6108.057661106635	31246.864175038078	1555.0330219565662
180159346.441728	157241383449.91605	-10996928365.045639	4313790119.888496	6088.885662914564	31248.20438946284	1554.5018443030058
180162946.441728	157263268932.48572	-10884432437.929947	4319385369.623556	6069.716185934335	31249.530556313177	1553.9701436072578
180166546.441728	157285085409.49536	-10771931761.889448	4324978704.29555	6050.5492427838035	31250.842682110124	1553.437920479865
180170146.441728	157306832890.08948	-10659426387.460176	4330570122.024826	6031.384846066947	31252.140773388564	1552.905175531895
180173746.441728	157328511383.4579	-10546916365.154615	4336159620.933929	6012.223008373848	31253.424836697184	1552.3719093749366
180177346.441728	157350120898.8357	-10434401745.461647	4341747199.14761	5993.063742280677	31254.694878598446	1551.8381226210943
180180946.441728	157371661445.5033	-10321882578.846504	4347332854.79282	5973.907060349675	31255.950905668546	1551.3038158829843
180184546.441728	157393133032.78625	-10209358915.750723	4352916585.998721	5954.752975129135	31257.192924497387	1550.76898977373
180188146.441728	157414535670.0553	-10096830806.592089	4358498390.896682	5935.601499153385	31258.420941688542	1550.2336449069578
180191746.441728	157435869366.72626	-9984298301.764591	4364078267.620279	5916.452644942771	31259.63496385921	1549.697781896792
180195346.441728	157457134132.26	-9871761451.638372	4369656214.305305	5897.3064250036405	31260.8349976402	1549.1614013578514
180198946.441728	157478329976.1624	-9759220306.559677	4375232229.08976	5878.162851828323	31262.021049675866	1548.6245039052437
180202546.441728	157499456907.98428	-9646674916.850811	4380806310.113865	5859.021937895117	31263.19312662411	1548.0870901545625
180206146.441728	157520514937.32132	-9534125332.810083	4386378455.520055	5839.883695668269	31264.35123515632	1547.549160721882
180209746.441728	157541504073.8141	-9421571604.711763	4391948663.452984	5820.748137597959	31265.495381957335	1547.010716223753
180213346.441728	157562424327.14795	-9309013782.80603	4397516932.059527	5801.615276120283	31266.62557372543	1546.4717572771988
180216946.441728	157583275707.05298	-9196451917.318926	4403083259.488783	5782.4851236572395	31267.741817172257	1545.9322844997107
180220546.441728	157604058223.304	-9083886058.452307	4408647643.89207	5763.357692616707	31268.844119022837	1545.392298509244
180224146.441728	157624771885.7204	-8971316256.383793	4414210083.4229355	5744.2329953924345	31269.9324860155	1544.8517999242135
180227746.441728	157645416704.16626	-8858742561.266724	4419770576.237153	5725.11104436402	31271.00692490186	1544.3107893634897
180231346.441728	157665992688.5501	-8746165023.23011	4425329120.492724	5705.991851896896	31272.06744244679	1543.769267446394
180234946.441728	157686499848.825	-8633583692.378584	4430885714.349883	5686.875430342316	31273.114045428374	1543.2272347926953
180238546.441728	157706938194.98846	-8520998618.792354	4436440355.971092	5667.761792037334	31274.146740637872	1542.684692022605
180242146.441728	157727307737.08237	-8408409852.527154	4441993043.52105	5648.650949304794	31275.1655348797	1542.1416397567743
180245746.441728	157747608485.19293	-8295817443.614202	4447543775.166691	5629.542914453309	31276.17043497138	1541.5980786162884
180249346.441728	157767840449.45065	-8183221442.060145	4453092549.077184	5610.43769977725	31277.16144774351	1541.0540092226636
180252946.441728	157788003640.03027	-8070621897.847021	4458639363.423937	5591.335317556725	31278.138580039737	1540.5094321978427
180256546.441728	157808098067.15073	-7958018860.932203	4464184216.380598	5572.235780057572	31279.10183871671	1539.9643481641915
180260146.441728	157828123741.07507	-7845412381.248361	4469727106.123056	5553.139099531334	31280.05123064405	1539.418757744494
180263746.441728	157848080672.1104	-7732802508.703407	4475268030.829443	5534.045288215251	31280.986762704328	1538.8726615619496
180267346.441728	157867968870.60794	-7620189293.180456	4480806988.680135	5514.954358332242	31281.908441793006	1538.3260602401679
180270946.441728	157887788346.96277	-7507572784.537774	4486343977.857754	5495.86632209089	31282.816274818426	1537.778954403165
180274546.441728	157907539111.61398	-7394953032.608735	4491878996.547169	5476.781191685428	31283.71026870176	1537.2313446753606
180278146.441728	157927221175.04453	-7282330087.201773	4497412042.935497	5457.698979295724	31284.590430376993	1536.6832316815726
180281746.441728	157946834547.78113	-7169703998.100335	4502943115.212107	5438.619697087265	31285.45676679086	1536.1346160470143
180285346.441728	157966379240.39435	-7057074815.062841	4508472211.568617	5419.543357211145	31286.30928490284	1535.5854983972904
180288946.441728	157985855263.4984	-6944442587.822632	4513999330.1989	5400.469971804047	31287.14799168511	1535.0358793583923
180292546.441728	158005262627.75125	-6831807366.087924	4519524469.299082	5381.399552988233	31287.972894122508	1534.4857595566953
180296146.441728	158024601343.85437	-6719169199.541768	4525047627.067545	5362.332112871526	31288.7839992125	1533.9351396189543
180299746.441728	158043871422.5529	-6606528137.842	4530568801.704927	5343.267663547297	31289.58131396516	1533.3840201722999
180303346.441728	158063072874.63538	-6493884230.621198	4536087991.414127	5324.206217094451	31290.364845403103	1532.832401844235
180306946.441728	158082205710.9339	-6381237527.486634	4541605194.400302	5305.147785577414	31291.13460056149	1532.2802852626305
180310546.441728	158101269942.3239	-6268588078.020234	4547120408.870869	5286.092381046116	31291.890586487967	1531.7276710557223
180314146.441728	158120265579.72424	-6155935931.778528	4552633633.035507	5267.040015535983	31292.63281024264	1531.174559852107
180317746.441728	158139192634.09702	-6043281138.292607	4558144865.106162	5247.990701067915	31293.361278898043	1530.6209522807383
180321346.441728	158158051116.4476	-5930623747.06808	4563654103.297042	5228.944449648281	31294.075999539094	1530.0668489709233
180324946.441728	158176841037.82455	-5817963807.585027	4569161345.824622	5209.9012732689	31294.776979263075	1529.5122505523188
180328546.441728	158195562409.31958	-5705301369.2979555	4574666590.907644	5190.861183907027	31295.464225179585	1528.957157654928
180332146.441728	158214215242.06747	-5592636481.635757	4580169836.767119	5171.824193525346	31296.137744410516	1528.4015709090966
180335746.441728	158232799547.2461	-5479969194.001662	4585671081.626328	5152.790314071949	31296.79754409001	1527.8454909455088
180339346.441728	158251315336.07623	-5367299555.773196	4591170323.710823	5133.759557480328	31297.443631364436	1527.2889183951843
180342946.441728	158269762619.8217	-5254627616.302135	4596667561.248427	5114.73193566936	31298.076013392343	1526.7318538894747
180346546.441728	158288141409.7891	-5141953424.914463	4602162792.469239	5095.707460543294	31298.69469734444	1526.1742980600595
180350146.441728	158306451717.3279	-5029277030.910328	4607656015.60563	5076.686143991738	31299.299690403543	1525.6162515389428
180353746.441728	158324693553.83038	-4916598483.563996	4613147228.892248	5057.667997889649	31299.890999764568	1525.0577149584497
180357346.441728	158342866930.73148	-4803917832.123813	4618636430.566019	5038.653034097316	31300.46863263447	1524.498688951223
180360946.441728	158360971859.50885	-4691235125.812155	4624123618.866145	5019.64126446035	31301.032596232228	1523.939174150219
180364546.441728	158379008351.68277	-4578550413.825391	4629608792.034108	5000.632700809671	31301.5828977888	1523.3791711887056
180368146.441728	158396976418.81604	-4465863745.333835	4635091948.313671	4981.627354961497	31302.1195445471	1522.818680700257
180371746.441728	158414876072.514	-4353175169.481705	4640573085.950878	4962.625238717328	31302.642543761947	1522.2577033187506
180375346.441728	158432707324.42447	-4240484735.3870816	4646052203.194056	4943.6263638639375	31303.151902700054	1521.6962396783651
180378946.441728	158450470186.2376	-4127792492.1418633	4651529298.293813	4924.630742173359	31303.647628639974	1521.1342904135754
180382546.441728	158468164669.686	-4015098488.811724	4657004369.503045	4905.638385402873	31304.129728872074	1520.5718561591498
180386146.441728	158485790786.5445	-3902402774.436072	4662477415.076933	4886.649305294996	31304.59821069851	1520.0089375501466
180389746.441728	158503348548.6302	-3789705398.0280056	4667948433.2729435	4867.663513577471	31305.05308143318	1519.4455352219109
180393346.441728	158520837967.80237	-3677006408.574273	4673417422.350831	4848.681021963251	31305.49434840169	1518.8816498100707
180396946.441728	158538259055.9625	-3564305855.0352287	4678884380.572639	4829.701842150489	31305.92201894134	1518.3172819505342
180400546.441728	158555611825.05405	-3451603786.344792	4684349306.202702	4810.72598582253	31306.33610040106	1517.7524322794861
180404146.441728	158572896287.0626	-3338900251.410405	4689812197.507642	4791.753464647894	31306.736600141405	1517.187101433385
180407746.441728	158590112454.0157	-3226195299.1129913	4695273052.756376	4772.78429028027	31307.123525534505	1516.6212900489584
180411346.441728	158607260337.98276	-3113488978.306914	4700731870.220113	4753.8184743585	31307.496883964035	1516.0549987632014
180414946.441728	158624339951.07516	-3000781337.8199334	4706188648.172355	4734.856028506569	31307.856682825182	1515.4882282133724
180418546.441728	158641351305.44604	-2888072426.4531674	4711643384.888898	4715.896964333596	31308.202929524614	1514.92097903699
180422146.441728	158658294413.2903	-2775362292.981049	4717096078.647835	4696.9412934338225	31308.53563148044	1514.3532518718298
180425746.441728	158675169286.8446	-2662650986.1512856	4722546727.729554	4677.9890273865985	31308.85479612219	1513.7850473559213
180429346.441728	158691975938.3872	-2549938554.684818	4727995330.416742	4659.040177756376	31309.160430890755	1513.2163661275442
180432946.441728	158708714380.238	-2437225047.2757783	4733441884.994384	4640.094756092693	31309.452543238393	1512.6472088252262
180436546.441728	158725384624.75845	-2324510512.591451	4738886389.749762	4621.152773930169	31309.731140628657	1512.077576087739
180440146.441728	158741986684.3515	-2211794999.272232	4744328842.97246	4602.21424278849	31309.996230536384	1511.5074685540953
180443746.441728	158758520571.46155	-2099078555.931586	4749769242.954363	4583.279174172399	31310.247820447657	1510.9368868635459
180447346.441728	158774986298.57437	-1986361231.1560087	4755207587.989656	4564.347579571685	31310.485917859773	1510.3658316555761
180450946.441728	158791383878.21707	-1873643073.5049853	4760643876.374829	4545.4194704611755	31310.7105302812	1509.7943035699034
180454546.441728	158807713322.95804	-1760924131.5109503	4766078106.408674	4526.494858300723	31310.92166523156	1509.2223032464733
180458146.441728	158823974645.40692	-1648204453.6792474	4771510276.392287	4507.573754535196	31311.119330241578	1508.6498313254576
180461746.441728	158840167858.2145	-1535484088.48809	4776940384.629069	4488.6561705944705	31311.303532853068	1508.0768884472502
180465346.441728	158856292974.0727	-1422763084.388521	4782368429.424727	4469.742117893416	31311.47428061888	1507.503475252464
180468946.441728	158872350005.7145	-1310041489.804373	4787794409.0872755	4450.831607831892	31311.631581102884	1506.9295923819293
180472546.441728	158888338965.9139	-1197319353.1322293	4793218321.927035	4431.92465179473	31311.775441879923	1506.3552404766886
180476146.441728	158904259867.4859	-1084596722.7413838	4798640166.256636	4413.021261151732	31311.90587053579	1505.7804201779952
180479746.441728	158920112723.28632	-971873646.9738019	4804059940.391014	4394.121447257653	31312.02287466719	1505.2051321273102
180483346.441728	158935897546.21185	-859150174.1440811	4809477642.647419	4375.2252214522	31312.12646188171	1504.6293769662984
180486946.441728	158951614349.20004	-746426352.5394125	4814893271.345408	4356.332595060014	31312.216639797785	1504.0531553368264
180490546.441728	158967263145.22916	-633702230.4195409	4820306824.806852	4337.443579390668	31312.29341604466	1503.4764678809588
180494146.441728	158982843947.31808	-520977856.01672673	4825718301.35593	4318.558185738651	31312.356798262364	1502.8993152409562
180497746.441728	158998356768.52643	-408253277.53570676	4831127699.319137	4299.676425383366	31312.406794101673	1502.3216980592713
180501346.441728	159013801621.9543	-295528543.15365577	4836535017.025278	4280.798309589114	31312.443411224078	1501.7436169785467
180504946.441728	159029178520.74243	-182803701.0201479	4841940252.805475	4261.923849605088	31312.466657301753	1501.1650726416117
180508546.441728	159044487478.07193	-70078799.25711825	4847343404.993162	4243.053056665366	31312.47654001752	1500.5860656914795
180512146.441728	159059728507.16434	42646114.04117526	4852744471.924089	4224.185941988898	31312.47306706482	1500.006596771344
180515746.441728	159074901621.28162	155370990.8081903	4858143451.936323	4205.3225167795	31312.456246147678	1499.4266665245775
180519346.441728	159090006833.72595	268095783.00513786	4863540343.370246	4186.462792225845	31312.426084980667	1498.8462755947273
180522946.441728	159105044157.83984	380820442.62102056	4868935144.568558	4167.606779501454	31312.382591288882	1498.2654246255133
180526546.441728	159120013607.00595	493544921.67267	4874327853.876275	4148.754489764688	31312.325772807897	1497.684114260825
180530146.441728	159134915194.6471	606269172.2047849	4879718469.640734	4129.905934158736	31312.255637283746	1497.1023451447186
180533746.441728	159149748934.2262	718993146.2899681	4885106990.211588	4111.0611238116135	31312.172192472877	1496.5201179214143
180537346.441728	159164514839.2462	831716796.0287648	4890493413.940812	4092.2200698361466	31312.075446142127	1495.9374332352936
180540946.441728	159179212923.24997	944440073.5496993	4895877739.1827	4073.38278332997	31311.965406068688	1495.354291730896
180544546.441728	159193843199.8204	1057162931.0093124	4901259964.293866	4054.5492753755157	31311.842080040075	1494.7706940529172
180548146.441728	159208405682.5802	1169885320.5921984	4906640087.633246	4035.7195570400045	31311.705475854087	1494.1866408462056
180551746.441728	159222900385.1919	1282607194.5110419	4912018107.5620985	4016.8936393754398	31311.555601318785	1493.6021327557596
180555346.441728	159237327321.35776	1395328505.0066555	4917394022.444002	3998.071533418599	31311.39246425245	1493.0171704267252
180558946.441728	159251686504.8198	1508049204.3480155	4922767830.644859	3979.2532501910246	31311.21607248356	1492.431754504393
180562546.441728	159265977949.35962	1620769244.8322995	4928139530.532896	3960.4388006990193	31311.026433850748	1491.8458856341958
180566146.441728	159280201668.7985	1733488578.784922	4933509120.4786625	3941.628195933635	31310.82355620277	1491.2595644617058
180569746.441728	159294357676.9972	1846207158.559571	4938876598.855032	3922.8214468706674	31310.60744739848	1490.6727916326317
180573346.441728	159308445987.85596	1958924936.5382452	4944241964.037204	3904.0185644706476	31310.378115306798	1490.0855677928162
180576946.441728	159322466615.3145	2071641865.131289	4949605214.402702	3885.219559678835	31310.135567806665	1489.4978935882332
180580546.441728	159336419573.3519	2184357896.777429	4954966348.331377	3866.42444342521	31309.879812787018	1488.9097696649853
180584146.441728	159350304875.9865	2297072983.94381	4960325364.205403	3847.6332266244667	31309.610858146767	1488.3211966693016
180587746.441728	159364122537.276	2409787079.126031	4965682260.409285	3828.845920176005	31309.328711794744	1487.7321752475343
180591346.441728	159377872571.31726	2522500134.84818	4971037035.32985	3810.062534963926	31309.033381649686	1487.1427060461563
180594946.441728	159391554992.24628	2635212103.6628704	4976389687.356257	3791.2830818570205	31308.724875640197	1486.552789711759
180598546.441728	159405169814.2382	2747922938.151277	4981740214.879992	3772.507571708767	31308.403201704718	1485.9624268910495
180602146.441728	159418717051.50714	2860632590.92317	4987088616.294866	3753.736015357322	31308.068367791486	1485.3716182308476
180605746.441728	159432196718.3063	2973341014.616951	4992434889.997023	3734.9684236255125	31307.72038185851	1484.780364378084
180609346.441728	159445608828.92776	3086048161.899688	4997779034.384933	3716.204807320833	31307.359251873542	1484.188665979797
180612946.441728	159458953397.70248	3198753985.46715	5003121047.859399	3697.4451772354346	31306.984985814037	1483.5965236831305
180616546.441728	159472230439.00024	3311458438.0438433	5008460928.82355	3678.689544146121	31306.597591667123	1483.0039381353313
180620146.441728	159485439967.22964	3424161472.383044	5013798675.682849	3659.9379188143416	31306.197077429573	1482.4109099837465
180623746.441728	159498581996.83792	3536863041.2668343	5019134286.845086	3641.1903119861845	31305.783451107764	1481.817439875821
180627346.441728	159511656542.31104	3649563097.506137	5024467760.720385	3622.446734392371	31305.356720717653	1481.2235284590952
180630946.441728	159524663618.1735	3762261593.940749	5029799095.721198	3603.707196748249	31304.916894284746	1480.6291763812023
180634546.441728	159537603238.9884	3874958483.439377	5035128290.262313	3584.9717097537864	31304.46397984406	1480.0343842898658
180638146.441728	159550475419.35733	3987653718.8996696	5040455342.760846	3566.2402840935656	31303.997985440088	1479.439152832897
180641746.441728	159563280173.9203	4100347253.248254	5045780251.636249	3547.512930436778	31303.518919126782	1478.843482658193
180645346.441728	159576017517.35568	4213039039.440767	5051103015.310302	3528.789659437216	31303.026788967505	1478.2473744137335
180648946.441728	159588687464.38022	4325729030.461891	5056423632.207122	3510.07048173327	31302.521603035006	1477.650828747579
180652546.441728	159601290029.74887	4438417179.325389	5061742100.753157	3491.35540794792	31302.003369411384	1477.0538463078683
180656146.441728	159613825228.25488	4551103439.074133	5067058419.377189	3472.644448688732	31301.47209618807	1476.4564277428155
180659746.441728	159626293074.72958	4663787762.780144	5072372586.510333	3453.9376145478514	31300.927791465776	1475.8585737007083
180663346.441728	159638693584.04245	4776470103.54462	5077684600.58604	3435.2349161019965	31300.370463354473	1475.2602848299052
180666946.441728	159651026771.101	4889150414.497972	5082994460.040092	3416.5363639124553	31299.800119973363	1474.6615617788334
180670546.441728	159663292650.85077	5001828648.799857	5088302163.31061	3397.841968525078	31299.21676945083	1474.062405195986
180674146.441728	159675491238.27518	5114504759.639212	5093607708.838044	3379.151740470272	31298.62041992444	1473.46281572992
180677746.441728	159687622548.39557	5227178700.234283	5098911095.065184	3360.4656902629986	31298.01107954087	1472.862794029254
180681346.441728	159699686596.2711	5339850423.832664	5104212320.437152	3341.783828402765	31297.388756455908	1472.2623407426652
180684946.441728	159711683396.99866	5452519883.711321	5109511383.401406	3323.1061653736206	31296.753458834406	1471.661456518888
180688546.441728	159723612965.71292	5565187033.176635	5114808282.407742	3304.4327116441527	31296.10519485025	1471.060142006711
180692146.441728	159735475317.58618	5677851825.564426	5120103015.908287	3285.7634776674804	31295.44397268633	1470.4583978549751
180695746.441728	159747270467.82834	5790514214.23999	5125395582.357509	3267.0984738812494	31294.769800534516	1469.8562247125708
180699346.441728	159758998431.68686	5903174152.598129	5130685980.212208	3248.4377107076284	31294.082686595604	1469.253623228436
180702946.441728	159770659224.44666	6015831594.063185	5135974207.931522	3229.7811985533035	31293.38263907931	1468.650594051554
180706546.441728	159782252861.4301	6128486492.089069	5141260263.976927	3211.1289478094736	31292.669666204227	1468.0471378309508
180710146.441728	159793779357.997	6241138800.159297	5146544146.812232	3192.4809688518462	31291.94377619779	1467.443255215693
180713746.441728	159805238729.54443	6353788471.787019	5151825854.903585	3173.8372720406323	31291.20497729625	1466.8389468548858
180717346.441728	159816630991.5067	6466435460.51505	5157105386.719472	3155.197867720543	31290.45327774464	1466.2342133976704
180720946.441728	159827956159.3554	6579079719.915904	5162382740.730712	3136.5627662207835	31289.68868579675	1465.6290554932216
180724546.441728	159839214248.59927	6691721203.5918255	5167657915.410465	3117.9319778550503	31288.911209715086	1465.0234737907463
180728146.441728	159850405274.7841	6804359865.174817	5172930909.234227	3099.3055129215263	31288.120857770842	1464.4174689394804
180731746.441728	159861529253.49277	6916995658.326675	5178201720.679831	3080.683381702876	31287.31763824387	1463.8110415886872
180735346.441728	159872586200.34515	7029628536.739019	5183470348.227446	3062.065594466243	31286.501559422646	1463.204192387655
180738946.441728	159883576130.99802	7142258454.133322	5188736790.35958	3043.4521614632445	31285.67262960425	1462.5969219856945
180742546.441728	159894499061.14505	7254885364.26094	5194001045.56108	3024.843092929968	31284.83085709432	1461.9892310321372
180746146.441728	159905355006.51675	7367509220.903147	5199263112.319128	3006.238399086967	31283.97625020702	1461.381120176333
180749746.441728	159916143982.88037	7480129977.871163	5204522989.123245	2987.6380901392586	31283.10881726502	1460.7725900676478
180753346.441728	159926866006.03986	7592747589.006186	5209780674.46529	2969.0421762763176	31282.228566599464	1460.1636413554618
180756946.441728	159937521091.83585	7705362008.179418	5215036166.839459	2950.450667672074	31281.33550654993	1459.5542746891667
180760546.441728	159948109256.14557	7817973189.292101	5220289464.742287	2931.86357448491	31280.42964546441	1458.9444907181642
180764146.441728	159958630514.8828	7930581086.275545	5225540566.672644	2913.2809068576544	31279.51099169926	1458.3342900918635
180767746.441728	159969084883.99777	8043185653.091157	5230789471.131741	2894.7026749175825	31278.57955361919	1457.723673459679
180771346.441728	159979472379.47717	8155786843.730473	5236036176.623125	2876.128888776409	31277.635339597226	1457.1126414710288
180774946.441728	159989793017.34406	8268384612.215184	5241280681.652683	2857.5595585302876	31276.67835801467	1456.501194775332
180778546.441728	160000046813.65778	8380978912.597173	5246522984.728639	2838.994694259806	31275.70861726108	1455.889334022006
180782146.441728	160010233784.51398	8493569698.958535	5251763084.361552	2820.4343060299825	31274.72612573424	1455.2770598604668
180785746.441728	160020353946.0445	8606156925.411617	5257000979.064323	2801.8784038902654	31273.730891840114	1454.6643729401237
180789346.441728	160030407314.41733	8718740546.09904	5262236667.35219	2783.326997874527	31272.722923992835	1454.0512739103795
180792946.441728	160040393905.83655	8831320515.193727	5267470147.742726	2764.780098001062	31271.702230614654	1453.4377634206273
180796546.441728	160050313736.5423	8943896786.898943	5272701418.755846	2746.237714272585	31270.668820135932	1452.8238421202493
180800146.441728	160060166822.81067	9056469315.44831	5277930478.913799	2727.6998566762263	31269.622700995085	1452.209510658614
180803746.441728	160069953180.9537	9169038055.105848	5283157326.741174	2709.1665351835304	31268.563881638573	1451.594769685074
180807346.441728	160079672827.31927	9281602960.165995	5288381960.764896	2690.6377597504525	31267.492370520853	1450.979619848965
180810946.441728	160089325778.2911	9394163984.95364	5293604379.514231	2672.113540317356	31266.408176104364	1450.3640617996027
180814546.441728	160098912050.28867	9506721083.824152	5298824581.520777	2653.5938868090116	31265.311306859483	1449.7480961862814
180818146.441728	160108431659.76712	9619274211.163408	5304042565.318474	2635.0788091345908	31264.201771264507	1449.1317236582713
180821746.441728	160117884623.2173	9731823321.38782	5309258329.443598	2616.5683171876676	31263.0795778056	1448.5149448648172
180825346.441728	160127270957.1656	9844368368.944363	5314471872.434761	2598.0624208462136	31261.944734976798	1447.8977604551362
180828946.441728	160136590678.17395	9956909308.31061	5319683192.832914	2579.5611299725974	31260.79725127994	1447.2801710784156
180832546.441728	160145843802.83978	10069446093.99475	5324892289.181344	2561.0644544135803	31259.63713522466	1446.662177383811
180836146.441728	160155030347.7959	10181978680.535618	5330099160.025675	2542.5724040003165	31258.464395328356	1446.0437800204445
180839746.441728	160164150329.71054	10294507022.502733	5335303803.913868	2524.0849885483485	31257.27904011615	1445.4249796374022
180843346.441728	160173203765.28717	10407031074.496313	5340506219.39622	2505.6022178576072	31256.081078120864	1444.8057768837327
180846946.441728	160182190671.26456	10519550791.14731	5345706405.025365	2487.124101712409	31254.870517882988	1444.186172408445
180850546.441728	160191111064.41666	10632066127.117435	5350904359.356274	2468.6506498814533	31253.647367950645	1443.5661668605062
180854146.441728	160199964961.55258	10744577037.099188	5356100080.946252	2450.1818721178215	31252.411636879573	1442.9457608888404
180857746.441728	160208752379.51648	10857083475.815878	5361293568.354943	2431.717778158975	31251.163333233082	1442.3249551423257
180861346.441728	160217473335.18756	10969585398.02166	5366484820.144325	2413.258377726753	31249.902465582025	1441.7037502697933
180864946.441728	160226127845.47998	11082082758.501556	5371673834.878713	2394.8036805273723	31248.629042504777	1441.0821469200246
180868546.441728	160234715927.34286	11194575512.071486	5376860611.124755	2376.3536962514236	31247.34307258719	1440.4601457417496
180872146.441728	160243237597.76013	11307063613.578287	5382045147.451437	2357.908434573871	31246.044564422584	1439.8377473836454
180875746.441728	160251692873.75052	11419547017.899752	5387227442.430079	2339.4679051540516	31244.733526611686	1439.214952494334
180879346.441728	160260081772.36752	11532025679.944645	5392407494.634337	2321.0321176356715	31243.409967762633	1438.5917617223802
180882946.441728	160268404310.69934	11644499554.652735	5397585302.6402	2302.601081646807	31242.073896490918	1437.9681757162898
180886546.441728	160276660505.86877	11756968596.99482	5402760865.025991	2284.174806799902	31240.725321419373	1437.344195124508
180890146.441728	160284850375.0332	11869432761.97275	5407934180.372372	2265.753302691767	31239.36425117813	1436.7198205954169
180893746.441728	160292973935.38455	11981892004.619461	5413105247.262332	2247.336578903579	31237.99069440459	1436.0950527773343
180897346.441728	160301031204.14917	12094346279.998997	5418274064.281199	2228.9246450008777	31236.60465974341	1435.4698923185115
180900946.441728	160309022198.58786	12206795543.206532	5423440630.016634	2210.517510533568	31235.206155846452	1434.8443398671316
180904546.441728	160316946935.99576	12319239749.368399	5428604943.058629	2192.115185035916	31233.795191372763	1434.218396071307
180908146.441728	160324805433.7023	12431678853.642122	5433767001.999512	2173.71767802655	31232.371774988544	1433.5920615790787
180911746.441728	160332597709.07114	12544112811.216433	5438926805.433941	2155.3249990084587	31230.935915367118	1432.9653370384133
180915346.441728	160340323779.50012	12656541577.311298	5444084351.958908	2136.9371574689917	31229.487621188906	1432.3382230972018
180918946.441728	160347983662.42123	12768965107.17795	5449239640.173738	2118.5541628798564	31228.026901141387	1431.7107204032577
180922546.441728	160355577375.30054	12881383356.098906	5454392668.680085	2100.1760246971203	31226.553763919077	1431.0828296043153
180926146.441728	160363104935.63806	12993796279.387999	5459543436.08194	2081.802752361208	31225.068218223492	1430.454551348027
180929746.441728	160370566360.96786	13106203832.390396	5464691940.98562	2063.434355296902	31223.57027276313	1429.825886281963
180933346.441728	160377961668.85782	13218605970.482632	5469838181.999775	2045.070842913342	31222.05993625342	1429.1968350536079
180936946.441728	160385290876.90973	13331002649.072626	5474982157.735388	2026.7122246040237	31220.537217416717	1428.56739831036
180940546.441728	160392554002.75912	13443393823.599714	5480123866.805769	2008.3585097467999	31219.00212498226	1427.9375766995292
180944146.441728	160399751064.0753	13555779449.534664	5485263307.82656	1990.009707703879	31217.454667686136	1427.3073708683353
180947746.441728	160406882078.5612	13668159482.379711	5490400479.415733	1971.6658278218256	31215.89485427126	1426.6767814639056
180951346.441728	160413947063.9534	13780533877.668573	5495535380.193589	1953.3268794315595	31214.322693487342	1426.045809133274
180954946.441728	160420946038.02206	13892902590.966484	5500668008.782758	1934.9928718483566	31212.73819409086	1425.4144545233785
180958546.441728	160427879018.57083	14005265577.870209	5505798363.808199	1916.6638143718478	31211.14136484503	1424.7827182810602
180962146.441728	160434746023.4368	14117622794.008074	5510926443.897199	1898.33971628602	31209.532214519764	1424.1506010530607
180965746.441728	160441547070.49048	14229974195.039988	5516052247.679374	1880.0205868592152	31207.910751891664	1423.518103486021
180969346.441728	160448282177.63568	14342319736.657469	5521175773.786667	1861.706435344132	31206.276985743974	1422.885226226479
180972946.441728	160454951362.80954	14454659374.583668	5526297020.853349	1843.3972709778238	31204.630924866553	1422.2519699208694
180976546.441728	160461554643.98236	14566993064.573387	5531415987.516017	1825.0931029817013	31202.97257805585	1421.6183352155197
180980146.441728	160468092039.15768	14679320762.413113	5536532672.413596	1806.7939405615311	31201.30195411488	1420.9843227566498
180983746.441728	160474563566.37213	14791642423.92103	5541647074.187336	1788.499792907437	31199.619061853176	1420.3499331903704
180987346.441728	160480969243.69534	14903958004.94705	5546759191.480813	1770.2106691938998	31197.92391008678	1419.715167162681
180990946.441728	160487309089.23004	15016267461.372835	5551869022.939929	1751.9265785797581	31196.216507638204	1419.0800253194675
180994546.441728	160493583121.11182	15128570749.11182	5556976567.21291	1733.6475302082094	31194.496863336397	1418.444508306502
180998146.441728	160499791357.5092	15240867824.109236	5562081822.950307	1715.3735332068095	31192.764986016722	1417.8086167694398
181001746.441728	160505933816.62347	15353158642.342129	5567184788.804996	1697.1045966874742	31191.02088452093	1417.1723513538182
181005346.441728	160512010516.6888	15465443159.819391	5572285463.432175	1678.8407297464794	31189.264567697122	1416.5357127050545
181008946.441728	160518021475.97205	15577721332.58178	5577383845.489367	1660.5819414644623	31187.49604439972	1415.898701468445
181012546.441728	160523966712.77264	15689993116.701935	5582479933.636416	1642.3282409064218	31185.715323489443	1415.261318289163
181016146.441728	160529846245.4227	15802258468.284409	5587573726.535492	1624.07963712172	31183.922413833287	1414.6235638122564
181019746.441728	160535660092.2869	15914517343.465687	5592665222.851082	1605.8361391440826	31182.11732430447	1413.985438682647
181023346.441728	160541408271.76233	16026769698.41421	5597754421.249997	1587.5977559916	31180.300063782426	1413.346943545129
181026946.441728	160547090802.27863	16139015489.33039	5602841320.40137	1569.3644966667287	31178.47064115277	1412.708079044366
181030546.441728	160552707702.29773	16251254672.44665	5607925918.976654	1551.1363701562918	31176.62906530726	1412.0688458248908
181034146.441728	160558258990.3139	16363487204.027422	5613008215.64962	1532.9133854314812	31174.775345143782	1411.4292445311028
181037746.441728	160563744684.85373	16475713040.369188	5618088209.096361	1514.6955514478575	31172.90948956631	1410.789275807267
181041346.441728	160569164804.47595	16587932137.800495	5623165897.995289	1496.4828771453526	31171.031507484884	1410.148940297512
181044946.441728	160574519367.7715	16700144452.681974	5628241281.027133	1478.27537144827	31169.141407815576	1409.5082386458282
181048546.441728	160579808393.3634	16812349941.406368	5633314356.874941	1460.0730432652872	31167.239199480464	1408.867171496067
181052146.441728	160585031899.9067	16924548560.398548	5638385124.224079	1441.875901489456	31165.324891407607	1408.2257394919382
181055746.441728	160590189906.08847	17036740266.115538	5643453581.76223	1423.6839549982053	31163.398492531007	1407.583943277009
181059346.441728	160595282430.6277	17148925015.046534	5648519728.179393	1405.4972126533416	31161.460011790587	1406.9417834947021
181062946.441728	160600309492.27518	17261102763.71293	5653583562.167883	1387.3156833010514	31159.50945813216	1406.2992607882945
181066546.441728	160605271109.81363	17373273468.668327	5658645082.422331	1369.1393757719025	31157.546840507403	1405.6563758009152
181070146.441728	160610167302.0575	17485437086.498573	5663704287.639684	1350.9682988808454	31155.572167873823	1405.0131291755442
181073746.441728	160614998087.8529	17597593573.821766	5668761176.519201	1332.8024614272163	31153.585449194736	1404.369521555011
181077346.441728	160619763486.07764	17709742887.288284	5673815747.762457	1314.6418721947377	31151.586693439225	1403.7255535819925
181080946.441728	160624463515.64108	17821884983.580807	5678868000.073339	1296.486539951521	31149.57590958213	1403.0812258990118
181084546.441728	160629098195.48416	17934019819.41433	5683917932.158049	1278.3364734500683	31147.55310660401	1402.4365391484366
181088146.441728	160633667544.57928	18046147351.536194	5688965542.725098	1260.191681427274	31145.518293491103	1401.7914939724774
181091746.441728	160638171581.93027	18158267536.726093	5694010830.485311	1242.0521726044278	31143.471479235322	1401.1460910131864
181095346.441728	160642610326.57233	18270380331.796112	5699053794.151823	1223.917955687216	31141.41267283421	1400.5003309124552
181098946.441728	160646983797.57193	18382485693.59073	5704094432.440081	1205.789039365724	31139.341883290905	1399.8542143120142
181102546.441728	160651292014.0269	18494583578.986847	5709132744.06784	1187.665432314439	31137.259119614137	1399.2077418534304
181106146.441728	160655534995.06613	18606673944.893806	5714168727.755165	1169.547143192251	31135.164390818172	1398.5609141781063
181109746.441728	160659712759.84976	18718756748.253418	5719202382.224431	1151.4341806424566	31133.057705922805	1397.9137319272775
181113346.441728	160663825327.569	18830831946.039963	5724233706.20032	1133.3265532927605	31130.93907395332	1397.2661957420123
181116946.441728	160667872717.44604	18942899495.26023	5729262698.4098215	1115.2242697552783	31128.808503940458	1396.6183062632097
181120546.441728	160671854948.73413	19054959352.953526	5734289357.5822315	1097.1273386265389	31126.666004920404	1395.9700641315974
181124146.441728	160675772040.71735	19167011476.191696	5739313682.449154	1079.0357684874868	31124.511585934746	1395.3214699877312
181127746.441728	160679624012.7107	19279055822.07915	5744335671.744497	1060.9495679034853	31122.34525603045	1394.672524471993
181131346.441728	160683410884.05997	19391092347.752876	5749355324.204474	1042.8687454243188	31120.167024259837	1394.0232282245895
181134946.441728	160687132674.14172	19503121010.382454	5754372638.567604	1024.7933095841952	31117.976899680547	1393.37358188555
181138546.441728	160690789402.3632	19615141767.170082	5759387613.574708	1006.7232689017493	31115.77489135552	1392.723586094726
181142146.441728	160694381088.16223	19727154575.3506	5764400247.968911	988.6586318800452	31113.56100835295	1392.0732414917888
181145746.441728	160697907751.00732	19839159392.191498	5769410540.495642	970.5994070065791	31111.335259746287	1391.422548716229
181149346.441728	160701369410.39743	19951156174.992943	5774418489.902628	952.5456027532827	31109.09765461418	1390.7715084073536
181152946.441728	160704766085.86203	20063144881.08779	5779424094.939901	934.4972275765255	31106.848202040463	1390.120121204286
181156546.441728	160708097796.961	20175125467.84161	5784427354.359793	916.4542899171183	31104.586911114126	1389.4683877459638
181160146.441728	160711364563.28458	20287097892.652702	5789428266.916933	898.4167982003163	31102.313790929285	1388.8163086711374
181163746.441728	160714566404.45328	20399062112.95211	5794426831.368252	880.3847608358218	31100.02885058516	1388.1638846183687
181167346.441728	160717703340.1179	20511018086.203648	5799423046.472978	862.3581862177876	31097.732099186036	1387.5111162260291
181170946.441728	160720775389.95938	20622965769.90391	5804416910.992638	844.3370827248206	31095.423545841248	1386.8580041322991
181174546.441728	160723782573.68887	20734905121.582306	5809408423.691054	826.3214587199842	31093.10319966514	1386.204548975166
181178146.441728	160726724911.04755	20846836098.80105	5814397583.334348	808.3113225508025	31090.77106977705	1385.5507513924226
181181746.441728	160729602421.80664	20958758659.155197	5819384388.690934	790.3066825492634	31088.427165301273	1384.8966120216662
181185346.441728	160732415125.7673	21070672760.272667	5824368838.531524	772.3075470318217	31086.07149536704	1384.2421315002966
181188946.441728	160735163042.76062	21182578359.81425	5829350931.629121	754.3139242994031	31083.704069108484	1383.5873104655154
181192546.441728	160737846192.64755	21294475415.473625	5834330666.759024	736.3258226374072	31081.324895664624	1382.9321495543236
181196146.441728	160740464595.31882	21406363884.977383	5839308042.698824	718.3432503157115	31078.93398417932	1382.2766494035209
181199746.441728	160743018270.69492	21518243726.08504	5844283058.228405	700.3662155886751	31076.531343801256	1381.6208106497045
181203346.441728	160745507238.72604	21630114896.58906	5849255712.129942	682.3947266951419	31074.11698368392	1380.964633929267
181206946.441728	160747931519.392	21741977354.314865	5854226003.1879	664.4287918584447	31071.690912985563	1380.3081198783952
181210546.441728	160750291132.70215	21853831057.120853	5859193930.1890335	646.4684192864089	31069.253140869172	1379.6512691330693
181214146.441728	160752586098.6954	21965675962.898422	5864159491.922387	628.5136171713564	31066.80367650245	1378.9940823290608
181217746.441728	160754816437.44012	22077512029.571976	5869122687.179295	610.5643936901093	31064.342529057794	1378.3365601019314
181221346.441728	160756982169.03412	22189339215.098953	5874083514.753376	592.6207570039943	31061.869707712252	1377.6787030870314
181224946.441728	160759083313.6045	22301157477.469837	5879041973.440538	574.682715258846	31059.385221647506	1377.020511919499
181228546.441728	160761119891.30768	22412966774.708176	5883998062.038976	556.7502765850113	31056.88908004984	1376.3619872342583
181232146.441728	160763091922.32935	22524767064.870586	5888951779.349166	538.8234490973537	31054.38129211012	1375.7031296660177
181235746.441728	160764999426.88434	22636558306.04679	5893903124.173873	520.9022408952569	31051.861867023756	1375.0439398492695
181239346.441728	160766842425.21664	22748340456.35962	5898852095.318144	502.9866600626296	31049.330813990688	1374.3844184182876
181242946.441728	160768620937.5993	22860113473.96503	5903798691.589309	485.07671466790913	31046.788142215344	1373.7245660071271
181246546.441728	160770334984.33444	22971877317.052128	5908742911.79698	467.17241276406617	31044.233860906632	1373.0643832496219
181250146.441728	160771984585.75305	23083631943.843174	5913684754.753051	449.27376238860876	31041.66797927789	1372.4038707793839
181253746.441728	160773569762.2151	23195377312.593605	5918624219.271696	431.38077156358696	31039.090506546876	1371.7430292298016
181257346.441728	160775090534.10938	23307113381.592052	5923561304.16937	413.493448295597	31036.50145193574	1371.081859234039
181260946.441728	160776546921.8535	23418840109.160355	5928496008.264805	395.6118005757859	31033.900824670985	1370.4203614250343
181264546.441728	160777938945.89377	23530557453.653576	5933428330.379013	377.735836379856	31031.28863398346	1369.758536435498
181268146.441728	160779266626.70523	23642265373.46001	5938358269.335282	359.86556366806934	31028.664889108306	1369.0963848979118
181271746.441728	160780529984.7915	23753963827.001217	5943285823.959179	342.0009903852525	31026.029599284957	1368.433907444528
181275346.441728	160781729040.68484	23865652772.732018	5948210993.078543	324.1421244608011	31023.382773757094	1367.771104707367
181278946.441728	160782863814.94595	23977332169.140522	5953133775.52349	306.2889738086844	31020.72442177263	1367.107977318217
181282546.441728	160783934328.16406	24089001974.748135	5958054170.12641	288.4415463274503	31018.054552583675	1366.4445259086326
181286146.441728	160784940600.9568	24200662148.109585	5962972175.721965	270.5998499002299	31015.37317544652	1365.7807511099325
181289746.441728	160785882653.97006	24312312647.812923	5967887791.147091	252.76389239474258	31012.68029962159	1365.1166535531993
181293346.441728	160786760507.87814	24423953432.47955	5972801015.240994	234.93368166330055	31009.975934373437	1364.4522338692782
181296946.441728	160787574183.38354	24535584460.764225	5977711846.845154	217.109225542814	31007.260088970714	1363.787492688775
181300546.441728	160788323701.21695	24647205691.35508	5982620284.803314	199.29053185479603	31004.532772686132	1363.1224306420554
181304146.441728	160789009082.13718	24758817082.973637	5987526327.961493	181.47760840536768	31001.79399479645	1362.4570483592433
181307746.441728	160789630346.9311	24870418594.374825	5992429975.167973	163.6704629852629	30999.04376458244	1361.79134647022
181311346.441728	160790187516.41364	24982010184.346985	5997331225.273306	145.8691033698338	30996.282091328852	1361.1253256046227
181314946.441728	160790680611.42764	25093591811.71189	6002230077.130309	128.07353731905567	30993.508984324413	1360.4589863918432
181318546.441728	160791109652.8439	25205163435.324768	6007126529.594066	110.28377257753226	30990.724452861778	1359.7923294610268
181322146.441728	160791474661.56104	25316725014.0743	6012020581.521922	92.499816874501	30987.92850623751	1359.125355441071
181325746.441728	160791775658.5055	25428276506.882645	6016912231.773489	74.72167792383826	30985.121153752058	1358.458064960624
181329346.441728	160792012664.63144	25539817872.70545	6021801479.21064	56.94936342406476	30982.302404709728	1357.7904586480836
181332946.441728	160792185700.92072	25651349070.531857	6026688322.697511	39.1828810583509	30979.472268418656	1357.1225371315966
181336546.441728	160792294788.3828	25762870059.384537	6031572761.100496	21.422238494522183	30976.63075419078	1356.4543010390564
181340146.441728	160792339948.0548	25874380798.319683	6036454793.288254	3.667443385064722	30973.77787134182	1355.785750998103
181343746.441728	160792321201.00128	25985881246.427036	6041334418.131698	-14.081496632869271	30970.913629191244	1355.1168876361205
181347346.441728	160792238568.3143	26097371362.829887	6046211634.504002	-31.824573937455913	30968.038037062248	1354.447711580237
181350946.441728	160792092071.1133	26208851106.685104	6051086441.280596	-49.561780922194025	30965.151104281733	1353.7782234573228
181354546.441728	160791881730.54514	26320320437.183132	6055958837.339167	-67.2931099958995	30962.252840180267	1353.1084238939895
181358146.441728	160791607567.7839	26431779313.54802	6060828821.559656	-85.01855358269962	30959.34325409207	1352.4383135165883
181361746.441728	160791269604.03098	26543227695.03742	6065696392.824261	-102.73810412202727	30956.422355354982	1351.7678929512092
181365346.441728	160790867860.51492	26654665540.942608	6070561550.01743	-120.45175406861517	30953.49015331044	1351.09716282368
181368946.441728	160790402358.49142	26766092810.5885	6075424292.025867	-138.15949589249007	30950.546657303454	1350.4261237595647
181372546.441728	160789873119.24326	26877509463.333656	6080284617.738525	-155.86132207896682	30947.591876682578	1349.7547763841621
181376146.441728	160789280164.08023	26988915458.5703	6085142526.04661	-173.55722512864253	30944.625820799884	1349.0831213225056
181379746.441728	160788623514.33908	27100310755.724327	6089998015.843574	-191.24719755739054	30941.64849901094	1348.411159199361
181383346.441728	160787903191.3835	27211695314.25532	6094851086.025121	-208.93123189635446	30938.659920674774	1347.7388906392257
181386946.441728	160787119216.60406	27323069093.656563	6099701735.489201	-226.60932069194206	30935.660095153868	1347.0663162663275
181390546.441728	160786271611.4181	27434432053.455044	6104549963.136011	-244.28145650581928	30932.64903181411	1346.3934367046236
181394146.441728	160785360397.2697	27545784153.211483	6109395767.867995	-261.947631914904	30929.626740024785	1345.7202525777993
181397746.441728	160784385595.6297	27657125352.52033	6114239148.589841	-279.6078395113599	30926.59322915854	1345.046764509267
181401346.441728	160783347227.99548	27768455611.00978	6119080104.20848	-297.26207190259026	30923.548508591364	1344.3729731221642
181404946.441728	160782245315.8911	27879774888.3418	6123918633.633086	-314.9103217112318	30920.49258770256	1343.698879039354
181408546.441728	160781079880.86713	27991083144.212112	6128754735.775076	-332.5525815751481	30917.425475874716	1343.0244828834227
181412146.441728	160779850944.50055	28102380338.350235	6133588409.548106	-350.18884414742354	30914.34718249369	1342.3497852766786
181415746.441728	160778558528.39484	28213666430.51947	6138419653.868073	-367.8191020963568	30911.257716948574	1341.6747868411514
181419346.441728	160777202654.1798	28324941380.516937	6143248467.653114	-385.44334810545445	30908.157088631673	1340.999488198591
181422946.441728	160775783343.5116	28436205148.173565	6148074849.823601	-403.0615748734245	30905.045306938482	1340.3238899704663
181426546.441728	160774300618.07257	28547457693.35412	6152898799.302144	-420.67377511416987	30901.922381267654	1339.6479927779637
181430146.441728	160772754499.57132	28658698975.9572	6157720315.01359	-438.2799415567819	30898.788321020984	1338.971797241987
181433746.441728	160771145009.7426	28769928955.915264	6162539395.885019	-455.8800669455338	30895.643135603375	1338.2953039831546
181437346.441728	160769472170.34726	28881147593.19463	6167356040.845746	-473.47414403987386	30892.48683442282	1337.6185136218003
181440946.441728	160767736003.17215	28992354847.795486	6172170248.827317	-491.06216561441886	30889.319426890368	1336.941426777971
181444546.441728	160765936530.03012	29103550679.751915	6176982018.763512	-508.6441244589475	30886.140922420112	1336.2640440714256
181448146.441728	160764073772.75995	29214735049.131886	6181791349.59034	-526.2200133783936	30882.95133042915	1335.5863661216345
181451746.441728	160762147753.22632	29325907916.03728	6186598240.246039	-543.789825192839	30879.750660337573	1334.9083935477781
181455346.441728	160760158493.3197	29437069240.6039	6191402689.671078	-561.3535527375072	30876.538921568426	1334.2301269687457
181458946.441728	160758106014.95633	29548218983.001472	6196204696.80815	-578.9111888627565	30873.316123547695	1333.5515670031346
181462546.441728	160755990340.07816	29659357103.43366	6201004260.602179	-596.4627264340726	30870.082275704277	1332.8727142692487
181466146.441728	160753811490.6528	29770483562.138073	6205801380.000309	-614.008158332062	30866.837387469957	1332.193569385098
181469746.441728	160751569488.6735	29881598319.38629	6210596053.951913	-631.547477452445	30863.581468279383	1331.514132968397
181473346.441728	160749264356.159	29992701335.48386	6215388281.408584	-649.0806767060487	30860.314527570037	1330.8344056365638
