192365184.081024	-15657745942.595087	225673934371.88013	9392757140.030945	-22270.0014998236	2922.153774345403	-551.9249553939969
192368784.081024	-15737916784.62266	225684437406.48465	9390769513.7467	-22269.354654814142	2912.865705559868	-552.3118419895441
192372384.081024	-15818085292.31369	225694907006.79758	9388780494.964417	-22268.70464642236	2903.5791679461176	-552.6985654212768
192375984.081024	-15898251454.282522	225705343178.33163	9386790084.271427	-22268.05147604828	2894.294161800282	-553.0851257192822
192379584.081024	-15978415259.148539	225715745926.60065	9384798282.254961	-22267.39514509103	2885.010687417876	-553.4715229136469
192383184.081024	-16058576695.536156	225726115257.1195	9382805089.502136	-22266.73565494885	2875.728745093802	-553.8577570344573
192386784.081024	-16138735752.074825	225736451175.40414	9380810506.599964	-22266.073007019077	2866.4483351223494	-554.2438281117995
192390384.081024	-16218892417.399025	225746753686.97156	9378814534.135347	-22265.407202698152	2857.1694577971966	-554.6297361757593
192393984.081024	-16299046680.148258	225757022797.3398	9376817172.69508	-22264.73824338163	2847.892113411411	-555.0154812564217
192397584.081024	-16379198528.967052	225767258512.028	9374818422.865847	-22264.066130464165	2838.616302257451	-555.4010633838718
192401184.081024	-16459347952.504951	225777460836.5563	9372818285.234224	-22263.39086533952	2829.3420246271658	-555.786482588194
192404784.081024	-16539494939.41652	225787629776.4459	9370816760.386683	-22262.712449400562	2820.069280811798	-556.171738899472
192408384.081024	-16619639478.361328	225797765337.21906	9368813848.909582	-22262.030884039268	2810.7980711019823	-556.5568323477892
192411984.081024	-16699781558.003963	225807867524.3991	9366809551.389177	-22261.34617064672	2801.528395787749	-556.9417629632284
192415584.081024	-16779921167.014015	225817936343.51038	9364803868.411612	-22260.658310613107	2792.2602551585237	-557.3265307758718
192419184.081024	-16860058294.066076	225827971800.07822	9362796800.56292	-22259.96730532773	2782.993649503127	-557.7111358158011
192422784.081024	-16940192927.839739	225837973899.6291	9360788348.42903	-22259.27315617899	2773.728579109778	-558.0955781130971
192426384.081024	-17020325057.019594	225847942647.69046	9358778512.59576	-22258.575864554412	2764.465044266093	-558.47985769784
192429984.081024	-17100454670.295223	225857878049.7908	9356767293.648825	-22257.87543184061	2755.2030452590884	-558.8639746001091
192433584.081024	-17180581756.361202	225867780111.45966	9354754692.173822	-22257.171859423324	2745.94258237518	-559.2479288499835
192437184.081024	-17260706303.91709	225877648838.2276	9352740708.75625	-22256.4651486874	2736.683655900184	-559.6317204775409
192440784.081024	-17340828301.66743	225887484235.6262	9350725343.981495	-22255.755301016787	2727.42626611932	-560.0153495128584
192444384.081024	-17420947738.32175	225897286309.18805	9348708598.434834	-22255.04231779455	2718.1704133172107	-560.3988159860123
192447984.081024	-17501064602.59455	225907055064.4468	9346690472.701435	-22254.326200402866	2708.9160977778806	-560.782119927078
192451584.081024	-17581178883.205307	225916790506.9371	9344670967.366362	-22253.60695022302	2699.663319784761	-561.1652613661299
192455184.081024	-17661290568.878468	225926492642.19464	9342650083.014566	-22252.884568635414	2690.412079620688	-561.5482403332416
192458784.081024	-17741399648.34345	225936161475.7561	9340627820.230894	-22252.15905701956	2681.162377567905	-561.9310568584854
192462384.081024	-17821506110.33463	225945797013.1592	9338604179.60008	-22251.430416754072	2671.9142139080623	-562.3137109719329
192465984.081024	-17901609943.59135	225955399259.94266	9336579161.706755	-22250.698649216694	2662.6675889222197	-562.6962027036545
192469584.081024	-17981711136.857914	225964968221.64618	9334552767.135437	-22249.963755784273	2653.4225028908463	-563.0785320837197
192473184.081024	-18061809678.883575	225974503903.81055	9332524996.47054	-22249.22573783277	2644.1789560938214	-563.4606991421965
192476784.081024	-18141905558.42254	225984006311.97748	9330495850.296364	-22248.484596737268	2634.9369488104358	-563.8427039091522
192480384.081024	-18221998764.23396	225993475451.68973	9328465329.197107	-22247.740333871952	2625.696481319393	-564.2245464146527
192483984.081024	-18302089285.08194	226002911328.49106	9326433433.756857	-22246.99295061013	2616.4575538988097	-564.6062266887625
192487584.081024	-18382177109.735523	226012313947.9262	9324400164.559591	-22246.24244832422	2607.220166826217	-564.9877447615453
192491184.081024	-18462262226.968693	226021683315.54095	9322365522.18918	-22245.488828385765	2597.9843203785604	-565.3691006630631
192494784.081024	-18542344625.560364	226031019436.88202	9320329507.229387	-22244.73209216541	2588.7500148322033	-565.7502944233769
192498384.081024	-18622424294.294388	226040322317.49716	9318292120.263866	-22243.972241032927	2579.517250462925	-566.1313260725461
192501984.081024	-18702501221.95955	226049591962.9351	9316253361.876163	-22243.2092763572	2570.286027545923	-566.512195640629
192505584.081024	-18782575397.349552	226058828378.74554	9314213232.649715	-22242.443199506233	2561.0563463558137	-566.8929031576822
192509184.081024	-18862646809.263027	226068031570.47925	9312171733.167852	-22241.674011847143	2551.828207166634	-567.2734486537612
192512784.081024	-18942715446.50352	226077201543.68787	9310128864.013798	-22240.901714746167	2542.601610251841	-567.6538321589197
192516384.081024	-19022781297.879505	226086338303.9241	9308084625.770662	-22240.126309568663	2533.3765558843143	-568.0340537032101
192519984.081024	-19102844352.20436	226095441856.7416	9306039019.021452	-22239.3477976791	2524.153044336356	-568.4141133166834
192523584.081024	-19182904598.29638	226104512207.69504	9303992044.349064	-22238.56618044107	2514.931075879692	-568.7940110293886
192527184.081024	-19262962024.978756	226113549362.34	9301943702.336287	-22237.781459217287	2505.7106507854724	-569.1737468713735
192530784.081024	-19343016621.079594	226122553326.23306	9299893993.5658	-22236.99363536958	2496.4917693242733	-569.5533208726843
192534384.081024	-19423068375.4319	226131524104.93182	9297842918.620176	-22236.2027102589	2487.274431766097	-569.9327330633652
192537984.081024	-19503117276.873573	226140461703.99478	9295790478.08188	-22235.408685245322	2478.0586383803743	-570.3119834734589
192541584.081024	-19583163314.247414	226149366128.98148	9293736672.533268	-22234.61156168803	2468.8443894359625	-570.6910721330066
192545184.081024	-19663206476.401104	226158237385.45236	9291681502.556587	-22233.811340945344	2459.6316852011496	-571.0699990720475
192548784.081024	-19743246752.187225	226167075478.9689	9289624968.733978	-22233.008024374692	2450.4205259436535	-571.448764320619
192552384.081024	-19823284130.463238	226175880415.09348	9287567071.647472	-22232.201613332632	2441.210911930623	-571.8273679087569
192555984.081024	-19903318600.091484	226184652199.38943	9285507811.878992	-22231.39210917484	2432.0028434286387	-572.2058098664949
192559584.081024	-19983350149.939186	226193390837.4211	9283447190.010353	-22230.579513256118	2422.796320703715	-572.584090223865
192563184.081024	-20063378768.87844	226202096334.75375	9281385206.623264	-22229.763826930386	2413.5913440213	-572.9622090108975
192566784.081024	-20143404445.78622	226210768696.9536	9279321862.299324	-22228.94505155069	2404.3879136462756	-573.3401662576204
192570384.081024	-20223427169.544365	226219407929.5879	9277257157.620022	-22228.123188469202	2395.1860298429606	-573.7179619940597
192573984.081024	-20303446929.039577	226228014038.2247	9275191093.166742	-22227.298239037216	2385.98569287511	-574.0955962502399
192577584.081024	-20383463713.163433	226236587028.4331	9273123669.52076	-22226.470204605146	2376.7869030059164	-574.4730690561829
192581184.081024	-20463477510.812355	226245126905.78317	9271054887.26324	-22225.639086522537	2367.5896604980107	-574.850380441909
192584784.081024	-20543488310.887634	226253633675.84586	9268984746.975245	-22224.804886138052	2358.393965613463	-575.2275304374361
192588384.081024	-20623496102.295406	226262107344.19305	9266913249.237722	-22223.96760479949	2349.1998186137844	-575.6045190727802
192591984.081024	-20703500873.946663	226270547916.39764	9264840394.631517	-22223.127243853767	2340.0072197599266	-575.981346377955
192595584.081024	-20783502614.75724	226278955398.03342	9262766183.737362	-22222.283804646926	2330.8161693122834	-576.3580123829721
192599184.081024	-20863501313.64782	226287329794.6751	9260690617.135883	-22221.43728852414	2321.6266675306915	-576.7345171178408
192602784.081024	-20943496959.543926	226295671111.89838	9258613695.4076	-22220.587696829705	2312.438714674432	-577.1108606125683
192606384.081024	-21023489541.37592	226303979355.27982	9256535419.132925	-22219.73503090705	2303.2523110022307	-577.4870428971594
192609984.081024	-21103479048.078995	226312254530.39694	9254455788.892159	-22218.879292098725	2294.067456772259	-577.8630640016166
192613584.081024	-21183465468.593178	226320496642.82822	9252374805.265495	-22218.02048174641	2284.884152242135	-578.2389239559402
192617184.081024	-21263448791.863323	226328705698.15305	9250292468.833021	-22217.15860119092	2275.702397668924	-578.614622790128
192620784.081024	-21343429006.839115	226336881701.9517	9248208780.174715	-22216.29365177219	2266.5221933091398	-578.9901605341754
192624384.081024	-21423406102.475056	226345024659.80542	9246123739.870447	-22215.425634829287	2257.343539418746	-579.3655372180754
192627984.081024	-21503380067.730465	226353134577.2964	9244037348.49998	-22214.55455170041	2248.166436253156	-579.7407528718185
192631584.081024	-21583350891.56948	226361211460.00763	9241949606.642971	-22213.680403722887	2238.990884067235	-580.1158075253928
192635184.081024	-21663318562.961056	226369255313.52316	9239860514.878963	-22212.803192233172	2229.8168831153	-580.4907012087839
192638784.081024	-21743283070.87895	226377266143.42786	9237770073.787397	-22211.922918566856	2220.64443365112	-580.8654339519746
192642384.081024	-21823244404.301727	226385243955.30753	9235678283.947603	-22211.039584058657	2211.473535927919	-581.2400057849455
192645984.081024	-21903202552.21276	226393188754.74893	9233585145.938803	-22210.153190042427	2202.3041901983756	-581.6144167376742
192649584.081024	-21983157503.600224	226401100547.33966	9231490660.340113	-22209.26373785115	2193.136396714624	-581.9886668401358
192653184.081024	-22063109247.45708	226408979338.66827	9229394827.73054	-22208.371228816937	2183.9701557282547	-582.3627561223028
192656784.081024	-22143057772.781094	226416825134.32422	9227297648.688982	-22207.475664271038	2174.8054674903156	-582.7366846141449
192660384.081024	-22223003068.574814	226424637939.89783	9225199123.794231	-22206.577045543832	2165.6423322513137	-583.110452345629
192663984.081024	-22302945123.845585	226432417760.98035	9223099253.624971	-22205.675373964837	2156.480750261215	-583.4840593467195
192667584.081024	-22382883927.605534	226440164603.1639	9220998038.759777	-22204.770650862698	2147.320721769445	-583.8575056473777
192671184.081024	-22462819468.871563	226447878472.04156	9218895479.777115	-22203.862877565196	2138.1622470248913	-584.2307912775622
192674784.081024	-22542751736.66536	226455559373.20728	9216791577.255346	-22202.952055399244	2129.005326275903	-584.6039162672287
192678384.081024	-22622680720.013386	226463207312.25586	9214686331.772724	-22202.038185690897	2119.8499597702917	-584.9768806463301
192681984.081024	-22702606407.946873	226470822294.78302	9212579743.90739	-22201.12126976534	2110.696147755333	-585.3496844448161
192685584.081024	-22782528789.501823	226478404326.38538	9210471814.237383	-22200.201308946893	2101.543890477768	-585.722327692634
192689184.081024	-22862447853.719006	226485953412.66043	9208362543.34063	-22199.278304559015	2092.393188183802	-586.0948104197277
192692784.081024	-22942363589.64395	226493469559.20657	9206251931.79495	-22198.3522579243	2083.244041119108	-586.467132656038
192696384.081024	-23022275986.32695	226500952771.62305	9204139980.178059	-22197.423170364476	2074.096449528825	-586.8392944315028
192699984.081024	-23102185032.82305	226508403055.51004	9202026689.06756	-22196.49104320041	2064.950413657561	-587.2112957760572
192703584.081024	-23182090718.192055	226515820416.46854	9199912059.040953	-22195.55587775211	2055.8059337493933	-587.5831367196329
192707184.081024	-23261993031.49851	226523204860.10046	9197796090.675625	-22194.61767533872	2046.6630100478685	-587.9548172921584
192710784.081024	-23341891961.811714	226530556392.0086	9195678784.548859	-22193.67643727851	2037.5216427960045	-588.3263375235592
192714384.081024	-23421787498.205715	226537875017.79663	9193560141.23783	-22192.732164888912	2028.3818322362908	-588.6976974437576
192717984.081024	-23501679629.759296	226545160743.06903	9191440161.319601	-22191.784859486474	2019.2435786106896	-589.0688970826727
192721584.081024	-23581568345.55598	226552413573.43124	9189318845.371136	-22190.834522386896	2010.1068821606366	-589.4399364702203
192725184.081024	-23661453634.684025	226559633514.4895	9187196193.969282	-22189.88115490502	2000.9717431270415	-589.810815636313
192728784.081024	-23741335486.236416	226566820571.85095	9185072207.690784	-22188.924758354813	1991.8381617502894	-590.1815346108599
192732384.081024	-23821213889.310875	226573974751.1236	9182946887.112278	-22187.965334049397	1982.7061382702418	-590.5520934237669
192735984.081024	-23901088833.009842	226581096057.91626	9180820232.810291	-22187.00288330103	1973.5756729262368	-590.9224921049365
192739584.081024	-23980960306.440483	226588184497.8387	9178692245.361244	-22186.03740742111	1964.4467659570905	-591.2927306842678
192743184.081024	-24060828298.714687	226595240076.5015	9176562925.34145	-22185.06890772018	1955.3194176010975	-591.6628091916565
192746784.081024	-24140692798.949055	226602262799.51605	9174432273.327114	-22184.097385507914	1946.1936280960322	-592.0327276569948
192750384.081024	-24220553796.2649	226609252672.4947	9172300289.894335	-22183.122842093144	1937.0693976791495	-592.4024861101714
192753984.081024	-24300411279.78825	226616209701.05054	9170166975.6191	-22182.145278783835	1927.9467265871854	-592.7720845810716
192757584.081024	-24380265238.649837	226623133890.79758	9168032331.077293	-22181.164696887095	1918.8256150563582	-593.1415230995768
192761184.081024	-24460115661.9851	226630025247.35068	9165896356.84469	-22180.18109770918	1909.7060633223691	-593.5108016955653
192764784.081024	-24539962538.934174	226636883776.32553	9163759053.496958	-22179.194482555486	1900.5880716204035	-593.8799203989114
192768384.081024	-24619805858.641895	226643709483.33865	9161620421.609653	-22178.204852730552	1891.4716401851313	-594.2488792394859
192771984.081024	-24699645610.257793	226650502374.00745	9159480461.758232	-22177.212209538066	1882.356769250708	-594.6176782471559
192775584.081024	-24779481782.936092	226657262453.95013	9157339174.518038	-22176.216554280858	1873.243459050776	-594.9863174517849
192779184.081024	-24859314365.8357	226663989728.78577	9155196560.464308	-22175.217888260904	1864.1317098184645	-595.3547968832324
192782784.081024	-24939143348.120216	226670684204.13425	9153052620.17217	-22174.216212779327	1855.0215217863915	-595.7231165713546
192786384.081024	-25018968718.957916	226677345885.61633	9150907354.21665	-22173.21152913639	1845.912895186664	-596.0912765460033
192789984.081024	-25098790467.521763	226683974778.85358	9148760763.17266	-22172.203838631514	1836.8058302508784	-596.4592768370269
192793584.081024	-25178608582.989388	226690570889.4684	9146612847.61501	-22171.193142563254	1827.7003272101229	-596.8271174742697
192797184.081024	-25258423054.5431	226697134223.08405	9144463608.118395	-22170.17944222932	1818.5963862949764	-597.1947984875723
192800784.081024	-25338233871.369877	226703664785.32455	9142313045.257412	-22169.16273892657	1809.494007735511	-597.5623199067712
192804384.081024	-25418041022.661366	226710162581.81485	9140161159.606544	-22168.143033951004	1800.3931917612924	-597.9296817616993
192807984.081024	-25497844497.613873	226716627618.18063	9138007951.74017	-22167.120328597775	1791.29393860138	-598.2968840821851
192811584.081024	-25577644285.42837	226723059900.04843	9135853422.232557	-22166.094624161185	1782.1962484843284	-598.6639268980532
192815184.081024	-25657440375.310486	226729459433.04562	9133697571.657873	-22165.06592193468	1773.1001216381887	-599.0308102391243
192818784.081024	-25737232756.470505	226735826222.8004	9131540400.59017	-22164.034223210867	1764.0055582905084	-599.397534135215
192822384.081024	-25817021418.12336	226742160274.9418	9129381909.603397	-22162.999529281486	1754.912558668333	-599.7640986161376
192825984.081024	-25896806349.488636	226748461595.09958	9127222099.271397	-22161.961841437438	1745.8211229982066	-600.1305037117006
192829584.081024	-25976587539.79056	226754730188.9044	9125060970.1679	-22160.921160968777	1736.7312515061728	-600.4967494517081
192833184.081024	-26056364978.25801	226760966061.9877	9122898522.866535	-22159.8774891647	1727.6429444177752	-600.86283586596
192836784.081024	-26136138654.124493	226767169219.98175	9120734757.94082	-22158.83082731356	1718.5562019580586	-601.2287629842523
192840384.081024	-26215908556.62816	226773339668.51962	9118569675.964169	-22157.781176702858	1709.4710243515701	-601.5945308363763
192843984.081024	-26295674675.011787	226779477413.23517	9116403277.509882	-22156.728538619253	1700.3874118223596	-601.9601394521193
192847584.081024	-26375436998.522793	226785582459.7631	9114235563.151161	-22155.67291434855	1691.3053645939804	-602.3255888612641
192851184.081024	-26455195516.413216	226791654813.73886	9112066533.461094	-22154.61430517571	1682.2248828894906	-602.6908790935895
192854784.081024	-26534950217.939716	226797694480.79877	9109896189.012663	-22153.552712384844	1673.1459669314536	-603.0560101788695
192858384.081024	-26614701092.363583	226803701466.57993	9107724530.378746	-22152.488137259224	1664.0686169419391	-603.4209821468742
192861984.081024	-26694448128.950718	226809675776.72018	9105551558.13211	-22151.420581081267	1654.992833142524	-603.7857950273689
192865584.081024	-26774191316.97164	226815617416.85825	9103377272.845419	-22150.350045132553	1645.918615754293	-604.1504488501145
192869184.081024	-26853930645.701485	226821526392.63358	9101201675.091225	-22149.276530693805	1636.8459649978392	-604.5149436448675
192872784.081024	-26933666104.419987	226827402709.68646	9099024765.441975	-22148.200039044914	1627.7748810932662	-604.8792794413798
192876384.081024	-27013397682.41149	226833246373.65796	9096846544.470009	-22147.120571464915	1618.7053642601873	-605.2434562693991
192879984.081024	-27093125368.96495	226839057390.1899	9094667012.74756	-22146.03812923201	1609.637414717727	-605.607474158668
192883584.081024	-27172849153.373913	226844835764.92496	9092486170.846756	-22144.952713623545	1600.5710326845228	-605.9713331389247
192887184.081024	-27252569024.936523	226850581503.50653	9090304019.339615	-22143.86432591603	1591.5062183787243	-606.3350332399029
192890784.081024	-27332284972.95552	226856294611.57883	9088120558.798048	-22142.77296738513	1582.4429720179949	-606.6985744913317
192894384.081024	-27411996986.73824	226861975094.78687	9085935789.793861	-22141.678639305672	1573.3812938195128	-607.0619569229351
192897984.081024	-27491705055.596592	226867622958.7764	9083749712.898752	-22140.58134295163	1564.321183999972	-607.4251805644328
192901584.081024	-27571409168.847088	226873238209.19397	9081562328.68431	-22139.481079596146	1555.2626427755822	-607.7882454455395
192905184.081024	-27651109315.81081	226878820851.68695	9079373637.722021	-22138.377850511515	1546.2056703620706	-608.1511515959652
192908784.081024	-27730805485.813423	226884370891.9034	9077183640.583261	-22137.27165696919	1537.1502669746822	-608.5138990454151
192912384.081024	-27810497668.185165	226889888335.49225	9074992337.8393	-22136.162500239792	1528.0964328281807	-608.8764878235895
192915984.081024	-27890185852.26085	226895373188.10312	9072799730.061302	-22135.05038159309	1519.0441681368495	-609.2389179601839
192919584.081024	-27969870027.379856	226900825455.38644	9070605817.820322	-22133.935302298018	1509.9934731144924	-609.6011894848889
192923184.081024	-28049550182.88614	226906245142.9934	9068410601.68731	-22132.81726362267	1500.9443479744343	-609.96330242739
192926784.081024	-28129226308.128204	226911632256.576	9066214082.233107	-22131.6962668343	1491.8967929295225	-610.3252568173679
192930384.081024	-28208898392.45913	226916986801.7869	9064016260.02845	-22130.57231319933	1482.8508081921268	-610.6870526844982
192933984.081024	-28288566425.23654	226922308784.2796	9061817135.643969	-22129.44540398333	1473.8063939741412	-611.0486900584517
192937584.081024	-28368230395.822628	226927598209.70837	9059616709.650185	-22128.31554045104	1464.763550486984	-611.4101689688939
192941184.081024	-28447890293.584126	226932855083.72824	9057414982.617514	-22127.182723866365	1455.722277941599	-611.7714894454853
192944784.081024	-28527546107.89232	226938079411.99493	9055211955.116262	-22126.04695549237	1446.6825765484562	-612.1326515178811
192948384.081024	-28607197828.12304	226943271200.165	9053007627.716635	-22124.908236591276	1437.6444465175525	-612.4936552157317
192951984.081024	-28686845443.65666	226948430453.89575	9050802000.988724	-22123.76656842448	1428.6078880584132	-612.854500568682
192955584.081024	-28766488943.87809	226953557178.84518	9048595075.502518	-22122.621952252528	1419.5729013800917	-613.2151876063721
192959184.081024	-28846128318.17678	226958651380.6721	9046386851.8279	-22121.474389335144	1410.5394866911713	-613.5757163584364
192962784.081024	-28925763555.946716	226963713065.036	9044177330.534645	-22120.32388093121	1401.5076441997655	-613.9360868545042
192966384.081024	-29005394646.58641	226968742237.59723	9041966512.19242	-22119.17042829877	1392.4773741135193	-614.2962991241997
192969984.081024	-29085021579.4989	226973738904.01678	9039754397.370787	-22118.014032695042	1383.4486766396094	-614.6563531971414
192973584.081024	-29164644344.091755	226978703069.95642	9037540986.6392	-22116.854695376398	1374.4215519847453	-615.0162491029428
192977184.081024	-29244262929.777058	226983634741.0787	9035326280.567009	-22115.692417598388	1365.3960003551706	-615.3759868712118
192980784.081024	-29323877325.971416	226988533923.04688	9033110279.723455	-22114.527200615717	1356.372021956663	-615.735566531551
192984384.081024	-29403487522.09595	226993400621.52493	9030892984.677675	-22113.359045682264	1347.3496169945356	-616.0949881135574
192987984.081024	-29483093507.576294	226998234842.1776	9028674395.998697	-22112.18795405107	1338.3287856736376	-616.4542516468227
192991584.081024	-29562695271.842587	227003036590.6704	9026454514.255442	-22111.013926974352	1329.3095281983553	-616.8133571609332
192995184.081024	-29642292804.329475	227007805872.66953	9024233340.016726	-22109.836965703485	1320.2918447726129	-617.1723046854692
192998784.081024	-29721886094.476116	227012542693.8419	9022010873.851257	-22108.65707148902	1311.2757355998726	-617.5310942500058
193002384.081024	-29801475131.726162	227017247059.8552	9019787116.32764	-22107.474245580666	1302.2612008831366	-617.8897258841126
193005984.081024	-29881059905.527763	227021918976.37784	9017562068.014372	-22106.288489227314	1293.2482408249468	-618.2481996173533
193009584.081024	-29960640405.333565	227026558449.07895	9015335729.479841	-22105.099803677018	1284.2368556273864	-618.606515479286
193013184.081024	-30040216620.6007	227031165483.62842	9013108101.292332	-22103.908190177	1275.2270454920804	-618.9646734994633
193016784.081024	-30119788540.790794	227035740085.6968	9010879184.02002	-22102.71364997365	1266.2188106201963	-619.3226737074318
193020384.081024	-30199356155.36996	227040282260.95544	9008648978.230976	-22101.51618431254	1257.2121512124454	-619.6805161327327
193023984.081024	-30278919453.80879	227044792015.07635	9006417484.493166	-22100.315794438397	1248.2070674690829	-620.0382008049012
193027584.081024	-30358478425.58235	227049269353.73227	9004184703.374449	-22099.11248159513	1239.2035595899088	-620.3957277534668
193031184.081024	-30438033060.1702	227053714282.59668	9001950635.442574	-22097.906247025814	1230.2016277742694	-620.753097007953
193034784.081024	-30517583347.05636	227058126807.34375	8999715281.265188	-22096.6970919727	1221.2012722210573	-621.1103085978776
193038384.081024	-30597129275.729313	227062506933.6484	8997478641.40983	-22095.48501767721	1212.2024931287128	-621.4673625527525
193041984.081024	-30676670835.68203	227066854667.18625	8995240716.443933	-22094.270025379934	1203.2052906952244	-621.8242589020837
193045584.081024	-30756208016.411934	227071170013.63364	8993001506.934826	-22093.052116320643	1194.2096651181294	-622.180997675371
193049184.081024	-30835740807.42091	227075452978.66757	8990761013.449726	-22091.831291738275	1185.215616594515	-622.5375789021086
193052784.081024	-30915269198.215305	227079703567.96582	8988519236.55575	-22090.607552870948	1176.2231453210195	-622.8940026117845
193056384.081024	-30994793178.305923	227083921787.20682	8986276176.819906	-22089.380900955945	1167.2322514938319	-623.2502688338806
193059984.081024	-31074312737.208015	227088107642.06973	8984031834.809095	-22088.15133722973	1158.2429353086936	-623.6063775978728
193063584.081024	-31153827864.441288	227092261138.23444	8981786211.090115	-22086.91886292794	1149.2551969608994	-623.9623289332308
193067184.081024	-31233338549.52989	227096382281.3815	8979539306.229654	-22085.68347928539	1140.2690366452975	-624.3181228694183
193070784.081024	-31312844782.002415	227100471077.19217	8977291120.794298	-22084.44518753607	1131.2844545562912	-624.6737594358927
193074384.081024	-31392346551.3919	227104527531.34842	8975041655.350525	-22083.203988913137	1122.3014508878384	-625.0292386621054
193077984.081024	-31471843847.235817	227108551649.5329	8972790910.464705	-22081.95988464894	1113.3200258334539	-625.3845605775014
193081584.081024	-31551336659.076077	227112543437.429	8970538886.703104	-22080.71287597499	1104.3401795862092	-625.7397252115194
193085184.081024	-31630824976.45902	227116502900.72073	8968285584.631884	-22079.462964121987	1095.3619123387336	-626.0947325935921
193088784.081024	-31710308788.935413	227120430045.09286	8966031004.817097	-22078.210150319803	1086.3852242832152	-626.4495827531455
193092384.081024	-31789788086.060455	227124324876.23083	8963775147.824692	-22076.954435797485	1077.410115611401	-626.8042757195994
193095984.081024	-31869262857.393764	227128187399.82077	8961518014.220512	-22075.69582178326	1068.4365865145983	-627.1588115223674
193099584.081024	-31948733092.49938	227132017621.54947	8959259604.570293	-22074.434309504544	1059.464637183676	-627.5131901908563
193103184.081024	-32028198780.94575	227135815547.10443	8956999919.439665	-22073.169900187917	1050.4942678090638	-627.867411754467
193106784.081024	-32107659912.305756	227139581182.17386	8954738959.394152	-22071.902595059142	1041.5254785807547	-628.2214762425933
193110384.081024	-32187116476.156673	227143314532.44662	8952476724.999174	-22070.63239534317	1032.5582696883048	-628.575383684623
193113984.081024	-32266568462.080193	227147015603.61224	8950213216.820044	-22069.359302264125	1023.5926413208341	-628.9291341099372
193117584.081024	-32346015859.662407	227150684401.361	8947948435.421968	-22068.08331704531	1014.6285936670278	-629.2827275479102
193121184.081024	-32425458658.493816	227154320931.38373	8945682381.370049	-22066.804440909218	1005.6661269151367	-629.63616402791
193124784.081024	-32504896848.16932	227157925199.37207	8943415055.22928	-22065.522675077515	996.7052412529783	-629.9894435792979
193128384.081024	-32584330418.288204	227161497211.01828	8941146457.564556	-22064.238020771052	987.7459368679372	-630.3425662314286
193131984.081024	-32663759358.454163	227165036972.0153	8938876588.940659	-22062.95047920986	978.7882139469662	-630.6955320136499
193135584.081024	-32743183658.275272	227168544488.0567	8936605449.922266	-22061.660051613155	969.8320726765868	-631.0483409553032
193139184.081024	-32822603307.364	227172019764.8368	8934333041.073954	-22060.366739199333	960.8775132428905	-631.4009930857228
193142784.081024	-32902018295.33719	227175462808.0505	8932059362.960188	-22059.070543185975	951.9245358315388	-631.7534884342365
193146384.081024	-32981428611.81608	227178873623.39343	8929784416.14533	-22057.771464789843	942.9731406277649	-632.1058270301651
193149984.081024	-33060834246.426277	227182252216.5619	8927508201.193638	-22056.469505226887	934.0233278163737	-632.4580089028226
193153584.081024	-33140235188.79777	227185598593.2528	8925230718.669262	-22055.16466571224	925.075097581743	-632.8100340815163
193157184.081024	-33219631428.564922	227188912759.1638	8922951969.136248	-22053.85694746022	916.128450107824	-633.1619025955464
193160784.081024	-33299022955.36646	227192194719.9931	8920671953.158535	-22052.546351684323	907.1833855781427	-633.5136144742063
193164384.081024	-33378409758.845478	227195444481.4397	8918390671.29996	-22051.232879597243	898.2399041757998	-633.8651697467824
193167984.081024	-33457791828.64944	227198662049.20316	8916108124.12425	-22049.916532410847	889.2980060834719	-634.216568442554
193171584.081024	-33537169154.430172	227201847428.9837	8913824312.19503	-22048.597311336198	880.3576914834125	-634.5678105907936
193175184.081024	-33616541725.84385	227205000626.48224	8911539236.075819	-22047.275217583538	871.4189605574524	-634.9188962207663
193178784.081024	-33695909532.55101	227208121647.40033	8909252896.330029	-22045.9502523623	862.4818134870006	-635.2698253617306
193182384.081024	-33775272564.216545	227211210497.4402	8906965293.520967	-22044.622416881106	853.5462504530453	-635.6205980429373
193185984.081024	-33854630810.509693	227214267182.30466	8904676428.211838	-22043.291712347756	844.6122716361542	-635.9712142936307
193189584.081024	-33933984261.104034	227217291707.69724	8902386300.965736	-22041.95813996925	835.6798772164757	-636.3216741430475
193193184.081024	-34013332905.6775	227220284079.32208	8900094912.345655	-22040.62170095177	826.7490673737393	-636.6719776204172
193196784.081024	-34092676733.912365	227223244302.88403	8897802262.914482	-22039.28239650069	817.8198422872566	-637.0221247549622
193200384.081024	-34172015735.49523	227226172384.0885	8895508353.234997	-22037.940227820567	808.8922021359222	-637.3721155758975
193203984.081024	-34251349900.117043	227229068328.64157	8893213183.869877	-22036.595196115155	799.9661470982139	-637.7219501124309
193207584.081024	-34330679217.473072	227231932142.24997	8890916755.381693	-22035.24730258739	791.0416773521944	-638.0716283937629
193211184.081024	-34410003677.262924	227234763830.62106	8888619068.332912	-22033.896548439407	782.1187930755111	-638.4211504490864
193214784.081024	-34489323269.19053	227237563399.4629	8886320123.285896	-22032.542934872523	773.1974944453974	-638.7705163075873
193218384.081024	-34568637982.96414	227240330854.48407	8884019920.8029	-22031.18646308725	764.2777816386734	-639.1197259984436
193221984.081024	-34647947808.29633	227243066201.3939	8881718461.446074	-22029.827134283296	755.3596548317465	-639.4687795508263
193225584.081024	-34727252734.904	227245769445.90228	8879415745.777464	-22028.46494965955	746.4431142006123	-639.8176769938985
193229184.081024	-34806552752.50834	227248440593.71976	8877111774.359013	-22027.0999104141	737.5281599208553	-640.166418356816
193232784.081024	-34885847850.83487	227251079650.55753	8874806547.752556	-22025.732017744227	728.6147921676497	-640.5150036687271
193236384.081024	-34965138019.61342	227253686622.1274	8872500066.519825	-22024.361272846403	719.7030111157605	-640.8634329587723
193239984.081024	-35044423248.578125	227256261514.1418	8870192331.222445	-22022.987676916295	710.7928169395435	-641.2117062560845
193243584.081024	-35123703527.467415	227258804332.31384	8867883342.421938	-22021.61123114876	701.8842098129467	-641.5598235897893
193247184.081024	-35202978846.024025	227261315082.35715	8865573100.67972	-22020.23193673785	692.9771899095107	-641.9077849890041
193250784.081024	-35282249193.99499	227263793769.98605	8863261606.557104	-22018.849794876816	684.0717574023698	-642.2555904828389
193254384.081024	-35361514561.13163	227266240400.91553	8860948860.615295	-22017.464806758097	675.1679124642526	-642.6032401003959
193257984.081024	-35440774937.18957	227268654980.86108	8858634863.415398	-22016.07697357333	666.2656552674825	-642.9507338707693
193261584.081024	-35520030311.92871	227271037515.53894	8856319615.518408	-22014.68629651335	657.3649859839791	-643.2980718230459
193265184.081024	-35599280675.11324	227273388010.66586	8854003117.485218	-22013.292776768187	648.4659047852581	-643.6452539863043
193268784.081024	-35678526016.51164	227275706471.9593	8851685369.876617	-22011.896415527062	639.5684118424331	-643.9922803896154
193272384.081024	-35757766325.89667	227277992905.13724	8849366373.25329	-22010.4972139784	630.6725073262153	-644.3391510620421
193275984.081024	-35837001593.04534	227280247315.91837	8847046128.175814	-22009.095173309815	621.7781914069151	-644.6858660326394
193279584.081024	-35916231807.738976	227282469710.0219	8844724635.204662	-22007.69029470813	612.8854642544422	-645.0324253304543
193283184.081024	-35995456959.763145	227284660093.16772	8842401894.900208	-22006.28257935935	603.9943260383071	-645.3788289845259
193286784.081024	-36074677038.90769	227286818471.0763	8840077907.822712	-22004.87202844869	595.1047769276211	-645.725077023885
193290384.081024	-36153892034.96672	227288944849.46872	8837752674.532337	-22003.45864316056	586.2168170910975	-646.0711694775546
193293984.081024	-36233101937.73861	227291039234.06668	8835426195.58914	-22002.04242467857	577.3304466970524	-646.4171063745496
193297584.081024	-36312306737.02599	227293101630.59247	8833098471.553072	-22000.623374185525	568.445665913405	-646.7628877438765
193301184.081024	-36391506422.63575	227295132044.76898	8830769502.983982	-21999.20149286343	559.5624749076791	-647.1085136145339
193304784.081024	-36470700984.37903	227297130482.31973	8828439290.441612	-21997.7767818935	550.6808738470029	-647.453984015512
193308384.081024	-36549890412.07122	227299096948.9688	8826107834.4856	-21996.349242456134	541.8008628981106	-647.799298975793
193311984.081024	-36629074695.53197	227301031450.44092	8823775135.67548	-21994.918875730942	532.9224422273427	-648.1444585243506
193315584.081024	-36708253824.58515	227302933992.46136	8821441194.570683	-21993.485682896735	524.0456120006469	-648.4894626901504
193319184.081024	-36787427789.05891	227304804580.75604	8819106011.730536	-21992.049665131522	515.1703723835786	-648.8343115021495
193322784.081024	-36866596578.7856	227306643221.05145	8816769587.714258	-21990.610823612515	506.29672354130236	-649.1790049892968
193326384.081024	-36945760183.60183	227308449919.07468	8814431923.080969	-21989.169159516125	497.42466563859153	-649.5235431805327
193329984.081024	-37024918593.348434	227310224680.55338	8812093018.389679	-21987.72467401797	488.5541988398299	-649.8679261047891
193333584.081024	-37104071797.87048	227311967511.21585	8809752874.199299	-21986.277368292867	479.68532330901206	-650.2121537909899
193337184.081024	-37183219787.01728	227313678416.79092	8807411491.068634	-21984.827243514843	470.8180392097442	-650.5562262680498
193340784.081024	-37262362550.64234	227315357403.00806	8805068869.556385	-21983.374300857122	461.9523467052449	-650.9001435648755
193344384.081024	-37341500078.60341	227317004475.5973	8802725010.22115	-21981.91854149213	453.0882459583458	-651.243905710365
193347984.081024	-37420632360.76244	227318619640.28925	8800379913.621418	-21980.459966591505	444.22573713149234	-651.5875127334075
193351584.081024	-37499759386.98563	227320202902.81512	8798033580.31558	-21978.99857732608	435.3648203867446	-651.930964662884
193355184.081024	-37578881147.14336	227321754268.9067	8795686010.861923	-21977.534374865907	426.5054958857779	-652.2742615276666
193358784.081024	-37657997631.11023	227323273744.2964	8793337205.818624	-21976.067360380228	417.6477637898836	-652.6174033566185
193362384.081024	-37737108828.76506	227324761334.71707	8790987165.743763	-21974.597535037497	408.7916242599697	-652.9603901785947
193365984.081024	-37816214729.99087	227326217045.9023	8788635891.195312	-21973.12490000538	399.93707745656184	-653.303222022441
193369584.081024	-37895315324.67487	227327640883.5862	8786283382.73114	-21971.649456450737	391.08412353980395	-653.6458989169945
193373184.081024	-37974410602.70849	227329032853.50345	8783929640.909014	-21970.17120553965	382.23276266945885	-653.9884208910835
193376784.081024	-38053500553.98733	227330392961.38928	8781574666.286594	-21968.690148437392	373.3829950049091	-654.3307879735275
193380384.081024	-38132585168.4112	227331721212.97952	8779218459.42144	-21967.206286308457	364.5348207051577	-654.6730001931371
193383984.081024	-38211664435.88411	227333017614.0106	8776861020.871004	-21965.71962031654	355.68823992882875	-655.0150575787139
193387584.081024	-38290738346.31424	227334282170.21942	8774502351.192638	-21964.23015162455	346.84325283416837	-655.3569601590507
193391184.081024	-38369806889.61396	227335514887.3436	8772142450.94359	-21962.737881394594	337.9998595790453	-655.6987079629309
193394784.081024	-38448870055.69983	227336715771.1212	8769781320.681002	-21961.242810788	329.15806032095156	-656.0403010191294
193398384.081024	-38527927834.49258	227337884827.2909	8767418960.961914	-21959.7449409653	320.31785521700345	-656.3817393564117
193401984.081024	-38606980215.917114	227339022061.59192	8765055372.343264	-21958.24427308624	311.47924442394213	-656.7230230035342
193405584.081024	-38686027189.90252	227340127479.7641	8762690555.381882	-21956.74080830976	302.6422280981343	-657.0641519892444
193409184.081024	-38765068746.38206	227341201087.5478	8760324510.634499	-21955.234547794036	293.80680639557295	-657.4051263422803
193412784.081024	-38844104875.293144	227342242890.6839	8757957238.657742	-21953.725492696438	284.97297947187815	-657.7459460913709
193416384.081024	-38923135566.57736	227343252894.9139	8755588740.008131	-21952.213644173553	276.1407474822978	-658.086611265236
193419984.081024	-39002160810.180466	227344231105.9799	8753219015.242086	-21950.699003381174	267.31011058170833	-658.427121892586
193423584.081024	-39081180596.05237	227345177529.6244	8750848064.915924	-21949.181571474313	258.4810689246154	-658.7674780021221
193427184.081024	-39160194914.14713	227346092171.5906	8748475889.585857	-21947.661349607195	249.6536226651547	-659.107679622536
193430784.081024	-39239203754.42297	227346975037.62225	8746102489.807995	-21946.13833893325	240.82777195709272	-659.4477267825102
193434384.081024	-39318207106.84227	227347826133.46356	8743727866.138342	-21944.61254060513	232.00351695382736	-659.7876195107178
193437984.081024	-39397204961.37153	227348645464.85934	8741352019.132801	-21943.083955774688	223.18085780838868	-660.1273578358223
193441584.081024	-39476197307.98142	227349433037.555	8738974949.347174	-21941.552585593006	214.3597946734397	-660.4669417864777
193445184.081024	-39555184136.64676	227350188857.2964	8736596657.337154	-21940.018431210374	205.54032770127705	-660.8063713913286
193448784.081024	-39634165437.34648	227350912929.83002	8734217143.658337	-21938.481493776293	196.72245704383178	-661.1456466790102
193452384.081024	-39713141200.06367	227351605260.90286	8731836408.86621	-21936.94177443948	187.90618285267007	-661.4847676781477
193455984.081024	-39792111414.78554	227352265856.26248	8729454453.516165	-21935.399274347874	179.09150527899394	-661.8237344173571
193459584.081024	-39871076071.50344	227352894721.65698	8727071278.163483	-21933.85399464862	170.27842447364193	-662.1625469252444
193463184.081024	-39950035160.21285	227353491862.835	8724686883.363346	-21932.305936488086	161.46694058708988	-662.5012052304063
193466784.081024	-40028988670.913376	227354057285.5457	8722301269.670834	-21930.755101011855	152.65705376945158	-662.8397093614293
193470384.081024	-40107936593.608734	227354590995.5388	8719914437.640919	-21929.201489364725	143.84876417047954	-663.1780593468906
193473984.081024	-40186878918.30677	227355092998.56454	8717526387.828476	-21927.645102690713	135.04207193956572	-663.5162552153572
193477584.081024	-40265815635.01945	227355563300.37378	8715137120.788275	-21926.08594213305	126.23697722574222	-663.8542969953867
193481184.081024	-40344746733.76284	227356001906.71777	8712746637.074982	-21924.524008834193	117.43348017768204	-664.1921847155263
193484784.081024	-40423672204.55714	227356408823.34842	8710354937.24316	-21922.959303935804	108.63158094369976	-664.5299184043139
193488384.081024	-40502592037.42663	227356784056.01813	8707962021.847273	-21921.391828578777	99.83127967175223	-664.867498090277
193491984.081024	-40581506222.39972	227357127610.4798	8705567891.441679	-21919.821583903216	91.0325765094393	-665.2049238019333
193495584.081024	-40660414749.50892	227357439492.4869	8703172546.580633	-21918.24857104845	82.23547160400452	-665.5421955677905
193499184.081024	-40739317608.790825	227357719707.79343	8700775987.81829	-21916.67279115302	73.43996510233586	-665.8793134163462
193502784.081024	-40818214790.28614	227357968262.1539	8698378215.708702	-21915.0942453547	64.64605715096647	-666.216277376088
193506384.081024	-40897106284.03966	227358185161.32336	8695979230.805815	-21913.51293479047	55.85374789607532	-666.5530874754932
193509984.081024	-40975992080.10027	227358370411.05737	8693579033.663477	-21911.928860596538	47.06303748348798	-666.889743743029
193513584.081024	-41054872168.52096	227358524017.11203	8691177624.83543	-21910.34202390833	38.27392605867729	-667.2262462071527
193517184.081024	-41133746539.35878	227358645985.24396	8688775004.875317	-21908.752425860504	29.486413766764056	-667.562594896311
193520784.081024	-41212615182.67488	227358736321.2103	8686371174.336674	-21907.160067586927	20.70050075251776	-667.8987898389405
193524384.081024	-41291478088.53449	227358795030.76868	8683966133.772938	-21905.56495022069	11.916187160357266	-668.2348310634675
193527984.081024	-41370335247.00692	227358822119.6773	8681559883.737444	-21903.967074894113	3.133473134351549	-668.5707185983077
193531584.081024	-41449186648.165535	227358817593.6949	8679152424.783424	-21902.366442738734	-5.647641181779576	-668.9064524718669
193535184.081024	-41528032282.0878	227358781458.58063	8676743757.464006	-21900.763054885316	-14.42715564466474	-669.2420327125401
193538784.081024	-41606872138.85523	227358713720.09424	8674333882.332218	-21899.156912463844	-23.20507011128033	-669.5774593487118
193542384.081024	-41685706208.55341	227358614383.99597	8671922799.940987	-21897.54801660353	-31.98138443894978	-669.9127324087564
193545984.081024	-41764534481.272	227358483456.0466	8669510510.843132	-21895.93636843281	-40.75609848534289	-670.2478519210373
193549584.081024	-41843356947.10471	227358320942.0074	8667097015.591377	-21894.32196907934	-49.52921210847508	-670.5828179139078
193553184.081024	-41922173596.14931	227358126847.6401	8664682314.73834	-21892.704819670013	-58.3007251667067	-670.9176304157102
193556784.081024	-42000984418.50762	227357901178.70703	8662266408.836538	-21891.084921330934	-67.07063751874232	-671.2522894547761
193560384.081024	-42079789404.28553	227357643940.97098	8659849298.438387	-21889.46227518744	-75.83894902362994	-671.5867950594269
193563984.081024	-42158588543.59296	227357355140.19525	8657430984.096197	-21887.836882364096	-84.60565954076037	-671.9211472579728
193567584.081024	-42237381826.543884	227357034782.14365	8655011466.362183	-21886.208743984687	-93.37076892986647	-672.2553460787135
193571184.081024	-42316169243.256325	227356682872.58047	8652590745.78845	-21884.577861172234	-102.13427705102245	-672.5893915499378
193574784.081024	-42394950783.85235	227356299417.27057	8650168822.927008	-21882.944235048977	-110.89618376464321	-672.9232836999236
193578384.081024	-42473726438.45805	227355884421.97922	8647745698.329762	-21881.30786673639	-119.65648893148361	-673.2570225569381
193581984.081024	-42552496197.20357	227355437892.47226	8645321372.548515	-21879.668757355175	-128.41519241263774	-673.5906081492374
193585584.081024	-42631260050.22307	227354959834.51602	8642895846.134972	-21878.026908025255	-137.17229406953817	-673.9240405050667
193589184.081024	-42710017987.654755	227354450253.87732	8640469119.64073	-21876.38231986579	-145.92779376395532	-674.2573196526603
193592784.081024	-42788769999.64085	227353909156.32346	8638041193.617289	-21874.734993995164	-154.6816913579967	-674.5904456202412
193596384.081024	-42867516076.32761	227353336547.62222	8635612068.616047	-21873.084931530993	-163.4339867141062	-674.9234184360217
193599984.081024	-42946256207.8653	227352732433.54196	8633181745.1883	-21871.432133590122	-172.18467969506344	-675.2562381282029
193603584.081024	-43024990384.408226	227352096819.85144	8630750223.885239	-21869.776601288628	-180.93377016398304	-675.5889047249744
193607184.081024	-43103718596.114685	227351429712.31995	8628317505.25796	-21868.118335741816	-189.681257984314	-675.9214182545151
193610784.081024	-43182440833.14701	227350731116.7173	8625883589.857452	-21866.45733806422	-198.4271430198388	-676.2537787449922
193614384.081024	-43261157085.67153	227350001038.81372	8623448478.234608	-21864.793609369615	-207.17142513467297	-676.5859862245621
193617984.081024	-43339867343.85859	227349239484.38	8621012170.940214	-21863.127150770997	-215.91410419326408	-676.9180407213696
193621584.081024	-43418571597.88253	227348446459.18738	8618574668.52496	-21861.457963380595	-224.65518006039125	-677.2499422635482
193625184.081024	-43497269837.92171	227347621969.00757	8616135971.539429	-21859.786048309878	-233.39465260116444	-677.58169087922
193628784.081024	-43575962054.15848	227346766019.6128	8613696080.534107	-21858.111406669537	-242.13252168102372	-677.9132865964957
193632384.081024	-43654648236.77918	227345878616.77576	8611254996.059378	-21856.434039569507	-250.86878716573864	-678.2447294434746
193635984.081024	-43733328375.97416	227344959766.26965	8608812718.665524	-21854.75394811895	-259.60344892140745	-678.5760194482446
193639584.081024	-43812002461.937744	227344009473.86816	8606369248.902727	-21853.07113342626	-268.33650681445647	-678.9071566388816
193643184.081024	-43890670484.86826	227343027745.3454	8603924587.321068	-21851.38559659907	-277.0679607116394	-679.2381410434502
193646784.081024	-43969332434.968025	227342014586.47598	8601478734.470524	-21849.697338744245	-285.7978104800365	-679.5689726900035
193650384.081024	-44047988302.44332	227340970003.03503	8599031690.900974	-21848.006360967887	-294.52605598705406	-679.8996516065828
193653984.081024	-44126638077.50442	227339894000.79813	8596583457.162197	-21846.312664375328	-303.2526971004237	-680.2301778212176
193657584.081024	-44205281750.36557	227338786585.54132	8594134033.80387	-21844.61625007114	-311.97773368820157	-680.5605513619258
193661184.081024	-44283919311.245	227337647763.04114	8591683421.375566	-21842.91711915913	-320.70116561876785	-680.8907722567135
193664784.081024	-44362550750.364914	227336477539.0746	8589231620.426763	-21841.215272742345	-329.42299276082593	-681.2208405335748
193668384.081024	-44441176057.95147	227335275919.41916	8586778631.506832	-21839.51071192306	-338.1432149834017	-681.550756220492
193671984.081024	-44519795224.2348	227334042909.85278	8584324455.165049	-21837.80343780279	-346.861832155843	-681.8805193454355
193675584.081024	-44598408239.44901	227332778516.15387	8581869091.950585	-21836.093451482295	-355.5788441478186	-682.2101299363637
193679184.081024	-44677015093.83215	227331482744.1013	8579412542.412514	-21834.380754061563	-364.29425082931795	-682.5395880212232
193682784.081024	-44755615777.62625	227330155599.47443	8576954807.099806	-21832.665346639824	-373.00805207065025	-682.8688936279482
193686384.081024	-44834210281.07728	227328797088.05307	8574495886.561333	-21830.947230315545	-381.7202477424438	-683.1980467844611
193689984.081024	-44912798594.43516	227327407215.61752	8572035781.345864	-21829.226406186433	-390.4308377156454	-683.527047518672
193693584.081024	-44991380707.95377	227325985987.94852	8569574492.002071	-21827.502875349437	-399.1398218615195	-683.8558958584789
193697184.081024	-45069956611.890945	227324533410.82727	8567112019.078524	-21825.77663890074	-407.84720005164775	-684.1845918317674
193700784.081024	-45148526296.50844	227323049490.03546	8564648363.12369	-21824.04769793577	-416.55297215792785	-684.5131354664112
193704384.081024	-45227089752.071976	227321534231.3552	8562183524.685939	-21822.31605354919	-425.2571380525734	-684.8415267902712
193707984.081024	-45305646968.851204	227319987640.5691	8559717504.3135395	-21820.581706834913	-433.9596976081129	-685.1697658311965
193711584.081024	-45384197937.119705	227318409723.46017	8557250302.554661	-21818.84465888608	-442.6606506973891	-685.4978526170233
193715184.081024	-45462742647.15501	227316800485.81198	8554781919.95737	-21817.10491079508	-451.3599971935585	-685.8257871755758
193718784.081024	-45541281089.23856	227315159933.40845	8552312357.069635	-21815.362463653542	-460.05773697009045	-686.1535695346653
193722384.081024	-45619813253.65576	227313488072.034	8549841614.439326	-21813.617318552344	-468.75386990076646	-686.4811997220908
193725984.081024	-45698339130.6959	227311784907.4735	8547369692.614209	-21811.869476581596	-477.4483958596797	-686.8086777656387
193729584.081024	-45776858710.652214	227310050445.51233	8544896592.1419525	-21810.11893883066	-486.14131472123404	-687.1360036930827
193733184.081024	-45855371983.82185	227308284691.9362	8542422313.570125	-21808.365706388133	-494.8326263601436	-687.463177532184
193736784.081024	-45933878940.50588	227306487652.53134	8539946857.446194	-21806.60978034186	-503.5223306514319	-687.7901993106909
193740384.081024	-46012379571.00929	227304659333.08447	8537470224.317528	-21804.85116177893	-512.2104274704313	-688.1170690563392
193743984.081024	-46090873865.640976	227302799739.3827	8534992414.731395	-21803.089851785673	-520.8969166927824	-688.4437867968517
193747584.081024	-46169361814.71374	227300908877.21356	8532513429.234963	-21801.325851447666	-529.581798194433	-688.7703525599383
193751184.081024	-46247843408.54429	227298986752.3651	8530033268.375303	-21799.55916184973	-538.2650718516378	-689.0967663732962
193754784.081024	-46326318637.45325	227297033370.6258	8527551932.699383	-21797.789784075936	-546.9467375409575	-689.4230282646096
193758384.081024	-46404787491.76513	227295048737.78452	8525069422.754071	-21796.01771920959	-555.6267951392582	-689.7491382615497
193761984.081024	-46483249961.80835	227293032859.63065	8522585739.08614	-21794.242968333252	-564.3052445237105	-690.0750963917747
193765584.081024	-46561706037.915215	227290985741.95395	8520100882.242258	-21792.465532528728	-572.9820855717892	-690.4009026829297
193769184.081024	-46640155710.421936	227288907390.54468	8517614852.768997	-21790.685412877065	-581.6573181612724	-690.7265571626467
193772784.081024	-46718598969.66861	227286797811.19348	8515127651.212828	-21788.90261045856	-590.330942170241	-691.0520598585447
193776384.081024	-46797035805.999214	227284657009.6915	8512639278.120123	-21787.117126352765	-599.0029574770778	-691.3774107982292
193779984.081024	-46875466209.76162	227282484991.83023	8510149734.037155	-21785.328961638465	-607.6733639604668	-691.7026100092926
193783584.081024	-46953890171.30757	227280281763.4017	8507659019.5100975	-21783.538117393702	-616.3421614993927	-692.027657519314
193787184.081024	-47032307680.99271	227278047330.1983	8505167135.085024	-21781.744594695767	-625.0093499731403	-692.3525533558591
193790784.081024	-47110718729.17653	227275781698.0129	8502674081.30791	-21779.948394621195	-633.6749292612935	-692.6772975464803
193794384.081024	-47189123306.22242	227273484872.6388	8500179858.724631	-21778.149518245773	-642.338899243735	-693.0018901187166
193797984.081024	-47267521402.49763	227271156859.86966	8497684467.880964	-21776.34796664454	-651.0012598006454	-693.3263311000933
193801584.081024	-47345913008.373276	227268797665.49966	8495187909.322587	-21774.543740891775	-659.6620108125026	-693.6506205181223
193805184.081024	-47424298114.22435	227266407295.3234	8492690183.5950775	-21772.73684206102	-668.3211521600812	-693.9747584003019
193808784.081024	-47502676710.4297	227263985755.13586	8490191291.243916	-21770.927271225053	-676.9786837244516	-694.2987447741167
193812384.081024	-47581048787.37205	227261533050.73248	8487691232.814482	-21769.115029455916	-685.6346053869796	-694.6225796670378
193815984.081024	-47659414335.43795	227259049187.90912	8485190008.852057	-21767.300117824896	-694.2889170293256	-694.9462631065225
193819584.081024	-47737773345.01784	227256534172.46204	8482687619.901826	-21765.48253740253	-702.9416185334438	-695.269795120014
193823184.081024	-47816125806.50598	227253988010.188	8480184066.508871	-21763.662289258613	-711.5927097815819	-695.5931757349422
193826784.081024	-47894471710.300514	227251410706.88406	8477679349.21818	-21761.839374462186	-720.2421906562802	-695.9164049787227
193830384.081024	-47972811046.803406	227248802268.34784	8475173468.574637	-21760.013794081544	-728.8900610403707	-696.2394828787574
193833984.081024	-48051143806.42048	227246162700.3773	8472666425.123033	-21758.18554918424	-737.5363208169771	-696.5624094624341
193837584.081024	-48129469979.56139	227243492008.7708	8470158219.408054	-21756.35464083707	-746.1809698695134	-696.8851847571266
193841184.081024	-48207789556.63965	227240790199.32724	8467648851.974295	-21754.521070106093	-754.8240080816836	-697.2078087901946
193844784.081024	-48286102528.07258	227238057277.8458	8465138323.366246	-21752.68483805662	-763.4654353374809	-697.5302815889837
193848384.081024	-48364408884.28135	227235293250.1261	8462626634.128303	-21750.845945753208	-772.1052515211873	-697.8526031808254
193851984.081024	-48442708615.69097	227232498121.96826	8460113784.80476	-21749.004394259682	-780.7434565173724	-698.1747735930369
193855584.081024	-48521001712.73027	227229671899.17273	8457599775.9398155	-21747.160184639113	-789.3800502108934	-698.496792852921
193859184.081024	-48599288165.8319	227226814587.54044	8455084608.077569	-21745.31331795383	-798.015032486894	-698.8186609877662
193862784.081024	-48677567965.432335	227223926192.87268	8452568281.762021	-21743.463795265423	-806.6484032308039	-699.1403780248467
193866384.081024	-48755841101.97188	227221006720.97116	8450050797.537075	-21741.611617634724	-815.2801623283376	-699.4619439914222
193869984.081024	-48834107565.894646	227218056177.63803	8447532155.946535	-21739.756786121838	-823.9103096654948	-699.783358914738
193873584.081024	-48912367347.64857	227215074568.6758	8445012357.534108	-21737.899301786114	-832.5388451285585	-700.1046228220247
193877184.081024	-48990620437.68539	227212061899.88748	8442491402.843403	-21736.039165686165	-841.1657686040953	-700.4257357404983
193880784.081024	-49068866826.460655	227209018177.0764	8439969292.417931	-21734.176378879856	-849.7910799789544	-700.7466976973604
193884384.081024	-49147106504.43374	227205943406.0463	8437446026.801104	-21732.31094242432	-858.4147791402668	-701.0675087197977
193887984.081024	-49225339462.0678	227202837592.60138	8434921606.536237	-21730.442857375936	-867.0368659754446	-701.3881688349821
193891584.081024	-49303565689.8298	227199700742.5462	8432396032.166548	-21728.57212479035	-875.6573403721806	-701.7086780700708
193895184.081024	-49381785178.19051	227196532861.68576	8429869304.235156	-21726.69874572246	-884.2762022184475	-702.0290364522061
193898784.081024	-49459997917.62449	227193333955.82544	8427341423.285083	-21724.822721226432	-892.8934514024969	-702.3492440085153
193902384.081024	-49538203898.61009	227190104030.771	8424812389.859253	-21722.944052355684	-901.5090878128594	-702.6693007661108
193905984.081024	-49616403111.62946	227186843092.32864	8422282204.500493	-21721.0627401629	-910.1231113383433	-702.9892067520901
193909584.081024	-49694595547.16854	227183551146.30496	8419750867.751532	-21719.178785700013	-918.735521868034	-703.3089619935355
193913184.081024	-49772781195.71704	227180228198.50693	8417218380.155001	-21717.29219001823	-927.3463192912935	-703.6285665175141
193916784.081024	-49850960047.76847	227176874254.7419	8414684742.253434	-21715.402954168014	-935.95550349776	-703.9480203510778
193920384.081024	-49929132093.82011	227173489320.81772	8412149954.589269	-21713.511079199085	-944.5630743773464	-704.2673235212635
193923984.081024	-50007297324.37302	227170073402.5425	8409614017.704844	-21711.61656616043	-953.1690318202407	-704.5864760550926
193927584.081024	-50085455729.93204	227166626505.72485	8407076932.142404	-21709.719416100288	-961.7733757169043	-704.9054779795712
193931184.081024	-50163607301.005775	227163148636.17374	8404538698.444091	-21707.819630066177	-970.3761059580723	-705.22432932169
193934784.081024	-50241752028.106606	227159639799.6985	8401999317.151954	-21705.917209104864	-978.9772224347522	-705.5430301084242
193938384.081024	-50319889901.75067	227156100002.10886	8399458788.807944	-21704.012154262386	-987.5767250382235	-705.8615803667336
193941984.081024	-50398020912.457886	227152529249.215	8396917113.953916	-21702.104466584038	-996.1746136600369	-706.1799801235622
193945584.081024	-50476145050.75192	227148927546.82742	8394374293.131624	-21700.19414711438	-1004.770888192014	-706.4982294058386
193949184.081024	-50554262307.16021	227145294900.75705	8391830326.8827305	-21698.28119689724	-1013.365548526246	-706.8163282404756
193952784.081024	-50632372672.213936	227141631316.8152	8389285215.748797	-21696.365616975705	-1021.9585945550937	-707.1342766543703
193956384.081024	-50710476136.448044	227137936800.81354	8386738960.271292	-21694.44740839213	-1030.5500261711863	-707.4520746744038
193959984.081024	-50788572690.401215	227134211358.56418	8384191560.991582	-21692.526572188133	-1039.1398432674214	-707.7697223274416
193963584.081024	-50866662324.6159	227130454995.87958	8381643018.450942	-21690.603109404597	-1047.7280457369636	-708.0872196403332
193967184.081024	-50944745029.63828	227126667718.57257	8379093333.190548	-21688.677021081676	-1056.3146334732446	-708.404566639912
193970784.081024	-51022820796.01829	227122849532.4564	8376542505.751479	-21686.748308258782	-1064.899606369962	-708.7217633529955
193974384.081024	-51100889614.30959	227119000443.34464	8373990536.674718	-21684.816971974597	-1073.4829643210785	-709.0388098063851
193977984.081024	-51178951475.0696	227115120457.05133	8371437426.501152	-21682.88301326707	-1082.064707220822	-709.3557060268658
193981584.081024	-51257006368.85946	227111209579.39084	8368883175.771572	-21680.946433173416	-1090.6448349636842	-709.6724520412067
193985184.081024	-51335054286.24403	227107267816.17792	8366327785.026671	-21679.00723273012	-1099.2233474444206	-709.9890478761605
193988784.081024	-51413095217.79194	227103295173.2277	8363771254.807047	-21677.06541297293	-1107.8002445580494	-710.3054935584635
193992384.081024	-51491129154.07551	227099291656.35568	8361213585.653201	-21675.120974936868	-1116.3755261998506	-710.6217891148357
193995984.081024	-51569156085.67079	227095257271.37775	8358654778.105539	-21673.17391965622	-1124.949192265366	-710.9379345719805
193999584.081024	-51647176003.15758	227091192024.11017	8356094832.7043705	-21671.22424816454	-1133.5212426503983	-711.2539299565848
194003184.081024	-51725188897.11936	227087095920.3696	8353533749.989907	-21669.271961494655	-1142.0916772510104	-711.569775295319
194006784.081024	-51803194758.143364	227082968965.97302	8350971530.502267	-21667.31706067866	-1150.6604959635245	-711.8854706148369
194010384.081024	-51881193576.82051	227078811166.73785	8348408174.781471	-21665.359546747917	-1159.2276986845216	-712.2010159417754
194013984.081024	-51959185343.745445	227074622528.4818	8345843683.367445	-21663.39942073306	-1167.7932853108412	-712.5164113027547
194017584.081024	-52037170049.516525	227070403057.02304	8343278056.800018	-21661.436683664	-1176.35725573958	-712.8316567243783
194021184.081024	-52115147684.7358	227066152758.18005	8340711295.618925	-21659.471336569906	-1184.9196098680925	-713.1467522332325
194024784.081024	-52193118240.00903	227061871637.7717	8338143400.363803	-21657.50338047923	-1193.4803475939882	-713.461697855887
194028384.081024	-52271081705.94569	227057559701.6172	8335574371.574194	-21655.532816419687	-1202.0394688151332	-713.7764936188942
194031984.081024	-52349038073.15892	227053216955.53616	8333004209.789546	-21653.55964541827	-1210.596973429648	-714.0911395487894
194035584.081024	-52426987332.265594	227048843405.34857	8330432915.549211	-21651.58386850124	-1219.1528613359073	-714.405635672091
194039184.081024	-52504929473.88626	227044439056.87473	8327860489.392444	-21649.60548669413	-1227.70713243254	-714.7199820152998
194042784.081024	-52582864488.64516	227040003915.93533	8325286931.858405	-21647.62450102175	-1236.2597866184271	-715.0341786048998
194046384.081024	-52660792367.17021	227035537988.35147	8322712243.486161	-21645.640912508177	-1244.8108237927029	-715.3482254673572
194049984.081024	-52738713100.09303	227031041279.94455	8320136424.814681	-21643.654722176772	-1253.3602438547525	-715.6621226291211
194053584.081024	-52816626678.04893	227026513796.53638	8317559476.38284	-21641.66593105016	-1261.908046704213	-715.9758701166228
194057184.081024	-52894533091.676865	227021955543.94907	8314981398.729419	-21639.67454015024	-1270.4542322409704	-716.2894679562763
194060784.081024	-52972432331.61951	227017366528.00513	8312402192.393101	-21637.680550498193	-1278.998800365162	-716.602916174478
194064384.081024	-53050324388.52318	227012746754.52744	8309821857.912477	-21635.68396311447	-1287.5417509771728	-716.9162147976062
194067984.081024	-53128209253.03788	227008096229.33923	8307240395.82604	-21633.684779018793	-1296.083083977637	-717.2293638520222
194071584.081024	-53206086915.81728	227003414958.26407	8304657806.672193	-21631.682999230172	-1304.6227992674362	-717.5423633640688
194075184.081024	-53283957367.51873	226998702947.1259	8302074090.989238	-21629.67862476688	-1313.1608967476996	-717.8552133600714
194078784.081024	-53361820598.803215	226993960201.74896	8299489249.315388	-21627.67165664647	-1321.697376319802	-718.167913866337
194082384.081024	-53439676600.33541	226989186727.95798	8296903282.188757	-21625.66209588578	-1330.232237885365	-718.480464909155
194085984.081024	-53517525362.783646	226984382531.5779	8294316190.147367	-21623.649943500906	-1338.7654813462548	-718.7928665147964
194089584.081024	-53595366876.81989	226979547618.4341	8291727973.729143	-21621.63520050724	-1347.2971066045818	-719.1051187095143
194093184.081024	-53673201133.11979	226974681994.3523	8289138633.471919	-21619.617867919445	-1355.827113562701	-719.4172215195432
194096784.081024	-53751028122.36262	226969785665.15854	8286548169.913432	-21617.597946751455	-1364.3555021232105	-719.7291749710998
194100384.081024	-53828847835.231316	226964858636.6792	8283956583.591326	-21615.57543801649	-1372.8822721889505	-720.0409790903822
194103984.081024	-53906660262.41247	226959900914.7411	8281363875.043149	-21613.55034272705	-1381.4074236630038	-720.3526339035698
194107584.081024	-53984465394.5963	226954912505.17126	8278770044.806356	-21611.522661894905	-1389.930956448694	-720.6641394368238
194111184.081024	-54062263222.47667	226949893413.7972	8276175093.418308	-21609.492396531114	-1398.4528704495856	-720.9754957162868
194114784.081024	-54140053736.75109	226944843646.4467	8273579021.416272	-21607.459547646005	-1406.9731655694834	-721.2867027680827
194118384.081024	-54217836928.120705	226939763208.94788	8270981829.33742	-21605.424116249193	-1415.491841712431	-721.5977606183167
194121984.081024	-54295612787.29028	226934652107.12924	8268383517.718831	-21603.38610334957	-1424.0088987827112	-721.908669293075
194125584.081024	-54373381304.96823	226929510346.81964	8265784087.097489	-21601.345509955314	-1432.5243366848447	-722.2194288184253
194129184.081024	-54451142471.86658	226924337933.84824	8263183538.010286	-21599.302337073877	-1441.0381553235898	-722.530039220416
194132784.081024	-54528896278.70098	226919134874.04456	8260581870.9940195	-21597.256585711995	-1449.5503546039415	-722.8405005250768
194136384.081024	-54606642716.19073	226913901173.23843	8257979086.585392	-21595.208256875685	-1458.0609344311313	-723.1508127584178
194139984.081024	-54684381775.05872	226908636837.2601	8255375185.321013	-21593.157351570248	-1466.569894710626	-723.4609759464306
194143584.081024	-54762113446.03148	226903341871.9401	8252770167.737401	-21591.103870800263	-1475.077235348127	-723.770990115087
194147184.081024	-54839837719.839134	226898016283.10928	8250164034.370977	-21589.047815569596	-1483.5829562495708	-724.0808552903397
194150784.081024	-54917554587.21543	226892660076.5989	8247556785.758072	-21586.98918688139	-1492.0870573211264	-724.3905714981221
194154384.081024	-54995264038.897736	226887273258.2405	8244948422.434921	-21584.92798573808	-1500.5895384691967	-724.7001387643479
194157984.081024	-55072966065.62701	226881855833.86597	8242338944.937668	-21582.864213141373	-1509.0903996004163	-725.0095571149114
194161584.081024	-55150660658.14781	226876407809.30753	8239728353.8023615	-21580.79787009227	-1517.589640621652	-725.3188265756874
194165184.081024	-55228347807.20833	226870929190.39774	8237116649.56496	-21578.728957591047	-1526.0872614400016	-725.6279471725304
194168784.081024	-55306027503.560326	226865419982.9695	8234503832.761325	-21576.657476637276	-1534.5832619627927	-725.9369189312758
194172384.081024	-55383699737.959175	226859880192.85608	8231889903.927229	-21574.583428229806	-1543.077642097583	-726.2457418777389
194175984.081024	-55461364501.16383	226854309825.891	8229274863.598349	-21572.50681336677	-1551.5704017521596	-726.5544160377149
194179584.081024	-55539021783.93687	226848708887.90814	8226658712.310269	-21570.42763304559	-1560.0615408345375	-726.8629414369791
194183184.081024	-55616671577.04441	226843077384.74176	8224041450.598484	-21568.345888262975	-1568.5510592529597	-727.1713181012868
