188733801.898368	64199649532.23135	197179801068.75522	10583405125.051329	-21029.766999259347	12983.167076804843	-73.78524238489287
188737401.898368	64123936207.19081	197226521529.11588	10583138481.347658	-21033.190510360233	12972.644350353406	-74.35011768150461
188741001.898368	64048210566.64822	197273204108.91168	10582869804.426226	-21036.60894524316	12962.122318825868	-74.91480780854883
188744601.898368	63972472628.87364	197319848810.6473	10582599094.953638	-21040.022306307652	12951.600983873934	-75.47931276716866
188748201.898368	63896722412.12851	197366455636.83344	10582326353.596502	-21043.43059595234	12941.080347146943	-76.04363255858345
188751801.898368	63820959934.66561	197413024589.9866	10582051581.021416	-21046.83381657496	12930.560410291866	-76.60776718408854
188755401.898368	63745185214.72912	197459555672.62933	10581774777.894974	-21050.23197057235	12920.041174953314	-77.17171664505514
188759001.898368	63669398270.554565	197506048887.29004	10581495944.883766	-21053.625060340448	12909.522642773538	-77.73548094293021
188762601.898368	63593599120.368866	197552504236.50305	10581215082.654379	-21057.0130882743	12899.00481539243	-78.29906007923627
188766201.898368	63517787782.39032	197598921722.8086	10580932191.873388	-21060.396056768048	12888.487694447535	-78.86245405557129
188769801.898368	63441964274.8286	197645301348.75278	10580647273.207369	-21063.773968214933	12877.971281574037	-79.42566287360854
188773401.898368	63366128615.88476	197691643116.88757	10580360327.322887	-21067.146825007298	12867.455578404775	-79.98868653509646
188777001.898368	63290280823.75126	197737947029.77087	10580071354.886503	-21070.51462953658	12856.940586570245	-80.55152504185848
188780601.898368	63214420916.61194	197784213089.96643	10579780356.56477	-21073.87738419332	12846.426307698595	-81.1141783957929
188784201.898368	63138548912.642044	197830441300.04382	10579487333.024235	-21077.23509136715	12835.912743415636	-81.67664659887276
188787801.898368	63062664830.00821	197876631662.5785	10579192284.931437	-21080.5877534468	12825.399895344839	-82.23892965314569
188791401.898368	62986768686.86848	197922784180.1517	10578895212.952908	-21083.935372820095	12814.887765107338	-82.80102756073371
188795001.898368	62910860501.37229	197968898855.3506	10578596117.755173	-21087.27795187395	12804.376354321937	-83.3629403238332
188798601.898368	62834940291.66051	198014975690.7681	10578295000.004747	-21090.615492994384	12793.865664605111	-83.92466794471464
188802201.898368	62759008075.865395	198061014689.00296	10577991860.36814	-21093.9479985665	12783.355697571003	-84.48621042572258
188805801.898368	62683063872.11063	198107015852.65976	10577686699.511847	-21097.275470974488	12772.846454831437	-85.04756776927539
188809401.898368	62607107698.511314	198152979184.34885	10577379518.102362	-21100.597912601643	12762.337937995911	-85.60873997786521
188813001.898368	62531139573.17397	198198904686.68634	10577070316.806166	-21103.915325830338	12751.830148671606	-86.16972705405774
188816601.898368	62455159514.196556	198244792362.29422	10576759096.289728	-21107.22771304204	12741.323088463387	-86.73052900049215
188820201.898368	62379167539.668434	198290642213.80014	10576445857.219513	-21110.535076617307	12730.8167589738	-87.2911458198809
188823801.898368	62303163667.67042	198336454243.83762	10576130600.261972	-21113.837418935782	12720.311161803087	-87.85157751500961
188827401.898368	62227147916.27475	198382228455.04584	10575813326.08355	-21117.134742376194	12709.806298549178	-88.41182408873695
188831001.898368	62151120303.54511	198427964850.0698	10575494035.350676	-21120.42704931636	12699.302170807696	-88.97188554399446
188834601.898368	62075080847.53662	198473663431.56018	10575172728.72977	-21123.71434213318	12688.798780171961	-89.53176188378643
188838201.898368	61999029566.295845	198519324202.17346	10574849406.887247	-21126.996623202638	12678.296128232996	-90.09145311118975
188841801.898368	61922966477.8608	198564947164.5718	10574524070.489502	-21130.273894899812	12667.794216579523	-90.65095922935379
188845401.898368	61846891600.26096	198610532321.4231	10574196720.202923	-21133.54615959885	12657.29304679797	-91.21028024150024
188849001.898368	61770804951.51724	198656079675.4009	10573867356.693886	-21136.813419672988	12646.79262047247	-91.76941615092298
188852601.898368	61694706549.64202	198701589229.18454	10573535980.628756	-21140.075677494544	12636.292939184868	-92.32836696098794
188856201.898368	61618596412.63914	198747060985.45898	10573202592.673882	-21143.332935434915	12625.794004514724	-92.88713267513295
188859801.898368	61542474558.5039	198792494946.9149	10572867193.495605	-21146.58519586458	12615.29581803931	-93.44571329686765
188863401.898368	61466341005.22308	198837891116.2486	10572529783.760252	-21149.832461153095	12604.79838133362	-94.00410882977329
188867001.898368	61390195770.774925	198883249496.1621	10572190364.134134	-21153.0747336691	12594.301695970364	-94.56231927750262
188870601.898368	61314038873.12915	198928570089.36307	10571848935.283552	-21156.3120157803	12583.805763519977	-95.12034464377977
188874201.898368	61237870330.246956	198973852898.56482	10571505497.874792	-21159.54430985349	12573.310585550622	-95.67818493240007
188877801.898368	61161690160.08102	199019097926.4863	10571160052.574127	-21162.771618254537	12562.81616362819	-96.23584014722994
188881401.898368	61085498380.57549	199064305175.85208	10570812600.047815	-21165.993943348385	12552.3224993163	-96.79331029220677
188885001.898368	61009295009.66604	199109474649.3924	10570463140.962101	-21169.211287499045	12541.82959417631	-97.35059537133874
188888601.898368	60933080065.27979	199154606349.84305	10570111675.983215	-21172.42365306961	12531.33744976731	-97.90769538870474
188892201.898368	60856853565.335396	199199700279.94547	10569758205.777372	-21175.631042422247	12520.846067646133	-98.46461034845416
188895801.898368	60780615527.74298	199244756442.44672	10569402731.01077	-21178.83345791819	12510.355449367351	-99.02134025480683
188899401.898368	60704365970.40418	199289774840.0994	10569045252.349596	-21182.030901917748	12499.865596483281	-99.57788511205283
188903001.898368	60628104911.212135	199334755475.66174	10568685770.460018	-21185.223376780297	12489.37651054399	-100.13424492455235
188906601.898368	60551832368.0515	199379698351.89752	10568324286.008188	-21188.41088486429	12478.888193097291	-100.69041969673562
188910201.898368	60475548358.79842	199424603471.57608	10567960799.660244	-21191.59342852724	12468.400645688751	-101.2464094331027
188913801.898368	60399252901.32058	199469470837.47235	10567595312.082308	-21194.771010125743	12457.91386986169	-101.80221413822338
188917401.898368	60322946013.477165	199514300452.36682	10567227823.940481	-21197.94363201545	12447.427867157188	-102.35783381673704
188921001.898368	60246627713.11889	199559092319.04547	10566858335.900854	-21201.111296551084	12436.942639114084	-102.91326847335252
188924601.898368	60170298018.088	199603846440.29987	10566486848.629494	-21204.274006086438	12426.458187268981	-103.46851811284795
188928201.898368	60093956946.21825	199648562818.9271	10566113362.792456	-21207.431762974367	12415.974513156245	-104.02358274007065
188931801.898368	60017604515.33494	199693241457.7297	10565737879.055775	-21210.584569566796	12405.491618308011	-104.578462359937
188935401.898368	59941240743.2549	199737882359.51584	10565360398.085468	-21213.732428214706	12395.009504254185	-105.1331569774323
188939001.898368	59864865647.78651	199782485527.09912	10564980920.547535	-21216.87534126815	12384.528172522447	-105.68766659761057
188942601.898368	59788479246.72967	199827050963.2986	10564599447.107956	-21220.01331107624	12374.04762463825	-106.24199122559455
188946201.898368	59712081557.87584	199871578670.93893	10564215978.432695	-21223.146339987154	12363.567862124826	-106.79613086657542
188949801.898368	59635672599.008026	199916068652.85016	10563830515.187695	-21226.27443034813	12353.088886503192	-107.35008552581277
188953401.898368	59559252387.90078	199960520911.86783	10563443058.038881	-21229.397584505467	12342.610699292143	-107.90385520863441
188957001.898368	59482820942.32021	200004935450.83298	10563053607.652159	-21232.515804804523	12332.133302008262	-108.45743992043626
188960601.898368	59406378280.024	200049312272.59204	10562662164.693413	-21235.62909358972	12321.656696165923	-109.0108396666822
188964201.898368	59329924418.761375	200093651379.99692	10562268729.82851	-21238.737453204536	12311.180883277288	-109.56405445290396
188967801.898368	59253459376.273125	200137952775.905	10561873303.723297	-21241.84088599151	12300.705864852314	-110.11708428470097
188971401.898368	59176983170.29162	200182216463.17905	10561475887.043598	-21244.939394292236	12290.231642398756	-110.66992916774022
188975001.898368	59100495818.540794	200226442444.68726	10561076480.455221	-21248.032980447366	12279.758217422166	-111.22258910775615
188978601.898368	59023997338.73617	200270630723.30325	10560675084.623947	-21251.12164679661	12269.285591425898	-111.7750641105505
188982201.898368	58947487748.58482	200314781301.9061	10560271700.215542	-21254.205395678735	12258.813765911113	-112.32735418199218
188985801.898368	58870967065.78544	200358894183.3802	10559866327.895746	-21257.28422943156	12248.342742376773	-112.87945932801713
188989401.898368	58794435308.02827	200402969370.6154	10559458968.330282	-21260.35815039196	12237.872522319654	-113.43137955462822
188993001.898368	58717892492.99516	200447006866.50687	10559049622.184849	-21263.42716089586	12227.403107234342	-113.98311486789508
188996601.898368	58641338638.359566	200491006673.95523	10558638290.125122	-21266.491263278243	12216.93449861324	-114.53466527395399
189000201.898368	58564773761.78651	200534968795.86642	10558224972.816757	-21269.55045987315	12206.466697946564	-115.08603077900776
189003801.898368	58488197880.932625	200578893235.15176	10557809670.925386	-21272.60475301366	12195.999706722352	-115.63721138932554
189007401.898368	58411611013.44616	200622779994.72794	10557392385.11662	-21275.654145031913	12185.533526426465	-116.1882071112428
189011001.898368	58335013176.96695	200666629077.51694	10556973116.056044	-21278.6986382591	12175.068158542588	-116.73901795116107
189014601.898368	58258404389.12645	200710440486.4461	10556551864.409222	-21281.738235025452	12164.603604552232	-117.28964391554791
189018201.898368	58181784667.54772	200754214224.44815	10556128630.841694	-21284.772937660266	12154.13986593474	-117.84008501093673
189021801.898368	58105154029.84546	200797950294.46106	10555703416.018978	-21287.80274849187	12143.676944167284	-118.39034124392667
189025401.898368	58028512493.62595	200841648699.42816	10555276220.606565	-21290.827669847655	12133.214840724875	-118.94041262118247
189029001.898368	57951860076.48714	200885309442.29807	10554847045.269924	-21293.84770405405	12122.75355708036	-119.49029914943438
189032601.898368	57875196796.018555	200928932526.0247	10554415890.6745	-21296.862853436534	12112.293094704424	-120.04000083547794
189036201.898368	57798522669.80139	200972517953.56723	10553982757.48571	-21299.873120319633	12101.833455065598	-120.58951768617395
189039801.898368	57721837715.40846	201016065727.8902	10553547646.368952	-21302.878507026915	12091.374639630256	-121.13884970844828
189043401.898368	57645141950.40422	201059575851.96338	10553110557.989595	-21305.879015880993	12080.91664986262	-121.68799690929174
189047001.898368	57568435392.34476	201103048328.76178	10552671493.012983	-21308.87464920353	12070.459487224764	-122.23695929576002
189050601.898368	57491718058.77781	201146483161.26572	10552230452.104435	-21311.865409315233	12060.00315317661	-122.78573687497345
189054201.898368	57414989967.24276	201189880352.46072	10551787435.929243	-21314.85129853584	12049.547649175944	-123.33432965411697
189057801.898368	57338251135.27064	201233239905.3376	10551342445.152676	-21317.832319184145	12039.0929766784	-123.88273764043997
189061401.898368	57261501580.38414	201276561822.89233	10550895480.439974	-21320.808473577978	12028.639137137476	-124.43096084125612
189065001.898368	57184741320.0976	201319846108.12625	10550446542.456352	-21323.77976403421	12018.186132004535	-124.97899926394331
189068601.898368	57107970371.91704	201363092764.0458	10549995631.866999	-21326.74619286875	12007.733962728804	-125.52685291594345
189072201.898368	57031188753.34012	201406301793.66266	10549542749.337074	-21329.70776239656	11997.282630757376	-126.07452180476243
189075801.898368	56954396481.85618	201449473199.99374	10549087895.531712	-21332.664474931622	11986.832137535217	-126.62200593796992
189079401.898368	56877593574.94623	201492606986.06116	10548631071.116018	-21335.616332786973	11976.382484505166	-127.16930532319925
189083001.898368	56800780050.082954	201535703154.89215	10548172276.755074	-21338.56333827468	11965.933673107935	-127.71641996814732
189086601.898368	56723955924.73072	201578761709.51923	10547711513.113928	-21341.50549370585	11955.485704782113	-128.26334988057445
189090201.898368	56647121216.345566	201621782652.98	10547248780.857603	-21344.442801390625	11945.038580964176	-128.81009506830424
189093801.898368	56570275942.37523	201664765988.31732	10546784080.651096	-21347.37526363819	11934.592303088473	-129.35665553922345
189097401.898368	56493420120.259125	201707711718.5791	10546317413.159372	-21350.30288275676	11924.14687258725	-129.90303130128189
189101001.898368	56416553767.42837	201750619846.8185	10545848779.047369	-21353.22566105359	11913.70229089063	-130.44922236249226
189104601.898368	56339676901.305756	201793490376.0938	10545378178.979994	-21356.143600834966	11903.258559426631	-130.9952287309301
189108201.898368	56262789539.3058	201836323309.46838	10544905613.622128	-21359.056704406205	11892.815679621166	-131.54105041473355
189111801.898368	56185891698.83472	201879118650.01077	10544431083.63862	-21361.964974071663	11882.37365289804	-132.0866874221033
189115401.898368	56108983397.29041	201921876400.79465	10543954589.69429	-21364.868412134732	11871.93248067896	-132.63213976130245
189119001.898368	56032064652.06251	201964596564.89877	10543476132.45393	-21367.76702089783	11861.492164383528	-133.1774074406564
189122601.898368	55955135480.53234	202007279145.407	10542995712.582298	-21370.660802662413	11851.052705429252	-133.72249046855265
189126201.898368	55878195900.072975	202049924145.40836	10542513330.744127	-21373.54975972896	11840.614105231547	-134.26738885344076
189129801.898368	55801245928.04917	202092531567.9969	10542028987.604115	-21376.433894396992	11830.176365203732	-134.81210260383222
189133401.898368	55724285581.81744	202135101416.27173	10541542683.826931	-21379.313208965053	11819.739486757037	-135.35663172830024
189137001.898368	55647314878.72599	202177633693.33713	10541054420.077211	-21382.187705730717	11809.303471300607	-135.90097623547976
189140601.898368	55570333836.114784	202220128402.30237	10540564197.019566	-21385.057386990593	11798.868320241501	-136.44513613406716
189144201.898368	55493342471.31551	202262585546.28183	10540072015.318567	-21387.92225504031	11788.434034984697	-136.9891114328203
189147801.898368	55416340801.651596	202305005128.3949	10539577875.63876	-21390.782312174535	11778.000616933092	-137.53290214055826
189151401.898368	55339328844.4382	202347387151.76605	10539081778.644653	-21393.637560686955	11767.568067487506	-138.07650826616134
189155001.898368	55262306616.98225	202389731619.5248	10538583725.00073	-21396.488002870286	11757.136388046683	-138.61992981857082
189158601.898368	55185274136.58238	202432038534.80566	10538083715.371437	-21399.333641016274	11746.705580007298	-139.16316680678892
189162201.898368	55108231420.52902	202474307900.7482	10537581750.421188	-21402.174477415687	11736.275644763951	-139.70621923987864
189165801.898368	55031178486.10433	202516539720.49698	10537077830.814365	-21405.01051435832	11725.84658370918	-140.24908712696362
189169401.898368	54954115350.58224	202558733997.2016	10536571957.215319	-21407.841754132995	11715.418398233458	-140.79177047722808
189173001.898368	54877042031.228424	202600890734.01663	10536064130.288363	-21410.66819902755	11704.991089725188	-141.33426929991668
189176601.898368	54799958545.30035	202643009934.10165	10535554350.69778	-21413.48985132886	11694.564659570722	-141.87658360433431
189180201.898368	54722864910.047226	202685091600.62122	10535042619.107822	-21416.306713322818	11684.13910915435	-142.4187133998461
189183801.898368	54645761142.71005	202727135736.7449	10534528936.182701	-21419.118787294334	11673.714439858308	-142.96065869587716
189187401.898368	54568647260.52159	202769142345.64722	10534013302.5866	-21421.926075527346	11663.290653062779	-143.5024195019126
189191001.898368	54491523280.7064	202811111430.50763	10533495718.983664	-21424.728580304814	11652.867750145895	-144.04399582749733
189194601.898368	54414389220.480804	202853042994.5106	10532976186.038006	-21427.52630390872	11642.445732483742	-144.5853876822359
189198201.898368	54337245097.052925	202894937040.8455	10532454704.413704	-21430.31924862006	11632.02460145036	-145.1265950757925
189201801.898368	54260090927.62267	202936793572.70663	10531931274.774801	-21433.10741671886	11621.604358417742	-145.6676180178907
189205401.898368	54182926729.38175	202978612593.29333	10531405897.785305	-21435.890810484158	11611.18500475585	-146.20845651831345
189209001.898368	54105752519.51366	203020394105.80975	10530878574.109188	-21438.669432194016	11600.766541832598	-146.74911058690284
189212601.898368	54028568315.19369	203062138113.46503	10530349304.410387	-21441.443284125515	11590.348971013871	-147.2895802335601
189216201.898368	53951374133.58895	203103844619.4732	10529818089.352802	-21444.21236855475	11579.93229366352	-147.82986546824537
189219801.898368	53874169991.85836	203145513627.0532	10529284929.600298	-21446.976687756836	11569.516511143362	-148.3699663009777
189223401.898368	53796955907.15264	203187145139.42886	10528749825.816706	-21449.736244005908	11559.101624813187	-148.90988274183476
189227001.898368	53719731896.614334	203228739159.82892	10528212778.665815	-21452.491039575114	11548.687636030761	-149.44961480095293
189230601.898368	53642497977.37779	203270295691.48697	10527673788.811384	-21455.24107673662	11538.274546151826	-149.989162488527
189234201.898368	53565254166.5692	203311814737.6415	10527132856.917131	-21457.98635776161	11527.862356530102	-150.5285258148101
189237801.898368	53488000481.30655	203353296301.53592	10526589983.646738	-21460.726884920277	11517.45106851729	-151.06770479011368
189241401.898368	53410736938.699684	203394740386.4184	10526045169.66385	-21463.462660481837	11507.040683463074	-151.6066994248072
189245001.898368	53333463555.85027	203436146995.54202	10525498415.632076	-21466.193686714516	11496.631202715127	-152.1455097293182
189248601.898368	53256180349.851814	203477516132.16473	10524949722.214983	-21468.919965885554	11486.22262761911	-152.68413571413208
189252201.898368	53178887337.78965	203518847799.5493	10524399090.076105	-21471.641500261205	11475.814959518673	-153.22257738979198
189255801.898368	53101584536.74097	203560142000.9633	10523846519.878935	-21474.358292106735	11465.40819975546	-153.76083476689868
189259401.898368	53024271963.774796	203601398739.67914	10523292012.286928	-21477.070343686428	11455.002349669114	-154.2989078561105
189263001.898368	52946949635.95203	203642618018.97412	10522735567.963503	-21479.77765726357	11444.597410597271	-154.83679666814314
189266601.898368	52869617570.325386	203683799842.13028	10522177187.572037	-21482.48023510047	11434.19338387557	-155.37450121376955
189270201.898368	52792275783.939476	203724944212.43445	10521616871.77587	-21485.17807945844	11423.790270837655	-155.91202150381991
189273801.898368	52714924293.83075	203766051133.1783	10521054621.238302	-21487.87119259781	11413.388072815173	-156.4493575491814
189277401.898368	52637563117.02753	203807120607.65833	10520490436.622597	-21490.559576777912	11402.986791137779	-156.98650936079812
189281001.898368	52560192270.549995	203848152639.17572	10519924318.591972	-21493.243234257094	11392.58642713314	-157.52347694967102
189284601.898368	52482811771.41021	203889147231.0365	10519356267.809612	-21495.92216729271	11382.186982126932	-158.06026032685767
189288201.898368	52405421636.612114	203930104386.55142	10518786284.93866	-21498.596378141123	11371.788457442852	-158.59685950347227
189291801.898368	52328021883.15151	203971024109.03604	10518214370.642216	-21501.265869057712	11361.390854402607	-159.13327449068547
189295401.898368	52250612528.016106	204011906401.81067	10517640525.583342	-21503.930642296855	11350.99417432593	-159.6695052997242
189299001.898368	52173193588.18548	204052751268.20032	10517064750.425058	-21506.590700111938	11340.598418530573	-160.20555194187168
189302601.898368	52095765080.6311	204093558711.5348	10516487045.830347	-21509.24604475536	11330.203588332313	-160.74141442846718
189306201.898368	52018327022.316345	204134328735.1486	10515907412.462147	-21511.896678478523	11319.809685044955	-161.27709277090602
189309801.898368	51940879430.196465	204175061342.38098	10515325850.983356	-21514.542603531838	11309.41670998033	-161.8125869806393
189313401.898368	51863422321.21862	204215756536.5759	10514742362.056831	-21517.183822164716	11299.024664448307	-162.34789706917397
189317001.898368	51785955712.321884	204256414321.08203	10514156946.345388	-21519.82033662558	11288.633549756782	-162.88302304807254
189320601.898368	51708479620.437225	204297034699.25275	10513569604.511803	-21522.452149161854	11278.243367211691	-163.41796492895313
189324201.898368	51630994062.48753	204337617674.4461	10512980337.218803	-21525.07926201997	11267.854118117011	-163.95272272348916
189327801.898368	51553499055.3876	204378163250.0249	10512389145.129082	-21527.701677445366	11257.465803774756	-164.48729644340943
189331401.898368	51475994616.04415	204418671429.35657	10511796028.905285	-21530.319397682473	11247.078425484986	-165.02168610049787
189335001.898368	51398480761.35582	204459142215.81323	10511200989.210018	-21532.932424974733	11236.691984545805	-165.5558917065935
189338601.898368	51320957508.21317	204499575612.77167	10510604026.705843	-21535.540761564593	11226.306482253367	-166.0899132735903
189342201.898368	51243424873.4987	204539971623.61337	10510005142.05528	-21538.144409693497	11215.921919901875	-166.62375081343703
189345801.898368	51165882874.08684	204580330251.72446	10509404335.920805	-21540.743371601897	11205.538298783587	-167.1574043381372
189349401.898368	51088331526.84394	204620651500.49567	10508801608.96485	-21543.337649529243	11195.155620188816	-167.69087385974896
189353001.898368	51010770848.62832	204660935373.3224	10508196961.849804	-21545.927245713985	11184.773885405932	-168.2241593903849
189356601.898368	50933200856.29021	204701181873.6047	10507590395.238014	-21548.512162393574	11174.393095721363	-168.757260942212
189360201.898368	50855621566.67181	204741391004.74725	10506981909.79178	-21551.092401804464	11164.013252419603	-169.29017852745153
189363801.898368	50778032996.607254	204781562770.15933	10506371506.17336	-21553.66796618211	11153.634356783208	-169.82291215837887
189367401.898368	50700435162.92265	204821697173.25482	10505759185.04497	-21556.238857760964	11143.256410092803	-170.35546184732343
189371001.898368	50622828082.43606	204861794217.45227	10505144947.068775	-21558.805078774476	11132.87941362708	-170.88782760666857
189374601.898368	50545211771.95748	204901853906.17474	10504528792.906902	-21561.366631455097	11122.503368662807	-171.42000944885143
189378201.898368	50467586248.2889	204941876242.84998	10503910723.22143	-21563.923518034273	11112.12827647482	-171.95200738636288
189381801.898368	50389951528.22427	204981861230.91022	10503290738.67439	-21566.475740742455	11101.754138336033	-172.48382143174734
189385401.898368	50312307628.54952	205021808873.79236	10502668839.927776	-21569.023301809088	11091.380955517443	-173.0154515976027
189389001.898368	50234654566.04254	205061719174.93784	10502045027.643528	-21571.56620346261	11081.008729288125	-173.5468978965802
189392601.898368	50156992357.47321	205101592137.79266	10501419302.483545	-21574.104447930466	11070.637460915237	-174.07816034138432
189396201.898368	50079321019.60339	205141427765.80737	10500791665.10968	-21576.638037439083	11060.267151664022	-174.60923894477267
189399801.898368	50001640569.186935	205181226062.4371	10500162116.183737	-21579.1669742139	11049.897802797814	-175.14013371955585
189403401.898368	49923951022.969666	205220987031.1415	10499530656.367477	-21581.69126047934	11039.529415578032	-175.67084467859738
189407001.898368	49846252397.68942	205260710675.38477	10498897286.322615	-21584.210898458827	11029.161991264193	-176.20137183481359
189410601.898368	49768544710.076035	205300396998.63562	10498262006.710815	-21586.72589037478	11018.795531113907	-176.73171520117344
189414201.898368	49690827976.85133	205340046004.3673	10497624818.193699	-21589.23623844861	11008.430036382879	-177.26187479069847
189417801.898368	49613102214.72915	205379657696.0576	10496985721.432838	-21591.74194490073	10998.065508324917	-177.79185061646268
189421401.898368	49535367440.41533	205419232077.18875	10496344717.08976	-21594.24301195053	10987.701948191929	-178.32164269159242
189425001.898368	49457623670.60773	205458769151.2476	10495701805.825943	-21596.73944181641	10977.339357233926	-178.8512510292662
189428601.898368	49379870921.99621	205498268921.72534	10495056988.302818	-21599.23123671576	10966.97773669903	-179.3806756427147
189432201.898368	49302109211.26267	205537731392.1178	10494410265.181768	-21601.71839886496	10956.617087833463	-179.9099165452206
189435801.898368	49224338555.081024	205577156565.92523	10493761637.12413	-21604.200930479383	10946.257411881568	-180.43897375011846
189439401.898368	49146558970.1172	205616544446.65234	10493111104.79119	-21606.678833773392	10935.898710085796	-180.96784727079464
189443001.898368	49068770473.02918	205655895037.80832	10492458668.844185	-21609.15211096035	10925.540983686715	-181.49653712068712
189446601.898368	48990973080.466965	205695208342.90683	10491804329.94431	-21611.6207642526	10915.184233923008	-182.02504331328552
189450201.898368	48913166809.072586	205734484365.466	10491148088.752703	-21614.084795861483	10904.828462031483	-182.55336586213085
189453801.898368	48835351675.48013	205773723109.0084	10490489945.930458	-21616.544207997333	10894.473669247067	-183.08150478081544
189457401.898368	48757527696.31573	205812924577.061	10489829902.13862	-21618.999002869466	10884.119856802816	-183.6094600829829
189461001.898368	48679694888.19754	205852088773.15527	10489167958.038183	-21621.4491826862	10873.767025929907	-184.13723178232797
189464601.898368	48601853267.7358	205891215700.82706	10488504114.290094	-21623.89474965483	10863.41517785765	-184.66481989259637
189468201.898368	48524002851.53279	205930305363.61667	10487838371.555248	-21626.33570598165	10853.06431381349	-185.19222442758473
189471801.898368	48446143656.18285	205969357765.06882	10487170730.49449	-21628.772053871944	10842.714435022996	-185.71944540114046
189475401.898368	48368275698.27239	206008372908.7326	10486501191.768616	-21631.20379552997	10832.365542709884	-186.24648282716169
189479001.898368	48290398994.379875	206047350798.16156	10485829756.038374	-21633.630933158995	10822.017638096002	-186.77333671959707
189482601.898368	48212513561.07584	206086291436.9136	10485156423.964458	-21636.053468961258	10811.670722401343	-187.30000709244575
189486201.898368	48134619414.922905	206125194828.55103	10484481196.207516	-21638.471405137992	10801.32479684404	-187.82649395975727
189489801.898368	48056716572.47576	206164060976.6405	10483804073.428139	-21640.88474388942	10790.97986264037	-188.35279733563138
189493401.898368	47978805050.28117	206202889884.7531	10483125056.286873	-21643.293487414743	10780.635921004763	-188.878917234218
189497001.898368	47900884864.878006	206241681556.46426	10482444145.444208	-21645.697637912162	10770.292973149793	-189.40485366971703
189500601.898368	47822956032.7972	206280435995.35376	10481761341.560589	-21648.097197578853	10759.951020286191	-189.93060665637836
189504201.898368	47745018570.5618	206319153205.00577	10481076645.296404	-21650.49216861098	10749.61006362284	-190.4561762085017
189507801.898368	47667072494.68693	206357833189.00876	10480390057.311993	-21652.8825532037	10739.270104366778	-190.98156234043643
189511401.898368	47589117821.679825	206396475950.95557	10479701578.267641	-21655.26835355115	10728.931143723206	-191.50676506658155
189515001.898368	47511154568.039825	206435081494.44336	10479011208.823584	-21657.64957184645	10718.593182895484	-192.03178440138558
189518601.898368	47433182750.25836	206473649823.07364	10478318949.640003	-21660.02621028171	10708.256223085133	-192.5566203593464
189522201.898368	47355202384.81899	206512180940.45224	10477624801.377031	-21662.398271048023	10697.920265491843	-193.0812729550112
189525801.898368	47277213488.19739	206550674850.1893	10476928764.694744	-21664.765756335462	10687.585311313469	-193.60574220297633
189529401.898368	47199216076.86133	206589131555.89923	10476230840.253168	-21667.12866833309	10677.25136174604	-194.13002811788718
189533001.898368	47121210167.27071	206627551061.20084	10475531028.712276	-21669.48700922895	10666.918417983756	-194.65413071443817
189536601.898368	47043195775.87758	206665933369.71713	10474829330.731989	-21671.840781210067	10656.586481218987	-195.17805000737252
189540201.898368	46965172919.126076	206704278485.07544	10474125746.97217	-21674.189986462454	10646.255552642286	-195.7017860114822
189543801.898368	46887141613.4525	206742586410.9074	10473420278.092634	-21676.534627171102	10635.925633442383	-196.22533874160786
189547401.898368	46809101875.28528	206780857150.8489	10472712924.753141	-21678.87470551999	10625.596724806188	-196.74870821263863
189551001.898368	46731053721.04497	206819090708.5401	10472003687.613396	-21681.210223692073	10615.268827918795	-197.27189443951215
189554601.898368	46652997167.14429	206857287087.62543	10471292567.333052	-21683.541183869293	10604.941943963486	-197.79489743721427
189558201.898368	46574932229.98808	206895446291.75357	10470579564.571705	-21685.867588232566	10594.616074121726	-198.31771722077917
189561801.898368	46496858925.97337	206933568324.57745	10469864679.988901	-21688.1894389618	10584.291219573175	-198.84035380528903
189565401.898368	46418777271.48931	206971653189.75427	10469147914.244127	-21690.506738235876	10573.967381495684	-199.3628072058741
189569001.898368	46340687282.91721	207009700890.9454	10468429267.99682	-21692.81948823266	10563.644561065297	-199.88507743771254
189572601.898368	46262588976.63056	207047711431.81653	10467708741.90636	-21695.127691128997	10553.322759456258	-200.40716451603026
189576201.898368	46184482368.994995	207085684816.03748	10466986336.632072	-21697.43134910071	10543.001977841006	-200.92906845610088
189579801.898368	46106367476.36833	207123621047.28238	10466262052.833225	-21699.730464322605	10532.682217390184	-201.4507892732456
189583401.898368	46028244315.10056	207161520129.2295	10465535891.169035	-21702.02503896847	10522.363479272639	-201.97232698283307
189587001.898368	45950112901.533844	207199382065.56134	10464807852.29866	-21704.315075211067	10512.04576465542	-202.49368160027936
189590601.898368	45871973252.00252	207237206859.9646	10464077936.881205	-21706.60057522214	10501.72907470379	-203.01485314104775
189594201.898368	45793825382.833115	207274994516.1302	10463346145.575718	-21708.88154117241	10491.413410581215	-203.53584162064877
189597801.898368	45715669310.344345	207312745037.75317	10462612479.041191	-21711.157975231577	10481.098773449381	-204.0566470546399
189601401.898368	45637505050.847115	207350458428.5328	10461876937.93656	-21713.429879568324	10470.785164468183	-204.5772694586257
189605001.898368	45559332620.644516	207388134692.17252	10461139522.920706	-21715.697256350308	10460.472584795734	-205.09770884825747
189608601.898368	45481152036.03185	207425773832.37988	10460400234.65245	-21717.960107744162	10450.161035588366	-205.61796523923334
189612201.898368	45402963313.29662	207463375852.8667	10459659073.790562	-21720.2184359155	10439.850518000632	-206.13803864729803
189615801.898368	45324766468.71853	207500940757.34882	10458916040.99375	-21722.47224302891	10429.54103318531	-206.65792908824284
189619401.898368	45246561518.56949	207538468549.54633	10458171136.920668	-21724.721531247968	10419.232582293404	-207.1776365779055
189623001.898368	45168348479.113625	207575959233.1834	10457424362.229912	-21726.966302735207	10408.925166474139	-207.6971611321701
189626601.898368	45090127366.60728	207613412811.9884	10456675717.580019	-21729.206559652153	10398.618786874978	-208.2165027669669
189630201.898368	45011898197.29902	207650829289.69376	10455925203.629473	-21731.442304159304	10388.313444641615	-208.73566149827235
189633801.898368	44933660987.429634	207688208670.03604	10455172821.036695	-21733.673538416133	10378.009140917973	-209.25463734210896
189637401.898368	44855415753.23213	207725550956.75595	10454418570.460054	-21735.900264581087	10367.705876846218	-209.7734303145451
189641001.898368	44777162510.93177	207762856153.5983	10453662452.557858	-21738.12248481159	10357.40365356675	-210.292040431695
189644601.898368	44698901276.746025	207800124264.31195	10452904467.988354	-21740.34020126404	10347.10247221821	-210.81046770971864
189648201.898368	44620632066.88462	207837355292.64993	10452144617.409735	-21742.553416093815	10336.802333937487	-211.32871216482158
189651801.898368	44542354897.549515	207874549242.36932	10451382901.480135	-21744.762131455263	10326.50323985971	-211.84677381325497
189655401.898368	44464069784.93492	207911706117.23132	10450619320.857628	-21746.96634950171	10316.205191118257	-212.3646526713153
189659001.898368	44385776745.227295	207948825921.00116	10449853876.20023	-21749.166072385447	10305.908188844756	-212.88234875534445
189662601.898368	44307475794.605354	207985908657.44815	10449086568.165897	-21751.361302257756	10295.612234169086	-213.3998620817295
189666201.898368	44229166949.240074	208022954330.34567	10448317397.412529	-21753.552041268875	10285.31732821938	-213.91719266690265
189669801.898368	44150850225.29468	208059962943.47116	10447546364.597965	-21755.73829156803	10275.023472122028	-214.4343405273411
189673401.898368	44072525638.92466	208096934500.6061	10446773470.379982	-21757.920055303406	10264.730667001677	-214.951305679567
189677001.898368	43994193206.277794	208133869005.53607	10445998715.416302	-21760.097334622176	10254.438913981234	-215.46808814014733
189680601.898368	43915852943.49411	208170766462.05063	10445222100.364584	-21762.270131670477	10244.148214181869	-215.98468792569372
189684201.898368	43837504866.70592	208207626873.9434	10444443625.882427	-21764.43844859342	10233.858568723017	-216.50110505286247
189687801.898368	43759148992.03781	208244450245.012	10443663292.627373	-21766.602287535094	10223.56997872238	-217.01733953835438
189691401.898368	43680785335.60667	208281236579.05807	10442881101.2569	-21768.76165063855	10213.282445295928	-217.53339139891466
189695001.898368	43602413913.521645	208317985879.88733	10442097052.42843	-21770.91654004582	10202.995969557904	-218.04926065133284
189698601.898368	43524034741.8842	208354698151.30945	10441311146.79932	-21773.066957897903	10192.71055262082	-218.56494731244268
189702201.898368	43445647836.78808	208391373397.1381	10440523385.026869	-21775.21290633477	10182.426195595468	-219.08045139912204
189705801.898368	43367253214.31932	208428011621.19095	10439733767.768314	-21777.35438749537	10172.142899590915	-219.59577292829277
189709401.898368	43288850890.556274	208464612827.2897	10438942295.680834	-21779.49140351761	10161.860665714508	-220.11091191692068
189713001.898368	43210440881.569595	208501177019.25998	10438148969.421541	-21781.623956538388	10151.579495071875	-220.6258683820154
189716601.898368	43132023203.42224	208537704200.93143	10437353789.647491	-21783.75204869355	10141.29938876693	-221.1406423406302
189720201.898368	43053597872.16948	208574194376.13763	10436556757.015676	-21785.87568211793	10131.020347901871	-221.65523380986204
189723801.898368	42975164903.85891	208610647548.71616	10435757872.183027	-21787.994858945323	10120.742373577184	-222.16964280685136
189727401.898368	42896724314.53043	208647063722.50854	10434957135.806414	-21790.109581308498	10110.465466891648	-222.68386934878203
189731001.898368	42818276120.216286	208683442901.36026	10434154548.542643	-21792.219851339192	10100.189628942333	-223.1979134528812
189734601.898368	42739820336.94103	208719785089.12073	10433350111.048458	-21794.325671168117	10089.914860824601	-223.71177513641933
189738201.898368	42661356980.721565	208756090289.6433	10432543823.980545	-21796.42704292495	10079.641163632115	-224.2254544167099
189741801.898368	42582886067.56711	208792358506.7853	10431735687.995522	-21798.523968738336	10069.368538456833	-224.7389513111095
189745401.898368	42504407613.479225	208828589744.40793	10430925703.749947	-21800.616450735895	10059.096986389015	-225.25226583701757
189749001.898368	42425921634.451836	208864784006.37634	10430113871.900316	-21802.704491044213	10048.826508517226	-225.7653980118764
189752601.898368	42347428146.47118	208900941296.5596	10429300193.103062	-21804.788091788843	10038.557105928334	-226.27834785317106
189756201.898368	42268927165.515884	208937061618.83066	10428484668.014553	-21806.867255094312	10028.288779707515	-226.79111537842917
189759801.898368	42190418707.556885	208973144977.06644	10427667297.291096	-21808.941983084107	10018.021530938255	-227.30370060522094
189763401.898368	42111902788.55751	209009191375.14767	10426848081.588932	-21811.012277880694	10007.75536070235	-227.816103551159
189767001.898368	42033379424.473434	209045200816.95905	10426027021.564243	-21813.0781416055	9997.49027007991	-228.3283242338983
189770601.898368	41954848631.25269	209081173306.3891	10425204117.873144	-21815.139576378922	9987.226260149362	-228.84036267113606
189774201.898368	41876310424.8357	209117108847.33026	10424379371.171686	-21817.196584320325	9976.96333198745	-229.3522188806117
189777801.898368	41797764821.15524	209153007443.67883	10423552782.115856	-21819.24916754804	9966.701486669239	-229.8638928801066
189781401.898368	41719211836.136475	209188869099.335	10422724351.36158	-21821.29732817937	9956.440725268112	-230.37538468744413
189785001.898368	41640651485.69693	209224693818.20276	10421894079.564716	-21823.34106833058	9946.18104885578	-230.8866943204895
189788601.898368	41562083785.74653	209260481604.19003	10421061967.38106	-21825.380390116905	9935.922458502282	-231.39782179714976
189792201.898368	41483508752.187584	209296232461.20853	10420228015.466343	-21827.415295652543	9925.664955275979	-231.90876713537355
189795801.898368	41404926400.914795	209331946393.17386	10419392224.47623	-21829.445787050667	9915.408540243568	-232.4195303531511
189799401.898368	41326336747.815254	209367623404.0054	10418554595.066324	-21831.47186642341	9905.153214470076	-232.93011146851413
189803001.898368	41247739808.76845	209403263497.62643	10417715127.892159	-21833.493535881873	9894.898979018864	-233.44051049953572
189806601.898368	41169135599.64627	209438866677.96402	10416873823.609207	-21835.51079753612	9884.645834951632	-233.9507274643303
189810201.898368	41090524136.31302	209474432948.94904	10416030682.872873	-21837.52365349519	9874.393783328418	-234.4607623810534
189813801.898368	41011905434.625404	209509962314.5162	10415185706.3385	-21839.53210586708	9864.142825207598	-234.9706152679017
189817401.898368	40933279510.43255	209545454778.604	10414338894.661358	-21841.536156758757	9853.892961645895	-235.4802861431129
189821001.898368	40854646379.57599	209580910345.1548	10413490248.49666	-21843.53580827615	9843.644193698376	-235.98977502496555
189824601.898368	40776006057.88969	209616329018.11462	10412639768.499548	-21845.53106252415	9833.396522418452	-236.49908193177907
189828201.898368	40697358561.20002	209651710801.43344	10411787455.3251	-21847.521921606625	9823.149948857887	-237.00820688191357
189831801.898368	40618703905.3258	209687055699.0649	10410933309.628325	-21849.508387626403	9812.904474066792	-237.51714989376978
189835401.898368	40540042106.07826	209722363714.9665	10410077332.064169	-21851.490462685273	9802.660099093635	-238.02591098578895
189839001.898368	40461373179.26109	209757634853.09943	10409219523.28751	-21853.468148883992	9792.41682498524	-238.53449017645278
189842601.898368	40382697140.67041	209792869117.42868	10408359883.95316	-21855.44144832228	9782.174652786782	-239.0428874842833
189846201.898368	40304014006.094765	209828066511.92303	10407498414.71586	-21857.410363098825	9771.933583541802	-239.5511029278428
189849801.898368	40225323791.31517	209863227040.555	10406635116.230293	-21859.374895311277	9761.6936182922	-240.0591365257337
189853401.898368	40146626512.10508	209898350707.30078	10405769989.151068	-21861.33504705625	9751.45475807824	-240.56698829659848
189857001.898368	40067922184.23041	209933437516.14044	10404903034.132729	-21863.290820429324	9741.217003938551	-241.0746582591196
189860601.898368	39989210823.449524	209968487471.05768	10404034251.82975	-21865.242217525043	9730.98035691013	-241.58214643201933
189864201.898368	39910492445.51325	210003500576.03998	10403163642.896544	-21867.189240436914	9720.744818028343	-242.08945283405978
189867801.898368	39831767066.16489	210038476835.07852	10402291207.987448	-21869.131891257406	9710.510388326928	-242.59657748404274
189871401.898368	39753034701.1402	210073416252.1682	10401416947.756739	-21871.070172077954	9700.277068837997	-243.10352040080954
189875001.898368	39674295366.16742	210108318831.30765	10400540862.85862	-21873.004084988956	9690.044860592037	-243.61028160324102
189878601.898368	39595549076.96726	210143184576.49918	10399662953.94723	-21874.933632079774	9679.813764617917	-244.11686111025742
189882201.898368	39516795849.25292	210178013491.74884	10398783221.676638	-21876.858815438736	9669.583781942878	-244.62325894081832
189885801.898368	39438035698.73008	210212805581.06635	10397901666.700844	-21878.779637153126	9659.354913592551	-245.12947511392247
189889401.898368	39359268641.09689	210247560848.46512	10397018289.673782	-21880.696099309196	9649.127160590946	-245.63550964860775
189893001.898368	39280494692.04402	210282279297.96225	10396133091.249317	-21882.608203992164	9638.90052396046	-246.1413625639511
189896601.898368	39201713867.254616	210316960933.57852	10395246072.081242	-21884.5159532862	9628.67500472188	-246.64703387906835
189900201.898368	39122926182.40433	210351605759.33835	10394357232.823284	-21886.419349274453	9618.450603894378	-247.1525236131142
189903801.898368	39044131653.16131	210386213779.26987	10393466574.1291	-21888.31839403902	9608.227322495526	-247.65783178528213
189907401.898368	38965330295.18622	210420784997.40485	10392574096.65228	-21890.213089660963	9598.005161541285	-248.16295841480422
189911001.898368	38886522124.132225	210455319417.77872	10391679801.046343	-21892.103438220318	9587.784122046012	-248.6679035209512
189914601.898368	38807707155.64501	210489817044.43054	10390783687.964735	-21893.989441796068	9577.564205022463	-249.1726671230322
189918201.898368	38728885405.36278	210524277881.40305	10389885758.060839	-21895.871102466164	9567.345411481796	-249.6772492403948
189921801.898368	38650056888.916245	210558701932.74258	10388986011.987963	-21897.748422307523	9557.12774243357	-250.18164989242482
189925401.898368	38571221621.928665	210593089202.49915	10388084450.399347	-21899.62140339602	9546.911198885746	-250.68586909854633
189929001.898368	38492379620.01581	210627439694.72635	10387181073.948164	-21901.490047806492	9536.695781844695	-251.1899068782215
189932601.898368	38413530898.78598	210661753413.48145	10386275883.287512	-21903.354357612738	9526.481492315195	-251.69376325095055
189936201.898368	38334675473.840034	210696030362.82526	10385368879.070421	-21905.214334887518	9516.268331300433	-252.1974382362716
189939801.898368	38255813360.77135	210730270546.82224	10384460061.949852	-21907.069981702556	9506.056299802009	-252.70093185376066
189943401.898368	38176944575.16585	210764473969.54044	10383549432.578691	-21908.921300128535	9495.845398819938	-253.20424412303143
189947001.898368	38098069132.602005	210798640635.05154	10382636991.60976	-21910.768292235098	9485.635629352653	-253.70737506373536
189950601.898368	38019187048.650856	210832770547.4308	10381722739.695805	-21912.610960090853	9475.426992397002	-254.21032469556138
189954201.898368	37940298338.87598	210866863710.75702	10380806677.4895	-21914.449305763366	9465.219488948256	-254.71309303823602
189957801.898368	37861403018.8335	210900920129.11264	10379888805.643452	-21916.283331319166	9455.013120000107	-255.2156801115231
189961401.898368	37782501104.07214	210934939806.58362	10378969124.810196	-21918.11303882374	9444.80788654467	-255.71808593522388
189965001.898368	37703592610.133156	210968922747.25952	10378047635.642195	-21919.938430341535	9434.60378957249	-256.2203105291767
189968601.898368	37624677552.55039	211002868955.2335	10377124338.791838	-21921.759507935967	9424.400830072536	-256.7223539132571
189972201.898368	37545755946.85025	211036778434.6022	10376199234.911446	-21923.5762736694	9414.199009032212	-257.2242161073777
189975801.898368	37466827808.55173	211070651189.46588	10375272324.653267	-21925.38872960317	9403.998327437352	-257.72589713148795
189979401.898368	37387893153.16639	211104487223.92828	10374343608.669477	-21927.19687779757	9393.798786272222	-258.2273970055743
189983001.898368	37308951996.198395	211138286542.09674	10373413087.612183	-21929.00072031185	9383.600386519527	-258.7287157496599
189986601.898368	37230004353.144485	211172049148.0821	10372480762.133413	-21930.80025920422	9373.403129160411	-259.2298533838046
189990201.898368	37151050239.494	211205775045.99875	10371546632.885128	-21932.595496531856	9363.207015174457	-259.7308099281048
189993801.898368	37072089670.72887	211239464239.96457	10370610700.519215	-21934.386434350887	9353.01204553969	-260.23158540269355
189997401.898368	36993122662.323616	211273116734.101	10369672965.687489	-21936.173074716407	9342.81822123258	-260.7321798277402
190001001.898368	36914149229.745384	211306732532.53302	10368733429.04169	-21937.95541968247	9332.62554322804	-261.2325932234504
190004601.898368	36835169388.45392	211340311639.389	10367792091.23349	-21939.733471302083	9322.434012499434	-261.73282561006613
190008201.898368	36756183153.901566	211373854058.80093	10366848952.914484	-21941.507231627224	9312.243630018578	-262.2328770078655
190011801.898368	36677190541.533295	211407359794.9042	10365904014.736195	-21943.276702708823	9302.054396755737	-262.7327474371627
190015401.898368	36598191566.7867	211440828851.8378	10364957277.350073	-21945.04188659677	9291.866313679631	-263.2324369183078
190019001.898368	36519186245.09197	211474261233.74408	10364008741.407495	-21946.802785339918	9281.679381757436	-263.7319454716869
190022601.898368	36440174591.87196	211507656944.76898	10363058407.559765	-21948.559400986076	9271.493601954786	-264.23127311772186
190026201.898368	36361156622.54213	211541015989.06186	10362106276.45811	-21950.311735582014	9261.308975235774	-264.73041987687014
190029801.898368	36282132352.510574	211574338370.77554	10361152348.75369	-21952.059791173466	9251.125502562954	-265.22938576962497
190033401.898368	36203101797.17803	211607624094.0663	10360196625.097586	-21953.803569805117	9240.943184897347	-265.72817081651505
190037001.898368	36124064971.937874	211640873163.09396	10359239106.140802	-21955.543073520614	9230.762023198438	-266.2267750381045
190040601.898368	36045021892.176125	211674085582.02167	10358279792.534277	-21957.278304362568	9220.58201842418	-266.7251984549929
190044201.898368	35965972573.27146	211707261355.01608	10357318684.928867	-21959.009264372544	9210.403171530996	-267.22344108781505
190047801.898368	35886917030.59519	211740400486.24728	10356355783.97536	-21960.735955591066	9200.22548347378	-267.72150295724094
190051401.898368	35807855279.51131	211773502979.88882	10355391090.324467	-21962.458380057622	9190.048955205899	-268.2193840839757
190055001.898368	35728787335.376434	211806568840.11765	10354424604.626822	-21964.176539810658	9179.873587679196	-268.7170844887594
190058601.898368	35649713213.53988	211839598071.11414	10353456327.532988	-21965.890436887574	9169.699381843993	-269.21460419236706
190062201.898368	35570632929.34361	211872590677.0621	10352486259.693453	-21967.60007332473	9159.52633864909	-269.71194321560864
190065801.898368	35491546498.12227	211905546662.14874	10351514401.758627	-21969.305451157452	9149.354459041768	-270.2091015793288
190069401.898368	35412453935.20316	211938466030.56467	10350540754.378847	-21971.006572420018	9139.183743967793	-270.7060793044068
190073001.898368	35333355255.90629	211971348786.5039	10349565318.204376	-21972.703439145665	9129.014194371415	-271.2028764117566
190076601.898368	35254250475.54432	212004194934.16385	10348588093.885399	-21974.396053366592	9118.845811195373	-271.69949292232667
190080201.898368	35175139609.422615	212037004477.74533	10347609082.072027	-21976.084417113954	9108.678595380892	-272.1959288570998
190083801.898368	35096022672.839226	212069777421.45255	10346628283.414295	-21977.768532417867	9098.512547867691	-272.69218423709316
190087401.898368	35016899681.0849	212102513769.49307	10345645698.56216	-21979.448401307403	9088.347669593979	-273.18825908335816
190091001.898368	34937770649.44308	212135213526.07785	10344661328.16551	-21981.124025810597	9078.183961496463	-273.68415341698045
190094601.898368	34858635593.189896	212167876695.4212	10343675172.87415	-21982.795407954436	9068.021424510345	-274.1798672590797
190098201.898368	34779494527.59421	212200503281.74078	10342687233.33781	-21984.462549764867	9057.860059569328	-274.6754006308095
190101801.898368	34700347467.917564	212233093289.25766	10341697510.206148	-21986.1254532668	9047.699867605612	-275.17075355335754
190105401.898368	34621194429.41423	212265646722.19623	10340706004.12874	-21987.7841204841	9037.540849549901	-275.66592604794516
190109001.898368	34542035427.33119	212298163584.7842	10339712715.75509	-21989.43855343959	9027.383006331407	-276.16091813582756
190112601.898368	34462870476.90815	212330643881.25272	10338717645.734625	-21991.088754155055	9017.226338877845	-276.6557298382935
190116201.898368	34383699593.37753	212363087615.83615	10337720794.716692	-21992.734724651233	9007.070848115438	-277.1503611766654
190119801.898368	34304522791.964497	212395494792.77228	10336722163.350565	-21994.376466947822	8996.916534968921	-277.64481217229917
190123401.898368	34225340087.886925	212427865416.3022	10335721752.285439	-21996.01398306348	8986.76340036154	-278.1390828465841
190127001.898368	34146151496.355434	212460199490.67026	10334719562.170431	-21997.64727501582	8976.611445215058	-278.63317322094275
190130601.898368	34066957032.573387	212492497020.1242	10333715593.654583	-21999.27634482142	8966.46067044975	-279.1270833168311
190134201.898368	33987756711.736877	212524758008.91507	10332709847.386858	-22000.901194495807	8956.311076984408	-279.6208131557381
190137801.898368	33908550549.034756	212556982461.29715	10331702324.016144	-22002.52182605347	8946.16266573635	-280.1143627591859
190141401.898368	33829338559.648617	212589170381.5281	10330693024.191248	-22004.138241507862	8936.01543762141	-280.6077321487295
190145001.898368	33750120758.752808	212621321773.86887	10329681948.560904	-22005.750442871384	8925.869393553949	-281.100921345957
190148601.898368	33670897161.51444	212653436642.58365	10328669097.773762	-22007.358432155397	8915.72453444685	-281.5939303724891
190152201.898368	33591667783.093372	212685514991.93994	10327654472.4784	-22008.962211370228	8905.580861211527	-282.08675924997954
190155801.898368	33512432638.642242	212717556826.20853	10326638073.323315	-22010.561782525154	8895.438374757921	-282.5794080001144
190159401.898368	33433191743.30645	212749562149.66345	10325619900.956926	-22012.157147628415	8885.297075994506	-283.0718766446126
190163001.898368	33353945112.22417	212781530966.58203	10324599956.027575	-22013.748308687205	8875.156965828286	-283.5641652052253
190166601.898368	33274692760.52635	212813463281.24484	10323578239.183523	-22015.335267707676	8865.018045164801	-284.0562737037363
190170201.898368	33195434703.336716	212845359097.93573	10322554751.072956	-22016.918026694944	8854.88031490813	-284.54820216196157
190173801.898368	33116170955.771782	212877218420.94177	10321529492.343979	-22018.496587653077	8844.74377596089	-285.0399506017494
190177401.898368	33036901532.940845	212909041254.5533	10320502463.644619	-22020.0709525851	8834.608429224234	-285.53151904498026
190181001.898368	32957626449.946	212940827603.06393	10319473665.622824	-22021.641123493006	8824.474275597864	-286.0229075135666
190184601.898368	32878345721.882126	212972577470.77045	10318443098.926464	-22023.20710237773	8814.341315980022	-286.514116029453
190188201.898368	32799059363.836906	213004290861.9729	10317410764.20333	-22024.768891239182	8804.209551267497	-287.0051446146159
190191801.898368	32719767390.89083	213035967780.97455	10316376662.10113	-22026.32649207622	8794.078982355628	-287.49599329106354
190195401.898368	32640469818.11719	213067608232.0819	10315340793.267498	-22027.879906886657	8783.949610138301	-287.98666208083586
190199001.898368	32561166660.582085	213099212219.60468	10314303158.349985	-22029.429137667274	8773.821435507956	-288.47715100600465
190202601.898368	32481857933.34443	213130779747.85574	10313263757.996065	-22030.974186413805	8763.694459355585	-288.96746008867314
190206201.898368	32402543651.455956	213162310821.15128	10312222592.85313	-22032.51505512094	8753.568682570738	-289.4575893509761
190209801.898368	32323223829.961216	213193805443.81058	10311179663.568495	-22034.05174578233	8743.44410604152	-289.9475388150797
190213401.898368	32243898483.897587	213225263620.15616	10310134970.789392	-22035.584260390584	8733.320730654596	-290.43730850318167
190217001.898368	32164567628.295277	213256685354.51373	10309088515.162977	-22037.112600937267	8723.19855729519	-290.92689843751066
190220601.898368	32085231278.177322	213288070651.2122	10308040297.33632	-22038.636769412904	8713.077586847096	-291.41630864032675
190224201.898368	32005889448.5596	213319419514.5836	10306990317.956417	-22040.156767806977	8702.957820192663	-291.9055391339211
190227801.898368	31926542154.450825	213350731948.9632	10305938577.67018	-22041.672598107925	8692.839258212816	-292.3945899406158
190231401.898368	31847189410.85255	213382007958.6894	10304885077.124441	-22043.184262303148	8682.721901787041	-292.883461082764
190235001.898368	31767831232.759186	213413247548.1038	10303829816.965954	-22044.691762379003	8672.6057517934	-293.37215258274955
190238601.898368	31688467635.15798	213444450721.5511	10302772797.841389	-22046.1951003208	8662.490809108524	-293.8606644629873
190242201.898368	31609098633.029053	213475617483.37918	10301714020.397337	-22047.69427811282	8652.377074607619	-294.3489967459227
190245801.898368	31529724241.345367	213506747837.93912	10300653485.280308	-22049.18929773829	8642.264549164467	-294.8371494540319
190249401.898368	31450344475.072758	213537841789.58508	10299591193.13673	-22050.680161179393	8632.153233651428	-295.3251226098214
190253001.898368	31370959349.169918	213568899342.67438	10298527144.612953	-22052.16687041728	8622.043128939444	-295.8129162358284
190256601.898368	31291568878.58842	213599920501.56744	10297461340.355242	-22053.64942743206	8611.934235898032	-296.30053035462043
190260201.898368	31212173078.2727	213630905270.62787	10296393781.00978	-22055.127834202794	8601.826555395299	-296.7879649887953
190263801.898368	31132771963.16008	213661853654.22235	10295324467.222675	-22056.6020927075	8591.720088297934	-297.275220160981
190267401.898368	31053365548.180756	213692765656.72073	10294253399.639948	-22058.07220492316	8581.614835471213	-297.7622958938358
190271001.898368	30973953848.25781	213723641282.4959	10293180578.90754	-22059.53817282571	8571.510797779001	-298.249192210048
190274601.898368	30894536878.307217	213754480535.92395	10292106005.671309	-22060.999998390045	8561.407976083756	-298.73590913233596
190278201.898368	30815114653.23784	213785283421.38397	10291029680.577032	-22062.457683590026	8551.306371246525	-299.2224466834478
190281801.898368	30735687187.95144	213816049943.2582	10289951604.270405	-22063.91123039846	8541.20598412695	-299.7088048861616
190285401.898368	30656254497.342674	213846780105.93198	10288871777.397041	-22065.360640787116	8531.10681558327	-300.1949837632852
190289001.898368	30576816596.29911	213877473913.79373	10287790200.602472	-22066.805916726727	8521.008866472324	-300.68098333765613
190292601.898368	30497373499.701218	213908131371.23492	10286706874.532146	-22068.24706018698	8510.912137649548	-301.1668036321415
190296201.898368	30417925222.42238	213938752482.65018	10285621799.83143	-22069.68407313652	8500.816629968976	-301.652444669638
190299801.898368	30338471779.328888	213969337252.4371	10284534977.145607	-22071.11695754295	8490.722344283255	-302.13790647307167
190303401.898368	30259013185.27996	213999885684.99643	10283446407.119879	-22072.545715372835	8480.629281443627	-302.62318906539804
190307001.898368	30179549455.127735	214030397784.73193	10282356090.399363	-22073.970348591694	8470.537442299948	-303.1082924696019
190310601.898368	30100080603.717274	214060873556.05045	10281264027.629095	-22075.39085916401	8460.44682770068	-303.59321670869724
190314201.898368	30020606645.886574	214091313003.36185	10280170219.45403	-22076.80724905322	8450.357438492896	-304.07796180572717
190317801.898368	29941127596.466557	214121716131.07907	10279074666.519035	-22078.219520221723	8440.26927552228	-304.5625277837639
190321401.898368	29861643470.28109	214152082943.6181	10277977369.4689	-22079.627674630872	8430.182339633133	-305.0469146659087
190325001.898368	29782154282.146976	214182413445.39795	10276878328.948328	-22081.031714240984	8420.09663166837	-305.5311224752915
190328601.898368	29702660046.873962	214212707640.84064	10275777545.601938	-22082.431641011335	8410.012152469524	-306.0151512350714
190332201.898368	29623160779.26475	214242965534.37125	10274675020.074268	-22083.827456900155	8399.928902876747	-306.499000968436
190335801.898368	29543656494.11499	214273187130.41788	10273570753.00977	-22085.219163864633	8389.846883728815	-306.9826716986017
190339401.898368	29464147206.213287	214303372433.41162	10272464745.052814	-22086.60676386092	8379.766095863124	-307.46616344881335
190343001.898368	29384632930.34121	214333521447.78662	10271356996.847687	-22087.99025884413	8369.686540115697	-307.9494762423445
190346601.898368	29305113681.27328	214363634177.98	10270247509.03859	-22089.369650768327	8359.608217321183	-308.43261010249705
190350201.898368	29225589473.777004	214393710628.4319	10269136282.26964	-22090.74494158654	8349.531128312861	-308.9155650526013
190353801.898368	29146060322.612843	214423750803.5854	10268023317.184874	-22092.11613325076	8339.455273922638	-309.3983411160159
190357401.898368	29066526242.53424	214453754707.88666	10266908614.42824	-22093.48322771193	8329.380654981054	-309.8809383161276
190361001.898368	28986987248.28762	214483722345.7848	10265792174.643604	-22094.846226919955	8319.307272317285	-310.36335667635126
190364601.898368	28907443354.612385	214513653721.73187	10264673998.474749	-22096.2051328237	8309.235126759138	-310.84559622013
190368201.898368	28827894576.24092	214543548840.18298	10263554086.56537	-22097.559947370988	8299.164219133065	-311.3276569709348
190371801.898368	28748340927.898605	214573407705.59616	10262432439.559082	-22098.910672508606	8289.094550264148	-311.8095389522646
190375401.898368	28668782424.303814	214603230322.4324	10261309058.09941	-22100.257310182296	8279.026120976117	-312.29124218764605
190379001.898368	28589219080.167915	214633016695.15567	10260183942.829798	-22101.599862336763	8268.958932091344	-312.7727667006338
190382601.898368	28509650910.19528	214662766828.2329	10259057094.393604	-22102.938330915666	8258.892984430842	-313.25411251480995
190386201.898368	28430077929.08328	214692480726.134	10257928513.434101	-22104.27271786163	8248.828278814275	-313.7352796537844
190389801.898368	28350500151.5223	214722158393.3318	10256798200.594479	-22105.603025116237	8238.764816059951	-314.2162681411945
190393401.898368	28270917592.19574	214751799834.30203	10255666156.517838	-22106.929254620027	8228.702596984831	-314.6970780007051
190397001.898368	28191330265.78001	214781405053.52347	10254532381.847198	-22108.251408312502	8218.641622404526	-315.1777092560084
190400601.898368	28111738186.94454	214810974055.47772	10253396877.225492	-22109.56948813213	8208.581893133301	-315.65816193082395
190404201.898368	28032141370.35178	214840506844.64938	10252259643.295565	-22110.883496016322	8198.523409984078	-316.13843604889854
190407801.898368	27952539830.65722	214870003425.52594	10251120680.70018	-22112.19343390147	8188.466173768433	-316.61853163400616
190411401.898368	27872933582.509365	214899463802.5978	10249979990.082012	-22113.49930372291	8178.410185296601	-317.09844870994783
190415001.898368	27793322640.549767	214928887980.35834	10248837572.08365	-22114.801107414947	8168.355445377481	-317.57818730055163
190418601.898368	27713707019.41301	214958275963.30377	10247693427.3476	-22116.09884691084	8158.301954818631	-318.0577474296726
190422201.898368	27634086733.726723	214987627755.93323	10246547556.516281	-22117.39252414282	8148.249714426274	-318.53712912119266
190425801.898368	27554461798.11158	215016943362.74878	10245399960.232025	-22118.68214104206	8138.198725005299	-319.01633239902054
190429401.898368	27474832227.181305	215046222788.25537	10244250639.137077	-22119.96769953871	8128.148987359262	-319.4953572870916
190433001.898368	27395198035.54267	215075466036.96085	10243099593.873598	-22121.24920156187	8118.100502290388	-319.974203809368
190436601.898368	27315559237.795513	215104673113.37592	10241946825.08366	-22122.52664903961	8108.053270599575	-320.45287198983846
190440201.898368	27235915848.532726	215133844022.0142	10240792333.409252	-22123.800043898955	8098.007293086391	-320.9313618525181
190443801.898368	27156267882.34027	215162978767.39212	10239636119.492275	-22125.069388065887	8087.96257054908	-321.40967342144853
190447401.898368	27076615353.797173	215192077354.02908	10238478183.974543	-22126.33468346536	8077.919103784562	-321.88780672069777
190451001.898368	26996958277.475533	215221139786.44727	10237318527.497782	-22127.59593202128	8067.876893588435	-322.36576177436
190454601.898368	26917296667.940525	215250166069.17175	10236157150.703632	-22128.85313565651	8057.835940754978	-322.8435386065558
190458201.898368	26837630539.750404	215279156206.7305	10234994054.23365	-22130.10629629289	8047.796246077148	-323.32113724143176
190461801.898368	26757959907.45651	215308110203.65427	10233829238.729301	-22131.35541585121	8037.757810346588	-323.7985577031606
190465401.898368	26678284785.603264	215337028064.47668	10232662704.831966	-22132.60049625122	8027.7206343536245	-324.275800015941
190469001.898368	26598605188.728188	215365909793.73425	10231494453.182938	-22133.841539411635	8017.6847188872725	-324.75286420399755
190472601.898368	26518921131.36189	215394755395.96625	10230324484.42342	-22135.078547250134	8007.650064735233	-325.22975029158073
190476201.898368	26439232628.028076	215423564875.71484	10229152799.19453	-22136.311521683354	7997.616672683898	-325.7064583029668
190479801.898368	26359539693.243557	215452338237.52502	10227979398.1373	-22137.540464626894	7987.584543518352	-326.1829882624576
190483401.898368	26279842341.518253	215481075485.94458	10226804281.892673	-22138.765377995318	7977.553678022371	-326.65934019438083
190487001.898368	26200140587.355186	215509776625.52414	10225627451.101505	-22139.986263702147	7967.524076978429	-327.1355141230896
190490601.898368	26120434445.250496	215538441660.8171	10224448906.404562	-22141.20312365987	7957.495741167694	-327.6115100729625
190494201.898368	26040723929.69344	215567070596.37976	10223268648.442524	-22142.415959779933	7947.468671370036	-328.0873280684036
190497801.898368	25961009055.166393	215595663436.77112	10222086677.855984	-22143.624773972744	7937.442868364021	-328.5629681338423
190501401.898368	25881289836.14486	215624220186.55304	10220902995.285446	-22144.829568147677	7927.418332926921	-329.03843029373314
190505001.898368	25801566287.09746	215652740850.2902	10219717601.371326	-22146.030344213068	7917.39506583471	-329.5137145725561
190508601.898368	25721838422.485966	215681225432.55	10218530496.753952	-22147.227104076213	7907.373067862069	-329.9888209948162
190512201.898368	25642106256.765266	215709673937.90265	10217341682.073563	-22148.41984964337	7897.352339782384	-330.46374958504333
190515801.898368	25562369804.3834	215738086370.9212	10216151157.970308	-22149.60858281977	7887.332882367751	-330.93850036779264
190519401.898368	25482629079.781548	215766462736.18143	10214958925.084253	-22150.793305509585	7877.314696388978	-331.4130733676441
190523001.898368	25402884097.39403	215794803038.26187	10213764984.05537	-22151.974019615976	7867.297782615582	-331.8874686092024
190526601.898368	25323134871.64833	215823107281.74384	10212569335.523546	-22153.15072704105	7857.282141815798	-332.36168611709724
190530201.898368	25243381416.965073	215851375471.21143	10211371980.128578	-22154.323429685883	7847.267774756574	-332.8357259159828
190533801.898368	25163623747.75805	215879607611.2515	10210172918.510174	-22155.49212945051	7837.2546822035765	-333.30958803053795
190537401.898368	25083861878.434208	215907803706.4536	10208972151.307951	-22156.656828233936	7827.2428649211915	-333.7832724854663
190541001.898368	25004095823.393665	215935963761.41016	10207769679.16144	-22157.817527934123	7817.232323672525	-334.25677930549574
190544601.898368	24924325597.029705	215964087780.71622	10206565502.710083	-22158.974230448002	7807.223059219406	-334.73010851537873
190548201.898368	24844551213.728786	215992175768.9696	10205359622.593231	-22160.126937671466	7797.215072322389	-335.203260139892
190551801.898368	24764772687.870544	216020227730.7709	10204152039.450148	-22161.27565149937	7787.20836374075	-335.67623420383654
