190549492.989696	-0.00031924150904636723	-0.002779711587147294	-0.0001313895223352086
190553092.989696	-0.0003181326764308593	-0.0027793563182402525	-0.00013134020591125056
190556692.989696	-0.00031702436963030304	-0.0027790008390842337	-0.00013129089638902803
190560292.989696	-0.0003159165883569328	-0.0027786451500318	-0.000131241593775233
190563892.989696	-0.0003148093323230134	-0.002778289251435041	-0.00013119229807653763
190567492.989696	-0.00031370260124084163	-0.002777933143645587	-0.00013114300929959504
190571092.989696	-0.0003125963948227468	-0.0027775768270145995	-0.0001310937274510382
190574692.989696	-0.00031149071278109076	-0.0027772203018927755	-0.00013104445253748066
190578292.989696	-0.0003103855548282688	-0.002776863568630352	-0.00013099518456551732
190581892.989696	-0.0003092809206767081	-0.002776506627577095	-0.00013094592354172434
190585492.989696	-0.00030817681003886943	-0.002776149479082312	-0.0001308966694726596
190589092.989696	-0.00030707322262724747	-0.0027757921234948424	-0.00013084742236486174
190592692.989696	-0.00030597015815437385	-0.0027754345611630763	-0.00013079818222484996
190596292.989696	-0.00030486761633281503	-0.002775076792434928	-0.0001307489490591231
190599892.989696	-0.0003037655968751751	-0.0027747188176578666	-0.00013069972287416189
190603492.989696	-0.0003026640994940939	-0.0027743606371788887	-0.0001306505036764276
190607092.989696	-0.00030156312390225025	-0.0027740022513445366	-0.00013060129147236173
190610692.989696	-0.0003004626698123572	-0.0027736436605008876	-0.00013055208626838887
190614292.989696	-0.0002993627369371673	-0.002773284864993563	-0.00013050288807091371
190617892.989696	-0.00029826332498947056	-0.0027729258651677264	-0.0001304536968863224
190621492.989696	-0.0002971644336820964	-0.0027725666613680824	-0.00013040451272098165
190625092.989696	-0.00029606606272791324	-0.002772207253938876	-0.00013035533558123884
190628692.989696	-0.0002949682118398293	-0.0027718476432238965	-0.00013030616547342197
190632292.989696	-0.0002938708807307928	-0.002771487829566477	-0.00013025700240384028
190635892.989696	-0.00029277406911379025	-0.002771127813309489	-0.00013020784637878452
190639492.989696	-0.00029167777670184705	-0.002770767594795345	-0.0001301586974045275
190643092.989696	-0.00029058200320802825	-0.002770407174366004	-0.0001301095554873234
190646692.989696	-0.0002894867483454387	-0.00277004655236297	-0.00013006042063340735
190650292.989696	-0.00028839201182722415	-0.0027696857291272916	-0.00013001129284899513
190653892.989696	-0.00028729779336657003	-0.002769324704999559	-0.00012996217214028343
190657492.989696	-0.0002862040926767026	-0.002768963480319907	-0.00012991305851345052
190661092.989696	-0.00028511090947088726	-0.0027686020554280174	-0.00012986395197465639
190664692.989696	-0.00028401824346242896	-0.0027682404306631158	-0.000129814852530043
190668292.989696	-0.0002829260943646718	-0.00276787860636397	-0.00012976576018573405
190671892.989696	-0.0002818344618909998	-0.0027675165828688997	-0.00012971667494783513
190675492.989696	-0.0002807433457548366	-0.002767154360515767	-0.00012966759682243284
190679092.989696	-0.00027965274566964666	-0.0027667919396419842	-0.0001296185258155952
190682692.989696	-0.0002785626613489343	-0.0027664293205845163	-0.0001295694619333721
190686292.989696	-0.00027747309250624375	-0.0027660665036798636	-0.00012952040518179444
190689892.989696	-0.0002763840388551589	-0.002765703489264086	-0.0001294713555668759
190693492.989696	-0.0002752955001093033	-0.002765340277672787	-0.00012942231309461222
190697092.989696	-0.0002742074759823401	-0.0027649768692411193	-0.0001293732777709812
190700692.989696	-0.000273119966187973	-0.002764613264303791	-0.00012932424960194284
190704292.989696	-0.0002720329704399463	-0.0027642494631950586	-0.0001292752285934385
190707892.989696	-0.00027094648845204665	-0.0027638854662487364	-0.00012922621475139164
190711492.989696	-0.000269860519938102	-0.0027635212737981848	-0.00012917720808170683
190715092.989696	-0.000268775064611983	-0.0027631568861763212	-0.00012912820859027098
190718692.989696	-0.00026769012218760184	-0.0027627923037156134	-0.00012907921628295318
190722292.989696	-0.0002666056923789138	-0.0027624275267480887	-0.00012903023116560535
190725892.989696	-0.00026552177489991616	-0.0027620625556053257	-0.00012898125324406162
190729492.989696	-0.0002644383694646499	-0.00276169739061846	-0.00012893228252413823
190733092.989696	-0.0002633554757872008	-0.0027613320321181853	-0.00012888331901163297
190736692.989696	-0.0002622730935817003	-0.002760966480434755	-0.00012883436271232516
190740292.989696	-0.0002611912225623253	-0.002760600735897978	-0.00012878541363197583
190743892.989696	-0.0002601098624432987	-0.002760234798837217	-0.00012873647177632827
190747492.989696	-0.00025902901293889147	-0.002759868669581402	-0.00012868753715110904
190751092.989696	-0.0002579486737634186	-0.002759502348459012	-0.00012863860976202707
190754692.989696	-0.0002568688446312393	-0.0027591358357980916	-0.0001285896896147733
190758292.989696	-0.0002557895252567667	-0.0027587691319262454	-0.00012854077671502014
190761892.989696	-0.00025471071535446	-0.0027584022371706395	-0.00012849187106842274
190765492.989696	-0.00025363241463882805	-0.0027580351518580017	-0.00012844297268061668
190769092.989696	-0.0002525546228244277	-0.0027576678763146165	-0.00012839408155722033
190772692.989696	-0.00025147733962586444	-0.0027573004108663326	-0.00012834519770383524
190776292.989696	-0.00025040056475779274	-0.0027569327558385538	-0.0001282963211260452
190779892.989696	-0.00024932429793491793	-0.0027565649115562545	-0.00012824745182941617
190783492.989696	-0.0002482485388719935	-0.0027561968783439664	-0.00012819858981949692
190787092.989696	-0.0002471732872838239	-0.002755828656525789	-0.00012814973510181846
190790692.989696	-0.000246098542885264	-0.0027554602464253796	-0.00012810088768189305
190794292.989696	-0.0002450243053912198	-0.0027550916483659624	-0.00012805204756521498
190797892.989696	-0.00024395057451664706	-0.0027547228626703234	-0.00012800321475726128
190801492.989696	-0.0002428773499765505	-0.0027543538896608074	-0.000127954389263492
190805092.989696	-0.00024180463148598466	-0.0027539847296593305	-0.00012790557108935087
190808692.989696	-0.00024073241876005315	-0.0027536153829873632	-0.00012785676024026373
190812292.989696	-0.00023966071151391115	-0.0027532458499659514	-0.00012780795672163905
190815892.989696	-0.0002385895094627636	-0.0027528761309157015	-0.00012775916053886708
190819492.989696	-0.00023751881232186663	-0.0027525062261567882	-0.00012771037169732058
190823092.989696	-0.00023644861980652576	-0.002752136136008948	-0.00012766159020235492
190826692.989696	-0.00023537893163209635	-0.002751765860791487	-0.000127612816059309
190830292.989696	-0.00023430974751398236	-0.0027513954008232706	-0.00012756404927350483
190833892.989696	-0.00023324106716763774	-0.0027510247564227416	-0.00012751528985024792
190837492.989696	-0.00023217289030856518	-0.0027506539279078994	-0.00012746653779482632
190841092.989696	-0.000231105216652318	-0.002750282915596323	-0.000127417793112511
190844692.989696	-0.00023003804591449986	-0.0027499117198051537	-0.0001273690558085555
190848292.989696	-0.00022897137781076449	-0.002749540340851107	-0.00012732032588819603
190851892.989696	-0.00022790521205681585	-0.002749168779050464	-0.00012727160335665214
190855492.989696	-0.0002268395483684083	-0.0027487970347190795	-0.00012722288821912674
190859092.989696	-0.000225774386461346	-0.002748425108172376	-0.00012717418048080643
190862692.989696	-0.0002247097260514835	-0.00274805299972535	-0.00012712548014686103
190866292.989696	-0.0002236455668547274	-0.0027476807096925753	-0.00012707678722244403
190869892.989696	-0.0002225819085870357	-0.0027473082383881933	-0.00012702810171269117
190873492.989696	-0.00022151875096441937	-0.0027469355861259232	-0.0001269794236227213
190877092.989696	-0.00022045609370294282	-0.0027465627532190606	-0.00012693075295763605
190880692.989696	-0.0002193939365187235	-0.0027461897399804727	-0.00012688208972252038
190884292.989696	-0.00021833227912793237	-0.002745816546722607	-0.00012683343392244306
190887892.989696	-0.00021727112124679337	-0.0027454431737574778	-0.0001267847855624564
190891492.989696	-0.0002162104625915849	-0.0027450696213966873	-0.00012673614464759657
190895092.989696	-0.00021515030287864057	-0.0027446958899514117	-0.00012668751118288275
190898692.989696	-0.0002140906418243501	-0.002744321979732404	-0.00012663888517331652
190902292.989696	-0.00021303147914516089	-0.002743947891050001	-0.00012659026662388244
190905892.989696	-0.0002119728145575768	-0.002743573624214117	-0.0001265416555395481
190909492.989696	-0.0002109146477781579	-0.0027431991795342395	-0.00012649305192526485
190913092.989696	-0.00020985697852352153	-0.0027428245573194445	-0.000126444455785968
190916692.989696	-0.00020879980651034206	-0.0027424497578783756	-0.0001263958671265762
190920292.989696	-0.00020774313145535185	-0.0027420747815192696	-0.0001263472859519919
190923892.989696	-0.00020668695307534166	-0.0027416996285499415	-0.00012629871226710085
190927492.989696	-0.00020563127108716239	-0.0027413242992777843	-0.00012625014607677056
190931092.989696	-0.00020457608520772438	-0.002740948794009775	-0.00012620158738585195
190934692.989696	-0.00020352139515399594	-0.0027405731130524733	-0.00012615303619918023
190938292.989696	-0.00020246720064300526	-0.0027401972567120147	-0.00012610449252157356
190941892.989696	-0.00020141350139183965	-0.002739821225294124	-0.00012605595635783434
190945492.989696	-0.00020036029711764414	-0.002739445019104102	-0.00012600742771274876
190949092.989696	-0.00019930758753762342	-0.002739068638446835	-0.00012595890659108702
190952692.989696	-0.00019825537236904225	-0.002738692083626796	-0.00012591039299760217
190956292.989696	-0.00019720365132922573	-0.0027383153549480383	-0.00012586188693703004
190959892.989696	-0.00019615242413555898	-0.0027379384527141987	-0.0001258133884140897
190963492.989696	-0.00019510169050548616	-0.0027375613772284996	-0.00012576489743348457
190967092.989696	-0.0001940514501565096	-0.002737184128793743	-0.00012571641399990229
190970692.989696	-0.00019300170280619024	-0.002736806707712323	-0.00012566793811801528
190974292.989696	-0.00019195244817214722	-0.002736429114286206	-0.00012561946979247935
190977892.989696	-0.00019090368597205973	-0.0027360513488169564	-0.00012557100902793432
190981492.989696	-0.00018985541592366598	-0.00273567341160572	-0.000125522555829003
190985092.989696	-0.0001888076377447642	-0.0027352953029532293	-0.0001254741102002919
190988692.989696	-0.00018776035115321128	-0.0027349170231598064	-0.0001254256721463916
190992292.989696	-0.00018671355586692245	-0.0027345385725253556	-0.00012537724167187712
190995892.989696	-0.00018566725160387145	-0.00273415995134937	-0.00012532881878130818
190999492.989696	-0.0001846214380820901	-0.0027337811599309324	-0.00012528040347922892
191003092.989696	-0.0001835761150196694	-0.002733402198568713	-0.0001252319957701678
191006692.989696	-0.00018253128213476004	-0.0027330230675609735	-0.00012518359565863695
191010292.989696	-0.00018148693914557328	-0.0027326437672055702	-0.0001251352031491324
191013892.989696	-0.00018044308577038024	-0.002732264297799944	-0.0001250868182461337
191017492.989696	-0.00017939972172751256	-0.0027318846596411338	-0.00012503844095410513
191021092.989696	-0.00017835684673536174	-0.0027315048530257655	-0.00012499007127749542
191024692.989696	-0.0001773144605123794	-0.002731124878250057	-0.00012494170922073818
191028292.989696	-0.0001762725627770779	-0.0027307447356098215	-0.00012489335478825184
191031892.989696	-0.00017523115324803146	-0.0027303644254004665	-0.000124845007984439
191035492.989696	-0.00017419023164387694	-0.002729983947916996	-0.00012479666881368593
191039092.989696	-0.00017314979768331517	-0.0027296033034540125	-0.00012474833728036286
191042692.989696	-0.00017210985108510993	-0.0027292224923057087	-0.00012470001338882363
191046292.989696	-0.00017107039156808896	-0.0027288415147658784	-0.00012465169714340706
191049892.989696	-0.0001700314188511429	-0.002728460371127903	-0.00012460338854843666
191053492.989696	-0.00016899293265322684	-0.0027280790616847714	-0.0001245550876082213
191057092.989696	-0.00016795493269336002	-0.002727697586729062	-0.00012450679432705368
191060692.989696	-0.00016691741869062773	-0.0027273159465529572	-0.00012445850870921078
191064292.989696	-0.00016588039036418152	-0.00272693414144824	-0.0001244102307589537
191067892.989696	-0.0001648438474332396	-0.002726552171706287	-0.00012436196048052738
191071492.989696	-0.00016380778961708748	-0.002726170037618076	-0.00012431369787816002
191075092.989696	-0.00016277221663507614	-0.0027257877394741845	-0.00012426544295606625
191078692.989696	-0.0001617371282066238	-0.0027254052775647873	-0.00012421719571844425
191082292.989696	-0.00016070252405121392	-0.002725022652179659	-0.00012416895616947825
191085892.989696	-0.00015966840388839768	-0.0027246398636081763	-0.0001241207243133365
191089492.989696	-0.00015863476743779455	-0.0027242569121393168	-0.00012407250015417096
191093092.989696	-0.0001576016144190916	-0.00272387379806166	-0.00012402428369611795
191096692.989696	-0.00015656894455204392	-0.0027234905216633838	-0.00012397607494329794
191100292.989696	-0.0001555367575564744	-0.0027231070832322707	-0.00012392787389981598
191103892.989696	-0.0001545050531522734	-0.0027227234830557003	-0.00012387968056976216
191107492.989696	-0.00015347383105939732	-0.002722339721420653	-0.000123831494957212
191111092.989696	-0.0001524430909978694	-0.0027219557986137145	-0.00012378331706622598
191114692.989696	-0.00015141283268778043	-0.002721571714921072	-0.00012373514690084946
191118292.989696	-0.00015038305584928898	-0.0027211874706285165	-0.0001236869844651117
191121892.989696	-0.00014935376020262152	-0.002720803066021438	-0.00012363882976302616
191125492.989696	-0.00014832494546807213	-0.0027204185013848365	-0.00012359068279859127
191129092.989696	-0.0001472966113660016	-0.0027200337770033134	-0.00012354254357579056
191132692.989696	-0.00014626875761683644	-0.002719648893161069	-0.00012349441209859305
191136292.989696	-0.00014524138394106877	-0.002719263850141908	-0.0001234462883709533
191139892.989696	-0.0001442144900592576	-0.0027188786482292455	-0.00012339817239681128
191143492.989696	-0.0001431880756920282	-0.002718493287706101	-0.0001233500641800916
191147092.989696	-0.00014216214056007339	-0.0027181077688550985	-0.00012330196372470348
191150692.989696	-0.00014113668438415304	-0.0027177220919584696	-0.00012325387103454075
191154292.989696	-0.00014011170688509422	-0.0027173362572980564	-0.00012320578611348264
191157892.989696	-0.0001390872077837903	-0.0027169502651553054	-0.00012315770896539365
191161492.989696	-0.00013806318680120077	-0.0027165641158112667	-0.00012310963959412415
191165092.989696	-0.000137039643658352	-0.0027161778095466066	-0.00012306157800351053
191168692.989696	-0.0001360165780763378	-0.002715791346641599	-0.00012301352419737436
191172292.989696	-0.00013499398977631985	-0.0027154047273761253	-0.00012296547817952213
191175892.989696	-0.00013397187847952904	-0.0027150179520296826	-0.00012291743995374512
191179492.989696	-0.00013295024390726492	-0.0027146310208813833	-0.00012286940952381935
191183092.989696	-0.00013192908578089674	-0.002714243934209945	-0.00012282138689350625
191186692.989696	-0.0001309084038218654	-0.0027138566922936974	-0.00012277337206655268
191190292.989696	-0.0001298881977516755	-0.0027134692954105884	-0.00012272536504669238
191193892.989696	-0.00012886846729190322	-0.002713081743838174	-0.00012267736583764448
191197492.989696	-0.000127849212164197	-0.00271269403785363	-0.0001226293744431135
191201092.989696	-0.00012683043209027752	-0.0027123061777337442	-0.0001225813908667881
191204692.989696	-0.00012581212679193814	-0.0027119181637549248	-0.0001225334151123417
191208292.989696	-0.00012479429599104419	-0.0027115299961931938	-0.00012248544718343295
191211892.989696	-0.0001237769394095327	-0.002711141675324187	-0.00012243748708370668
191215492.989696	-0.00012276005676941263	-0.0027107532014231553	-0.00012238953481679378
191219092.989696	-0.00012174364779276657	-0.0027103645747649664	-0.00012234159038630998
191222692.989696	-0.00012072771220175059	-0.0027099757956241094	-0.0001222936537958571
191226292.989696	-0.00011971224971859324	-0.0027095868642746886	-0.0001222457250490231
191229892.989696	-0.00011869726006560027	-0.002709197780990427	-0.00012219780414937897
191233492.989696	-0.00011768274296515153	-0.002708808546044669	-0.0001221498911004815
191237092.989696	-0.00011666869813970181	-0.00270841915971037	-0.00012210198590587279
191240692.989696	-0.00011565512531178008	-0.0027080296222601087	-0.0001220540885690809
191244292.989696	-0.0001146420242039891	-0.0027076399339660815	-0.0001220061990936199
191247892.989696	-0.00011362939453900588	-0.0027072500951001027	-0.00012195831748299012
191251492.989696	-0.00011261723603958161	-0.0027068601059335997	-0.00012191044374067714
191255092.989696	-0.00011160554842854329	-0.0027064699667376335	-0.00012186257787015205
191258692.989696	-0.00011059433142879334	-0.0027060796777828764	-0.00012181471987487039
191262292.989696	-0.00010958358476330969	-0.0027056892393396217	-0.00012176686975827312
191265892.989696	-0.00010857330815514477	-0.002705298651677785	-0.00012171902752378728
191269492.989696	-0.00010756350132742472	-0.0027049079150668993	-0.0001216711931748263
191273092.989696	-0.00010655416400334908	-0.002704517029776114	-0.00012162336671478976
191276692.989696	-0.0001055452959061915	-0.002704125996074208	-0.00012157554814706374
191280292.989696	-0.00010453689675929963	-0.0027037348142295733	-0.00012152773747501936
191283892.989696	-0.00010352896628609605	-0.002703343484510233	-0.00012147993470201343
191287492.989696	-0.00010252150421007795	-0.0027029520071838323	-0.00012143213983138836
191291092.989696	-0.00010151451025481625	-0.0027025603825176292	-0.00012138435286647199
191294692.989696	-0.00010050798414395561	-0.002702168610778514	-0.00012133657381057888
191298292.989696	-9.950192560121354e-05	-0.0027017766922329952	-0.00012128880266701018
191301892.989696	-9.849633435038038e-05	-0.0027013846271472038	-0.00012124103943905326
191305492.989696	-9.74912101153201e-05	-0.0027009924157869025	-0.00012119328412998228
191309092.989696	-9.648655261997056e-05	-0.002700600058417474	-0.00012114553674305683
191312692.989696	-9.548236158834425e-05	-0.0027002075553039305	-0.00012109779728152256
191316292.989696	-9.447863674452854e-05	-0.0026998149067109117	-0.00012105006574861071
191319892.989696	-9.347537781268543e-05	-0.00269942211290268	-0.00012100234214753848
191323492.989696	-9.247258451705142e-05	-0.00269902917414313	-0.00012095462648150988
191327092.989696	-9.147025658193712e-05	-0.002698636090695778	-0.00012090691875371544
191330692.989696	-9.046839373172789e-05	-0.0026982428628237755	-0.0001208592189673328
191334292.989696	-8.94669956908843e-05	-0.0026978494907898987	-0.00012081152712552595
191337892.989696	-8.846606218394352e-05	-0.0026974559748565593	-0.00012076384323144468
191341492.989696	-8.74655929355203e-05	-0.0026970623152857993	-0.00012071616728822447
191345092.989696	-8.646558767030723e-05	-0.0026966685123392888	-0.0001206684992989862
191348692.989696	-8.546604611307459e-05	-0.0026962745662783326	-0.00012062083926683721
191352292.989696	-8.44669679886698e-05	-0.0026958804773638653	-0.00012057318719487184
191355892.989696	-8.346835302201689e-05	-0.0026954862458564506	-0.00012052554308617136
191359492.989696	-8.247020093811794e-05	-0.0026950918720162905	-0.00012047790694380438
191363092.989696	-8.147251146205434e-05	-0.0026946973561032188	-0.00012043027877082505
191366692.989696	-8.047528431898847e-05	-0.0026943026983767006	-0.00012038265857027248
191370292.989696	-7.947851923416333e-05	-0.0026939078990958444	-0.00012033504634517187
191373892.989696	-7.848221593290098e-05	-0.002693512958519386	-0.00012028744209853524
191377492.989696	-7.748637414060374e-05	-0.0026931178769056935	-0.00012023984583336091
191381092.989696	-7.649099358275521e-05	-0.002692722654512775	-0.0001201922575526334
191384692.989696	-7.549607398491707e-05	-0.002692327291598264	-0.00012014467725932485
191388292.989696	-7.450161507273146e-05	-0.0026919317884194402	-0.00012009710495639478
191391892.989696	-7.350761657192326e-05	-0.0026915361452332152	-0.00012004954064678689
191395492.989696	-7.251407820829838e-05	-0.002691140362296136	-0.00012000198433343161
191399092.989696	-7.152099970774398e-05	-0.0026907444398643864	-0.00011995443601924568
191402692.989696	-7.052838079622951e-05	-0.0026903483781937883	-0.0001199068957071316
191406292.989696	-6.953622119980487e-05	-0.002689952177539796	-0.00011985936339997859
191409892.989696	-6.854452064459943e-05	-0.0026895558381574997	-0.00011981183910066378
191413492.989696	-6.755327885682235e-05	-0.002689159360301629	-0.00011976432281205163
191417092.989696	-6.65624955627636e-05	-0.0026887627442265445	-0.00011971681453699267
191420692.989696	-6.557217048879494e-05	-0.002688365990186256	-0.0001196693142783236
191424292.989696	-6.458230336136939e-05	-0.0026879690984344014	-0.00011962182203886655
191427892.989696	-6.359289390702076e-05	-0.002687572069224263	-0.0001195743378214305
191431492.989696	-6.260394185236258e-05	-0.0026871749028087584	-0.00011952686162881171
191435092.989696	-6.161544692408724e-05	-0.0026867775994404417	-0.00011947939346379387
191438692.989696	-6.062740884896611e-05	-0.0026863801593715033	-0.00011943193332914798
191442292.989696	-5.963982735385e-05	-0.0026859825828537756	-0.00011938448122763219
191445892.989696	-5.86527021656696e-05	-0.002685584870138735	-0.00011933703716199118
191449492.989696	-5.7666033011435816e-05	-0.002685187021477496	-0.00011928960113495596
191453092.989696	-5.66798196182396e-05	-0.002684789037120818	-0.00011924217314924427
191456692.989696	-5.569406171325132e-05	-0.0026843909173190905	-0.0001191947532075605
191460292.989696	-5.47087590237207e-05	-0.0026839926623223563	-0.00011914734131259683
191463892.989696	-5.372391127697627e-05	-0.002683594272380294	-0.00011909993746703304
191467492.989696	-5.273951820042561e-05	-0.002683195747742225	-0.00011905254167353628
191471092.989696	-5.1755579521555955e-05	-0.0026827970886571166	-0.00011900515393476099
191474692.989696	-5.0772094967935033e-05	-0.002682398295373582	-0.00011895777425334857
191478292.989696	-4.978906426721157e-05	-0.0026819993681398775	-0.00011891040263192685
191481892.989696	-4.880648714711583e-05	-0.0026816003072039087	-0.00011886303907311045
191485492.989696	-4.7824363335459424e-05	-0.002681201112813223	-0.00011881568357950112
191489092.989696	-4.684269256013514e-05	-0.0026808017852150163	-0.00011876833615368814
191492692.989696	-4.586147454911683e-05	-0.00268040232465613	-0.00011872099679824853
191496292.989696	-4.488070903045979e-05	-0.002680002731383049	-0.00011867366551574702
191499892.989696	-4.3900395732301756e-05	-0.0026796030056419153	-0.00011862634230873573
191503492.989696	-4.292053438286415e-05	-0.0026792031476785168	-0.0001185790271797535
191507092.989696	-4.1941124710453055e-05	-0.0026788031577382907	-0.00011853172013132532
191510692.989696	-4.096216644345955e-05	-0.002678403036066325	-0.00011848442116596286
191514292.989696	-3.998365931035912e-05	-0.0026780027829073575	-0.00011843713028616522
191517892.989696	-3.900560303971072e-05	-0.0026776023985057695	-0.00011838984749441927
191521492.989696	-3.802799736015689e-05	-0.0026772018831055988	-0.00011834257279320032
191525092.989696	-3.705084200042512e-05	-0.0026768012369505325	-0.00011829530618497095
191528692.989696	-3.607413668932963e-05	-0.0026764004602839093	-0.00011824804767218017
191532292.989696	-3.5097881155770785e-05	-0.0026759995533487207	-0.00011820079725726364
191535892.989696	-3.412207512873491e-05	-0.002675598516387612	-0.00011815355494264437
191539492.989696	-3.314671833729681e-05	-0.002675197349642878	-0.00011810632073073126
191543092.989696	-3.217181051061641e-05	-0.0026747960533564643	-0.0001180590946239211
191546692.989696	-3.1197351377937556e-05	-0.0026743946277699667	-0.00011801187662460004
191550292.989696	-3.0223340668591344e-05	-0.002673993073124637	-0.00011796466673514077
191553892.989696	-2.9249778111995525e-05	-0.0026735913896613764	-0.00011791746495790305
191557492.989696	-2.8276663437653432e-05	-0.002673189577620745	-0.00011787027129523478
191561092.989696	-2.73039963751557e-05	-0.00267278763724295	-0.0001178230857494701
191564692.989696	-2.633177665418097e-05	-0.0026723855687678603	-0.00011777590832292988
191568292.989696	-2.536000400449447e-05	-0.0026719833724349936	-0.00011772873901792198
191571892.989696	-2.4388678155946334e-05	-0.0026715810484835172	-0.00011768157783674254
191575492.989696	-2.3417798838470958e-05	-0.0026711785971522527	-0.00011763442478167655
191579092.989696	-2.244736578208749e-05	-0.00267077601867968	-0.00011758727985499711
191582692.989696	-2.1477378716900885e-05	-0.0026703733133039325	-0.00011754014305896451
191586292.989696	-2.050783737310248e-05	-0.002669970481262796	-0.00011749301439582566
191589892.989696	-1.953874148096995e-05	-0.0026695675227937188	-0.0001174458938678145
191593492.989696	-1.857009077086648e-05	-0.0026691644381337996	-0.0001173987814771524
191597092.989696	-1.7601884973239885e-05	-0.002668761227519792	-0.00011735167722604907
191600692.989696	-1.6634123818622063e-05	-0.0026683578911881104	-0.00011730458111670277
191604292.989696	-1.566680703762875e-05	-0.002667954429374819	-0.00011725749315130001
191607892.989696	-1.4699934360959171e-05	-0.002667550842315644	-0.00011721041333201556
191611492.989696	-1.3733505519396024e-05	-0.002667147130245968	-0.00011716334166101159
191615092.989696	-1.276752024381251e-05	-0.002666743293400835	-0.0001171162781404372
191618692.989696	-1.1801978265163127e-05	-0.0026663393320149513	-0.00011706922277242926
191622292.989696	-1.0836879314490025e-05	-0.0026659352463226796	-0.00011702217555911243
191625892.989696	-9.872223122919273e-06	-0.0026655310365580366	-0.00011697513650259937
191629492.989696	-8.908009421661444e-06	-0.00266512670295471	-0.00011692810560499208
191633092.989696	-7.944237942012153e-06	-0.002664722245746038	-0.00011688108286838049
191636692.989696	-6.980908415353009e-06	-0.002664317665165027	-0.00011683406829484284
191640292.989696	-6.018020573152617e-06	-0.002663912961444351	-0.00011678706188644502
191643892.989696	-5.055574146967321e-06	-0.002663508134816339	-0.00011674006364523982
191647492.989696	-4.093568868441461e-06	-0.002663103185512991	-0.00011669307357326779
191651092.989696	-3.1320044693071103e-06	-0.0026626981137659665	-0.00011664609167255723
191654692.989696	-2.1708806813836665e-06	-0.0026622929198065904	-0.0001165991179451253
191658292.989696	-1.2101972365777934e-06	-0.0026618876038658514	-0.0001165521523929777
191661892.989696	-2.4995386688404197e-07	-0.0026614821661743995	-0.00011650519501810877
191665492.989696	7.098496956139269e-07	-0.0026610766069625575	-0.00011645824582250062
191669092.989696	1.6692137187421097e-06	-0.002660670926460312	-0.00011641130480812249
191672692.989696	2.628138470235582e-06	-0.0026602651248973214	-0.00011636437197693104
191676292.989696	3.586624217738798e-06	-0.002659859202502905	-0.00011631744733087055
191679892.989696	4.544671228806258e-06	-0.00265945315950605	-0.00011627053087187365
191683492.989696	5.50227977090276e-06	-0.0026590469961354094	-0.0001162236226018615
191687092.989696	6.4594501114034525e-06	-0.0026586407126193007	-0.00011617672252274391
191690692.989696	7.416182517593402e-06	-0.0026582343091857146	-0.00011612983063641962
191694292.989696	8.37247725666591e-06	-0.002657827786062307	-0.00011608294694477427
191697892.989696	9.32833459572361e-06	-0.002657421143476405	-0.00011603607144968181
191701492.989696	1.0283754801774532e-05	-0.0026570143816550015	-0.00011598920415300195
191705092.989696	1.1238738141737308e-05	-0.0026566075008247606	-0.00011594234505658371
191708692.989696	1.2193284882440385e-05	-0.002656200501212013	-0.0001158954941622649
191712292.989696	1.314739529062109e-05	-0.0026557933830427525	-0.00011584865147187141
191715892.989696	1.4101069632926894e-05	-0.002655386146542646	-0.00011580181698721806
191719492.989696	1.5054308175915468e-05	-0.0026549787919370282	-0.00011575499071010826
191723092.989696	1.600711118605354e-05	-0.002654571319450907	-0.0001157081726423334
191726692.989696	1.695947892971603e-05	-0.0026541637293089598	-0.0001156613627856721
191730292.989696	1.7911411673186502e-05	-0.0026537560217355337	-0.00011561456114189048
191733892.989696	1.8862909682658513e-05	-0.0026533481969546403	-0.0001155677677127431
191737492.989696	1.9813973224237014e-05	-0.002652940255189968	-0.00011552098249997396
191741092.989696	2.0764602563938724e-05	-0.0026525321966648662	-0.00011547420550531621
191744692.989696	2.1714797967691828e-05	-0.0026521240216023654	-0.0001154274367304923
191748292.989696	2.2664559701334963e-05	-0.0026517157302251605	-0.00011538067617721247
191751892.989696	2.361388803061669e-05	-0.002651307322755622	-0.00011533392384717495
191755492.989696	2.456278322119554e-05	-0.0026508987994157966	-0.00011528717974206582
191759092.989696	2.551124553864065e-05	-0.002650490160427399	-0.00011524044386355942
191762692.989696	2.6459275248432694e-05	-0.0026500814060118187	-0.00011519371621331925
191766292.989696	2.7406872615964426e-05	-0.0026496725363901125	-0.00011514699679299795
191769892.989696	2.835403790654079e-05	-0.0026492635517830227	-0.00011510028560423803
191773492.989696	2.9300771385377954e-05	-0.002648854452410954	-0.0001150535826486705
191777092.989696	3.0247073317602498e-05	-0.002648445238493997	-0.00011500688792791508
191780692.989696	3.119294396825055e-05	-0.002648035910251915	-0.00011496020144357921
191784292.989696	3.213838360226744e-05	-0.002647626467904149	-0.00011491352319725848
191787892.989696	3.30833924845082e-05	-0.002647216911669818	-0.00011486685319053699
191791492.989696	3.402797087973801e-05	-0.0026468072417677184	-0.00011482019142498821
191795092.989696	3.497211905263249e-05	-0.0026463974584163205	-0.00011477353790217498
191798692.989696	3.5915837267777364e-05	-0.002645987561833777	-0.00011472689262364998
191802292.989696	3.685912578966719e-05	-0.0026455775522379143	-0.00011468025559095436
191805892.989696	3.780198488270408e-05	-0.0026451674298462484	-0.00011463362680561773
191809492.989696	3.874441481119657e-05	-0.002644757194875971	-0.00011458700626915728
191813092.989696	3.968641583935957e-05	-0.0026443468475439583	-0.00011454039398307823
191816692.989696	4.062798823131506e-05	-0.0026439363880667623	-0.00011449378994887468
191820292.989696	4.1569132251092986e-05	-0.0026435258166606166	-0.0001144471941680305
191823892.989696	4.250984816263113e-05	-0.0026431151335414363	-0.00011440060664201946
191827492.989696	4.345013622977384e-05	-0.0026427043389248162	-0.00011435402737230402
191831092.989696	4.4389996716270504e-05	-0.0026422934330260386	-0.00011430745636033489
191834692.989696	4.53294298857753e-05	-0.0026418824160600674	-0.00011426089360755063
191838292.989696	4.626843600184791e-05	-0.00264147128824155	-0.00011421433911537905
191841892.989696	4.720701532795176e-05	-0.002641060049784816	-0.00011416779288523552
191845492.989696	4.8145168127454525e-05	-0.002640648700903877	-0.00011412125491852356
191849092.989696	4.908289466363235e-05	-0.0026402372418124244	-0.0001140747252166382
191852692.989696	5.0020195199665505e-05	-0.0026398256727238377	-0.0001140282037809627
191856292.989696	5.095706999864111e-05	-0.0026394139938511734	-0.00011398169061286997
191859892.989696	5.189351932355004e-05	-0.0026390022054071814	-0.00011393518571372113
191863492.989696	5.282954343728696e-05	-0.002638590307604286	-0.0001138886890848651
191867092.989696	5.376514260265127e-05	-0.002638178300654607	-0.00011384220072763945
191870692.989696	5.47003170823471e-05	-0.002637766184769942	-0.0001137957206433703
191874292.989696	5.563506713898455e-05	-0.0026373539601617702	-0.00011374924883337323
191877892.989696	5.656939303508072e-05	-0.0026369416270412595	-0.00011370278529895407
191881492.989696	5.750329503305938e-05	-0.0026365291856192516	-0.00011365633004140784
191885092.989696	5.8436773395250675e-05	-0.0026361166361062865	-0.00011360988306201903
191888692.989696	5.9369828383889994e-05	-0.002635703978712585	-0.0001135634443620602
191892292.989696	6.030246026111796e-05	-0.0026352912136480594	-0.00011351701394279244
191895892.989696	6.123466928898086e-05	-0.0026348783411222977	-0.0001134705918054652
191899492.989696	6.216645572943212e-05	-0.002634465361344582	-0.00011342417795131779
191903092.989696	6.309781984433299e-05	-0.0026340522745238767	-0.00011337777238157924
191906692.989696	6.402876189545283e-05	-0.00263363908086883	-0.00011333137509746855
191910292.989696	6.495928214446899e-05	-0.0026332257805877822	-0.00011328498610019455
191913892.989696	6.588938085296582e-05	-0.0026328123738887624	-0.0001132386053909551
191917492.989696	6.6819058282434e-05	-0.0026323988609794867	-0.00011319223297093663
191921092.989696	6.774831469427054e-05	-0.002631985242067363	-0.00011314586884131447
191924692.989696	6.867715034977895e-05	-0.0026315715173594874	-0.00011309951300325291
191928292.989696	6.960556551016996e-05	-0.0026311576870626436	-0.00011305316545790578
191931892.989696	7.053356043656231e-05	-0.0026307437513833102	-0.0001130068262064173
191935492.989696	7.146113538998217e-05	-0.002630329710527648	-0.00011296049524992147
191939092.989696	7.238829063136296e-05	-0.0026299155647015173	-0.0001129141725895424
191942692.989696	7.331502642154385e-05	-0.00262950131411047	-0.00011286785822639327
191946292.989696	7.424134302126873e-05	-0.0026290869589597494	-0.00011282155216157576
191949892.989696	7.516724069118567e-05	-0.002628672499454297	-0.00011277525439618035
191953492.989696	7.609271969184715e-05	-0.002628257935798744	-0.00011272896493128651
191957092.989696	7.701778028371072e-05	-0.0026278432681974143	-0.00011268268376796341
191960692.989696	7.794242272713974e-05	-0.0026274284968543283	-0.0001126364109072709
191964292.989696	7.886664728240293e-05	-0.0026270136219731974	-0.00011259014635025905
191967892.989696	7.97904542096731e-05	-0.002626598643757431	-0.00011254389009796762
191971492.989696	8.07138437690253e-05	-0.002626183562410136	-0.00011249764215142477
191975092.989696	8.163681622043574e-05	-0.002625768378134118	-0.00011245140251164692
191978692.989696	8.255937182378207e-05	-0.0026253530911318755	-0.00011240517117963891
191982292.989696	8.348151083884525e-05	-0.0026249377016056073	-0.00011235894815639577
191985892.989696	8.440323352531042e-05	-0.002624522209757198	-0.00011231273344290312
191989492.989696	8.532454014276588e-05	-0.002624106615788234	-0.00011226652704013685
191993092.989696	8.62454309507009e-05	-0.002623690919900004	-0.00011222032894906141
191996692.989696	8.716590620850778e-05	-0.002623275122293488	-0.00011217413917063129
192000292.989696	8.80859661754806e-05	-0.0026228592231693658	-0.00011212795770579045
192003892.989696	8.900561111081201e-05	-0.002622443222728019	-0.00011208178455547018
192007492.989696	8.992484127359568e-05	-0.002622027121169526	-0.00011203561972059065
192011092.989696	9.084365692282917e-05	-0.0026216109186936562	-0.00011198946320206361
192014692.989696	9.17620583174116e-05	-0.002621194615499881	-0.00011194331500078992
192018292.989696	9.268004571614504e-05	-0.002620778211787368	-0.00011189717511766062
192021892.989696	9.359761937773515e-05	-0.002620361707754984	-0.00011185104355355749
192025492.989696	9.451477956078952e-05	-0.0026199451036012923	-0.0001118049203093511
192029092.989696	9.54315265238168e-05	-0.0026195283995245613	-0.00011175880538590049
192032692.989696	9.634786052522736e-05	-0.002619111595722757	-0.00011171269878405344
192036292.989696	9.726378182333419e-05	-0.0026186946923935418	-0.00011166660050464751
192039892.989696	9.817929067635299e-05	-0.002618277689734276	-0.000111620510548511
192043492.989696	9.909438734240337e-05	-0.0026178605879420202	-0.00011157442891646285
192047092.989696	0.00010000907207951527	-0.002617443387213529	-0.00011152835560931266
192050692.989696	0.00010092334514561768	-0.002617026087745265	-0.00011148229062785917
192054292.989696	0.00010183720679854202	-0.0026166086897333935	-0.00011143623397289022
192057892.989696	0.00010275065729602443	-0.0026161911933737783	-0.00011139018564518286
192061492.989696	0.00010366369689570518	-0.0026157735988619844	-0.00011134414564550387
192065092.989696	0.00010457632585512909	-0.002615355906393276	-0.00011129811397461028
192068692.989696	0.00010548854443174633	-0.0026149381161626206	-0.00011125209063324987
192072292.989696	0.00010640035288291217	-0.0026145202283646843	-0.00011120607562216088
192075892.989696	0.00010731175146588698	-0.002614102243193845	-0.00011116006894207212
192079492.989696	0.00010822274043783501	-0.002613684160844177	-0.00011111407059370179
192083092.989696	0.00010913332005582426	-0.0026132659815094666	-0.00011106808057775783
192086692.989696	0.00011004349057682576	-0.002612847705383204	-0.00011102209889493751
192090292.989696	0.00011095325225771386	-0.002612429332658581	-0.00011097612554592778
192093892.989696	0.00011186260535526682	-0.0026120108635284984	-0.00011093016053140608
192097492.989696	0.00011277155012616696	-0.002611592298185558	-0.0001108842038520404
192101092.989696	0.00011368008682700073	-0.0026111736368220717	-0.00011083825550848961
192104692.989696	0.00011458821571425785	-0.0026107548796300605	-0.00011079231550140307
192108292.989696	0.00011549593704432976	-0.002610336026801247	-0.00011074638383141962
192111892.989696	0.00011640325107350903	-0.0026099170785270753	-0.0001107004604991677
192115492.989696	0.00011731015805798814	-0.002609498034998692	-0.00011065454550526465
192119092.989696	0.00011821665825385997	-0.002609078896406951	-0.00011060863885031746
192122692.989696	0.00011912275191711909	-0.0026086596629424177	-0.00011056274053492389
192126292.989696	0.00012002843930366203	-0.0026082403347953607	-0.00011051685055967248
192129892.989696	0.00012093372066928764	-0.0026078209121557653	-0.00011047096892514328
192133492.989696	0.00012183859626969486	-0.002607401395213322	-0.00011042509563190615
192137092.989696	0.00012274306636048097	-0.0026069817841574377	-0.00011037923068051986
192140692.989696	0.00012364713119714064	-0.0026065620791772314	-0.00011033337407153173
192144292.989696	0.00012455079103506746	-0.00260614228046153	-0.00011028752580547878
192147892.989696	0.00012545404612955612	-0.00260572238819887	-0.00011024168588288933
192151492.989696	0.00012635689673580038	-0.0026053024025775003	-0.0001101958543042818
192155092.989696	0.00012725934310889417	-0.002604882323785377	-0.00011015003107016531
192158692.989696	0.00012816138550383123	-0.0026044621520101715	-0.0001101042161810393
192162292.989696	0.00012906302417550698	-0.0026040418874392636	-0.00011005840963739509
192165892.989696	0.00012996425937870993	-0.002603621530259754	-0.00011001261143970966
192169492.989696	0.00013086509136813024	-0.0026032010806584494	-0.00010996682158845174
192173092.989696	0.0001317655203983567	-0.0026027805388218694	-0.00010992104008407993
192176692.989696	0.00013266554672387658	-0.0026023599049362434	-0.00010987526692704216
192180292.989696	0.00013356517059907844	-0.0026019391791875152	-0.00010982950211777769
192183892.989696	0.00013446439227825344	-0.0026015183617613367	-0.00010978374565671761
192187492.989696	0.00013536321201559347	-0.0026010974528430735	-0.00010973799754428366
192191092.989696	0.0001362616300651898	-0.002600676452617808	-0.00010969225778088687
192194692.989696	0.00013715964668103216	-0.002600255361270336	-0.00010964652636692701
192198292.989696	0.00013805726211701028	-0.002599834178985169	-0.00010960080330279355
192201892.989696	0.0001389544766269152	-0.0025994129059465263	-0.00010955508858886663
192205492.989696	0.00013985129046444107	-0.0025989915423383432	-0.00010950938222551801
192209092.989696	0.0001407477038831849	-0.0025985700883442643	-0.00010946368421311076
192212692.989696	0.00014164371713664632	-0.0025981485441476534	-0.00010941799455199896
192216292.989696	0.0001425393304782264	-0.0025977269099315887	-0.00010937231324252667
192219892.989696	0.0001434345441612266	-0.002597305185878866	-0.00010932664028502753
192223492.989696	0.00014432935843884973	-0.0025968833721720006	-0.00010928097567982506
192227092.989696	0.00014522377356419956	-0.0025964614689932206	-0.00010923531942723299
192230692.989696	0.00014611778979028232	-0.00259603947652447	-0.00010918967152755606
192234292.989696	0.00014701140737000723	-0.0025956173949474104	-0.00010914403198109038
192237892.989696	0.00014790462655618633	-0.0025951952244434207	-0.00010909840078812356
192241492.989696	0.00014879744760153317	-0.0025947729651935965	-0.00010905277794893366
192245092.989696	0.0001496898707586625	-0.0025943506173787575	-0.0001090071634637893
192248692.989696	0.00015058189628008872	-0.0025939281811794435	-0.00010896155733294885
192252292.989696	0.00015147352441822594	-0.0025935056567759156	-0.00010891595955666032
192255892.989696	0.00015236475542538814	-0.002593083044348153	-0.00010887037013516231
192259492.989696	0.0001532555895537898	-0.0025926603440758586	-0.00010882478906868442
192263092.989696	0.00015414602705554593	-0.0025922375561384463	-0.00010877921635744734
192266692.989696	0.00015503606818267278	-0.002591814680715062	-0.00010873365200166367
192270292.989696	0.00015592571318708543	-0.0025913917179845643	-0.00010868809600153618
192273892.989696	0.00015681496232059777	-0.0025909686681255457	-0.00010864254835725813
192277492.989696	0.0001577038158349205	-0.00259054553131632	-0.00010859700906901221
192281092.989696	0.00015859227398166094	-0.0025901223077349224	-0.00010855147813697062
192284692.989696	0.00015948033701232398	-0.00258969899755911	-0.0001085059555612961
192288292.989696	0.00016036800517831322	-0.002589275600966363	-0.00010846044134214272
192291892.989696	0.00016125527873093166	-0.0025888521181338816	-0.00010841493547965631
192295492.989696	0.0001621421579213807	-0.0025884285492385924	-0.00010836943797397378
192299092.989696	0.00016302864300075872	-0.002588004894457145	-0.00010832394882522237
192302692.989696	0.00016391473422005994	-0.002587581153965921	-0.00010827846803351907
192306292.989696	0.00016480043183017418	-0.002587157327941021	-0.00010823299559897024
192309892.989696	0.00016568573608188733	-0.002586733416558274	-0.00010818753152167212
192313492.989696	0.0001665706472258842	-0.0025863094199932257	-0.00010814207580171305
192317092.989696	0.00016745516551274427	-0.0025858853384211505	-0.00010809662843917027
192320692.989696	0.00016833929119295122	-0.0025854611720170424	-0.00010805118943411613
192324292.989696	0.0001692230245168828	-0.002585036920955623	-0.00010800575878661132
192327892.989696	0.0001701063657348144	-0.002584612585411342	-0.00010796033649670706
192331492.989696	0.00017098931509691985	-0.0025841881655583733	-0.00010791492256444554
192335092.989696	0.000171871872853269	-0.0025837636615706192	-0.00010786951698985835
192338692.989696	0.00017275403925382838	-0.002583339073621704	-0.00010782411977296684
192342292.989696	0.0001736358145484635	-0.0025829144018849723	-0.0001077787309137836
192345892.989696	0.00017451719898694144	-0.002582489646533501	-0.00010773335041231369
192349492.989696	0.0001753981928189298	-0.0025820648077400873	-0.00010768797826855416
192353092.989696	0.00017627879629399597	-0.002581639885677256	-0.00010764261448249284
192356692.989696	0.0001771590096616054	-0.002581214880517262	-0.00010759725905410756
192360292.989696	0.0001780388331711214	-0.0025807897924320896	-0.00010755191198336571
192363892.989696	0.00017891826707180607	-0.0025803646215934468	-0.00010750657327022491
192367492.989696	0.00017979731161282199	-0.0025799393681727708	-0.00010746124291463409
