192365184.081024	-13477748963.225777	227752741055.68942	9789841349.640654	-22116.231712144312	3312.2257042416268	-537.6210434200184
192368784.081024	-13557366422.264198	227764648622.23804	9787905207.020481	-22115.689463169976	3303.0892955421773	-538.0137184283
192372384.081024	-13636981923.670044	227776523300.4215	9785967651.063316	-22115.144138654436	3293.9543903124572	-538.4062306431458
192375984.081024	-13716595456.373482	227788365095.65274	9784028682.355165	-22114.59573998496	3284.820988812315	-538.7985800959448
192379584.081024	-13796207009.310501	227800174013.34573	9782088301.481907	-22114.044268547914	3275.689091300914	-539.1907668180882
192383184.081024	-13875816571.421387	227811950058.91525	9780146509.029318	-22113.48972572878	3266.5586980369053	-539.5827908409622
192386784.081024	-13955424131.651802	227823693237.777	9778203305.58305	-22112.93211291213	3257.4298092782724	-539.9746521959557
192390384.081024	-14035029678.952019	227835403555.34775	9776258691.72867	-22112.371431481675	3248.302425282474	-540.3663509144538
192393984.081024	-14114633202.277702	227847081017.04507	9774312668.051598	-22111.8076828202	3239.1765463062993	-540.757887027843
192397584.081024	-14194234690.589302	227858725628.28748	9772365235.137157	-22111.240868309607	3230.052172605986	-541.1492605675076
192401184.081024	-14273834132.852211	227870337394.49445	9770416393.57056	-22110.67098933092	3220.9293044371666	-541.5404715648308
192404784.081024	-14353431518.036766	227881916321.08636	9768466143.936903	-22110.098047264262	3211.807942054888	-541.9315200511949
192408384.081024	-14433026835.118454	227893462413.4845	9766514486.821169	-22109.52204348886	3202.6880857135784	-542.3224060579817
192411984.081024	-14512620073.077545	227904975677.11108	9764561422.808224	-22108.942979383068	3193.5697356671103	-542.7131296165708
192415584.081024	-14592211220.899292	227916456117.3892	9762606952.482826	-22108.36085632433	3184.4528921687493	-543.1036907583416
192419184.081024	-14671800267.573952	227927903739.7428	9760651076.429626	-22107.77567568921	3175.3375554711683	-543.4940895146717
192422784.081024	-14751387202.096703	227939318549.59702	9758693795.23315	-22107.187438853383	3166.22372582646	-543.8843259169377
192426384.081024	-14830972013.467834	227950700552.37753	9756735109.477812	-22106.59614719162	3157.1114034860984	-544.2743999965159
192429984.081024	-14910554690.692444	227962049753.51117	9754775019.747921	-22106.00180207784	3148.000588701008	-544.6643117847802
192433584.081024	-14990135222.780357	227973366158.4256	9752813526.627674	-22105.404404885037	3138.8912817215337	-545.0540613131026
192437184.081024	-15069713598.746727	227984649772.54922	9750850630.701143	-22104.803956985335	3129.7834827973975	-545.4436486128557
192440784.081024	-15149289807.611443	227995900601.31165	9748886332.552296	-22104.20045974997	3120.6771921777618	-545.8330737154093
192444384.081024	-15228863838.399384	228007118650.1432	9746920632.764992	-22103.593914549285	3111.572410111193	-546.2223366521325
192447984.081024	-15308435680.140312	228018303924.475	9744953531.922962	-22102.984322752738	3102.4691368456965	-546.6114374543927
192451584.081024	-15388005321.868896	228029456429.73932	9742985030.609844	-22102.371685728904	3093.3673726286797	-547.0003761535556
192455184.081024	-15467572752.624908	228040576171.36908	9741015129.409143	-22101.756004845472	3084.267117706959	-547.3891527809863
192458784.081024	-15547137961.452797	228051663154.79825	9739043828.904266	-22101.137281469248	3075.1683723267993	-547.7777673680476
192462384.081024	-15626700937.402176	228062717385.46164	9737071129.678505	-22100.515516966145	3066.0711367338577	-548.1662199461014
192465984.081024	-15706261669.527237	228073738868.7948	9735097032.315031	-22099.890712701195	3056.9754111732477	-548.5545105465071
192469584.081024	-15785820146.887466	228084727610.23438	9733121537.396906	-22099.262870038554	3047.8811958894744	-548.9426392006237
192473184.081024	-15865376358.547096	228095683615.21783	9731144645.507084	-22098.631990341477	3038.7884911264705	-549.3306059398085
192476784.081024	-15944930293.575119	228106606889.18344	9729166357.228401	-22097.998074972358	3029.6972971276227	-549.7184107954154
192480384.081024	-16024481941.045807	228117497437.5703	9727186673.143574	-22097.361125292686	3020.6076141356953	-550.1060537987994
192483984.081024	-16104031290.037712	228128355265.81873	9725205593.835234	-22096.721142663086	3011.5194423929474	-550.4935349813107
192487584.081024	-16183578329.63491	228139180379.3694	9723223119.885862	-22096.07812844329	3002.4327821409966	-550.880854374301
192491184.081024	-16263123048.926277	228149972783.66418	9721239251.877846	-22095.432083992142	2993.3476336209073	-551.2680120091187
192494784.081024	-16342665437.005089	228160732484.1458	9719253990.393467	-22094.78301066762	2984.263997073217	-551.6550079171093
192498384.081024	-16422205482.96997	228171459486.25775	9717267336.014881	-22094.130909826825	2975.181872737846	-552.0418421296181
192501984.081024	-16501743175.924461	228182153795.44446	9715279289.324131	-22093.47578282595	2966.1012608541464	-552.4285146779889
192505584.081024	-16581278504.976692	228192815417.15115	9713289850.903154	-22092.817631020334	2957.022161660931	-552.8150255935625
192509184.081024	-16660811459.239716	228203444356.8239	9711299021.333776	-22092.15645576443	2947.9445753964424	-553.2013749076774
192512784.081024	-16740342027.831512	228214040619.9098	9709306801.197706	-22091.492258411803	2938.868502298347	-553.587562651671
192516384.081024	-16819870199.875313	228224604211.85657	9707313191.076534	-22090.82504031514	2929.793942603715	-553.9735888568798
192519984.081024	-16899395964.498672	228235135138.11298	9705318191.551743	-22090.15480282627	2920.720896549099	-554.3594535546372
192523584.081024	-16978919310.833954	228245633404.1284	9703321803.204714	-22089.481547296113	2911.649364370502	-554.745156776273
192527184.081024	-17058440228.019096	228256099015.3533	9701324026.616688	-22088.805275074723	2902.5793463032905	-555.1306985531185
192530784.081024	-17137958705.196182	228266531977.239	9699324862.368826	-22088.125987511303	2893.510842582328	-555.5160789165006
192534384.081024	-17217474731.51249	228276932295.23743	9697324311.042147	-22087.44368595413	2884.4438534419164	-555.9012978977441
192537984.081024	-17296988296.119865	228287299974.80154	9695322373.217583	-22086.75837175065	2875.378379115789	-556.2863555281721
192541584.081024	-17376499388.175392	228297635021.38513	9693319049.475931	-22086.070046247405	2866.3144198371024	-556.6712518391063
192545184.081024	-17456007996.84092	228307937440.4427	9691314340.397884	-22085.378710790068	2857.251975838459	-557.0559868618654
192548784.081024	-17535514111.282898	228318207237.42975	9689308246.56403	-22084.684366723435	2848.1910473519274	-557.4405606277667
192552384.081024	-17615017720.672585	228328444417.80252	9687300768.554838	-22083.987015391445	2839.131634609027	-557.8249731681229
192555984.081024	-17694518814.186554	228338648987.01813	9685291906.950655	-22083.286658137135	2830.0737378406693	-558.2092245142483
192559584.081024	-17774017381.005577	228348820950.53442	9683281662.331732	-22082.583296302684	2821.0173572772783	-558.593314697451
192563184.081024	-17853513410.315987	228358960313.81024	9681270035.278193	-22081.876931229388	2811.962493148642	-558.9772437490409
192566784.081024	-17933006891.308212	228369067082.3051	9679257026.370058	-22081.16756425768	2802.9091456840843	-559.3610117003215
192570384.081024	-18012497813.177986	228379141261.4794	9677242636.187233	-22080.455196727118	2793.8573151123214	-559.7446185825968
192573984.081024	-18091986165.125565	228389182856.79443	9675226865.309507	-22079.739829976377	2784.8070016615384	-560.1280644271671
192577584.081024	-18171471936.35637	228399191873.71225	9673209714.316565	-22079.02146534328	2775.75820555936	-560.5113492653309
192581184.081024	-18250955116.080254	228409168317.69553	9671191183.787964	-22078.30010416476	2766.710927032882	-560.8944731283833
192584784.081024	-18330435693.512154	228419112194.20822	9669171274.303171	-22077.575747776875	2757.665166308623	-561.2774360476187
192588384.081024	-18409913657.871582	228429023508.7146	9667149986.441519	-22076.848397514834	2748.6209236125915	-561.6602380543266
192591984.081024	-18489388998.383102	228438902266.6801	9665127320.78224	-22076.118054712962	2739.578199170208	-562.0428791797963
192595584.081024	-18568861704.2761	228448748473.57086	9663103277.904446	-22075.384720704704	2730.5369932063636	-562.4253594553136
192599184.081024	-18648331764.784424	228458562134.85364	9661077858.387142	-22074.648396822653	2721.4973059454146	-562.8076789121616
192602784.081024	-18727799169.146973	228468343255.99634	9659051062.809221	-22073.909084398525	2712.459137611177	-563.1898375816205
192606384.081024	-18807263906.60737	228478091842.4674	9657022891.749462	-22073.16678476316	2703.4224884269074	-563.5718354949686
192609984.081024	-18886725966.414154	228487807899.73627	9654993345.78653	-22072.421499246557	2694.3873586153213	-563.9536726834815
192613584.081024	-18966185337.82051	228497491433.27295	9652962425.498972	-22071.673229177803	2685.353748398593	-564.3353491784319
192617184.081024	-19045642010.08426	228507142448.5485	9650930131.465242	-22070.921975885165	2676.321657998393	-564.7168650110891
192620784.081024	-19125095972.468666	228516760951.03464	9648896464.263649	-22070.167740695993	2667.2910876357614	-565.098220212722
192624384.081024	-19204547214.240616	228526346946.2038	9646861424.47243	-22069.410524936815	2658.2620375313304	-565.4794148145926
192627984.081024	-19283995724.67298	228535900439.52942	9644825012.66967	-22068.65032993326	2649.23450790507	-565.8604488479646
192631584.081024	-19363441493.04264	228545421436.48553	9642787229.433369	-22067.887157010115	2640.2084989764912	-566.2413223440964
192635184.081024	-19442884508.631508	228554909942.54712	9640748075.341398	-22067.12100749128	2631.1840109645364	-566.6220353342442
192638784.081024	-19522324760.726334	228564365963.18985	9638707550.971529	-22066.351882699804	2622.1610440876066	-567.0025878496615
192642384.081024	-19601762238.618324	228573789503.8902	9636665656.901411	-22065.579783957866	2613.1395985636073	-567.382979921598
192645984.081024	-19681196931.603676	228583180570.1254	9634622393.708588	-22064.80471258678	2604.119674609889	-567.7632115813007
192649584.081024	-19760628828.983444	228592539167.37354	9632577761.970482	-22064.026669907005	2595.10127244323	-568.143282860016
192653184.081024	-19840057920.063087	228601865301.1134	9630531762.264414	-22063.245657238116	2586.084392279957	-568.5231937889833
192656784.081024	-19919484194.153076	228611158976.82455	9628484395.167583	-22062.46167589885	2577.0690343357946	-568.9029443994423
192660384.081024	-19998907640.568703	228620420199.98752	9626435661.257082	-22061.674727207046	2568.055198825972	-569.2825347226285
192663984.081024	-20078328248.62967	228629648976.0833	9624385561.109892	-22060.884812479722	2559.042885965189	-569.661964789774
192667584.081024	-20157746007.66091	228638845310.5939	9622334095.302866	-22060.09193303301	2550.0320959675837	-570.0412346321093
192671184.081024	-20237160906.99147	228648009209.00195	9620281264.412771	-22059.296090182183	2541.0228290468303	-570.4203442808591
192674784.081024	-20316572935.955734	228657140676.79102	9618227069.01624	-22058.49728524165	2532.015085416007	-570.7992937672481
192678384.081024	-20395982083.89216	228666239719.4452	9616171509.689808	-22057.69551952497	2523.00886528773	-571.1780831224952
192681984.081024	-20475388340.14499	228675306342.44955	9614114587.009876	-22056.890794344818	2514.0041688740107	-571.5567123778189
192685584.081024	-20554791694.061867	228684340551.28983	9612056301.552765	-22056.083111013046	2505.000996386428	-571.9351815644316
192689184.081024	-20634192134.995934	228693342351.45248	9609996653.89466	-22055.272470840613	2495.999348036	-572.313490713543
192692784.081024	-20713589652.30517	228702311748.42493	9607935644.611639	-22054.458875137636	2486.9992240331767	-572.6916398563625
192696384.081024	-20792984235.351875	228711248747.695	9605873274.279665	-22053.642325213365	2478.0006245879467	-573.0696290240933
192699984.081024	-20872375873.503212	228720153354.75165	9603809543.474598	-22052.82282237619	2469.003549909755	-573.4474582479356
192703584.081024	-20951764556.131096	228729025575.0843	9601744452.772173	-22052.00036793365	2460.008000207532	-573.8251275590874
192707184.081024	-21031150272.612022	228737865414.1833	9599678002.748028	-22051.174963192432	2451.0139756896865	-574.202636988742
192710784.081024	-21110533012.32724	228746672877.5397	9597610193.977676	-22050.34660945835	2442.0214765641144	-574.5799865680904
192714384.081024	-21189912764.662834	228755447970.6453	9595541027.036522	-22049.51530803637	2433.030503038176	-574.9571763283203
192717984.081024	-21269289519.009567	228764190698.9926	9593470502.499855	-22048.681060230592	2424.041055318724	-575.3342063006153
192721584.081024	-21348663264.762436	228772901068.0748	9591398620.942863	-22047.843867344276	2415.0531336121253	-575.7110765161552
192725184.081024	-21428033991.321808	228781579083.38602	9589325382.94061	-22047.00373067982	2406.066738124188	-576.0877870061175
192728784.081024	-21507401688.0924	228790224750.42102	9587250789.068052	-22046.16065153875	2397.081869060216	-576.4643378016758
192732384.081024	-21586766344.483406	228798838074.67523	9585174839.900036	-22045.31463122176	2388.098526625038	-576.840728933999
192735984.081024	-21666127949.909363	228807419061.64493	9583097536.011286	-22044.465671028694	2379.1167110228944	-577.2169604342554
192739584.081024	-21745486493.788628	228815967716.82703	9581018877.976427	-22043.613772258504	2370.136422457601	-577.5930323336056
192743184.081024	-21824841965.544846	228824484045.71936	9578938866.369968	-22042.758936209328	2361.15766113241	-577.9689446632096
192746784.081024	-21904194354.605988	228832968053.8201	9576857501.766304	-22041.90116417843	2352.1804272500895	-578.3446974542228
192750384.081024	-21983543650.405304	228841419746.62866	9574774784.739706	-22041.04045746223	2343.2047210128358	-578.7202907377987
192753984.081024	-22062889842.37976	228849839129.64484	9572690715.86436	-22040.176817356296	2334.2305426224393	-579.0957245450834
192757584.081024	-22142232919.971703	228858226208.36923	9570605295.71432	-22039.310245155324	2325.2578922801167	-579.4709989072223
192761184.081024	-22221572872.62784	228866580988.30316	9568518524.863527	-22038.440742153194	2316.286770186586	-579.8461138553561
192764784.081024	-22300909689.79975	228874903474.9487	9566430403.88582	-22037.5683096429	2307.3171765420598	-580.2210694206223
192768384.081024	-22380243360.94342	228883193673.80862	9564340933.35492	-22036.6929489166	2298.3491115462584	-580.5958656341535
192771984.081024	-22459573875.519745	228891451590.38647	9562250113.844435	-22035.814661265606	2289.3825753983733	-580.9705025270805
192775584.081024	-22538901222.99392	228899677230.18634	9560157945.927868	-22034.93344798038	2280.417568297141	-581.3449801305278
192779184.081024	-22618225392.836067	228907870598.71332	9558064430.178604	-22034.049310350525	2271.454090440745	-581.7192984756175
192782784.081024	-22697546374.520805	228916031701.4729	9555969567.169918	-22033.1622496648	2262.4921420269047	-582.0934575934675
192786384.081024	-22776864157.527443	228924160543.97144	9553873357.474968	-22032.272267211112	2253.5317232528155	-582.4674575151917
192789984.081024	-22856178731.340073	228932257131.71606	9551775801.66681	-22031.379364276523	2244.5728343151613	-582.8412982719012
192793584.081024	-22935490085.44713	228940321470.21454	9549676900.318373	-22030.483542147238	2235.6154754101663	-583.2149798947012
192797184.081024	-23014798209.342003	228948353564.9753	9547576654.002491	-22029.584802108635	2226.659646733515	-583.5885024146949
192800784.081024	-23094103092.52246	228956353421.50754	9545475063.29187	-22028.683145445226	2217.7053484804183	-583.9618658629802
192804384.081024	-23173404724.490868	228964321045.3211	9543372128.759125	-22027.778573440675	2208.752580845601	-584.3350702706512
192807984.081024	-23252703094.754295	228972256441.92667	9541267850.976738	-22026.871087377822	2199.8013440232703	-584.708115668798
192811584.081024	-23331998192.82466	228980159616.83533	9539162230.517082	-22025.96068853863	2190.8516382071293	-585.0810020885077
192815184.081024	-23411290008.21798	228988030575.55917	9537055267.952436	-22025.04737820423	2181.903463590429	-585.453729560861
192818784.081024	-23490578530.45552	228995869323.61084	9534946963.854942	-22024.13115765492	2172.9568203658705	-585.8262981169376
192822384.081024	-23569863749.06244	229003675866.50366	9532837318.796652	-22023.21202817014	2164.011708725718	-586.1987077878098
192825984.081024	-23649145653.56909	229011450209.75177	9530726333.349495	-22022.289991028476	2155.0681288617166	-586.5709586045477
192829584.081024	-23728424233.510155	229019192358.8698	9528614008.085289	-22021.3650475077	2146.1260809651094	-586.9430505982173
192833184.081024	-23807699478.42504	229026902319.37335	9526500343.57574	-22020.43719888471	2137.18556522667	-587.3149837998795
192836784.081024	-23886971377.857536	229034580096.77826	9524385340.392445	-22019.506446435575	2128.2465818366754	-587.6867582405916
192840384.081024	-23966239921.356316	229042225696.60156	9522268999.106884	-22018.572791435512	2119.309130984907	-588.0583739514066
192843984.081024	-24045505098.474266	229049839124.36066	9520151320.290436	-22017.636235158916	2110.3732128606866	-588.4298309633721
192847584.081024	-24124766898.76947	229057420385.5737	9518032304.514349	-22016.69677887931	2101.4388276527834	-588.8011293075341
192851184.081024	-24204025311.80381	229064969485.7595	9515911952.349783	-22015.754423869406	2092.5059755495636	-589.1722690149312
192854784.081024	-24283280327.14431	229072486430.43762	9513790264.367771	-22014.80917140106	2083.574656738861	-589.5432501165991
192858384.081024	-24362531934.362495	229079971225.12817	9511667241.13923	-22013.861022745274	2074.644871408027	-589.9140726435696
192861984.081024	-24441780123.03421	229087423875.35214	9509542883.234985	-22012.909979172226	2065.7166197439374	-590.2847366268691
192865584.081024	-24521024882.74002	229094844386.63095	9507417191.225737	-22011.956041951264	2056.7899019329984	-590.6552420975192
192869184.081024	-24600266203.06537	229102232764.48694	9505290165.682064	-22010.999212350867	2047.86471816108	-591.0255890865403
192872784.081024	-24679504073.599754	229109589014.44278	9503161807.17445	-22010.039491638694	2038.9410686136325	-591.3957776249442
192876384.081024	-24758738483.937347	229116913142.02222	9501032116.273268	-22009.07688108158	2030.0189534756255	-591.7658077437395
192879984.081024	-24837969423.67714	229124205152.74933	9498901093.548765	-22008.111381945484	2021.0983729314949	-592.1356794739315
192883584.081024	-24917196882.422516	229131465052.14905	9496768739.571087	-22007.14299549555	2012.1793271652332	-592.5053928465205
192887184.081024	-24996420849.78147	229138692845.74686	9494635054.910261	-22006.171722996078	2003.2618163603515	-592.8749478925017
192890784.081024	-25075641315.366386	229145888539.06903	9492500040.136215	-22005.197565710543	1994.345840699892	-593.2443446428656
192894384.081024	-25154858268.794373	229153052137.6423	9490363695.81875	-22004.220524901575	1985.4314003663985	-593.613583128599
192897984.081024	-25234071699.68699	229160183646.99423	9488226022.527567	-22003.240601830952	1976.5184955419609	-593.9826633806829
192901584.081024	-25313281597.67041	229167283072.65305	9486087020.832253	-22002.25779775964	1967.6071264081702	-594.3515854300952
192905184.081024	-25392487952.375084	229174350420.1474	9483946691.302279	-22001.27211394776	1958.6972931461905	-594.7203493078066
192908784.081024	-25471690753.43666	229181385695.00696	9481805034.507004	-22000.2835516546	1949.7889959366262	-595.0889550447874
192912384.081024	-25550889990.49443	229188388902.76172	9479662051.015686	-21999.292112138603	1940.8822349597158	-595.4574026719979
192915984.081024	-25630085653.192947	229195360048.94238	9477517741.397459	-21998.29779665738	1931.9770103951314	-595.825692220398
192919584.081024	-25709277731.180725	229202299139.08044	9475372106.221357	-21997.300606467736	1923.0733224221558	-596.1938237209397
192923184.081024	-25788466214.11136	229209206178.708	9473225146.056292	-21996.300542825604	1914.1711712195242	-596.5617972045732
192926784.081024	-25867651091.642494	229216081173.3575	9471076861.471066	-21995.297606986096	1905.2705569655518	-596.9296127022411
192930384.081024	-25946832353.436485	229222924128.56262	9468927253.034378	-21994.291800203508	1896.3714798380834	-597.297270244883
192933984.081024	-26026009989.1603	229229735049.85718	9466776321.314812	-21993.283123731275	1887.4739400144704	-597.6647698634331
192937584.081024	-26105183988.485245	229236513942.7757	9464624066.880833	-21992.271578822023	1878.5779376716173	-598.0321115888202
192941184.081024	-26184354341.087143	229243260812.85358	9462470490.300808	-21991.25716672754	1869.6834729859565	-598.3992954519691
192944784.081024	-26263521036.646454	229249975665.6266	9460315592.14298	-21990.23988869878	1860.7905461334594	-598.7663214837993
192948384.081024	-26342684064.848145	229256658506.63132	9458159372.975487	-21989.219745985865	1851.8991572896111	-599.1331897152254
192951984.081024	-26421843415.381477	229263309341.40494	9456001833.366354	-21988.1967398381	1843.0093066294658	-599.4999001771569
192955584.081024	-26500999077.94037	229269928175.48508	9453842973.883495	-21987.170871503935	1834.1209943275944	-599.8664529004982
192959184.081024	-26580151042.22323	229276515014.41034	9451682795.094719	-21986.14214223101	1825.2342205581035	-600.232847916149
192962784.081024	-26659299297.932823	229283069863.7196	9449521297.567713	-21985.11055326613	1816.348985494657	-600.5990852550037
192966384.081024	-26738443834.776566	229289592728.9525	9447358481.870058	-21984.076105855278	1807.465289310434	-600.965164947952
192969984.081024	-26817584642.466255	229296083615.64948	9445194348.569227	-21983.038801243594	1798.5831321781684	-601.3310870258783
192973584.081024	-26896721710.718307	229302542529.35123	9443028898.23257	-21981.998640675407	1789.7025142701254	-601.6968515196619
192977184.081024	-26975855029.253586	229308969475.5995	9440862131.427345	-21980.9556253942	1780.8234357581077	-602.0624584601776
192980784.081024	-27054984587.79708	229315364459.93625	9438694048.720686	-21979.90975664265	1771.945896813495	-602.4279078782936
192984384.081024	-27134110376.078667	229321727487.90424	9436524650.679613	-21978.86103566259	1763.069897607174	-602.7931998048739
192987984.081024	-27213232383.832664	229328058565.04688	9434353937.87104	-21977.80946369503	1754.1954383095708	-603.1583342707777
192991584.081024	-27292350600.797607	229334357696.90817	9432181910.861778	-21976.755041980163	1745.3225190906865	-603.5233113068582
192995184.081024	-27371465016.71666	229340624889.0326	9430008570.218513	-21975.697771757346	1736.451140120052	-603.8881309439635
192998784.081024	-27450575621.337578	229346860146.96548	9427833916.507822	-21974.637654265116	1727.5813015667231	-604.2527932129375
193002384.081024	-27529682404.41214	229353063476.25256	9425657950.296183	-21973.574690741185	1718.7130035993473	-604.617298144617
193005984.081024	-27608785355.697144	229359234882.4403	9423480672.14995	-21972.508882422444	1709.8462463860728	-604.9816457698356
193009584.081024	-27687884464.953354	229365374371.07574	9421302082.635374	-21971.440230544948	1700.9810300946433	-605.3458361194191
193013184.081024	-27766979721.946297	229371481947.7063	9419122182.318583	-21970.368736343942	1692.1173548923039	-605.7098692241905
193016784.081024	-27846071116.445656	229377557617.88043	9416940971.765615	-21969.294401053845	1683.2552209458959	-606.0737451149654
193020384.081024	-27925158638.225914	229383601387.14682	9414758451.54238	-21968.217225908244	1674.3946284217755	-606.4374638225552
193023984.081024	-28004242277.065834	229389613261.055	9412574622.214676	-21967.137212139918	1665.5355774858426	-606.8010253777663
193027584.081024	-28083322022.748505	229395593245.15485	9410389484.348202	-21966.05436098081	1656.6780683035931	-607.1644298113985
193031184.081024	-28162397865.06151	229401541344.997	9408203038.508543	-21964.96867366205	1647.8221010400516	-607.527677154246
193034784.081024	-28241469793.796997	229407457566.1328	9406015285.261164	-21963.880151413945	1638.9676758597798	-607.8907674370994
193038384.081024	-28320537798.75129	229413341914.11395	9403826225.171429	-21962.788795465982	1630.1147929269255	-608.2537006907414
193041984.081024	-28399601869.725258	229419194394.4928	9401635858.804592	-21961.694607046837	1621.2634524051891	-608.6164769459506
193045584.081024	-28478661996.524635	229425015012.82236	9399444186.72578	-21960.597587384334	1612.4136544577573	-608.9790962335015
193049184.081024	-28557718168.958534	229430803774.65616	9397251209.500032	-21959.49773770552	1603.5653992475022	-609.341558584159
193052784.081024	-28636770376.841446	229436560685.54846	9395056927.692265	-21958.395059236595	1594.7186869367406	-609.7038640286862
193056384.081024	-28715818609.99195	229442285751.0538	9392861341.867275	-21957.28955320295	1585.8735176873997	-610.0660125978387
193059984.081024	-28794862858.232933	229447978976.7276	9390664452.589771	-21956.18122082915	1577.0298916609431	-610.4280043223675
193063584.081024	-28873903111.391808	229453640368.12585	9388466260.424332	-21955.07006333896	1568.1878090184177	-610.7898392330176
193067184.081024	-28952939359.30033	229459269930.8048	9386266765.935432	-21953.956081955293	1559.3472699204167	-611.1515173605274
193070784.081024	-29031971591.794685	229464867670.32166	9384065969.687439	-21952.839277900297	1550.5082745270875	-611.5130387356312
193074384.081024	-29110999798.715492	229470433592.23407	9381863872.244602	-21951.71965239525	1541.670822998155	-611.8744033890567
193077984.081024	-29190023969.907593	229475967702.1001	9379660474.171066	-21950.597206660645	1532.8349154929028	-612.2356113515254
193081584.081024	-29269044095.22055	229481470005.4786	9377455776.030865	-21949.47194191616	1524.0005521701682	-612.596662653755
193085184.081024	-29348060164.508064	229486940507.92892	9375249778.387915	-21948.343859380635	1515.1677331883538	-612.9575573264553
193088784.081024	-29427072167.62822	229492379215.011	9373042481.806034	-21947.212960272118	1506.3364587054425	-613.3182954003313
193092384.081024	-29506080094.44364	229497786132.28522	9370833886.848915	-21946.079245807836	1497.506728878967	-613.6788769060822
193095984.081024	-29585083934.821083	229503161265.3127	9368623994.080154	-21944.94271720419	1488.6785438660395	-614.0393018744011
193099584.081024	-29664083678.632034	229508504619.65497	9366412804.063225	-21943.803375676784	1479.8519038233162	-614.3995703359755
193103184.081024	-29743079315.751953	229513816200.87436	9364200317.361506	-21942.6612224404	1471.026808907056	-614.7596823214869
193106784.081024	-29822070836.060966	229519096014.53345	9361986534.538246	-21941.516258708998	1462.203259273053	-615.1196378616107
193110384.081024	-29901058229.44349	229524344066.19565	9359771456.156599	-21940.36848569575	1453.3812550766906	-615.4794369870169
193113984.081024	-29980041485.78817	229529560361.4247	9357555082.779602	-21939.217904612997	1444.560796472927	-615.839079728369
193117584.081024	-30059020594.98844	229534744905.78513	9355337414.970179	-21938.06451667227	1435.7418836162474	-616.198566116326
193121184.081024	-30137995546.941498	229539897704.8419	9353118453.291151	-21936.90832308429	1426.924516660773	-616.5578961815387
193124784.081024	-30216966331.54934	229545018764.16034	9350898198.305222	-21935.749325058972	1418.108695760146	-616.9170699546536
193128384.081024	-30295932938.718002	229550108089.30682	9348676650.574993	-21934.587523805414	1409.294421067625	-617.27608746631
193131984.081024	-30374895358.358284	229555165685.84766	9346453810.662941	-21933.422920531906	1400.481692735988	-617.6349487471427
193135584.081024	-30453853580.384865	229560191559.35028	9344229679.131454	-21932.255516445923	1391.6705109176478	-617.9936538277783
193139184.081024	-30532807594.717087	229565185715.38226	9342004256.542788	-21931.08531275415	1382.860875764542	-618.3522027388399
193142784.081024	-30611757391.278664	229570148159.51196	9339777543.459099	-21929.912310662436	1374.0527874282038	-618.7105955109428
193146384.081024	-30690702959.997284	229575078897.30814	9337549540.442438	-21928.736511375842	1365.246246059763	-619.068832174696
193149984.081024	-30769644290.805443	229579977934.34018	9335320248.054733	-21927.557916098605	1356.4412518098816	-619.4269127607039
193153584.081024	-30848581373.639458	229584845276.17786	9333089666.857817	-21926.37652603417	1347.637804828857	-619.7848372995625
193157184.081024	-30927514198.440544	229589680928.39188	9330857797.413399	-21925.19234238517	1338.8359052665087	-620.1426058218644
193160784.081024	-31006442755.153717	229594484896.55292	9328624640.283087	-21924.005366353416	1330.0355532722847	-620.5002183581933
193164384.081024	-31085367033.72883	229599257186.23267	9326390196.028368	-21922.81559913994	1321.2367489951585	-620.8576749391291
193167984.081024	-31164287024.11963	229603997803.0031	9324154465.21063	-21921.623041944942	1312.4394925837346	-621.2149755952436
193171584.081024	-31243202716.284332	229608706752.4369	9321917448.391155	-21920.427695967825	1303.6437841861825	-621.5721203571031
193175184.081024	-31322114100.185562	229613384040.1071	9319679146.131096	-21919.229562407192	1294.8496239502465	-621.9291092552678
193178784.081024	-31401021165.789948	229618029671.58728	9317439558.991516	-21918.028642460842	1286.0570120232796	-622.2859423202908
193182384.081024	-31479923903.069046	229622643652.45175	9315198687.53335	-21916.824937325764	1277.2659485521522	-622.6426195827213
193185984.081024	-31558822301.998093	229627225988.27518	9312956532.31744	-21915.618448198125	1268.476433683401	-622.9991410730987
193189584.081024	-31637716352.55664	229631776684.63275	9310713093.904516	-21914.409176273337	1259.6884675631331	-623.3555068219572
193193184.081024	-31716606044.72931	229636295747.10034	9308468372.855179	-21913.197122745965	1250.9020503369607	-623.7117168598277
193196784.081024	-31795491368.503952	229640783181.254	9306222369.72994	-21911.982288809777	1242.1171821502044	-624.067771217229
193200384.081024	-31874372313.873634	229645238992.6708	9303975085.089195	-21910.76467565776	1233.3338631476704	-624.4236699246794
193203984.081024	-31953248870.835052	229649663186.92792	9301726519.493229	-21909.544284482075	1224.5520934738206	-624.7794130126864
193207584.081024	-32032121029.38965	229654055769.60318	9299476673.50221	-21908.32111647409	1215.7718732726576	-625.1350005117536
193211184.081024	-32110988779.54297	229658416746.27502	9297225547.676212	-21907.095172824378	1206.9932026878041	-625.490432452377
193214784.081024	-32189852111.30462	229662746122.52222	9294973142.575188	-21905.86645472271	1198.2160818624766	-625.8457088650456
193218384.081024	-32268711014.688988	229667043903.9243	9292719458.758982	-21904.634963358047	1189.440510939446	-626.200829780244
193221984.081024	-32347565479.71444	229671310096.06107	9290464496.787327	-21903.40069991855	1180.6664900611077	-626.5557952284483
193225584.081024	-32426415496.40336	229675544704.513	9288208257.21986	-21902.1636655916	1171.8940193694652	-626.910605240128
193229184.081024	-32505261054.783012	229679747734.86096	9285950740.616089	-21900.923861563755	1163.1230990060544	-627.265259845748
193232784.081024	-32584102144.884346	229683919192.6864	9283691947.535423	-21899.68128902078	1154.3537291120806	-627.6197590757638
193236384.081024	-32662938756.743103	229688059083.57123	9281431878.537155	-21898.43594914765	1145.585909828264	-627.9741029606275
193239984.081024	-32741770880.398895	229692167413.09802	9279170534.180483	-21897.18784312854	1136.8196412949842	-628.3282915307823
193243584.081024	-32820598505.89569	229696244186.84967	9276907915.024477	-21895.936972146817	1128.0549236521906	-628.6823248166647
193247184.081024	-32899421623.28179	229700289410.40958	9274644021.628107	-21894.683337385068	1119.2917570394352	-629.0362028487061
193250784.081024	-32978240222.60971	229704303089.36172	9272378854.550236	-21893.426940025067	1110.5301415958597	-629.3899256573302
193254384.081024	-33057054293.936295	229708285229.29062	9270112414.349606	-21892.167781247794	1101.7700774602008	-629.7434932729541
193257984.081024	-33135863827.322342	229712235835.78116	9267844701.584866	-21890.905862233438	1093.0115647708294	-630.0969057259874
193261584.081024	-33214668812.83349	229716154914.41888	9265575716.814537	-21889.641184161395	1084.2546036656518	-630.4501630468355
193265184.081024	-33293469240.538895	229720042470.78967	9263305460.597052	-21888.373748210262	1075.4991942822398	-630.803265265894
193268784.081024	-33372265100.512527	229723898510.47998	9261033933.490711	-21887.103555557835	1066.7453367577255	-631.1562124135535
193272384.081024	-33451056382.83235	229727723039.07666	9258761136.053719	-21885.830607381118	1057.9930312288461	-631.5090045201978
193275984.081024	-33529843077.580513	229731516062.16736	9256487068.844177	-21884.554904856337	1049.2422778319697	-631.8616416162026
193279584.081024	-33608625174.84352	229735277585.33978	9254211732.42006	-21883.276449158904	1040.4930767030332	-632.2141237319386
193283184.081024	-33687402664.712105	229739007614.1825	9251935127.339245	-21881.995241463446	1031.7454279775998	-632.5664508977679
193286784.081024	-33766175537.281143	229742706154.2843	9249657254.159496	-21880.71128294379	1022.9993317908156	-632.9186231440474
193290384.081024	-33844943782.64959	229746373211.23456	9247378113.438477	-21879.424574772987	1014.2547882774734	-633.270640501125
193293984.081024	-33923707390.921295	229750008790.62323	9245097705.733719	-21878.13511812328	1005.5117975719054	-633.6225029993444
193297584.081024	-34002466352.203354	229753612898.04065	9242816031.602676	-21876.84291416612	996.7703598081193	-633.9742106690401
193301184.081024	-34081220656.60791	229757185539.07758	9240533091.602663	-21875.54796407219	988.0304751196777	-634.3257635405406
193304784.081024	-34159970294.250717	229760726719.32532	9238248886.290905	-21874.250269011347	979.2921436397842	-634.6771616441677
193308384.081024	-34238715255.252235	229764236444.3758	9235963416.224508	-21872.949830152695	970.5553655012322	-635.0284050102355
193311984.081024	-34317455529.736732	229767714719.82114	9233676681.960478	-21871.646648664508	961.8201408364371	-635.3794936690515
193315584.081024	-34396191107.83284	229771161551.25412	9231388684.055702	-21870.340725714294	953.0864697774145	-635.7304276509162
193319184.081024	-34474921979.67345	229774576944.268	9229099423.06697	-21869.032062468777	944.3543524558008	-636.0812069861227
193322784.081024	-34553648135.39569	229777960904.45642	9226808899.550941	-21867.720660093884	935.6237890028278	-636.4318317049581
193326384.081024	-34632369565.14061	229781313437.41364	9224517114.064198	-21866.40651975475	926.8947795493555	-636.7823018377012
193329984.081024	-34711086259.05368	229784634548.73413	9222224067.163181	-21865.08964261572	918.167324225853	-637.1326174146238
193333584.081024	-34789798207.284645	229787924244.01318	9219929759.404242	-21863.770029840365	909.4414231623864	-637.4827784659926
193337184.081024	-34868505399.987236	229791182528.84613	9217634191.343616	-21862.447682591453	900.7170764886564	-637.832785022064
193340784.081024	-34947207827.31939	229794409408.8293	9215337363.53744	-21861.122602030977	891.9942843339813	-638.1826371130892
193344384.081024	-35025905479.44325	229797604889.55902	9213039276.541729	-21859.79478932014	883.2730468272753	-638.532334769312
193347984.081024	-35104598346.52529	229800768976.63223	9210739930.912388	-21858.464245619354	874.5533640970734	-638.8818780209692
193351584.081024	-35183286418.73583	229803901675.6464	9208439327.205227	-21857.130972088256	865.8352362715582	-639.2312668982892
193355184.081024	-35261969686.249855	229807002992.19943	9206137465.975937	-21855.79496988568	857.1186634784626	-639.5805014314953
193358784.081024	-35340648139.24603	229810072931.8896	9203834347.780096	-21854.456240169693	848.4036458452097	-639.9295816508018
193362384.081024	-35419321767.90751	229813111500.31586	9201529973.173187	-21853.11478409757	839.6901834987925	-640.2785075864161
193365984.081024	-35497990562.42131	229816118703.07724	9199224342.710575	-21851.770602825804	830.9782765658665	-640.6272792685386
193369584.081024	-35576654512.97896	229819094545.77374	9196917456.947521	-21850.42369751011	822.2679251726618	-640.9758967273626
193373184.081024	-35655313609.77592	229822039034.00537	9194609316.439175	-21849.074069305396	813.5591294450578	-641.3243599930736
193376784.081024	-35733967843.01197	229824952173.3727	9192299921.740566	-21847.721719365807	804.8518895085299	-641.6726690958507
193380384.081024	-35812617202.890686	229827833969.47693	9189989273.406641	-21846.36664884472	796.1462054882313	-642.0208240658637
193383984.081024	-35891261679.62016	229830684427.91946	9187677371.992218	-21845.0088588947	787.4420775088834	-642.3688249332771
193387584.081024	-35969901263.41278	229833503554.30237	9185364218.052008	-21843.648350667547	778.739505694824	-642.7166717282478
193391184.081024	-36048535944.48454	229836291354.22803	9183049812.140623	-21842.285125314265	770.03849017006	-643.0643644809239
193394784.081024	-36127165713.05584	229839047833.2993	9180734154.812561	-21840.919183985105	761.3390310582222	-643.4119032214468
193398384.081024	-36205790559.35136	229841772997.11948	9178417246.622208	-21839.550527829506	752.6411284825176	-643.7592879799511
193401984.081024	-36284410473.599815	229844466851.29236	9176099088.123848	-21838.17915799615	743.9447825658167	-644.1065187865637
193405584.081024	-36363025446.033905	229847129401.4221	9173779679.87165	-21836.805075632925	735.2499934306197	-644.4535956714031
193409184.081024	-36441635466.89067	229849760653.1133	9171459022.419685	-21835.428281886954	726.5567611990341	-644.8005186645817
193412784.081024	-36520240526.41126	229852360611.9712	9169137116.3219	-21834.04877790457	717.8650859928039	-645.1472877962036
193416384.081024	-36598840614.840836	229854929283.601	9166813962.132145	-21832.666564831314	709.1749679333057	-645.4939030963653
193419984.081024	-36677435722.428474	229857466673.609	9164489560.404167	-21831.281643811995	700.48640714157	-645.8403645951553
193423584.081024	-36756025839.428	229859972787.60138	9162163911.69159	-21829.894015990598	691.7994037381923	-646.1866723226566
193427184.081024	-36834610956.096886	229862447631.18497	9159837016.547934	-21828.50368251035	683.1139578434586	-646.5328263089425
193430784.081024	-36913191062.69666	229864891209.96695	9157508875.526617	-21827.110644513694	674.4300695772686	-646.8788265840793
193434384.081024	-36991766149.49343	229867303529.5551	9155179489.18094	-21825.7149031423	665.7477390591262	-647.2246731781269
193437984.081024	-37070336206.75673	229869684595.55765	9152848858.064114	-21824.31645953708	657.0669664082343	-647.5703661211351
193441584.081024	-37148901224.76065	229872034413.58292	9150516982.72922	-21822.91531483814	648.3877517433771	-647.9159054431477
193445184.081024	-37227461193.78352	229874352989.23996	9148183863.729237	-21821.511470184825	639.7100951829698	-648.2612911742015
193448784.081024	-37306016104.10747	229876640328.13806	9145849501.617037	-21820.104926715707	631.0339968450749	-648.6065233443246
193452384.081024	-37384565946.01862	229878896435.8872	9143513896.945393	-21818.695685568582	622.3594568474218	-648.9516019835368
193455984.081024	-37463110709.80767	229881121318.09753	9141177050.266958	-21817.283747880472	613.6864753073164	-649.296527121852
193459584.081024	-37541650385.76888	229883314980.37973	9138838962.134281	-21815.869114787616	605.0150523417506	-649.6412987892747
193463184.081024	-37620184964.20106	229885477428.3448	9136499633.0998	-21814.451787425503	596.3451880673201	-649.9859170158034
193466784.081024	-37698714435.40666	229887608667.60437	9134159063.715858	-21813.031766928827	587.6768826002958	-650.3303818314259
193470384.081024	-37777238789.69248	229889708703.77026	9131817254.534674	-21811.60905443152	579.0101360565673	-650.6746932661249
193473984.081024	-37855758017.369385	229891777542.4548	9129474206.108366	-21810.183651066734	570.344948551648	-651.0188513498747
193477584.081024	-37934272108.75246	229893815189.27078	9127129918.988941	-21808.755557966855	561.6813202006979	-651.362856112642
193481184.081024	-38012781054.16047	229895821649.83136	9124784393.728304	-21807.3247762635	553.0192511185478	-651.7067075843845
193484784.081024	-38091284843.9166	229897796929.75012	9122437630.878246	-21805.891307087517	544.3587414196327	-652.0504057950534
193488384.081024	-38169783468.34794	229899741034.641	9120089630.990456	-21804.45515156897	535.6997912180559	-652.3939507745908
193491984.081024	-38248276917.785614	229901653970.11844	9117740394.616512	-21803.01631083717	527.0424006275534	-652.737342552932
193495584.081024	-38326765182.565025	229903535741.7972	9115389922.307882	-21801.57478602065	518.3865697614947	-653.080581160004
193499184.081024	-38405248253.02546	229905386355.29248	9113038214.615927	-21800.130578247165	509.7322987329062	-653.4236666257259
193502784.081024	-38483726119.51021	229907205816.21997	9110685272.091908	-21798.68368864372	501.07958765446483	-653.7665989800082
193506384.081024	-38562198772.36693	229908994130.19568	9108331095.286968	-21797.234118336535	492.4284366384627	-654.1093782527553
193509984.081024	-38640666201.94682	229910751302.836	9105975684.752148	-21795.781868451075	483.7788457968845	-654.4520044738612
193513584.081024	-38719128398.60563	229912477339.75778	9103619041.038382	-21794.326940112034	475.13081524131894	-654.794477673214
193517184.081024	-38797585352.70275	229914172246.57822	9101261164.696493	-21792.869334443334	466.4843450830381	-655.1367978806925
193520784.081024	-38876037054.602036	229915836028.91498	9098902056.277199	-21791.40905256812	457.83943543292116	-655.4789651261679
193524384.081024	-38954483494.6711	229917468692.38608	9096541716.331104	-21789.9460956088	449.1960864015259	-655.8209794395042
193527984.081024	-39032924663.28167	229919070242.61	9094180145.408718	-21788.480464686996	440.55429809904945	-656.1628408505562
193531584.081024	-39111360550.80948	229920640685.20535	9091817344.060425	-21787.01216092355	431.914070635341	-656.5045493891707
193535184.081024	-39189791147.63422	229922180025.7917	9089453312.836529	-21785.541185438582	423.2754041199091	-656.8461050851868
193538784.081024	-39268216444.13992	229923688269.9883	9087088052.28719	-21784.0675393514	414.63829866188826	-657.1875079684362
193542384.081024	-39346636430.71422	229925165423.41544	9084721562.962492	-21782.591223780582	406.00275437009077	-657.5287580687411
193545984.081024	-39425051097.74905	229926611491.69336	9082353845.4124	-21781.11223984392	397.36877135297937	-657.8698554159162
193549584.081024	-39503460435.64037	229928026480.44284	9079984900.186766	-21779.630588658452	388.7363497186443	-658.2108000397686
193553184.081024	-39581864434.78821	229929410395.2851	9077614727.835339	-21778.14627134046	380.10548957484025	-658.5515919700968
193556784.081024	-39660263085.596146	229930763241.8417	9075243328.907776	-21776.65928900545	371.47619102902127	-658.8922312366898
193560384.081024	-39738656378.47236	229932085025.73453	9072870703.953598	-21775.169642768167	362.84845418823306	-659.232717869331
193563984.081024	-39817044303.828636	229933375752.586	9070496853.522242	-21773.677333742606	354.22227915921485	-659.5730518977932
193567584.081024	-39895426852.08125	229934635428.0188	9068121778.163023	-21772.182363041982	345.5976660483193	-659.9132333518436
193571184.081024	-39973804013.64992	229935864057.656	9065745478.425163	-21770.68473177876	336.97461496161895	-660.2532622612382
193574784.081024	-40052175778.9587	229937061647.1211	9063367954.857761	-21769.18444106466	328.3531260047953	-660.593138655727
193578384.081024	-40130542138.43546	229938228202.03787	9060989208.009827	-21767.681492010594	319.73319928321826	-660.93286256505
193581984.081024	-40208903082.5125	229939363728.0307	9058609238.430239	-21766.175885726767	311.1148349018699	-661.2724340189413
193585584.081024	-40287258601.625404	229940468230.72412	9056228046.667797	-21764.667623322603	302.49803296546133	-661.6118530471238
193589184.081024	-40365608686.21445	229941541715.74316	9053845633.271175	-21763.156705906746	293.8827935782965	-661.9511196793145
193592784.081024	-40443953326.72324	229942584188.71307	9051461998.788948	-21761.643134587117	285.269116844403	-662.2902339452195
193596384.081024	-40522292513.60003	229943595655.2597	9049077143.769575	-21760.126910470863	276.6570028674073	-662.6291958745398
193599984.081024	-40600626237.29662	229944576121.00916	9046691068.76142	-21758.608034664358	268.0464517506348	-662.9680054969658
193603584.081024	-40678954488.268974	229945525591.58792	9044303774.312729	-21757.086508273238	259.4374635970685	-663.30666284218
193607184.081024	-40757277256.97681	229946444072.62274	9041915260.971653	-21755.562332402384	250.83003850936575	-663.6451679398562
193610784.081024	-40835594533.88414	229947331569.74097	9039525529.286226	-21754.0355081559	242.22417658980794	-663.9835208196605
193614384.081024	-40913906309.45884	229948188088.57013	9037134579.804375	-21752.506036637158	233.61987794037805	-664.3217215112502
193617984.081024	-40992212574.17256	229949013634.73816	9034742413.073933	-21750.97391894876	225.0171426627212	-664.6597700442743
193621584.081024	-41070513318.501175	229949808213.87347	9032349029.64261	-21749.439156192537	216.41597085812555	-664.9976664483731
193625184.081024	-41148808532.92436	229950571831.6046	9029954430.058023	-21747.901749469595	207.8163626275782	-665.3354107531782
193628784.081024	-41227098207.92596	229951304493.5608	9027558614.867672	-21746.36169988028	199.21831807169337	-665.673002988314
193632384.081024	-41305382333.993355	229952006205.37125	9025161584.618956	-21744.81900852416	190.62183729079698	-666.0104431833943
193635984.081024	-41383660901.61838	229952676972.66592	9022763339.859167	-21743.27367650007	182.0269203848502	-666.347731368026
193639584.081024	-41461933901.29674	229953316801.07483	9020363881.135483	-21741.725704906083	173.43356745348046	-666.6848675718077
193643184.081024	-41540201323.52762	229953925696.2285	9017963208.99499	-21740.175094839527	164.8417785960205	-667.0218518243275
193646784.081024	-41618463158.81469	229954503663.75772	9015561323.984653	-21738.621847396964	156.25155391143608	-667.358684155167
193650384.081024	-41696719397.66539	229955050709.2938	9013158226.651344	-21737.065963674213	147.66289349837962	-667.6953645938983
193653984.081024	-41774970030.59092	229955566838.4682	9010753917.541817	-21735.507444766346	139.07579745518433	-668.0318931700845
193657584.081024	-41853215048.10676	229956052056.91278	9008348397.20272	-21733.946291767665	130.4902658798319	-668.368269913281
193661184.081024	-41931454440.732056	229956506370.25998	9005941666.180603	-21732.38250577173	121.9062988699925	-668.704494853034
193664784.081024	-42009688198.99003	229956929784.14227	9003533725.021904	-21730.81608787136	113.3238965230039	-669.0405680188815
193668384.081024	-42087916313.407715	229957322304.19263	9001124574.27296	-21729.247039158618	104.74305893588871	-669.3764894403519
193671984.081024	-42166138774.51629	229957683936.04443	8998714214.479992	-21727.675360724803	96.16378620531395	-669.7122591469663
193675584.081024	-42244355572.85051	229958014685.33124	8996302646.189127	-21726.10105366048	87.58607842767105	-670.0478771682356
193679184.081024	-42322566698.94961	229958314557.6872	8993889869.94637	-21724.524119055463	79.00993569896491	-670.3833435336637
193682784.081024	-42400772143.356026	229958583558.7465	8991475886.297634	-21722.944557998806	70.43535811493939	-670.718658272744
193686384.081024	-42478971896.61682	229958821694.14386	8989060695.788717	-21721.362371578824	61.86234577096184	-671.0538214149627
193689984.081024	-42557165949.28236	229959028969.51437	8986644298.965324	-21719.77756088309	53.2908987621222	-671.3888329897959
193693584.081024	-42635354291.90737	229959205390.4935	8984226696.373037	-21718.190126998416	44.72101718315116	-671.7236930267125
193697184.081024	-42713536915.05011	229959350962.71674	8981807888.557344	-21716.600071010875	36.15270112850567	-672.0584015551696
193700784.081024	-42791713809.27345	229959465691.82034	8979387876.063614	-21715.007394005777	27.5859506922352	-672.3929586046204
193704384.081024	-42869884965.143074	229959549583.4406	8976966659.43713	-21713.412097067718	19.020765968180513	-672.7273642045043
193707984.081024	-42948050373.22969	229959602643.21423	8974544239.223045	-21711.81418128051	10.45714704975535	-673.061618384256
193711584.081024	-43026210024.107056	229959624876.77844	8972120615.96643	-21710.213647727254	1.8950940301469927	-673.3957211732977
193715184.081024	-43104363908.35327	229959616289.7705	8969695790.212233	-21708.610497490277	-6.665392997836534	-673.7296726010456
193718784.081024	-43182512016.55026	229959576887.82812	8967269762.505299	-21707.004731651174	-15.224313941679156	-674.0634726969054
193722384.081024	-43260654339.28377	229959506676.58948	8964842533.390377	-21705.396351290794	-23.781668709191308	-674.3971214902741
193725984.081024	-43338790867.14337	229959405661.693	8962414103.412102	-21703.785357489254	-32.33745720848583	-674.7306190105407
193729584.081024	-43416921590.72281	229959273848.77728	8959984473.114998	-21702.171751325906	-40.891679348022535	-675.0639652870849
193733184.081024	-43495046500.61943	229959111243.48138	8957553643.043488	-21700.555533879364	-49.444335036550456	-675.3971603492769
193736784.081024	-43573165587.434494	229958917851.44482	8955121613.741903	-21698.936706227512	-57.99542418312649	-675.7302042264783
193740384.081024	-43651278841.77324	229958693678.30725	8952688385.754448	-21697.315269447474	-66.5449466971395	-676.0630969480416
193743984.081024	-43729386254.24488	229958438729.70868	8950253959.625229	-21695.691224615646	-75.09290248829802	-676.3958385433111
193747584.081024	-43807487815.46216	229958153011.28952	8947818335.89825	-21694.064572807667	-83.63929146660075	-676.7284290416214
193751184.081024	-43885583516.04191	229957836528.69037	8945381515.117413	-21692.435315098453	-92.18411354236468	-677.0608684722972
193754784.081024	-43963673346.60503	229957489287.55243	8942943497.826498	-21690.803452562173	-100.72736862624242	-677.3931568646567
193758384.081024	-44041757297.77595	229957111293.51678	8940504284.569195	-21689.16898627224	-109.26905662917534	-677.7252942480068
193761984.081024	-44119835360.18291	229956702552.22522	8938063875.889088	-21687.531917301352	-117.80917746239538	-678.0572806516454
193765584.081024	-44197907524.458595	229956263069.31982	8935622272.329643	-21685.89224672144	-126.34773103750376	-678.3891161048638
193769184.081024	-44275973781.23872	229955792850.44263	8933179474.434237	-21684.249975603714	-134.88471726634725	-678.7208006369408
193772784.081024	-44354034121.16344	229955291901.2364	8930735482.746132	-21682.60510501865	-143.42013606111414	-679.0523342771485
193776384.081024	-44432088534.87686	229954760227.34396	8928290297.808472	-21680.957636035957	-151.95398733433103	-679.3837170547499
193779984.081024	-44510137013.02621	229954197834.40875	8925843920.164335	-21679.307569724646	-160.48627099874147	-679.7149489989965
193783584.081024	-44588179546.26327	229953604728.07404	8923396350.35665	-21677.654907152944	-169.01698696748554	-680.0460301391336
193787184.081024	-44666216125.2434	229952980913.9839	8920947588.928265	-21675.99964938839	-177.54613515397068	-680.3769605043958
193790784.081024	-44744246740.626015	229952326397.7824	8918497636.42191	-21674.34179749774	-186.07371547192952	-680.7077401240092
193794384.081024	-44822271383.073715	229951641185.11404	8916046493.380232	-21672.681352547046	-194.59972783534704	-681.0383690271889
193797984.081024	-44900290043.2539	229950925281.62363	8913594160.345741	-21671.018315601603	-203.12417215859796	-681.3688472431443
193801584.081024	-44978302711.83693	229950178692.9562	8911140637.860868	-21669.352687725986	-211.647048356278	-681.6991748010719
193805184.081024	-45056309379.497665	229949401424.75732	8908685926.467928	-21667.684469984026	-220.16835634334893	-682.0293517301616
193808784.081024	-45134310036.91429	229948593482.67255	8906230026.709131	-21666.013663438815	-228.6880960350345	-682.3593780595925
193812384.081024	-45212304674.76919	229947754872.3479	8903772939.126583	-21664.340269152726	-237.20626734688676	-682.6892538185359
193815984.081024	-45290293283.74822	229946885599.4298	8901314664.262287	-21662.66428818737	-245.72287019473424	-683.0189790361519
193819584.081024	-45368275854.54137	229945985669.5648	8898855202.658138	-21660.98572160365	-254.2379044947279	-683.3485537415929
193823184.081024	-45446252377.84235	229945055088.39975	8896394554.855923	-21659.304570461733	-262.7513701633238	-683.6779779640023
193826784.081024	-45524222844.34855	229944093861.58206	8893932721.397339	-21657.620835821035	-271.2632671172396	-684.007251732512
193830384.081024	-45602187244.761345	229943101994.75912	8891469702.823961	-21655.934518740254	-279.7735952735402	-684.3363750762469
193833984.081024	-45680145569.78578	229942079493.5787	8889005499.677265	-21654.24562027735	-288.2823545495594	-684.6653480243215
193837584.081024	-45758097810.13085	229941026363.6891	8886540112.498627	-21652.55414148956	-296.7895448629347	-684.9941706058411
193841184.081024	-45836043956.50943	229939942610.7386	8884073541.829308	-21650.86008343337	-305.2951661316242	-685.3228428499019
193844784.081024	-45913983999.63774	229938828240.37592	8881605788.21048	-21649.163447164552	-313.7992182738353	-685.6513647855903
193848384.081024	-45991917930.23643	229937683258.25003	8879136852.183186	-21647.464233738145	-322.30170120812045	-685.9797364419837
193851984.081024	-46069845739.0293	229936507670.0103	8876666734.288397	-21645.762444208456	-330.80261485328765	-686.3079578481493
193855584.081024	-46147767416.74462	229935301481.30634	8874195435.066946	-21644.058079629056	-339.3019591284874	-686.6360290331468
193859184.081024	-46225682954.11388	229934064697.78796	8871722955.05959	-21642.351141052786	-347.79973395311026	-686.9639500260239
193862784.081024	-46303592341.87265	229932797325.10535	8869249294.806957	-21640.641629531772	-356.29593924687924	-687.2917208558208
193866384.081024	-46381495570.760284	229931499368.90887	8866774454.849583	-21638.929546117393	-364.7905749298093	-687.6193415515677
193869984.081024	-46459392631.51978	229930170834.8495	8864298435.72791	-21637.214891860316	-373.28364092217953	-687.9468121422847
193873584.081024	-46537283514.89795	229928811728.578	8861821237.98225	-21635.49766781047	-381.7751371445838	-688.2741326569832
193877184.081024	-46615168211.64542	229927422055.74585	8859342862.15284	-21633.777875017055	-390.26506351790385	-688.6013031246645
193880784.081024	-46693046712.51677	229926001822.0046	8856863308.779778	-21632.055514528547	-398.75341996332827	-688.9283235743214
193884384.081024	-46770919008.270004	229924551033.0061	8854382578.40309	-21630.330587392695	-407.2402064023031	-689.255194034936
193887984.081024	-46848785089.66724	229923069694.40253	8851900671.562677	-21628.60309465652	-415.72542275660317	-689.5819145354819
193891584.081024	-46926644947.47413	229921557811.84647	8849417588.798351	-21626.87303736632	-424.209068948257	-689.9084851049224
193895184.081024	-47004498572.459984	229920015390.99042	8846933330.649807	-21625.140416567676	-432.6911448995861	-690.2349057722106
193898784.081024	-47082345955.39836	229918442437.48755	8844447897.65664	-21623.40523330541	-441.1716505332388	-690.5611765662921
193902384.081024	-47160187087.066216	229916838956.9911	8841961290.358341	-21621.66748862366	-449.65058577212176	-690.8872975161019
193905984.081024	-47238021958.244	229915204955.15463	8839473509.294304	-21619.92718356582	-458.127950539395	-691.2132686505634
193909584.081024	-47315850559.716644	229913540437.63184	8836984555.003801	-21618.18431917455	-466.6037447585927	-691.5390899985944
193913184.081024	-47393672882.27207	229911845410.0771	8834494428.026024	-21616.438896491803	-475.0779683534356	-691.8647615890989
193916784.081024	-47471488916.70261	229910119878.14456	8832003128.900036	-21614.690916558808	-483.55062124801725	-692.1902834509743
193920384.081024	-47549298653.80394	229908363847.489	8829510658.164814	-21612.94038041606	-492.02170336666313	-692.5156556131075
193923984.081024	-47627102084.37552	229906577323.76535	8827017016.359224	-21611.18728910334	-500.4912146339966	-692.8408781043748
193927584.081024	-47704899199.220505	229904760312.62875	8824522204.022034	-21609.431643659704	-508.95915497491296	-693.1659509536433
193931184.081024	-47782689989.14617	229902912819.7347	8822026221.69189	-21607.67344512348	-517.425524314629	-693.4908741897716
193934784.081024	-47860474444.96295	229901034850.739	8819529069.907368	-21605.91269453229	-525.8903225785921	-693.8156478416064
193938384.081024	-47938252557.4855	229899126411.2975	8817030749.206902	-21604.14939292302	-534.3535496925729	-694.1402719379867
193941984.081024	-48016024317.53207	229897187507.06665	8814531260.128845	-21602.38354133184	-542.8152055826217	-694.464746507741
193945584.081024	-48093789715.92435	229895218143.7029	8812030603.211445	-21600.61514079421	-551.2752901750241	-694.7890715796868
193949184.081024	-48171548743.48827	229893218326.86304	8809528778.992836	-21598.84419234484	-559.7338033964106	-695.1132471826347
193952784.081024	-48249301391.05309	229891188062.2042	8807025788.011053	-21597.070697017756	-568.1907451736556	-695.437273345383
193956384.081024	-48327047649.4518	229889127355.38364	8804521630.80404	-21595.29465584625	-576.6461154338945	-695.7611500967207
193959984.081024	-48404787509.52143	229887036212.05896	8802016307.909616	-21593.516069862886	-585.0999141045945	-696.0848774654282
193963584.081024	-48482520962.10229	229884914637.88803	8799509819.865513	-21591.734940099526	-593.5521411134496	-696.4084554802744
193967184.081024	-48560247998.038895	229882762638.529	8797002167.209345	-21589.951267587305	-602.0027963884754	-696.7318841700201
193970784.081024	-48637968608.178795	229880580219.6402	8794493350.478645	-21588.165053356646	-610.4518798579011	-697.0551635634141
193974384.081024	-48715682783.374146	229878367386.88028	8791983370.210812	-21586.376298437237	-618.8993914503276	-697.3782936891982
193977984.081024	-48793390514.48	229876124145.90817	8789472226.943172	-21584.585003858083	-627.3453310945338	-697.7012745761014
193981584.081024	-48871091792.3555	229873850502.3828	8786959921.21292	-21582.791170647433	-635.7896987196395	-698.0241062528448
193985184.081024	-48948786607.8635	229871546461.9638	8784446453.557167	-21580.99479983285	-644.2324942550244	-698.3467887481393
193988784.081024	-49026474951.87047	229869212030.3108	8781931824.512917	-21579.195892441167	-652.6737176303254	-698.6693220906853
193992384.081024	-49104156815.24646	229866847213.08356	8779416034.617062	-21577.39444949851	-661.1133687754659	-698.9917063091734
193995984.081024	-49181832188.86551	229864452015.94238	8776899084.406403	-21575.590472030275	-669.5514476206472	-699.3139414322848
193999584.081024	-49259501063.60482	229862026444.54755	8774380974.41763	-21573.783961061174	-677.9879540963116	-699.6360274886895
194003184.081024	-49337163430.346016	229859570504.5598	8771861705.187332	-21571.974917615164	-686.4228881332347	-699.9579645070496
194006784.081024	-49414819279.97399	229857084201.64	8769341277.25199	-21570.163342715514	-694.856249662419	-700.2797525160158
194010384.081024	-49492468603.37705	229854567541.44934	8766819691.147995	-21568.349237384788	-703.288038615116	-700.6013915442281
194013984.081024	-49570111391.44776	229852020529.64914	8764296947.411617	-21566.53260264481	-711.7182549229224	-700.9228816203192
194017584.081024	-49647747635.08204	229849443171.90115	8761773046.579037	-21564.7134395167	-720.146898517637	-701.2442227729086
194021184.081024	-49725377325.17951	229846835473.8672	8759247989.186323	-21562.89174902089	-728.5739693313644	-701.5654150306084
194024784.081024	-49803000452.64343	229844197441.20938	8756721775.769453	-21561.06753217707	-736.9994672964599	-701.8864584220191
194028384.081024	-49880617008.380714	229841529079.59015	8754194406.864292	-21559.240790004224	-745.4233923455367	-702.2073529757308
194031984.081024	-49958226983.30221	229838830394.67206	8751665883.0066	-21557.41152352065	-753.8457444115197	-702.5280987203257
194035584.081024	-50035830368.3222	229836101392.11804	8749136204.73204	-21555.579733743896	-762.266523427566	-702.8486956843741
194039184.081024	-50113427154.35846	229833342077.59113	8746605372.576176	-21553.745421690826	-770.6857293270955	-703.169143896436
194042784.081024	-50191017332.33286	229830552456.7547	8744073387.074453	-21551.908588377595	-779.1033620438225	-703.4894433850634
194046384.081024	-50268600893.17052	229827732535.2723	8741540248.762236	-21550.069234819635	-787.5194215116894	-703.8095941787954
194049984.081024	-50346177827.80044	229824882318.8078	8739005958.174767	-21548.22736203167	-795.9339076649412	-704.1295963061632
194053584.081024	-50423748127.15526	229822001813.02518	8736470515.847198	-21546.382971027735	-804.346820438072	-704.4494497956871
194057184.081024	-50501311782.17121	229819091023.58878	8733933922.314571	-21544.53606282113	-812.7581597658286	-704.769154675877
194060784.081024	-50578868783.78817	229816149956.16306	8731396178.111828	-21542.686638424464	-821.1679255832387	-705.0887109752329
194064384.081024	-50656419122.94959	229813178616.41284	8728857283.773813	-21540.834698849645	-829.5761178255689	-705.4081187222441
194067984.081024	-50733962790.60279	229810177010.0031	8726317239.835262	-21538.98024510784	-837.9827364283865	-705.7273779453913
194071584.081024	-50811499777.69857	229807145142.599	8723776046.8308	-21537.123278209547	-846.3877813274971	-706.0464886731434
194075184.081024	-50889030075.19125	229804083019.86603	8721233705.294973	-21535.26379916454	-854.791252458951	-706.365450933959
194078784.081024	-50966553674.039246	229800990647.46988	8718690215.7622	-21533.401808981882	-863.1931497591063	-706.6842647562885
194082384.081024	-51044070565.2039	229797868031.07645	8716145578.766817	-21531.537308669955	-871.593473164528	-707.0029301685698
194085984.081024	-51121580739.65065	229794715176.35187	8713599794.843046	-21529.670299236397	-879.992222612067	-707.321447199231
194089584.081024	-51199084188.34872	229791532088.9625	8711052864.525005	-21527.80078168818	-888.3893980388534	-707.6398158766918
194093184.081024	-51276580902.270355	229788318774.57486	8708504788.346722	-21525.928757031543	-896.7849993822224	-707.9580362293589
194096784.081024	-51354070872.392044	229785075238.85596	8705955566.84211	-21524.054226272037	-905.1790265798281	-708.2761082856307
194100384.081024	-51431554089.693504	229781801487.4726	8703405200.544987	-21522.177190414506	-913.5714795695394	-708.5940320738947
194103984.081024	-51509030545.1581	229778497526.09216	8700853689.989067	-21520.297650463086	-921.9623582894856	-708.9118076225275
194107584.081024	-51586500229.77305	229775163360.3821	8698301035.707958	-21518.41560742122	-930.3516626780793	-709.2294349598965
194111184.081024	-51663963134.52903	229771798996.0101	8695747238.235172	-21516.53106229163	-938.7393926739719	-709.5469141143583
194114784.081024	-51741419250.42024	229768404438.64417	8693192298.10412	-21514.64401607635	-947.1255482160618	-709.8642451142587
194118384.081024	-51818868568.44462	229764979693.95233	8690636215.848104	-21512.754469776715	-955.5101292435197	-710.1814279879341
194121984.081024	-51896311079.60365	229761524767.60312	8688078992.000328	-21510.862424393352	-963.8931356957542	-710.4984627637093
194125584.081024	-51973746774.9027	229758039665.26495	8685520627.093885	-21508.967880926182	-972.2745675124629	-710.8153494699009
194129184.081024	-52051175645.34993	229754524392.60663	8682961121.661789	-21507.070840374443	-980.6544246335266	-711.1320881348115
194132784.081024	-52128597681.95795	229750978955.29724	8680400476.236935	-21505.17130373665	-989.0327069991399	-711.4486787867365
194136384.081024	-52206012875.74269	229747403359.00604	8677838691.35211	-21503.26927201063	-997.4094145497475	-711.7651214539605
194139984.081024	-52283421217.72349	229743797609.40237	8675275767.540012	-21501.364746193525	-1005.7845472260083	-712.081416164756
194143584.081024	-52360822698.92362	229740161712.1559	8672711705.333233	-21499.457727281733	-1014.1581049688784	-712.3975629473871
194147184.081024	-52438217310.36952	229736495672.93655	8670146505.264267	-21497.548216271007	-1022.53008771952	-712.7135618301056
194150784.081024	-52515605043.091515	229732799497.4144	8667580167.865501	-21495.636214156377	-1030.9004954193738	-713.0294128411542
194154384.081024	-52592985888.12321	229729073191.2597	8665012693.669228	-21493.721721932172	-1039.2693280100984	-713.3451160087639
194157984.081024	-52670359836.502365	229725316760.1429	8662444083.207619	-21491.80474059202	-1047.636585433664	-713.6606713611569
194161584.081024	-52747726879.26971	229721530209.73483	8659874337.012772	-21489.88527112886	-1056.002267632227	-713.9760789265433
194165184.081024	-52825087007.47004	229717713545.70636	8657303455.616657	-21487.963314534933	-1064.36637454824	-714.2913387331246
194168784.081024	-52902440212.15099	229713866773.72852	8654731439.55117	-21486.038871801793	-1072.7289061243282	-714.6064508090883
194172384.081024	-52979786484.36472	229709989899.4727	8652158289.348076	-21484.11194392028	-1081.0898623034673	-714.921415182616
194175984.081024	-53057125815.16625	229706082928.61044	8649584005.539062	-21482.182531880553	-1089.4492430288	-715.2362318818751
194179584.081024	-53134458195.614456	229702145866.81348	8647008588.655704	-21480.250636672063	-1097.8070482437479	-715.5509009350244
194183184.081024	-53211783616.77163	229698178719.7538	8644432039.229475	-21478.316259283576	-1106.1632778919593	-715.8654223702108
