179655346.441728	153594957166.26538	-26601407532.574753	3572444326.8086643	8862.85183248942	30968.63856712709	1662.9606247174938
179658946.441728	153626828588.47717	-26489914407.81418	3578430174.220258	8843.493950578562	30971.98382348403	1662.5100519180296
179662546.441728	153658630323.50946	-26378409266.87285	3584414398.4082694	8824.136735215045	30975.314223894635	1662.0588339482347
179666146.441728	153690362373.7882	-26266892163.223743	3590396997.0512753	8804.780201083087	30978.629772959575	1661.606971469837
179669746.441728	153722024741.79233	-26155363150.323574	3596377967.8302364	8785.424362854574	30981.9304752974	1661.1544651449833
179673346.441728	153753617430.0534	-26043822281.612114	3602357308.4284983	8766.069235189005	30985.21633554448	1660.701315636235
179676946.441728	153785140441.15594	-25932269610.512566	3608335016.5317936	8746.714832733445	30988.487358354974	1660.2475236065648
179680546.441728	153816593777.73694	-25820705190.431286	3614311089.828237	8727.361170122558	30991.74354840081	1659.7930897193564
179684146.441728	153847977442.48618	-25709129074.757782	3620285526.00834	8708.008261978546	30994.984910371637	1659.3380146384025
179687746.441728	153879291438.14606	-25597541316.864635	3626258322.764999	8688.656122911127	30998.21144897482	1658.8822990279023
179691346.441728	153910535767.51154	-25485941970.10753	3632229477.793503	8669.30476751752	31001.423168935384	1658.4259435524582
179694946.441728	153941710433.43008	-25374331087.825	3638198988.7915363	8649.954210382417	31004.620074996008	1657.9689488770753
179698546.441728	153972815438.8017	-25262708723.338547	3644166853.459176	8630.604466077973	31007.802171916974	1657.5113156671596
179702146.441728	154003850786.57874	-25151074929.952396	3650133069.498898	8611.255549163736	31010.96946447614	1657.0530445885124
179705746.441728	154034816479.76596	-25039429760.953773	3656097634.615571	8591.907474186693	31014.121957468924	1656.5941363073337
179709346.441728	154065712521.42065	-24927773269.61233	3662060546.516469	8572.56025568121	31017.259655708254	1656.1345914902163
179712946.441728	154096538914.65207	-24816105509.180603	3668021802.911257	8553.21390816898	31020.382564024556	1655.6744108041437
179716546.441728	154127295662.622	-24704426532.893482	3673981401.5120134	8533.868446159056	31023.49068726571	1655.2135949164901
179720146.441728	154157982768.54446	-24592736393.968525	3679939340.0332165	8514.523884147791	31026.584030297014	1654.7521444950162
179723746.441728	154188600235.6853	-24481035145.605724	3685895616.19174	8495.180236618831	31029.66259800117	1654.2900602078691
179727346.441728	154219148067.36282	-24369322840.987423	3691850227.7068768	8475.837518043081	31032.72639527823	1653.8273427235772
179730946.441728	154249626266.94733	-24257599533.27833	3697803172.300318	8456.495742878684	31035.77542704562	1653.363992711053
179734546.441728	154280034837.86102	-24145865275.625393	3703754447.696164	8437.154925571027	31038.809698238027	1652.9000108395853
179738146.441728	154310373783.5782	-24034120121.157753	3709704051.6209335	8417.815080552653	31041.82921380744	1652.435397778842
179741746.441728	154340643107.625	-23922364122.986732	3715651981.8035507	8398.47622224331	31044.83397872307	1651.9701541988638
179745346.441728	154370842813.57968	-23810597334.205765	3721598235.975347	8379.138365049881	31047.823997971336	1651.5042807700656
179748946.441728	154400972905.07196	-23698819807.890167	3727542811.87008	8359.801523366386	31050.799276555874	1651.0377781632337
179752546.441728	154431033385.78378	-23587031597.097347	3733485707.223915	8340.465711573946	31053.75981949742	1650.570647049521
179756146.441728	154461024259.44843	-23475232754.866516	3739426919.775433	8321.130944040762	31056.70563183386	1650.1028881004474
179759746.441728	154490945529.85117	-23363423334.218838	3745366447.2656403	8301.79723512211	31059.63671862016	1649.6345019878995
179763346.441728	154520797200.82886	-23251603388.15703	3751304287.4379563	8282.464599160285	31062.55308492833	1649.1654893841237
179766946.441728	154550579276.2699	-23139772969.66576	3757240438.038225	8263.133050484623	31065.454735847437	1648.6958509617275
179770546.441728	154580291760.11426	-23027932131.711246	3763174896.8147063	8243.802603411428	31068.341676483487	1648.2255873936772
179774146.441728	154609934656.35358	-22916080927.241302	3769107661.518092	8224.473272244006	31071.2139119595	1647.754699353295
179777746.441728	154639507969.03067	-22804219409.18518	3775038729.901491	8205.14507127259	31074.0714474154	1647.2831875142565
179781346.441728	154669011702.24005	-22692347630.453747	3780968099.7204447	8185.8180147743515	31076.91428800804	1646.8110525505904
179784946.441728	154698445860.1275	-22580465643.93914	3786895768.7329164	8166.492117013371	31079.742438911104	1646.3382951366739
179788546.441728	154727810446.89017	-22468573502.514954	3792821734.699299	8147.167392240617	31082.555905315134	1645.8649159472338
179792146.441728	154757105466.7763	-22356671259.036034	3798745995.382415	8127.843854693924	31085.35469242747	1645.3909156573413
179795746.441728	154786330924.08566	-22244758966.33837	3804668548.5475206	8108.521518597958	31088.138805472252	1644.9162949424124
179799346.441728	154815486823.16904	-22132836677.23923	3810589391.9623017	8089.200398164219	31090.908249690332	1644.4410544782038
179802946.441728	154844573168.42834	-22020904444.536903	3816508523.3968763	8069.880507591	31093.663030339285	1643.9651949408128
179806546.441728	154873589964.3166	-21908962321.010742	3822425940.623799	8050.561861063377	31096.403152693383	1643.4887170066722
179810146.441728	154902537215.33783	-21797010359.421074	3828341641.4180627	8031.244472753177	31099.12862204352	1643.0116213525532
179813746.441728	154931414926.04724	-21685048612.509277	3834255623.557085	8011.928356818982	31101.839443697234	1642.5339086555582
179817346.441728	154960223101.05072	-21573077132.997334	3840167884.8207417	7992.613527406072	31104.53562297863	1642.055579593122
179820946.441728	154988961745.00534	-21461095973.58826	3846078422.991332	7973.299998646423	31107.217165228387	1641.5766348430084
179824546.441728	155017630862.61874	-21349105186.965694	3851987235.8536005	7953.987784658705	31109.8840758037	1641.097075083308
179828146.441728	155046230458.64954	-21237104825.79404	3857894321.1947336	7934.676899548217	31112.53636007826	1640.6169009924376
179831746.441728	155074760537.90704	-21125094942.718235	3863799676.8043633	7915.367357406899	31115.1740234422	1640.136113249136
179835346.441728	155103221105.2513	-21013075590.363884	3869703300.47456	7896.059172313317	31117.797071302106	1639.6547125324637
179838946.441728	155131612165.59305	-20901046821.336952	3875605189.9998455	7876.7523583326065	31120.405509080963	1639.172699521801
179842546.441728	155159933723.89352	-20789008688.22402	3881505343.1771803	7857.446929516495	31122.9993422181	1638.6900748968428
179846146.441728	155188185785.1646	-20676961243.592003	3887403757.80598	7838.142899903243	31125.57857616919	1638.206839337601
179849746.441728	155216368354.46866	-20564904539.98808	3893300431.688106	7818.8402835176585	31128.143216406224	1637.7229935244004
179853346.441728	155244481436.9186	-20452838629.93975	3899195362.6278677	7799.539094371054	31130.693268417454	1637.2385381378754
179856946.441728	155272525037.6776	-20340763565.954746	3905088548.432027	7780.2393464612205	31133.228737707366	1636.7534738589702
179860546.441728	155300499161.9594	-20228679400.520897	3910979986.9097986	7760.941053772441	31135.749629796665	1636.2678013689351
179864146.441728	155328403815.02783	-20116586186.106197	3916869675.8728485	7741.644230275425	31138.255950222225	1635.7815213493257
179867746.441728	155356239002.19714	-20004483975.15864	3922757613.135296	7722.348889927345	31140.747704537065	1635.2946344819998
179871346.441728	155384004728.83182	-19892372820.106155	3928643796.513721	7703.055046671747	31143.224898310316	1634.8071414491158
179874946.441728	155411701000.34644	-19780252773.356754	3934528223.8271503	7683.7627144386	31145.687537127196	1634.3190429331312
179878546.441728	155439327822.2057	-19668123887.298096	3940410892.897078	7664.4719071442305	31148.13562658898	1633.8303396168008
179882146.441728	155466885199.92447	-19555986214.297783	3946291801.547452	7645.182638691306	31150.569172312935	1633.3410321831707
179885746.441728	155494373139.06757	-19443839806.703148	3952170947.604677	7625.894922968859	31152.988179932334	1632.851121315584
179889346.441728	155521791645.24973	-19331684716.841225	3958048328.897622	7606.608773852201	31155.39265509641	1632.360607697671
179892946.441728	155549140724.13586	-19219520997.018612	3963923943.25762	7587.324205202956	31157.78260347029	1631.8694920133512
179896546.441728	155576420381.44043	-19107348699.521576	3969797788.5184603	7568.041230869014	31160.158030735016	1631.3777749468313
179900146.441728	155603630622.92792	-18995167876.615837	3975669862.5163994	7548.759864684532	31162.518942587474	1630.8854571826018
179903746.441728	155630771454.41254	-18882978580.546597	3981540163.0901594	7529.4801204699015	31164.8653447404	1630.3925394054359
179907346.441728	155657842881.7582	-18770780863.538445	3987408688.080926	7510.202012031713	31167.197242922288	1629.8990223003866
179910946.441728	155684844910.87863	-18658574777.795403	3993275435.3323526	7490.925553162779	31169.514642877428	1629.4049065527856
179914546.441728	155711777547.73697	-18546360375.500725	3999140402.6905556	7471.650757642081	31171.81755036581	1628.9101928482414
179918146.441728	155738640798.3462	-18434137708.816845	4005003588.0041313	7452.377639234756	31174.105971163153	1628.4148818726358
179921746.441728	155765434668.7685	-18321906829.885395	4010864989.1241384	7433.1062116921	31176.37991106083	1627.9189743121237
179925346.441728	155792159165.1159	-18209667790.827286	4016724603.9041023	7413.83648875152	31178.639375865834	1627.42247085313
179928946.441728	155818814293.54953	-18097420643.74229	4022582430.2000265	7394.568484136536	31180.88437140078	1626.925372182348
179932546.441728	155845400060.28012	-17985165440.709316	4028438465.870386	7375.302211556745	31183.11490350385	1626.4276789867374
179936146.441728	155871916471.5676	-17872902233.786156	4034292708.7761264	7356.0376847078205	31185.33097802876	1625.9293919535212
179939746.441728	155898363533.7213	-17760631075.00956	4040145156.7806716	7336.774917271488	31187.532600844726	1625.4305117701858
179943346.441728	155924741253.09967	-17648352016.395042	4045995807.749917	7317.513922915496	31189.71977783645	1624.9310391244776
179946946.441728	155951049636.1104	-17536065109.937057	4051844659.5522375	7298.254715293612	31191.892514904066	1624.4309747044006
179950546.441728	155977288689.21024	-17423770407.608562	4057691710.058486	7278.9973080456075	31194.050817963136	1623.9303191982162
179954146.441728	156003458418.9051	-17311467961.361416	4063536957.1419873	7259.741714797214	31196.19469294457	1623.4290732944385
179957746.441728	156029558831.7499	-17199157823.125923	4069380398.6785545	7240.487949160135	31198.324145794657	1622.9272376818353
179961346.441728	156055589934.3485	-17086840044.81107	4075222032.5464725	7221.236024732035	31200.439182474976	1622.4248130494248
179964946.441728	156081551733.35373	-16974514678.304352	4081061856.6265116	7201.985955096452	31202.539808962385	1621.9218000864712
179968546.441728	156107444235.46725	-16862181775.471577	4086899868.801927	7182.737753822889	31204.62603124901	1621.418199482488
179972146.441728	156133267447.43954	-16749841388.157196	4092736066.9584446	7163.49143446669	31206.697855342183	1620.9140119272306
179975746.441728	156159021376.06998	-16637493568.18372	4098570448.98429	7144.247010569108	31208.75528726441	1620.4092381106977
179979346.441728	156184706028.20645	-16525138367.352257	4104403012.7701573	7125.004495657232	31210.798333053368	1619.9038787231286
179982946.441728	156210321410.7457	-16412775837.441849	4110233756.2092395	7105.763903243987	31212.826998761844	1619.3979344550007
179986546.441728	156235867530.633	-16300406030.20996	4116062677.1972065	7086.525246828129	31214.841290457727	1618.8914059970275
179990146.441728	156261344394.86218	-16188028997.392097	4121889773.632217	7067.288539894206	31216.84121422393	1618.3842940401564
179993746.441728	156286752010.4758	-16075644790.701733	4127715043.4149265	7048.053795912554	31218.826776158417	1617.8765992755689
179997346.441728	156312090384.56448	-15963253461.830582	4133538484.4484634	7028.821028339285	31220.797982374133	1617.368322394675
180000946.441728	156337359524.26764	-15850855062.448185	4139360094.638457	7009.590250616262	31222.754838998982	1616.8594640891142
180004546.441728	156362559436.77283	-15738449644.201942	4145179871.893025	6990.361476171069	31224.697352175786	1616.3500250507518
180008146.441728	156387690129.3161	-15626037258.717258	4150997814.122775	6971.134718417018	31226.625528062283	1615.840005971679
180011746.441728	156412751609.18158	-15513617957.597229	4156813919.2408037	6951.909990753128	31228.53937283105	1615.3294075442075
180015346.441728	156437743883.70166	-15401191792.422794	4162628185.1627045	6932.687306564109	31230.438892669517	1614.818230460872
180018946.441728	156462666960.25702	-15288758814.752506	4168440609.806565	6913.466679220312	31232.32409377987	1614.306475414423
180022546.441728	156487520846.27634	-15176319076.1226	4174251191.092964	6894.248122077754	31234.194982379093	1613.79414309783
180026146.441728	156512305549.23627	-15063872628.046894	4180059926.944978	6875.0316484781015	31236.051564698893	1613.2812342042755
180029746.441728	156537021076.6616	-14951419522.016773	4185866815.2881765	6855.817271748618	31237.893846985688	1612.7677494271566
180033346.441728	156561667436.12506	-14838959809.501122	4191671854.0506253	6836.605005202198	31239.72183550053	1612.2536894600782
180036946.441728	156586244635.24725	-14726493541.946205	4197475041.1628923	6817.3948621372965	31241.535536519143	1611.739054996858
180040546.441728	156610752681.6966	-14614020770.775604	4203276374.5580425	6798.186855837926	31243.334956331826	1611.2238467315167
180044146.441728	156635191583.18927	-14501541547.390491	4209075852.171629	6778.980999573713	31245.12010124346	1610.7080653582825
180047746.441728	156659561347.48947	-14389055923.168964	4214873471.9417243	6759.777306599766	31246.890977573472	1610.1917115715855
180051346.441728	156683861982.40866	-14276563949.46666	4220669231.808883	6740.575790156745	31248.64759165577	1609.6747860660564
180054946.441728	156708093495.8063	-14164065677.616135	4226463129.7161717	6721.376463470794	31250.38994983874	1609.1572895365262
180058546.441728	156732255895.5892	-14051561158.927288	4232255163.6091495	6702.179339753592	31252.118058485226	1608.6392226780222
180062146.441728	156756349189.7119	-13939050444.686817	4238045331.435893	6682.984432202237	31253.831923972466	1608.1205861857666
180065746.441728	156780373386.1763	-13826533586.158783	4243833631.1469617	6663.791753999344	31255.53155269208	1607.6013807551758
180069346.441728	156804328493.03174	-13714010634.583889	4249620060.6954393	6644.601318312919	31257.216951050006	1607.0816070818564
180072946.441728	156828214518.375	-13601481641.17995	4255404618.0368967	6625.4131382964515	31258.888125466518	1606.5612658616053
180076546.441728	156852031470.35004	-13488946657.141537	4261187301.1294203	6606.227227088804	31260.54508237616	1606.040357790406
180080146.441728	156875779357.14832	-13376405733.640106	4266968107.9336004	6587.043597814258	31262.187828227718	1605.5188835644287
180083746.441728	156899458187.00836	-13263858921.823803	4272747036.4125347	6567.862263582469	31263.81636948417	1604.9968438800256
180087346.441728	156923067968.21588	-13151306272.817566	4278524084.531822	6548.6832374884825	31265.430712622732	1604.4742394337327
180090946.441728	156946608709.10373	-13038747837.72287	4284299250.2595797	6529.50653261266	31267.0308641347	1603.9510709222627
180094546.441728	156970080418.05185	-12926183667.617962	4290072531.5664206	6510.332162020754	31268.616830525512	1603.4273390425087
180098146.441728	156993483103.48712	-12813613813.557419	4295843926.42548	6491.160138763791	31270.188618314693	1602.903044491539
180101746.441728	157016816773.8834	-12701038326.572544	4301613432.812391	6471.990475878138	31271.746234035803	1602.3781879665946
180105346.441728	157040081437.76147	-12588457257.670998	4307381048.705305	6452.8231863854535	31273.289684236443	1601.852770165091
180108946.441728	157063277103.68903	-12475870657.836796	4313146772.084886	6433.65828329266	31274.818975478163	1601.326791784611
180112546.441728	157086403780.28046	-12363278578.03041	4318910600.934298	6414.4957795919745	31276.334114336492	1600.8002535229084
180116146.441728	157109461476.19693	-12250681069.188545	4324672533.23923	6395.335688260827	31277.835107400857	1600.2731560779007
180119746.441728	157132450200.14633	-12138078182.224125	4330432566.987878	6376.178022261923	31279.32196127459	1599.745500147671
180123346.441728	157155369960.88318	-12025469968.026463	4336190700.17095	6357.0227945431825	31280.794682574862	1599.2172864304666
180126946.441728	157178220767.2085	-11912856477.460728	4341946930.781671	6337.8700180377045	31282.253277932676	1598.6885156246926
180130546.441728	157201002627.97	-11800237761.368488	4347701256.815779	6318.719705663823	31283.697753992798	1598.1591884289137
180134146.441728	157223715552.06174	-11687613870.567162	4353453676.271529	6299.57187032502	31285.128117413784	1597.6293055418516
180137746.441728	157246359548.4242	-11574984855.850273	4359204187.149689	6280.426524909978	31286.544374867884	1597.0988676623833
180141346.441728	157268934626.0444	-11462350767.987255	4364952787.453545	6261.2836822924955	31287.946533041053	1596.5678754895382
180144946.441728	157291440793.95557	-11349711657.723488	4370699475.188901	6242.143355331532	31289.334598632897	1596.0363297224967
180148546.441728	157313878061.23703	-11237067575.780125	4376444248.364075	6223.005556871168	31290.70857835665	1595.5042310605893
180152146.441728	157336246437.01462	-11124418572.854252	4382187104.989904	6203.870299740604	31292.068478939134	1594.971580203293
180155746.441728	157358545930.46014	-11011764699.61869	4387928043.079742	6184.73759675413	31293.414307120733	1594.4383778502304
180159346.441728	157380776550.79156	-10899106006.721786	4393667060.649469	6165.607460711105	31294.746069655364	1593.904624701168
180162946.441728	157402938307.27292	-10786442544.787792	4399404155.717476	6146.479904395989	31296.063773310416	1593.3703214560132
180166546.441728	157425031209.2142	-10673774364.416462	4405139326.304678	6127.354940578283	31297.367424866752	1592.835468814814
180170146.441728	157447055265.97137	-10561101516.183102	4410872570.434508	6108.232582012528	31298.65703111868	1592.300067477756
180173746.441728	157469010486.94626	-10448424050.638596	4416603886.132923	6089.112841438317	31299.932598873875	1591.7641181451609
180177346.441728	157490896881.58658	-10335742018.309238	4422333271.428398	6069.995731580238	31301.19413495338	1591.2276215174843
180180946.441728	157512714459.38577	-10223055469.69675	4428060724.351934	6050.881265147897	31302.441646191597	1590.6905782953145
180184546.441728	157534463229.883	-10110364455.27826	4433786242.937051	6031.769454835892	31303.67513943618	1590.1529891793705
180188146.441728	157556143202.66315	-9997669025.506176	4439509825.219794	6012.660313323792	31304.894621548086	1589.6148548704987
180191746.441728	157577754387.35672	-9884969230.808212	4445231469.23873	5993.553853276125	31306.100099401494	1589.0761760696726
180195346.441728	157599296793.6397	-9772265121.58736	4450951173.034948	5974.4500873424195	31307.29157988376	1588.536953477992
180198946.441728	157620770431.23364	-9659556748.221619	4456668934.652063	5955.349028157087	31308.46906989544	1587.9971877966782
180202546.441728	157642175309.90567	-9546844161.064323	4462384752.136219	5936.2506883394935	31309.632576350195	1587.456879727073
180206146.441728	157663511439.46808	-9434127410.44387	4468098623.536073	5917.155080493933	31310.7821061748	1586.9160299706398
180209746.441728	157684778829.77866	-9321406546.663494	4473810546.902824	5898.062217209566	31311.91766630911	1586.3746392289568
180213346.441728	157705977490.74054	-9208681620.001694	4479520520.290183	5878.972111060487	31313.039263705992	1585.83270820372
180216946.441728	157727107432.30194	-9095952680.711796	4485228541.754392	5859.884774605654	31314.146905331338	1585.2902375967371
180220546.441728	157748168664.45636	-8983219779.021885	4490934609.354223	5840.800220388869	31315.24059816399	1584.7472281099297
180224146.441728	157769161197.24246	-8870482965.135143	4496638721.15097	5821.718460938812	31316.32034919574	1584.2036804453273
180227746.441728	157790085040.7439	-8757742289.229408	4502340875.20846	5802.639508769011	31317.386165431282	1583.6595953050696
180231346.441728	157810940205.08936	-8644997801.457386	4508041069.5930395	5783.563376377803	31318.438053888178	1583.1149733914017
180234946.441728	157831726700.45255	-8532249551.94632	4513739302.373592	5764.49007624837	31319.47602159684	1582.5698154066731
180238546.441728	157852444537.05203	-8419497590.798332	4519435571.621525	5745.419620848682	31320.500075600474	1582.0241220533355
180242146.441728	157873093725.15125	-8306741968.089981	4525129875.410776	5726.3520226314895	31321.51022295507	1581.4778940339424
180245746.441728	157893674275.0585	-8193982733.872559	4530822211.817813	5707.287294034366	31322.506470729342	1580.931132051147
180249346.441728	157914186197.12674	-8081219938.17173	4536512578.921631	5688.225447479621	31323.48882600473	1580.3838368076968
180252946.441728	157934629501.75372	-7968453630.987759	4542200974.803762	5669.166495374342	31324.45729587535	1579.8360090064375
180256546.441728	157955004199.38165	-7855683862.295403	4547887397.548252	5650.110450110381	31325.41188744794	1579.287649350308
180260146.441728	157975310300.49756	-7742910682.043568	4553571845.241701	5631.057324064284	31326.352607841873	1578.738758542337
180263746.441728	157995547815.6328	-7630134140.155815	4559254315.973217	5612.007129597374	31327.279464189087	1578.1893372856457
180267346.441728	158015716755.36337	-7517354286.5297165	4564934807.834461	5592.959879055631	31328.19246363407	1577.6393862834404
180270946.441728	158035817130.3095	-7404571171.037308	4570613318.91961	5573.915584769789	31329.09161333381	1577.088906239017
180274546.441728	158055848951.136	-7291784843.524818	4576289847.325375	5554.874259055261	31329.976920457782	1576.5378978557533
180278146.441728	158075812228.5518	-7178995353.8124695	4581964391.1510105	5535.835914212119	31330.848392187916	1575.9863618371107
180281746.441728	158095706973.3101	-7066202751.694908	4587636948.498283	5516.800562525147	31331.706035718547	1575.434298886632
180285346.441728	158115533196.20847	-6953407086.940479	4593307517.471519	5497.768216263743	31332.54985825638	1574.8817097079377
180288946.441728	158135290908.0884	-6840608409.291962	4598976096.177552	5478.738887681996	31333.37986702048	1574.3285950047273
180292546.441728	158154980119.83566	-6727806768.465809	4604642682.725767	5459.712589018601	31334.196069242247	1573.7749554807738
180296146.441728	158174600842.37994	-6615002214.152554	4610307275.228075	5440.689332496894	31334.99847216532	1573.2207918399247
180299746.441728	158194153086.69485	-6502194796.01667	4615969871.79892	5421.669130324835	31335.78708304563	1572.6661047861003
180303346.441728	158213636863.79813	-6389384563.696365	4621630470.555284	5402.651994694986	31336.561909151293	1572.11089502329
180306946.441728	158233052184.75113	-6276571566.803799	4627289069.616679	5383.637937784498	31337.32295776263	1571.555163255551
180310546.441728	158252399060.65924	-6163755854.924717	4632945667.105162	5364.626971755107	31338.07023617211	1570.9989101870078
180314146.441728	158271677502.67142	-6050937477.618801	4638600261.145311	5345.619108753137	31338.80375168431	1570.4421365218498
180317746.441728	158290887521.9804	-5938116484.419285	4644252849.86425	5326.614360909472	31339.523511615924	1569.8848429643285
180321346.441728	158310029129.8227	-5825292924.8330765	4649903431.391628	5307.612740339549	31340.229523295653	1569.3270302187568
180324946.441728	158329102337.47812	-5712466848.340694	4655552003.859642	5288.614259143361	31340.921794064263	1568.7686989895085
180328546.441728	158348107156.27026	-5599638304.396099	4661198565.403019	5269.618929405409	31341.600331274487	1568.209849981012
180332146.441728	158367043597.5661	-5486807342.426933	4666843114.159016	5250.626763194764	31342.265142291024	1567.6504838977548
180335746.441728	158385911672.77594	-5373974011.834198	4672485648.267437	5231.637772564961	31342.916234490473	1567.0906014442753
180339346.441728	158404711393.3537	-5261138361.992313	4678126165.870617	5212.6519695540765	31343.55361526135	1566.5302033251667
180342946.441728	158423442770.79633	-5148300442.249138	4683764665.113425	5193.669366184674	31344.17729200402	1565.969290245071
180346546.441728	158442105816.6442	-5035460301.925823	4689401144.143273	5174.689974463809	31344.78727213068	1565.4078629086812
180350146.441728	158460700542.48083	-4922617990.316795	4695035601.110107	5155.713806382998	31345.383563065305	1564.8459220207342
180353746.441728	158479226959.9329	-4809773556.689842	4700668034.166408	5136.740873918241	31345.966172243632	1564.2834682860143
180357346.441728	158497685080.6701	-4696927050.285866	4706298441.467194	5117.771189029997	31346.535107113144	1563.7205024093494
180360946.441728	158516074916.40533	-4584078520.318878	4711926821.17003	5098.804763663155	31347.090375132997	1563.1570250956083
180364546.441728	158534396478.89426	-4471228015.976135	4717553171.435005	5079.841609747062	31347.631983774016	1562.5930370496992
180368146.441728	158552649779.93555	-4358375586.41798	4723177490.424753	5060.881739195495	31348.159940518657	1562.0285389765709
180371746.441728	158570834831.3708	-4245521280.777725	4728799776.304449	5041.925163906643	31348.674252860976	1561.4635315812056
180375346.441728	158588951645.08423	-4132665148.161682	4734420027.2417965	5022.97189576311	31349.17492830659	1560.898015568623
180378946.441728	158607000233.00308	-4019807237.649143	4740038241.407049	5004.0219466319	31349.661974372655	1560.3319916438743
180382546.441728	158624980607.09708	-3906947598.2923775	4745654416.972987	4985.075328364435	31350.13539858781	1559.7654605120424
180386146.441728	158642892779.37854	-3794086279.1164894	4751268552.114932	4966.132052796501	31350.595208492166	1559.1984228782399
180389746.441728	158660736761.90262	-3681223329.1193542	4756880645.010754	4947.192131748251	31351.041411637285	1558.6308794476067
180393346.441728	158678512566.76678	-3568358797.2717323	4762490693.840846	4928.25557702424	31351.474015586104	1558.0628309253102
180396946.441728	158696220206.11093	-3455492732.517067	4768098696.788151	4909.322400413346	31351.893027912945	1557.4942780165397
180400546.441728	158713859692.11758	-3342625183.7715683	4773704652.03815	4890.392613688821	31352.298456203465	1556.9252214265096
180404146.441728	158731431037.01147	-3229756199.9241333	4779308557.778852	4871.466228608261	31352.690308054625	1556.355661860454
180407746.441728	158748934253.05963	-3116885829.8362274	4784910412.200817	4852.543256913594	31353.06859107464	1555.785600023626
180411346.441728	158766369352.57135	-3004014122.3418694	4790510213.497142	4833.62371033105	31353.433312882997	1555.2150366212968
180414946.441728	158783736347.8982	-2891141126.2477417	4796107959.863459	4814.707600571228	31353.78448111036	1554.6439723587544
180418546.441728	158801035251.43372	-2778266890.333004	4801703649.497939	4795.794939328985	31354.12210339858	1554.072407941298
180422146.441728	158818266075.6136	-2665391463.349209	4807297280.601297	4776.885738283502	31354.446187400637	1553.5003440742416
180425746.441728	158835428832.9156	-2552514894.0204887	4812888851.37678	4757.98000909827	31354.75674078064	1552.9277814629095
180429346.441728	158852523535.85928	-2439637231.0431366	4818478360.030182	4739.077763421024	31355.053771213756	1552.354720812634
180432946.441728	158869550197.00635	-2326758523.0860214	4824065804.769832	4720.179012883826	31355.337286386202	1551.7811628287554
180436546.441728	158886508828.96024	-2213878818.790222	4829651183.806597	4701.283769102973	31355.607293995214	1551.2071082166194
180440146.441728	158903399444.36594	-2100998166.7690887	4835234495.353883	4682.3920436790395	31355.863801748987	1550.6325576815757
180443746.441728	158920222055.91058	-1988116615.6082115	4840815737.627642	4663.503848196846	31356.10681736668	1550.057511928976
180447346.441728	158936976676.32275	-1875234213.8653336	4846394908.846355	4644.619194225469	31356.33634857836	1549.481971664172
180450946.441728	158953663318.3727	-1762351010.0704498	4851972007.231056	4625.738093318223	31356.55240312497	1548.9059375925158
180454546.441728	158970281994.87216	-1649467052.7255363	4857547031.0053005	4606.860557012646	31356.754988758323	1548.3294104193544
180458146.441728	158986832718.67453	-1536582390.304737	4863119978.395201	4587.986596830516	31356.944113241007	1547.752390850032
180461746.441728	159003315502.6745	-1423697071.2542343	4868690847.629394	4569.11622427781	31357.119784346432	1547.174879589886
180465346.441728	159019730359.8083	-1310811143.992157	4874259636.939065	4550.249450844735	31357.28200985875	1546.5968773442455
180468946.441728	159036077303.0533	-1197924656.9086304	4879826344.557936	4531.386288005693	31357.43079757284	1546.0183848184306
180472546.441728	159052356345.4284	-1085037658.3656807	4885390968.722267	4512.526747219277	31357.566155294226	1545.4394027177495
180476146.441728	159068567499.99347	-972150196.6971169	4890953507.670859	4493.670839928263	31357.688090839158	1544.8599317474977
180479746.441728	159084710779.8498	-859262320.2088051	4896513959.645052	4474.818577559632	31357.79661203443	1544.2799726129567
180483346.441728	159100786198.13956	-746374077.1782646	4902072322.888723	4455.969971524522	31357.891726717484	1543.6995260193903
180486946.441728	159116793768.04602	-633485515.8548546	4907628595.648288	4437.125033218248	31357.973442736304	1543.1185926720468
180490546.441728	159132733502.79364	-520596684.45954514	4913182776.172703	4418.283774020276	31358.04176794939	1542.5371732761523
180494146.441728	159148605415.64755	-407707631.1851692	4918734862.71346	4399.446205294249	31358.096710225735	1541.9552685369133
180497746.441728	159164409519.91394	-294818404.1959877	4924284853.524604	4380.612338387915	31358.138277444807	1541.372879159512
180501346.441728	159180145828.9397	-181929051.62812424	4929832746.862693	4361.782184633224	31358.166477496485	1540.7900058491082
180504946.441728	159195814356.11267	-69039621.58915329	4935378540.986843	4342.955755346214	31358.181318281055	1540.2066493108337
180508546.441728	159211415114.86115	43849837.841869354	4940922234.158705	4324.133061827067	31358.182807709167	1539.622810249793
180512146.441728	159226948118.65427	156739278.61424637	4946463824.642462	4305.314115360093	31358.170953701796	1539.0384893710611
180515746.441728	159242413381.0017	269628652.70591736	4952003310.704841	4286.49892721371	31358.145764190223	1538.4536873796826
180519346.441728	159257810915.45367	382517912.12332916	4957540690.615105	4267.687508640456	31358.107247116	1537.868404980668
180522946.441728	159273140735.60086	495407008.9016266	4963075962.645058	4248.879870876959	31358.055410430894	1537.2826428789947
180526546.441728	159288402855.07443	608295895.1044579	4968609125.0690365	4230.076025143959	31357.9902620969	1536.6964017796035
180530146.441728	159303597287.54578	721184522.8243027	4974140176.1639185	4211.275982646275	31357.91181008617	1536.1096823873968
180533746.441728	159318724046.7268	834072844.1822472	4979669114.20912	4192.479754572828	31357.820062380993	1535.5224854072399
180537346.441728	159333783146.36948	946960811.3281937	4985195937.486592	4173.687352096608	31357.715026973776	1534.934811543955
180540946.441728	159348774600.26605	1059848376.440815	4990720644.280823	4154.89878637468	31357.596711866972	1534.3466615023221
180544546.441728	159363698422.24884	1172735491.7275963	4996243232.8788395	4136.114068548175	31357.465125073122	1533.7580359870792
180548146.441728	159378554626.19037	1285622109.4249382	5001763701.570207	4117.333209742301	31357.320274614733	1533.168935702916
180551746.441728	159393343226.0031	1398508181.7980804	5007282048.647024	4098.556221066311	31357.162168524326	1532.5793613544765
180555346.441728	159408064235.63953	1511393661.1411934	5012798272.403927	4079.7831136135173	31356.990814844336	1531.9893136463538
180558946.441728	159422717669.09192	1624278499.7774887	5018312371.138091	4061.013898461262	31356.80622162712	1531.3987932830935
180562546.441728	159437303540.39252	1737162650.0591774	5023824343.149227	4042.2485866709476	31356.60839693495	1530.807800969186
180566146.441728	159451821863.61322	1850046064.3673553	5029334186.739574	4023.48718928802	31356.39734883989	1530.21633740907
180569746.441728	159466272652.86588	1962928695.112423	5034841900.21392	4004.729717341923	31356.17308542387	1529.6244033071275
180573346.441728	159480655922.30185	2075810494.7337303	5040347481.8795805	3985.9761818461593	31355.935614778577	1529.031999367685
180576946.441728	159494971686.11206	2188691415.6998634	5045850930.046406	3967.226593798224	31355.684945005472	1528.439126295009
180580546.441728	159509219958.5273	2301571410.508568	5051352243.026791	3948.48096417965	31355.42108421573	1527.845784793306
180584146.441728	159523400753.8175	2414450431.686741	5056851419.135649	3929.739303955981	31355.144040530202	1527.2519755667226
180587746.441728	159537514086.29218	2527328431.7906456	5062348456.690445	3911.0016240767427	31354.853822079407	1526.657699319339
180591346.441728	159551559970.30038	2640205363.4057465	5067843354.011168	3892.2679354754873	31354.55043700351	1526.0629567551737
180594946.441728	159565538420.23026	2753081179.1469	5073336109.420347	3873.5382490697393	31354.233893452227	1525.4677485781763
180598546.441728	159579449450.5094	2865955831.658264	5078826721.243042	3854.8125757610296	31353.904199584875	1524.8720754922297
180602146.441728	159593293075.60452	2978829273.613346	5084315187.806845	3836.0909264348866	31353.561363570298	1524.275938201147
180605746.441728	159607069310.02155	3091701457.715187	5089801507.441888	3817.3733119608014	31353.205393586806	1523.6793374086699
180609346.441728	159620778168.30548	3204572336.696232	5095285678.480831	3798.6597431922382	31352.8362978222	1523.082273818467
180612946.441728	159634419665.04037	3317441863.318424	5100767699.258867	3779.9502309666495	31352.45408447372	1522.4847481341335
180616546.441728	159647993814.84927	3430309990.373165	5106247568.113728	3761.244786105467	31352.058761747994	1521.886761059188
180620146.441728	159661500632.3941	3543176670.6816216	5111725283.385669	3742.54341941405	31351.65033786103	1521.288313297072
180623746.441728	159674940132.37585	3656041857.0942726	5117200843.417486	3723.846141681748	31351.228821038174	1520.6894055511468
180627346.441728	159688312329.5339	3768905502.4914284	5122674246.5545	3705.1529636818705	31350.79421951407	1520.0900385246964
180630946.441728	159701617238.6469	3881767559.783043	5128145491.144572	3686.4638961716455	31350.34654153267	1519.4902129209188
180634546.441728	159714854874.53186	3994627981.9086304	5133614575.538082	3667.7789498922857	31349.885795347116	1518.8899294429302
180638146.441728	159728025252.04446	4107486721.837578	5139081498.087954	3649.0981355689264	31349.41198921982	1518.2891887937626
180641746.441728	159741128386.07916	4220343732.5690002	5144546257.149635	3630.421463910643	31348.92513142233	1517.6879916763596
180645346.441728	159754164291.5687	4333198967.131752	5150008851.081105	3611.7489456104668	31348.425230235363	1517.086338793577
180648946.441728	159767132983.4844	4446052378.584602	5155469278.242876	3593.0805913453296	31347.91229394875	1516.4842308481811
180652546.441728	159780034476.83597	4558903920.016018	5160927536.99798	3574.4164117761293	31347.386330861413	1515.8816685428467
180656146.441728	159792868786.6716	4671753544.544552	5166383625.711992	3555.7564175476646	31346.847349281325	1515.2786525801562
180659746.441728	159805635928.0775	4784601205.318626	5171837542.753011	3537.1006192886425	31346.295357525458	1514.6751836625956
180663346.441728	159818335916.17834	4897446855.516525	5177289286.491659	3518.449027611726	31345.730363919825	1514.0712624925586
180666946.441728	159830968766.13693	5010290448.346661	5182738855.301098	3499.8016531134654	31345.152376799353	1513.466889772338
180670546.441728	159843534493.15408	5123131937.047295	5188186247.557004	3481.1585063743296	31344.56140450792	1512.8620662041299
180674146.441728	159856033112.46875	5235971274.886894	5193631461.63759	3462.519597958699	31343.957455398293	1512.2567924900284
180677746.441728	159868464639.358	5348808415.16399	5199074495.923598	3443.8849384148516	31343.340537832097	1511.6510693320265
180681346.441728	159880829089.13666	5461643311.20723	5204515348.798294	3425.2545382749677	31342.710660179808	1511.0448974320138
180684946.441728	159893126477.1575	5574475916.37524	5209954018.647461	3406.628408055133	31342.06783082068	1510.4382774917742
180688546.441728	159905356818.8112	5687306184.057129	5215390503.859427	3388.006558255317	31341.412058142763	1509.831210212986
180692146.441728	159917520129.52606	5800134067.671967	5220824802.82503	3369.3889993593993	31340.743350542827	1509.2236962972188
180695746.441728	159929616424.7682	5912959520.669231	5226256913.937645	3350.775741835121	31340.06171642635	1508.6157364459323
180699346.441728	159941645720.0415	6025782496.528542	5231686835.593163	3332.166796134138	31339.367164207502	1508.0073313604762
180702946.441728	159953608030.88705	6138602948.759918	5237114566.1900015	3313.562172691978	31338.659702309084	1507.3984817420874
180706546.441728	159965503372.88403	6251420830.903637	5242540104.129105	3294.961881928043	31337.939339162513	1506.7891882918884
180710146.441728	159977331761.64865	6364236096.530487	5247963447.813944	3276.365934245625	31337.20608320779	1506.1794517108867
180713746.441728	159989093212.83478	6477048699.241535	5253384595.65051	3257.774340031873	31336.459942893456	1505.5692726999723
180717346.441728	160000787742.13348	6589858592.668243	5258803546.04731	3239.187109657845	31335.70092667659	1504.958651959918
180720946.441728	160012415365.27335	6702665730.47266	5264220297.415386	3220.6042534784256	31334.929043022745	1504.3475901913744
180724546.441728	160023976098.01996	6815470066.347263	5269634848.168295	3202.025781832398	31334.144300405937	1503.7360880948736
180728146.441728	160035469956.17636	6928271554.014984	5275047196.7221155	3183.4517050424092	31333.346707308607	1503.1241463708225
180731746.441728	160046896955.5825	7041070147.229488	5280457341.495452	3164.882033414937	31332.536272221583	1502.511765719504
180735346.441728	160058257112.1155	7153865799.774826	5285865280.909424	3146.3167772403694	31331.713003644072	1501.8989468410764
180738946.441728	160069550441.68945	7266658465.465763	5291271013.387674	3127.755946792914	31330.8769100836	1501.2856904355694
180742546.441728	160080776960.2556	7379448098.147659	5296674537.356367	3109.199552330656	31330.028000055998	1500.6719972028857
180746146.441728	160091936683.80173	7492234651.696606	5302075851.244181	3090.6476040955395	31329.166282085356	1500.0578678427955
180749746.441728	160103029628.3528	7605018080.019382	5307474953.482323	3072.1001123133346	31328.29176470403	1499.4433030549385
180753346.441728	160114055809.9704	7717798337.053448	5312871842.504505	3053.5570871936916	31327.404456452554	1498.828303538822
180756946.441728	160125015244.75287	7830575376.767075	5318266516.746967	3035.018538930096	31326.504365879657	1498.212869993818
180760546.441728	160135907948.8351	7943349153.159279	5323658974.648464	3016.4844776998743	31325.591501542192	1497.597003119162
180764146.441728	160146733938.38892	8056119620.259922	5329049214.650268	2997.954913664211	31324.665872005167	1496.980703613953
180767746.441728	160157493229.62234	8168886732.129742	5334437235.196168	2979.429856968136	31323.72748584163	1496.3639721771506
180771346.441728	160168185838.78003	8281650442.860321	5339823034.732464	2960.9093177405093	31322.77635163271	1495.7468095075747
180774946.441728	160178811782.14316	8394410706.574162	5345206611.70798	2942.393306094037	31321.812477967545	1495.129216303902
180778546.441728	160189371076.02914	8507167477.42466	5350587964.574051	2923.881832125273	31320.83587344326	1494.511193264668
180782146.441728	160199863736.79178	8619920709.59626	5355967091.784522	2905.374905914581	31319.846546664943	1493.8927410882613
180785746.441728	160210289780.8211	8732670357.304276	5361343991.795759	2886.872537526202	31318.844506245623	1493.273860472927
180789346.441728	160220649224.54346	8845416374.795208	5366718663.066639	2868.374737008182	31317.82976080622	1492.6545521167607
180792946.441728	160230942084.42108	8958158716.34644	5372091104.05855	2849.881514392412	31316.80231897551	1492.0348167177103
180796546.441728	160241168376.9525	9070897336.266483	5377461313.23539	2831.392879694612	31315.76218939011	1491.414654973572
180800146.441728	160251328118.67236	9183632188.895073	5382829289.06358	2812.908842914331	31314.70938069445	1490.7940675819918
180803746.441728	160261421326.151	9296363228.602928	5388195030.012041	2794.429414034961	31313.643901540738	1490.173055240462
180807346.441728	160271448015.9948	9409090409.792015	5393558534.552208	2775.9546030237016	31312.56576058892	1489.5516186463205
180810946.441728	160281408204.84613	9521813686.895428	5398919801.158028	2757.4844198316077	31311.474966506634	1488.929758496749
180814546.441728	160291301909.38293	9634533014.37751	5404278828.305955	2739.0188743935396	31310.371527969248	1488.3074754887712
180818146.441728	160301129146.31897	9747248346.733871	5409635614.474953	2720.5579766281917	31309.25545365973	1487.6847703192534
180821746.441728	160310889932.40375	9859959638.491383	5414990158.146496	2702.1017364380887	31308.126752268716	1487.0616436849011
180825346.441728	160320584284.4223	9972666844.208164	5420342457.804564	2683.650163709576	31306.98543249439	1486.438096282258
180828946.441728	160330212219.19525	10085369918.473701	5425692511.935642	2665.203268312829	31305.831503042536	1485.8141288077052
180832546.441728	160339773753.5788	10198068815.908947	5431040319.0287285	2646.7610601018314	31304.664972626433	1485.189741957459
180836146.441728	160349268904.46442	10310763491.165905	5436385877.575319	2628.323548914419	31303.485849966877	1484.5649364275714
180839746.441728	160358697688.7792	10423453898.92846	5441729186.069427	2609.890744572209	31302.294143792136	1483.9397129139247
180843346.441728	160368060123.48532	10536139993.911503	5447070243.007555	2591.462656880697	31301.089862837915	1483.3140721122363
180846946.441728	160377356225.58044	10648821730.861614	5452409046.888721	2573.0392956291435	31299.873015847297	1482.6880147180493
180850546.441728	160386586012.09732	10761499064.55688	5457745596.21445	2554.620670590656	31298.643611570784	1482.06154142674
180854146.441728	160395749500.10388	10874171949.806728	5463079889.488754	2536.2067915221814	31297.401658766194	1481.434652933509
180857746.441728	160404846706.70312	10986840341.45227	5468411925.218162	2517.7976681644677	31296.14716619869	1480.8073499333846
180861346.441728	160413877649.03317	11099504194.366165	5473741701.911698	2499.393310242085	31294.88014264069	1480.1796331212188
180864946.441728	160422842344.26703	11212163463.452618	5479069218.080892	2480.9937274634294	31293.600596871882	1479.5515031916875
180868546.441728	160431740809.61273	11324818103.647522	5484394472.239771	2462.5989295207164	31292.308537679182	1478.9229608392886
180872146.441728	160440573062.313	11437468069.91837	5489717462.904861	2444.2089260899675	31291.003973856696	1478.2940067583395
180875746.441728	160449339119.64557	11550113317.26432	5495038188.59519	2425.8237268310713	31289.686914205697	1477.6646416429785
180879346.441728	160458038998.92273	11662753800.716228	5500356647.832283	2407.443341387684	31288.357367534583	1477.034866187161
180882946.441728	160466672717.49167	11775389475.336712	5505672839.1401615	2389.0677793873238	31287.015342658862	1476.4046810846576
180886546.441728	160475240292.734	11888020296.220123	5510986761.045349	2370.697050441313	31285.660848401138	1475.7740870290568
180890146.441728	160483741742.06607	12000646218.492535	5516298412.0768585	2352.3311641447926	31284.293893591013	1475.1430847137592
180893746.441728	160492177082.93854	12113267197.311897	5521607790.766209	2333.9701300767365	31282.914487065143	1474.511674831978
180897346.441728	160500546332.83673	12225883187.867939	5526914895.647402	2315.6139577999393	31281.522637667138	1473.8798580767377
180900946.441728	160508849509.28033	12338494145.382278	5532219725.256944	2297.2626568610167	31280.118354247592	1473.247635140873
180904546.441728	160517086629.82318	12451100025.108341	5537522278.13383	2278.916236790421	31278.70164566399	1472.615006717027
180908146.441728	160525257712.05368	12563700782.331501	5542822552.819552	2260.57470710241	31277.272520780723	1471.9819734976493
180911746.441728	160533362773.59415	12676296372.369038	5548120547.858089	2242.2380772950855	31275.83098846905	1471.3485361749963
180915346.441728	160541401832.1014	12788886750.570187	5553416261.7959175	2223.9063568503643	31274.377057607075	1470.714695441129
180918946.441728	160549374905.26614	12901471872.316235	5558709693.182004	2205.579555233986	31272.910737079666	1470.0804519879098
180922546.441728	160557282010.81305	13014051693.02026	5564000840.567799	2187.257681895546	31271.432035778507	1469.4458065070062
180926146.441728	160565123166.501	13126626168.127575	5569289702.50725	2168.940746268442	31269.940962601988	1468.8107596898833
180929746.441728	160572898390.12274	13239195253.115437	5574576277.556791	2150.6287577699077	31268.437526455244	1468.175312227807
180933346.441728	160580607699.5048	13351758903.493176	5579860564.275345	2132.3217258010145	31266.921736250082	1467.5394648118408
180936946.441728	160588251112.5076	13464317074.802273	5585142561.224321	2114.019659746652	31265.39360090495	1466.9032181328446
180940546.441728	160595828647.0253	13576869722.616203	5590422266.967612	2095.7225689755733	31263.85312934494	1466.266572881475
180944146.441728	160603340320.9858	13689416802.540787	5595699680.071608	2077.4304628403333	31262.300330501726	1465.629529748181
180947746.441728	160610786152.35052	13801958270.21384	5600974799.105172	2059.1433506773255	31260.73521331354	1464.9920894232046
180951346.441728	160618166159.1146	13914494081.30537	5606247622.639653	2040.8612418068233	31259.157786725176	1464.3542525965809
180954946.441728	160625480359.30664	14027024191.517693	5611518149.248892	2022.5841455328855	31257.568059687885	1463.716019958133
180958546.441728	160632728770.9887	14139548556.585354	5616786377.509206	2004.3120711434294	31255.966041159452	1463.0773921974749
180962146.441728	160639911412.2563	14252067132.27504	5622052305.999396	1986.0450279102324	31254.351740104074	1462.438370004007
180965746.441728	160647028301.2382	14364579874.385796	5627315933.300743	1967.7830250888983	31252.725165492357	1461.7989540669166
180969346.441728	160654079456.09647	14477086738.749119	5632577257.997014	1949.526071918851	31251.086326301305	1461.1591450751746
180972946.441728	160661064895.02658	14589587681.228489	5637836278.674444	1931.2741776234243	31249.43523151428	1460.518943717539
180976546.441728	160667984636.25714	14702082657.720081	5643092993.921766	1913.0273514097453	31247.771890120985	1459.878350682547
180980146.441728	160674838698.0495	14814571624.152222	5648347402.330173	1894.785602468809	31246.096311117384	1459.2373666585192
180983746.441728	160681627098.69855	14927054536.485802	5653599502.493345	1876.548939975457	31244.40850350574	1458.5959923335545
180987346.441728	160688349856.53204	15039531350.713936	5658849293.007438	1858.317373088411	31242.70847629455	1457.9542283955327
180990946.441728	160695006989.91052	15152002022.862411	5664096772.471084	1840.0909109501963	31240.996238498505	1457.3120755321083
180994546.441728	160701598517.22754	15264466508.989235	5669341939.485383	1821.8695626872523	31239.271799138507	1456.669534430715
180998146.441728	160708124456.90945	15376924765.185135	5674584792.653923	1803.6533374098235	31237.535167241567	1456.0266057785586
181001746.441728	160714584827.41537	15489376747.573162	5679825330.582752	1785.442244212075	31235.786351840856	1455.3832902626218
181005346.441728	160720979647.23715	15601822412.309036	5685063551.880402	1767.2362921719787	31234.02536197562	1454.739588569657
181008946.441728	160727308934.8993	15714261715.580921	5690299455.1578665	1749.0354903514144	31232.252206691155	1454.0955013861885
181012546.441728	160733572708.9588	15826694613.609547	5695533039.028616	1730.83984779611	31230.466895038815	1453.4510293985122
181016146.441728	160739770988.00537	15939121062.6484	5700764302.108593	1712.6493735356635	31228.669436075957	1452.8061732926903
181019746.441728	160745903790.66107	16051541018.983452	5705993243.016207	1694.4640765835447	31226.859838865883	1452.1609337545547
181023346.441728	160751971135.58032	16163954438.933243	5711219860.372331	1676.283965937123	31225.038112477883	1451.5153114697027
181026946.441728	160757973041.45016	16276361278.849136	5716444152.800314	1658.1090505776137	31223.20426598712	1450.8693071234961
181030546.441728	160763909526.98962	16388761495.11509	5721666118.925968	1639.93933947013	31221.358308474697	1450.2229214010617
181034146.441728	160769780610.9502	16501155044.147816	5726885757.377571	1621.7748415636534	31219.500249027522	1449.5761549872877
181037746.441728	160775586312.11542	16613541882.39672	5732103066.785868	1603.6155657910567	31217.630096738365	1448.929008566824
181041346.441728	160781326649.30112	16725921966.343853	5737318045.784065	1585.4615210691281	31215.747860705793	1448.2814828240819
181044946.441728	160787001641.35504	16838295252.504211	5742530693.007836	1567.3127162985038	31213.853550034146	1447.6335784432304
181048546.441728	160792611307.15707	16950661697.425465	5747741007.095312	1549.1691603637337	31211.947173833494	1446.9852961081965
181052146.441728	160798155665.6189	17063021257.688148	5752948986.687091	1531.0308621332615	31210.028741219627	1446.3366365026634
181055746.441728	160803634735.68433	17175373889.905502	5758154630.426228	1512.8978304594448	31208.09826131403	1445.687600310071
181059346.441728	160809048536.32874	17287719550.723793	5763357936.958238	1494.7700741785166	31206.15574324383	1445.0381882136116
181062946.441728	160814397086.55945	17400058196.821983	5768558904.931098	1476.6476021106364	31204.201196141803	1444.388400896232
181066546.441728	160819680405.41553	17512389784.912136	5773757532.995245	1458.530423059854	31202.23462914629	1443.738239040629
181070146.441728	160824898511.96765	17624714271.73894	5778953819.803564	1440.41854581415	31200.256051401226	1443.0877033292518
181073746.441728	160830051425.31808	17737031614.08028	5784147764.011406	1422.3119791454083	31198.265472056082	1442.4367944442974
181077346.441728	160835139164.6007	17849341768.746853	5789339364.276575	1404.2107318094304	31196.262900265843	1441.7855130677124
181080946.441728	160840161748.98077	17961644692.58227	5794528619.259323	1386.114812545933	31194.248345190976	1441.133859881189
181084546.441728	160845119197.65515	18073940342.463223	5799715527.622362	1368.0242300785903	31192.221815997407	1440.4818355661664
181088146.441728	160850011529.852	18186228675.29951	5804900088.030863	1349.9389931149444	31190.183321856475	1439.8294408038278
181091746.441728	160854838764.83063	18298509648.03372	5810082299.152433	1331.8591103465233	31188.132871944927	1439.1766762750997
181095346.441728	160859600921.88193	18410783217.64162	5815262159.657141	1313.7845904487658	31186.070475444885	1438.5235426606514
181098946.441728	160864298020.3277	18523049341.132023	5820439668.217503	1295.7154420810448	31183.9961415438	1437.8700406408925
181102546.441728	160868930079.52112	18635307975.546886	5825614823.508486	1277.6516738866794	31181.909879434457	1437.2161708959738
181106146.441728	160873497118.84625	18747559077.96117	5830787624.2075	1259.5932944929446	31179.811698314883	1436.5619341057838
181109746.441728	160877999157.71835	18859802605.482986	5835958068.99441	1241.540312511056	31177.70160738841	1435.9073309499493
181113346.441728	160882436215.58356	18972038515.25366	5841126156.5515175	1223.4927365361682	31175.57961586356	1435.2523621078326
181116946.441728	160886808311.9189	19084266764.447556	5846291885.563577	1205.4505751474107	31173.445732954067	1434.5970282585322
181120546.441728	160891115466.23236	19196487310.2723	5851455254.717783	1187.4138369078719	31171.299967878844	1433.9413300808815
181124146.441728	160895357698.06268	19308700109.96876	5856616262.703779	1169.3825303645826	31169.14232986195	1433.2852682534447
181127746.441728	160899535026.9793	19420905120.810852	5861774908.213642	1151.3566640485797	31166.972828132515	1432.6288434545195
181131346.441728	160903647472.58234	19533102300.10592	5866931189.941899	1133.3362464748243	31164.79147192481	1431.972056362134
181134946.441728	160907695054.50262	19645291605.194447	5872085106.585512	1115.3212861422935	31162.598270478127	1431.3149076540458
181138546.441728	160911677792.4014	19757472993.450108	5877236656.843879	1097.3117915339317	31160.393233036808	1430.657398007741
181142146.441728	160915595705.97067	19869646422.280178	5882385839.418854	1079.307771116646	31158.17636885018	1429.9995281004326
181145746.441728	160919448814.93262	19981811849.124893	5887532653.014704	1061.309233341367	31155.947687172564	1429.3412986090607
181149346.441728	160923237139.04004	20093969231.457977	5892677096.33815	1043.3161866429873	31153.707197263204	1428.6827102102893
181152946.441728	160926960698.0759	20206118526.78645	5897819168.098343	1025.328639440414	31151.45490838627	1428.023763580507
181156546.441728	160930619511.85345	20318259692.650673	5902958867.006864	1007.3466001365596	31149.190829810825	1427.364459395826
181160146.441728	160934213600.21637	20430392686.62456	5908096191.777737	989.3700771183167	31146.914970810794	1426.704798332078
181163746.441728	160937742983.03833	20542517466.31517	5913231141.12741	971.3990787566026	31144.627340664912	1426.044781064818
181167346.441728	160941207680.22308	20654633989.3631	5918363713.774769	953.4336134063578	31142.32794865676	1425.3844082693176
181170946.441728	160944607711.70444	20766742213.44242	5923493908.441126	935.4736894065218	31140.01680407466	1424.7236806205697
181174546.441728	160947943097.44638	20878842096.26051	5928621723.850222	917.5193150800751	31137.6939162117	1424.0625987932817
181178146.441728	160951213857.4426	20990933595.558357	5933747158.728233	899.5704987340087	31135.3592943657	1423.4011634618787
181181746.441728	160954420011.71677	21103016669.110363	5938870211.803753	881.6272486593616	31133.012947839143	1422.7393753005008
181185346.441728	160957561580.32245	21215091274.724335	5943990881.807809	863.6895731312015	31130.65488593921	1422.0772349830017
181188946.441728	160960638583.34268	21327157370.241806	5949109167.47385	845.757480408628	31128.28511797769	1421.4147431829479
181192546.441728	160963651040.89062	21439214913.537678	5954225067.537755	827.8309787348107	31125.903653271012	1420.7519005736176
181196146.441728	160966598973.1087	21551263862.520485	5959338580.737818	809.9100763369424	31123.510501140183	1420.0887078279998
181199746.441728	160969482400.16922	21663304175.13221	5964449705.814761	791.9947814263005	31121.105670910743	1419.4251656187935
181203346.441728	160972301342.27383	21775335809.348484	5969558441.511723	774.0851021982098	31118.689171912785	1418.7612746184063
181206946.441728	160975055819.6537	21887358723.178604	5974664786.574268	756.1810468320555	31116.261013480886	1418.0970354989515
181210546.441728	160977745852.56943	21999372874.665413	5979768739.750379	738.2826234912891	31113.821204954114	1417.4324489322503
181214146.441728	160980371461.311	22111378221.885387	5984870299.790451	720.3898403234543	31111.369755675958	1416.767515589829
181217746.441728	160982932666.19778	22223374722.94863	5989969465.447302	702.5027054601778	31108.906674994356	1416.1022361429177
181221346.441728	160985429487.57806	22335362335.998917	5995066235.476161	684.6212270171573	31106.431972261595	1415.43661126245
181224946.441728	160987861945.82965	22447341019.21367	6000160608.634675	666.7454130941915	31103.94565683437	1414.7706416190617
181228546.441728	160990230061.35947	22559310730.80409	6005252583.682906	648.8752717751713	31101.44773807368	1414.104327883089
181232146.441728	160992533854.60324	22671271429.01503	6010342159.383324	631.0108111280861	31098.938225344842	1413.4376707245676
181235746.441728	160994773346.026	22783223072.12503	6015429334.500818	613.1520392050506	31096.417128017474	1412.7706708132341
181239346.441728	160996948556.12164	22895165618.44652	6020514107.802683	595.2989640422547	31093.884455465413	1412.1033288185204
181242946.441728	160999059505.4129	23007099026.32545	6025596478.058619	577.4515936600528	31091.34021706674	1411.4356454095573
181246546.441728	161001106214.4514	23119023254.14167	6030676444.040738	559.6099360629014	31088.78442220374	1410.7676212551696
181250146.441728	161003088703.81744	23230938260.308792	6035754004.523561	541.7739992393817	31086.217080262875	1410.0992570238784
181253746.441728	161005006994.12036	23342844003.27427	6040829158.284017	523.943791162219	31083.638200634723	1409.4305533838976
181257346.441728	161006861105.9979	23454740441.519417	6045901904.101438	506.1193197882594	31081.04779271403	1408.7615110031331
181260946.441728	161008651060.11642	23566627533.55917	6050972240.757553	488.3005930585168	31078.445865899586	1408.0921305491831
181264546.441728	161010376877.171	23678505237.94249	6056040167.036503	470.48761889815796	31075.83242959427	1407.4224126893366
181268146.441728	161012038577.88507	23790373513.252163	6061105681.724829	452.680405216488	31073.20749320499	1406.752358090572
181271746.441728	161013636183.01056	23902232318.104702	6066168783.611465	434.8789599069951	31070.571066142667	1406.0819674195552
181275346.441728	161015169713.32785	24014081611.150845	6071229471.4877615	417.0832908473121	31067.923157822202	1405.4112413426403
181278946.441728	161016639189.64563	24125921351.07486	6076287744.147447	399.29340589927506	31065.263777662476	1404.7401805258683
181282546.441728	161018044632.80072	24237751496.595154	6081343600.38666	381.50931290888	31062.592935086264	1404.0687856349646
181286146.441728	161019386063.65833	24349572006.46391	6086397039.003931	363.7310197063234	31059.91063952026	1403.3970573353404
181289746.441728	161020663503.11172	24461382839.46742	6091448058.800182	345.9585341059874	31057.216900395055	1402.7249962920887
181293346.441728	161021876972.08237	24573183954.425816	6096496658.578739	328.19186390645336	31054.511727145036	1402.052603169985
181296946.441728	161023026491.51968	24684975310.193188	6101542837.145308	310.4310168905213	31051.795129208484	1401.3798786334885
181300546.441728	161024112082.40112	24796756865.6578	6106586593.307999	292.6760008251622	31049.067116027407	1400.7068233467353
181304146.441728	161025133765.73206	24908528579.74166	6111627925.8773	274.9268234616102	31046.32769704764	1400.033437973543
181307746.441728	161026091562.54578	25020290411.400906	6116666833.6661	257.18349253530687	31043.576881718738	1399.3597231774074
181311346.441728	161026985493.90332	25132042319.62579	6121703315.489668	239.44601576590958	31040.81467949395	1398.6856796215013
181314946.441728	161027815580.8935	25243784263.440372	6126737370.165661	221.71440085734048	31038.041099830254	1398.011307968674
181318546.441728	161028581844.63293	25355516201.902935	6131768996.514118	203.9886554977429	31035.256152188264	1397.33660888145
181322146.441728	161029284306.26578	25467238094.105907	6136798193.357479	186.26878735949504	31032.45984603225	1396.6615830220283
181325746.441728	161029922986.96378	25578949899.17553	6141824959.520546	168.55480409927804	31029.65219083007	1395.9862310522822
181329346.441728	161030497907.92633	25690651576.272392	6146849293.830517	150.84671335798703	31026.833196053205	1395.3105536337557
181332946.441728	161031009090.38013	25802343084.590996	6151871195.116963	133.14452276081465	31024.002871176654	1394.6345514276657
181336546.441728	161031456555.57947	25914024383.360107	6156890662.2118435	115.44823991721478	31021.16122567896	1393.9582250948988
181340146.441728	161031840324.80597	26025695431.842533	6161907693.949489	97.75787242093065	31018.308269042194	1393.2815752960116
181343746.441728	161032160419.36844	26137356189.335213	6166922289.166609	80.07342784998855	31015.444010751868	1392.604602691229
181347346.441728	161032416860.60306	26249006615.16932	6171934446.702288	62.3949137667114	31012.56846029697	1391.9273079404438
181350946.441728	161032609669.87317	26360646668.710136	6176944165.397994	44.72233771772335	31009.681627169928	1391.249691703215
181354546.441728	161032738868.5693	26472276309.35714	6181951444.097559	27.05570723395158	31006.783520866546	1390.571754638767
181358146.441728	161032804478.10898	26583895496.544006	6186956281.647194	9.39502983065995	31003.874150886008	1389.8934974059898
181361746.441728	161032806519.9368	26695504189.738533	6191958676.895472	-8.259686992589195	31000.953526730853	1389.2149206634367
181365346.441728	161032745015.5243	26807102348.44281	6196958628.693345	-25.908435751893194	30998.021657906946	1388.536025069324
181368946.441728	161032619986.37003	26918689932.193253	6201956135.894137	-43.551208979019975	30995.078553923435	1387.8568112815292
181372546.441728	161032431453.99924	27030266900.560333	6206951197.353533	-61.187999221384416	30992.124224292762	1387.1772799575915
181376146.441728	161032179439.9641	27141833213.14882	6211943811.929579	-78.81879904206107	30989.158678530574	1386.497431754709
181379746.441728	161031863965.84354	27253388829.597794	6216933978.4826975	-96.44360101975144	30986.181926155794	1385.8172673297408
181383346.441728	161031485053.2431	27364933709.58062	6221921695.875672	-114.06239774881942	30983.193976690498	1385.1367873392019
181386946.441728	161031042723.7949	27476467812.80489	6226906962.973649	-131.67518183923403	30980.19483965992	1384.4559924392652
181390546.441728	161030536999.15784	27587991099.01254	6231889778.644133	-149.28194591659394	30977.184524592474	1383.774883285761
181394146.441728	161029967901.01718	27699503527.979763	6236870141.7569895	-166.8826826221075	30974.163041019667	1383.0934605341731
181397746.441728	161029335451.08466	27811005059.5171	6241848051.184446	-184.47738461259542	30971.13039847609	1382.411724839641
181401346.441728	161028639671.09845	27922495653.46948	6246823505.80109	-202.06604456048353	30968.086606499422	1381.7296768569565
181404946.441728	161027880582.823	28033975269.716038	6251796504.483857	-219.6486551537664	30965.031674630372	1381.0473172405657
181408546.441728	161027058208.04932	28145443868.170364	6256767046.112043	-237.2252090960519	30961.965612412638	1380.364646644564
181412146.441728	161026172568.59424	28256901408.780437	6261735129.5673065	-254.79569910651207	30958.888429392944	1379.681665722699
181415746.441728	161025223686.30118	28368347851.528473	6266700753.733641	-272.36011791987494	30955.80013512096	1378.9983751283683
181419346.441728	161024211583.03937	28479783156.43126	6271663917.497407	-289.9184582864591	30952.70073914928	1378.314775514617
181422946.441728	161023136280.7043	28591207283.539825	6276624619.747309	-307.4707129721173	30949.590251033438	1377.63086753414
181426546.441728	161021997801.21747	28702620192.93962	6281582859.374397	-325.01687475825656	30946.468680331825	1376.9466518392776
181430146.441728	161020796166.52612	28814021844.75058	6286538635.272076	-342.55693644181156	30943.336036605717	1376.2621290820175
181433746.441728	161019531398.6038	28925412199.127018	6291491946.336092	-360.0908908352694	30940.192329419213	1375.5772999139922
181437346.441728	161018203519.44952	29036791216.257713	6296442791.464544	-377.6187307666187	30937.03756833922	1374.8921649864783
181440946.441728	161016812551.08823	29148158856.365894	6301391169.557866	-395.1404490793939	30933.87176293544	1374.206724950396
181444546.441728	161015358515.57065	29259515079.709175	6306337079.518839	-412.65603863260185	30930.694922780316	1373.5209804563085
181448146.441728	161013841434.97314	29370859846.579716	6311280520.2525835	-430.16549230077544	30927.507057449067	1372.8349321544206
181451746.441728	161012261331.39767	29482193117.304085	6316221490.666561	-447.6688029739307	30924.308176519575	1372.1485806945784
181455346.441728	161010618226.97186	29593514852.24341	6321159989.670574	-465.16596355756883	30921.098289572437	1371.4619267262663
181458946.441728	161008912143.84866	29704825011.793274	6326096016.17676	-482.6569669726714	30917.877406190884	1370.7749708986098
181462546.441728	161007143104.2067	29816123556.383762	6331029569.099589	-500.1418061556851	30914.645535960808	1370.0877138603714
181466146.441728	161005311130.24988	29927410446.479473	6335960647.355878	-517.6204740585181	30911.4026884707	1369.4001562599515
181469746.441728	161003416244.20746	30038685642.57955	6340889249.864765	-535.0929636485353	30908.14887331162	1368.7122987453863
181473346.441728	161001458468.334	30149949105.21765	6345815375.547727	-552.5592679085375	30904.884100077226	1368.024141964349
