194180875.17235202	0.0005781711628901383	-0.002358282081834196	-8.566679214825731e-05
194184475.17235202	0.0005788832818521454	-0.0023578318740115683	-8.562548280906184e-05
194188075.17235202	0.0005795951243210089	-0.0023573816408244443	-8.558418061370638e-05
194191675.17235202	0.0005803066904948627	-0.0023569313823355764	-8.554288555654198e-05
194195275.17235202	0.0005810179805717615	-0.0023564810986075385	-8.550159763190122e-05
194198875.17235202	0.0005817289947496718	-0.0023560307897027176	-8.546031683409485e-05
194202475.17235202	0.0005824397332264656	-0.0023555804556833425	-8.541904315740894e-05
194206075.17235202	0.0005831501961999207	-0.0023551300966114653	-8.537777659610344e-05
194209675.17235202	0.0005838603838677196	-0.0023546797125489614	-8.533651714441306e-05
194213275.17235202	0.0005845702964274586	-0.0023542293035575157	-8.529526479654964e-05
194216875.17235202	0.0005852799340766524	-0.0023537788696986325	-8.525401954670398e-05
194220475.17235202	0.0005859892970127325	-0.002353328411033632	-8.521278138904587e-05
194224075.17235202	0.0005866983854330434	-0.0023528779276236586	-8.517155031772271e-05
194227675.17235202	0.0005874071995348407	-0.0023524274195296873	-8.513032632685803e-05
194231275.17235202	0.0005881157395152854	-0.0023519768868125205	-8.50891094105495e-05
194234875.17235202	0.0005888240055714475	-0.0023515263295327904	-8.50478995628692e-05
194238475.17235202	0.0005895319979003044	-0.0023510757477509447	-8.500669677786377e-05
194242075.17235202	0.0005902397166987479	-0.0023506251415272533	-8.496550104955609e-05
194245675.17235202	0.0005909471621635828	-0.0023501745109218	-8.492431237194603e-05
194249275.17235202	0.0005916543344915293	-0.0023497238559944933	-8.48831307390107e-05
194252875.17235202	0.0005923612338792196	-0.0023492731768050665	-8.484195614470358e-05
194256475.17235202	0.0005930678605231948	-0.002348822473413086	-8.480078858295306e-05
194260075.17235202	0.0005937742146199024	-0.0023483717458779455	-8.475962804766106e-05
194263675.17235202	0.0005944802963656948	-0.0023479209942588643	-8.471847453270215e-05
194267275.17235202	0.0005951861059568317	-0.0023474702186148844	-8.467732803192445e-05
194270875.17235202	0.0005958916435894843	-0.0023470194190048648	-8.463618853915066e-05
194274475.17235202	0.0005965969094597357	-0.002346568595487482	-8.45950560481793e-05
194278075.17235202	0.0005973019037635843	-0.002346117748121236	-8.455393055278548e-05
194281675.17235202	0.0005980066266969396	-0.002345666876964451	-8.451281204671966e-05
194285275.17235202	0.0005987110784556181	-0.0023452159820752877	-8.44717005237059e-05
194288875.17235202	0.0005994152592353407	-0.0023447650635117358	-8.443059597743958e-05
194292475.17235202	0.0006001191692317307	-0.002344314121331605	-8.438949840158657e-05
194296075.17235202	0.0006008228086403185	-0.002343863155592523	-8.43484077897847e-05
194299675.17235202	0.0006015261776565479	-0.0023434121663519335	-8.430732413564644e-05
194303275.17235202	0.0006022292764757815	-0.0023429611536671005	-8.426624743276122e-05
194306875.17235202	0.0006029321052932954	-0.0023425101175951124	-8.42251776746939e-05
194310475.17235202	0.0006036346643042733	-0.002342059058192884	-8.418411485498115e-05
194314075.17235202	0.0006043369537038025	-0.0023416079755171557	-8.414305896712907e-05
194317675.17235202	0.0006050389736868802	-0.0023411568696245014	-8.41020100046171e-05
194321275.17235202	0.0006057407244484059	-0.0023407057405713124	-8.406096796089188e-05
194324875.17235202	0.0006064422061831978	-0.0023402545884137933	-8.401993282937554e-05
194328475.17235202	0.0006071434190859793	-0.0023398034132079675	-8.397890460345944e-05
194332075.17235202	0.0006078443633514084	-0.0023393522150096683	-8.393788327651639e-05
194335675.17235202	0.000608545039174041	-0.0023389009938745665	-8.389686884188544e-05
194339275.17235202	0.0006092454467483509	-0.002338449749858157	-8.385586129287933e-05
194342875.17235202	0.0006099455862687239	-0.0023379984830157585	-8.381486062278256e-05
194346475.17235202	0.0006106454579294505	-0.0023375471934025146	-8.377386682484689e-05
194350075.17235202	0.0006113450619247287	-0.002337095881073393	-8.373287989229203e-05
194353675.17235202	0.0006120443984486733	-0.002336644546083173	-8.369189981830957e-05
194357275.17235202	0.0006127434676953224	-0.002336193188486452	-8.36509265960656e-05
194360875.17235202	0.0006134422698586342	-0.0023357418083376413	-8.360996021870012e-05
194364475.17235202	0.0006141408051324831	-0.0023352904056909876	-8.356900067932449e-05
194368075.17235202	0.0006148390737106527	-0.002334838980600568	-8.352804797101804e-05
194371675.17235202	0.000615537075786831	-0.0023343875331202847	-8.348710208682678e-05
194375275.17235202	0.000616234811554618	-0.0023339360633038665	-8.344616301976475e-05
194378875.17235202	0.0006169322812075289	-0.0023334845712048567	-8.340523076281574e-05
194382475.17235202	0.0006176294849389981	-0.0023330330568766175	-8.336430530893522e-05
194386075.17235202	0.0006183264229423814	-0.002332581520372332	-8.332338665105067e-05
194389675.17235202	0.0006190230954109502	-0.0023321299617450027	-8.328247478206005e-05
194393275.17235202	0.0006197195025378888	-0.00233167838104747	-8.324156969483014e-05
194396875.17235202	0.0006204156445162894	-0.0023312267783324	-8.320067138219434e-05
194400475.17235202	0.0006211115215391537	-0.0023307751536522934	-8.315977983695258e-05
194404075.17235202	0.0006218071337993918	-0.0023303235070594665	-8.311889505187132e-05
194407675.17235202	0.0006225024814898287	-0.0023298718386060607	-8.307801701968573e-05
194411275.17235202	0.0006231975648032088	-0.0023294201483440315	-8.303714573310066e-05
194414875.17235202	0.0006238923839321926	-0.002328968436325157	-8.29962811847908e-05
194418475.17235202	0.0006245869390693563	-0.0023285167026010395	-8.295542336739975e-05
194422075.17235202	0.0006252812304071865	-0.002328064947223117	-8.2914572273538e-05
194425675.17235202	0.0006259752581380759	-0.0023276131702426564	-8.287372789578121e-05
194429275.17235202	0.0006266690224543242	-0.0023271613717107563	-8.283289022666935e-05
194432875.17235202	0.0006273625235481398	-0.002326709551678334	-8.27920592587076e-05
194436475.17235202	0.000628055761611646	-0.0023262577101961215	-8.275123498436813e-05
194440075.17235202	0.0006287487368368847	-0.0023258058473146666	-8.271041739609155e-05
194443675.17235202	0.0006294414494158155	-0.002325353963084338	-8.26696064862872e-05
194447275.17235202	0.000630133899540312	-0.002324902057555338	-8.262880224733151e-05
194450875.17235202	0.0006308260874021539	-0.0023244501307777008	-8.258800467156509e-05
194454475.17235202	0.0006315180131930268	-0.0023239981828012896	-8.254721375129106e-05
194458075.17235202	0.0006322096771045257	-0.002323546213675791	-8.250642947877536e-05
194461675.17235202	0.0006329010793281571	-0.002323094223450698	-8.246565184624833e-05
194465275.17235202	0.0006335922200553454	-0.0023226422121753252	-8.24248808459065e-05
194468875.17235202	0.0006342830994774335	-0.0023221901798988176	-8.238411646991343e-05
194472475.17235202	0.0006349737177856846	-0.0023217381266701174	-8.234335871039976e-05
194476075.17235202	0.000635664075171274	-0.0023212860525380187	-8.23026075594601e-05
194479675.17235202	0.0006363541718252848	-0.0023208339575511313	-8.226186300915041e-05
194483275.17235202	0.0006370440079387144	-0.0023203818417579006	-8.222112505149062e-05
194486875.17235202	0.0006377335837024585	-0.0023199297052065838	-8.218039367845609e-05
194490475.17235202	0.0006384228993073433	-0.0023194775479452546	-8.21396688819921e-05
194494075.17235202	0.0006391119549441135	-0.0023190253700218055	-8.209895065400688e-05
194497675.17235202	0.0006398007508034307	-0.0023185731714839403	-8.205823898637196e-05
194501275.17235202	0.0006404892870758783	-0.0023181209523791897	-8.20175338709246e-05
194504875.17235202	0.0006411775639519586	-0.0023176687127549195	-8.197683529946546e-05
194508475.17235202	0.000641865581622081	-0.0023172164526583205	-8.193614326375462e-05
194512075.17235202	0.000642553340276567	-0.0023167641721364117	-8.18954577555106e-05
194515675.17235202	0.00064324084010565	-0.0023163118712360244	-8.185477876641136e-05
194519275.17235202	0.0006439280812994857	-0.0023158595500038025	-8.181410628809775e-05
194522875.17235202	0.0006446150640481566	-0.0023154072084862133	-8.177344031217523e-05
194526475.17235202	0.000645301788541668	-0.002314954846729542	-8.173278083021324e-05
194530075.17235202	0.0006459882549699435	-0.0023145024647799064	-8.169212783374262e-05
194533675.17235202	0.0006466744635228185	-0.0023140500626832538	-8.165148131425312e-05
194537275.17235202	0.0006473604143900387	-0.0023135976404853585	-8.161084126319154e-05
194540875.17235202	0.0006480461077612619	-0.0023131451982318202	-8.157020767196244e-05
194544475.17235202	0.0006487315438260624	-0.0023126927359680524	-8.152958053192953e-05
194548075.17235202	0.0006494167227739378	-0.0023122402537392936	-8.148895983441799e-05
194551675.17235202	0.0006501016447943075	-0.0023117877515905936	-8.144834557071469e-05
194555275.17235202	0.0006507863100765124	-0.002311335229566833	-8.140773773206752e-05
194558875.17235202	0.0006514707188098082	-0.0023108826877127186	-8.136713630968317e-05
194562475.17235202	0.000652154871183361	-0.002310430126072793	-8.132654129472477e-05
194566075.17235202	0.0006528387673862465	-0.002309977544691423	-8.128595267831082e-05
194569675.17235202	0.0006535224076074497	-0.0023095249436127997	-8.124537045151526e-05
194573275.17235202	0.0006542057920358736	-0.002309072322880936	-8.12047946053696e-05
194576875.17235202	0.0006548889208603413	-0.0023086196825396555	-8.116422513086443e-05
194580475.17235202	0.0006555717942695993	-0.0023081670226326044	-8.112366201895027e-05
194584075.17235202	0.0006562544124523118	-0.0023077143432032477	-8.108310526053622e-05
194587675.17235202	0.0006569367755970578	-0.002307261644294892	-8.104255484648767e-05
194591275.17235202	0.000657618883892321	-0.0023068089259506686	-8.100201076762308e-05
194594875.17235202	0.0006583007375264915	-0.0023063561882135414	-8.096147301471325e-05
194598475.17235202	0.0006589823366878719	-0.0023059034311262924	-8.092094157848276e-05
194602075.17235202	0.0006596636815646848	-0.0023054506547315157	-8.088041644961256e-05
194605675.17235202	0.0006603447723450769	-0.00230499785907161	-8.083989761874188e-05
194609275.17235202	0.0006610256092171184	-0.002304545044188802	-8.079938507646773e-05
194612875.17235202	0.0006617061923687905	-0.0023040922101251497	-8.0758878813341e-05
194616475.17235202	0.0006623865219879833	-0.002303639356922549	-8.071837881986444e-05
194620075.17235202	0.0006630665982625004	-0.0023031864846227114	-8.067788508649341e-05
194623675.17235202	0.0006637464213800628	-0.002302733593267163	-8.063739760363625e-05
194627275.17235202	0.0006644259915282866	-0.002302280682897269	-8.059691636164746e-05
194630875.17235202	0.0006651053088947314	-0.0023018277535541798	-8.055644135084229e-05
194634475.17235202	0.0006657843736668716	-0.002301374805278876	-8.051597256148814e-05
194638075.17235202	0.0006664631860321056	-0.002300921838112153	-8.047550998380729e-05
194641675.17235202	0.0006671417461777489	-0.0023004688520946474	-8.043505360797628e-05
194645275.17235202	0.0006678200542910287	-0.0023000158472668104	-8.039460342411884e-05
194648875.17235202	0.0006684981105590824	-0.002299562823668922	-8.035415942230813e-05
194652475.17235202	0.0006691759151689633	-0.0022991097813410888	-8.031372159256692e-05
194656075.17235202	0.000669853468307645	-0.002298656720323222	-8.027328992486827e-05
194659675.17235202	0.000670530770162028	-0.0022982036406550433	-8.02328644091375e-05
194663275.17235202	0.0006712078209189404	-0.0022977505423760905	-8.019244503525361e-05
194666875.17235202	0.0006718846207651319	-0.002297297425525728	-8.015203179304719e-05
194670475.17235202	0.0006725611698872684	-0.002296844290143161	-8.011162467229801e-05
194674075.17235202	0.0006732374684719273	-0.0022963911362674167	-8.007122366273217e-05
194677675.17235202	0.0006739135167055997	-0.0022959379639373454	-8.003082875402164e-05
194681275.17235202	0.0006745893147746949	-0.0022954847731916084	-7.999043993578542e-05
194684875.17235202	0.0006752648628655474	-0.002295031564068682	-7.995005719759179e-05
194688475.17235202	0.0006759401611644177	-0.0022945783366068576	-7.990968052895954e-05
194692075.17235202	0.0006766152098574912	-0.0022941250908442537	-7.986930991935747e-05
194695675.17235202	0.0006772900091308716	-0.0022936718268188124	-7.982894535820239e-05
194699275.17235202	0.0006779645591705791	-0.0022932185445683133	-7.978858683485673e-05
194702875.17235202	0.0006786388601625443	-0.0022927652441303565	-7.97482343386267e-05
194706475.17235202	0.0006793129122926118	-0.002292311925542365	-7.970788785876188e-05
194710075.17235202	0.0006799867157465441	-0.002291858588841578	-7.966754738445667e-05
194713675.17235202	0.0006806602707100259	-0.0022914052340650484	-7.962721290485186e-05
194717275.17235202	0.0006813335773686663	-0.0022909518612496483	-7.958688440903566e-05
194720875.17235202	0.0006820066359079985	-0.0022904984704320746	-7.954656188604349e-05
194724475.17235202	0.000682679446513472	-0.0022900450616488498	-7.95062453248555e-05
194728075.17235202	0.0006833520093704494	-0.002289591634936329	-7.946593471439434e-05
194731675.17235202	0.0006840243246642026	-0.0022891381903306918	-7.942563004352285e-05
194735275.17235202	0.0006846963925799133	-0.002288684727867938	-7.938533130104388e-05
194738875.17235202	0.0006853682133026805	-0.0022882312475838826	-7.934503847570206e-05
194742475.17235202	0.0006860397870175276	-0.002287777749514152	-7.930475155618623e-05
194746075.17235202	0.0006867111139094039	-0.0022873242336941884	-7.926447053113091e-05
194749675.17235202	0.0006873821941631823	-0.002286870700159256	-7.922419538911493e-05
194753275.17235202	0.0006880530279636505	-0.002286417148944453	-7.91839261186582e-05
194756875.17235202	0.0006887236154955002	-0.0022859635800847058	-7.914366270821739e-05
194760475.17235202	0.0006893939569433295	-0.0022855099936147675	-7.910340514618466e-05
194764075.17235202	0.0006900640524916514	-0.0022850563895692026	-7.906315342089056e-05
194767675.17235202	0.0006907339023249073	-0.002284602767982378	-7.902290752060786e-05
194771275.17235202	0.0006914035066274695	-0.0022841491288884733	-7.898266743355303e-05
194774875.17235202	0.0006920728655836266	-0.0022836954723214915	-7.894243314788088e-05
194778475.17235202	0.0006927419793775768	-0.002283241798315265	-7.890220465168267e-05
194782075.17235202	0.000693410848193457	-0.002282788106903442	-7.886198193299522e-05
194785675.17235202	0.0006940794722152879	-0.002282334398119512	-7.882176497978053e-05
194789275.17235202	0.0006947478516270209	-0.0022818806719967686	-7.878155377994084e-05
194792875.17235202	0.0006954159866125163	-0.0022814269285683247	-7.874134832131076e-05
194796475.17235202	0.0006960838773555735	-0.0022809731678670826	-7.870114859166564e-05
194800075.17235202	0.0006967515240399067	-0.0022805193899257843	-7.866095457871694e-05
194803675.17235202	0.0006974189268491617	-0.002280065594776976	-7.862076627011523e-05
194807275.17235202	0.0006980860859669084	-0.002279611782453027	-7.858058365344752e-05
194810875.17235202	0.0006987530015766273	-0.002279157952986137	-7.85404067162329e-05
194814475.17235202	0.0006994196738617073	-0.0022787041064083425	-7.850023544592031e-05
194818075.17235202	0.0007000861030054527	-0.002278250242751484	-7.846006982988975e-05
194821675.17235202	0.0007007522891910977	-0.0022777963620472107	-7.841990985545528e-05
194825275.17235202	0.0007014182326018077	-0.002277342464326974	-7.837975550986691e-05
194828875.17235202	0.0007020839334206771	-0.002276888549622044	-7.833960678031002e-05
194832475.17235202	0.000702749391830722	-0.002276434617963517	-7.829946365390327e-05
194836075.17235202	0.0007034146080148737	-0.0022759806693823273	-7.825932611769566e-05
194839675.17235202	0.0007040795821559753	-0.0022755267039092303	-7.821919415866444e-05
194843275.17235202	0.0007047443144367868	-0.002275072721574803	-7.817906776371494e-05
194846875.17235202	0.0007054088050399884	-0.002274618722409427	-7.81389469196813e-05
194850475.17235202	0.0007060730541481874	-0.0022741647064432992	-7.809883161332826e-05
194854075.17235202	0.0007067370619439169	-0.002273710673706425	-7.805872183135171e-05
194857675.17235202	0.000707400828609636	-0.002273256624228633	-7.801861756037847e-05
194861275.17235202	0.0007080643543277223	-0.0022728025580395807	-7.797851878696441e-05
194864875.17235202	0.0007087276392804695	-0.0022723484751687568	-7.793842549759214e-05
194868475.17235202	0.000709390683650081	-0.0022718943756454683	-7.78983376786688e-05
194872075.17235202	0.000710053487618677	-0.0022714402594988465	-7.785825531652585e-05
194875675.17235202	0.0007107160513682946	-0.002270986126757829	-7.781817839741939e-05
194879275.17235202	0.0007113783750808939	-0.002270531977451164	-7.777810690753168e-05
194882875.17235202	0.000712040458938361	-0.0022700778116074125	-7.773804083297244e-05
194886475.17235202	0.0007127023031225057	-0.0022696236292549608	-7.769798015977871e-05
194890075.17235202	0.000713363907815056	-0.002269169430422021	-7.765792487391273e-05
194893675.17235202	0.0007140252731976516	-0.0022687152151366313	-7.761787496125896e-05
194897275.17235202	0.0007146863994518404	-0.0022682609834266563	-7.757783040762162e-05
194900875.17235202	0.0007153472867590818	-0.002267806735319775	-7.753779119872368e-05
194904475.17235202	0.0007160079353007516	-0.002267352470843469	-7.749775732020845e-05
194908075.17235202	0.0007166683452581527	-0.0022668981900250303	-7.745772875764272e-05
194911675.17235202	0.0007173285168125184	-0.0022664438928915636	-7.741770549651878e-05
194915275.17235202	0.0007179884501450054	-0.0022659895794699954	-7.737768752225278e-05
194918875.17235202	0.000718648145436683	-0.0022655352497870825	-7.733767482017993e-05
194922475.17235202	0.0007193076028685235	-0.0022650809038694078	-7.729766737554937e-05
194926075.17235202	0.0007199668226214062	-0.002264626541743371	-7.725766517352406e-05
194929675.17235202	0.000720625804876134	-0.002264172163435178	-7.721766819918639e-05
194933275.17235202	0.0007212845498134393	-0.002263717768970841	-7.717767643753962e-05
194936875.17235202	0.0007219430576139669	-0.0022632633583761735	-7.713768987349846e-05
194940475.17235202	0.0007226013284583063	-0.0022628089316768124	-7.709770849190644e-05
194944075.17235202	0.0007232593625269541	-0.0022623544888982117	-7.705773227751783e-05
194947675.17235202	0.0007239171600003278	-0.0022619000300656534	-7.70177612150047e-05
194951275.17235202	0.0007245747210587401	-0.002261445555204254	-7.697779528894626e-05
194954875.17235202	0.0007252320458824401	-0.002260991064338922	-7.693783448383895e-05
194958475.17235202	0.0007258891346515855	-0.0022605365574943784	-7.689787878408828e-05
194962075.17235202	0.0007265459875462558	-0.0022600820346951583	-7.685792817401234e-05
194965675.17235202	0.0007272026047464672	-0.0022596274959655956	-7.681798263784663e-05
194969275.17235202	0.0007278589864321695	-0.00225917294132984	-7.677804215974351e-05
194972875.17235202	0.0007285151327832291	-0.0022587183708118663	-7.673810672376674e-05
194976475.17235202	0.00072917104397942	-0.002258263784435487	-7.669817631388723e-05
194980075.17235202	0.0007298267202004228	-0.0022578091822243298	-7.665825091398109e-05
194983675.17235202	0.0007304821616258362	-0.002257354564201833	-7.66183305078317e-05
194987275.17235202	0.0007311373684351887	-0.0022568999303912356	-7.657841507913248e-05
194990875.17235202	0.0007317923408079406	-0.002256445280815579	-7.653850461148812e-05
194994475.17235202	0.0007324470789234802	-0.0022559906154977186	-7.649859908841401e-05
194998075.17235202	0.0007331015829611166	-0.0022555359344603398	-7.64586984933336e-05
195001675.17235202	0.0007337558531000693	-0.0022550812377259495	-7.641880280957526e-05
195005275.17235202	0.0007344098895194678	-0.0022546265253168877	-7.637891202037026e-05
195008875.17235202	0.000735063692398355	-0.0022541717972553075	-7.633902610885217e-05
195012475.17235202	0.0007357172619156918	-0.0022537170535631675	-7.629914505805762e-05
195016075.17235202	0.0007363705982503651	-0.0022532622942622307	-7.625926885092769e-05
195019675.17235202	0.0007370237015811886	-0.0022528075193740693	-7.621939747030875e-05
195023275.17235202	0.0007376765720868988	-0.002252352728920071	-7.617953089895162e-05
195026875.17235202	0.0007383292099461496	-0.0022518979229214494	-7.61396691195098e-05
195030475.17235202	0.0007389816153375046	-0.002251443101399247	-7.609981211453669e-05
195034075.17235202	0.0007396337884394364	-0.0022509882643743312	-7.605995986648355e-05
195037675.17235202	0.0007402857294303261	-0.0022505334118673795	-7.602011235769827e-05
195041275.17235202	0.0007409374384884738	-0.0022500785438988786	-7.59802695704261e-05
195044875.17235202	0.0007415889157921016	-0.0022496236604891136	-7.594043148681096e-05
195048475.17235202	0.0007422401615193562	-0.002249168761658176	-7.590059808889658e-05
195052075.17235202	0.0007428911758483069	-0.0022487138474259765	-7.586076935862646e-05
195055675.17235202	0.0007435419589569377	-0.002248258917812254	-7.582094527784152e-05
195059275.17235202	0.0007441925110231417	-0.002247803972836577	-7.578112582827686e-05
195062875.17235202	0.0007448428322247129	-0.0022473490125183328	-7.574131099155813e-05
195066475.17235202	0.0007454929227393524	-0.0022468940368767162	-7.570150074920057e-05
195070075.17235202	0.000746142782744687	-0.002246439045930712	-7.566169508261139e-05
195073675.17235202	0.0007467924124182684	-0.00224598403969911	-7.562189397309287e-05
195077275.17235202	0.000747441811937575	-0.002245529018200515	-7.558209740184402e-05
195080875.17235202	0.0007480909814800033	-0.0022450739814533593	-7.554230534995786e-05
195084475.17235202	0.0007487399212228579	-0.0022446189294758868	-7.550251779841455e-05
195088075.17235202	0.0007493886313433507	-0.002244163862286158	-7.546273472807992e-05
195091675.17235202	0.0007500371120186009	-0.002243708779902082	-7.542295611971014e-05
195095275.17235202	0.0007506853634256413	-0.0022432536823413225	-7.538318195394023e-05
195098875.17235202	0.0007513333857414298	-0.0022427985696213777	-7.534341221129738e-05
195102475.17235202	0.0007519811791428524	-0.00224234344175953	-7.530364687219654e-05
195106075.17235202	0.00075262874380673	-0.0022418882987728754	-7.526388591694514e-05
195109675.17235202	0.0007532760799097804	-0.0022414331406783437	-7.522412932572978e-05
195113275.17235202	0.0007539231876286421	-0.0022409779674926783	-7.518437707862461e-05
195116875.17235202	0.0007545700671398674	-0.0022405227792324477	-7.514462915558609e-05
195120475.17235202	0.0007552167186199104	-0.0022400675759140297	-7.5104885536447e-05
195124075.17235202	0.0007558631422451382	-0.0022396123575535985	-7.506514620091788e-05
195127675.17235202	0.0007565093381918491	-0.002239157124167131	-7.502541112859251e-05
195131275.17235202	0.0007571553066362752	-0.0022387018757704063	-7.498568029895012e-05
195134875.17235202	0.0007578010477545728	-0.0022382466123790213	-7.494595369135327e-05
195138475.17235202	0.000758446561722811	-0.0022377913340084037	-7.490623128504314e-05
195142075.17235202	0.0007590918487169598	-0.002237336040673803	-7.486651305913452e-05
195145675.17235202	0.0007597369089128931	-0.002236880732390286	-7.482679899261447e-05
195149275.17235202	0.0007603817424863982	-0.002236425409172728	-7.478708906434326e-05
195152875.17235202	0.0007610263496131852	-0.0022359700710358004	-7.474738325305674e-05
195156475.17235202	0.0007616707304688923	-0.0022355147179939795	-7.470768153736798e-05
195160075.17235202	0.0007623148852290822	-0.0022350593500615515	-7.466798389576663e-05
195163675.17235202	0.0007629588140692339	-0.0022346039672526265	-7.46282903066164e-05
195167275.17235202	0.0007636025171647305	-0.0022341485695811384	-7.458860074815136e-05
195170875.17235202	0.0007642459946908583	-0.0022336931570608475	-7.454891519847327e-05
195174475.17235202	0.0007648892468228078	-0.002233237729705329	-7.450923363555028e-05
195178075.17235202	0.0007655322737356797	-0.002232782287527962	-7.446955603721734e-05
195181675.17235202	0.0007661750756044966	-0.002232326830541929	-7.442988238117799e-05
195185275.17235202	0.0007668176526042032	-0.0022318713587602115	-7.439021264500513e-05
195188875.17235202	0.0007674600049096647	-0.0022314158721956066	-7.435054680614061e-05
195192475.17235202	0.0007681021326956573	-0.0022309603708607325	-7.431088484189286e-05
195196075.17235202	0.000768744036136858	-0.0022305048547680327	-7.427122672943339e-05
195199675.17235202	0.000769385715407842	-0.002230049323929784	-7.423157244579404e-05
195203275.17235202	0.0007700271706830855	-0.0022295937783580696	-7.419192196786527e-05
195206875.17235202	0.000770668402136973	-0.0022291382180647736	-7.415227527239676e-05
195210475.17235202	0.0007713094099438126	-0.0022286826430615745	-7.411263233599946e-05
195214075.17235202	0.0007719501942778367	-0.0022282270533599538	-7.407299313514695e-05
195217675.17235202	0.0007725907553131912	-0.002227771448971201	-7.403335764617454e-05
195221275.17235202	0.0007732310932239274	-0.0022273158299064484	-7.39937258452766e-05
195224875.17235202	0.0007738712081839885	-0.0022268601961766567	-7.395409770850172e-05
195228475.17235202	0.0007745111003672136	-0.0022264045477926025	-7.391447321174964e-05
195232075.17235202	0.0007751507699473522	-0.0022259488847648544	-7.387485233077079e-05
195235675.17235202	0.0007757902170980708	-0.002225493207103768	-7.383523504116866e-05
195239275.17235202	0.0007764294419929498	-0.0022250375148195173	-7.379562131840163e-05
195242875.17235202	0.0007770684448054836	-0.002224581807922097	-7.375601113778305e-05
195246475.17235202	0.0007777072257091016	-0.0022241260864212706	-7.371640447447991e-05
195250075.17235202	0.0007783457848771049	-0.00222367035032669	-7.367680130350774e-05
195253675.17235202	0.0007789841224827152	-0.0022232145996477857	-7.363720159973011e-05
195257275.17235202	0.0007796222386990383	-0.002222758834393823	-7.359760533785121e-05
195260875.17235202	0.000780260133699086	-0.0022223030545738477	-7.355801249241668e-05
195264475.17235202	0.0007808978076558009	-0.002221847260196724	-7.35184230378252e-05
195268075.17235202	0.0007815352607420379	-0.0022213914512711004	-7.347883694831774e-05
195271675.17235202	0.0007821724931305695	-0.0022209356278054385	-7.343925419798033e-05
195275275.17235202	0.0007828095049940789	-0.0022204797898080276	-7.339967476074586e-05
195278875.17235202	0.000783446296505147	-0.002220023937286989	-7.336009861038904e-05
195282475.17235202	0.0007840828678362492	-0.002219568070250269	-7.332052572052042e-05
195286075.17235202	0.000784719219159757	-0.002219112188705615	-7.328095606458362e-05
195289675.17235202	0.0007853553506479527	-0.0022186562926605666	-7.32413896158574e-05
195293275.17235202	0.0007859912624730379	-0.0022182003821224635	-7.320182634745926e-05
195296875.17235202	0.0007866269548071359	-0.0022177444570984596	-7.316226623234715e-05
195300475.17235202	0.0007872624278222798	-0.0022172885175955255	-7.312270924331747e-05
195304075.17235202	0.0007878976816904035	-0.0022168325636204673	-7.308315535300068e-05
195307675.17235202	0.0007885327165833316	-0.002216376595179911	-7.304360453385653e-05
195311275.17235202	0.0007891675326727804	-0.0022159206122803012	-7.300405675817116e-05
195314875.17235202	0.0007898021301303666	-0.002215464614927887	-7.296451199805742e-05
195318475.17235202	0.0007904365091276144	-0.0022150086031287224	-7.292497022545615e-05
195322075.17235202	0.0007910706698359623	-0.0022145525768886595	-7.288543141213822e-05
195325675.17235202	0.0007917046124267619	-0.002214096536213369	-7.28458955297047e-05
195329275.17235202	0.0007923383370712702	-0.002213640481108346	-7.280636254958448e-05
195332875.17235202	0.0007929718439406351	-0.002213184411578909	-7.276683244303025e-05
195336475.17235202	0.0007936051332058931	-0.002212728327630206	-7.272730518111468e-05
195340075.17235202	0.0007942382050379658	-0.002212272229267199	-7.268778073472763e-05
195343675.17235202	0.0007948710596076707	-0.0022118161164946604	-7.264825907457623e-05
195347275.17235202	0.0007955036970857309	-0.002211359989317164	-7.26087401711865e-05
195350875.17235202	0.0007961361176427798	-0.002210903847739084	-7.256922399490486e-05
195354475.17235202	0.0007967683214493609	-0.0022104476917646086	-7.252971051589838e-05
195358075.17235202	0.000797400308675917	-0.0022099915213977515	-7.249019970415223e-05
195361675.17235202	0.0007980320794927732	-0.002209535336642357	-7.245069152946489e-05
195365275.17235202	0.0007986636340701337	-0.002209079137502104	-7.241118596144395e-05
195368875.17235202	0.0007992949725780819	-0.0022086229239804836	-7.237168296950336e-05
195372475.17235202	0.0007999260951865989	-0.0022081666960807873	-7.233218252286466e-05
195376075.17235202	0.0008005570020655784	-0.002207710453806096	-7.22926845905599e-05
195379675.17235202	0.00080118769338483	-0.0022072541971592924	-7.22531891414334e-05
195383275.17235202	0.0008018181693140606	-0.0022067979261430814	-7.221369614413968e-05
195386875.17235202	0.0008024484300228544	-0.002206341640760018	-7.217420556713839e-05
195390475.17235202	0.0008030784756806696	-0.002205885341012489	-7.213471737869044e-05
195394075.17235202	0.0008037083064568612	-0.002205429026902683	-7.209523154685755e-05
195397675.17235202	0.0008043379225206793	-0.002204972698432589	-7.205574803949977e-05
195401275.17235202	0.0008049673240412287	-0.0022045163556040307	-7.201626682426781e-05
195404875.17235202	0.0008055965111875819	-0.002204059998418585	-7.197678786862394e-05
195408475.17235202	0.000806225484128669	-0.0022036036268776697	-7.193731113982164e-05
195412075.17235202	0.0008068542430333365	-0.00220314724098253	-7.189783660491995e-05
195415675.17235202	0.0008074827880703053	-0.0022026908407342493	-7.185836423077259e-05
195419275.17235202	0.0008081111194081806	-0.0022022344261337164	-7.181889398401939e-05
195422875.17235202	0.0008087392372154392	-0.0022017779971816582	-7.177942583109045e-05
195426475.17235202	0.000809367141660444	-0.002201321553878613	-7.173995973820377e-05
195430075.17235202	0.0008099948329114636	-0.0022008650962249084	-7.170049567136429e-05
195433675.17235202	0.0008106223111366746	-0.0022004086242206657	-7.166103359636639e-05
195437275.17235202	0.0008112495765041537	-0.0021999521378658314	-7.162157347879562e-05
195440875.17235202	0.0008118766291818596	-0.002199495637160201	-7.158211528402605e-05
195444475.17235202	0.0008125034693376227	-0.0021990391221034114	-7.154265897721455e-05
195448075.17235202	0.0008131300971391441	-0.002198582592694928	-7.150320452329553e-05
195451675.17235202	0.0008137565127540068	-0.0021981260489340217	-7.146375188697859e-05
195455275.17235202	0.0008143827163496838	-0.0021976694908197635	-7.142430103274935e-05
195458875.17235202	0.000815008708093546	-0.0021972129183510324	-7.13848519248719e-05
195462475.17235202	0.0008156344881528598	-0.0021967563315265265	-7.134540452739024e-05
195466075.17235202	0.0008162600566947772	-0.002196299730344784	-7.130595880412681e-05
195469675.17235202	0.0008168854138863262	-0.002195843114804182	-7.126651471867876e-05
195473275.17235202	0.0008175105598944015	-0.002195386484902931	-7.12270722344128e-05
195476875.17235202	0.0008181354948857678	-0.002194929840639074	-7.118763131446142e-05
195480475.17235202	0.0008187602190270617	-0.0021944731820104594	-7.114819192172095e-05
195484075.17235202	0.000819384732484803	-0.002194016509014751	-7.110875401885255e-05
195487675.17235202	0.0008200090354254008	-0.002193559821649423	-7.106931756828399e-05
195491275.17235202	0.0008206331280151506	-0.0021931031199117746	-7.102988253221056e-05
195494875.17235202	0.0008212570104202246	-0.002192646403798945	-7.099044887259347e-05
195498475.17235202	0.0008218806828066695	-0.002192189673307915	-7.095101655115637e-05
195502075.17235202	0.0008225041453403847	-0.0021917329284355047	-7.091158552937932e-05
195505675.17235202	0.0008231273981871278	-0.00219127616917836	-7.087215576849487e-05
195509275.17235202	0.0008237504415125246	-0.0021908193955329468	-7.083272722948659e-05
195512875.17235202	0.0008243732754820762	-0.002190362607495536	-7.079329987309018e-05
195516475.17235202	0.0008249959002611717	-0.002189905805062219	-7.075387365979667e-05
195520075.17235202	0.0008256183160150844	-0.002189448988228909	-7.07144485498534e-05
195523675.17235202	0.0008262405229089594	-0.0021889921569913664	-7.06750245032619e-05
195527275.17235202	0.0008268625211077932	-0.0021885353113452	-7.063560147977135e-05
195530875.17235202	0.0008274843107764255	-0.0021880784512858676	-7.05961794388716e-05
195534475.17235202	0.0008281058920795424	-0.0021876215768086467	-7.05567583397898e-05
195538075.17235202	0.0008287272651817045	-0.0021871646879086273	-7.051733814149292e-05
195541675.17235202	0.0008293484302473633	-0.002186707784580697	-7.047791880269243e-05
195545275.17235202	0.0008299693874408567	-0.002186250866819576	-7.043850028184445e-05
195548875.17235202	0.0008305901369263702	-0.002185793934619829	-7.039908253714199e-05
195552475.17235202	0.0008312106788679392	-0.0021853369879758708	-7.035966552651466e-05
195556075.17235202	0.000831831013429492	-0.00218488002688196	-7.032024920763848e-05
195559675.17235202	0.0008324511407747397	-0.0021844230513322033	-7.028083353789991e-05
195563275.17235202	0.0008330710610672846	-0.002183966061320534	-7.024141847442462e-05
195566875.17235202	0.0008336907744705945	-0.0021835090568406742	-7.020200397405857e-05
195570475.17235202	0.0008343102811480174	-0.0021830520378861695	-7.016258999337867e-05
195574075.17235202	0.0008349295812627498	-0.0021825950044504364	-7.012317648869206e-05
195577675.17235202	0.0008355486749778672	-0.0021821379565267036	-7.008376341603368e-05
195581275.17235202	0.0008361675624562999	-0.00218168089410806	-7.004435073116287e-05
195584875.17235202	0.0008367862438608025	-0.0021812238171874574	-7.0004938389557e-05
195588475.17235202	0.0008374047193539612	-0.002180766725757703	-6.996552634640655e-05
195592075.17235202	0.0008380229890982183	-0.0021803096198114154	-6.992611455661382e-05
195595675.17235202	0.0008386410532558907	-0.0021798524993410233	-6.988670297479518e-05
195599275.17235202	0.0008392589119891702	-0.002179395364338784	-6.984729155528364e-05
195602875.17235202	0.0008398765654601048	-0.0021789382147968006	-6.980788025212856e-05
195606475.17235202	0.0008404940138305826	-0.0021784810507070548	-6.97684690190926e-05
195610075.17235202	0.0008411112572623187	-0.0021780238720613965	-6.972905780964604e-05
195613675.17235202	0.0008417282959168577	-0.002177566678851527	-6.968964657696118e-05
195617275.17235202	0.0008423451299555836	-0.002177109471068982	-6.965023527390958e-05
195620875.17235202	0.0008429617595397342	-0.0021766522487051236	-6.961082385306161e-05
195624475.17235202	0.0008435781848304029	-0.0021761950117511397	-6.957141226668787e-05
195628075.17235202	0.0008441944059885368	-0.0021757377601980686	-6.953200046676069e-05
195631675.17235202	0.0008448104231749231	-0.0021752804940368122	-6.949258840495316e-05
195635275.17235202	0.0008454262365501786	-0.0021748232132581466	-6.945317603263595e-05
195638875.17235202	0.0008460418462747398	-0.002174365917852715	-6.941376330087202e-05
195642475.17235202	0.0008466572525088669	-0.002173908607811022	-6.937435016041178e-05
195646075.17235202	0.0008472724554126465	-0.002173451283123409	-6.933493656168927e-05
195649675.17235202	0.0008478874551460043	-0.002172993943780052	-6.929552245482183e-05
195653275.17235202	0.0008485022518687098	-0.002172536589770969	-6.925610778961186e-05
195656875.17235202	0.000849116845740373	-0.0021720792210860314	-6.921669251554829e-05
195660475.17235202	0.0008497312369204366	-0.002171621837714985	-6.917727658180666e-05
195664075.17235202	0.0008503454255681571	-0.0021711644396474558	-6.913785993724519e-05
195667675.17235202	0.0008509594118426018	-0.002170707026872951	-6.909844253039862e-05
195671275.17235202	0.0008515731959026427	-0.0021702495993808366	-6.905902430947127e-05
195674875.17235202	0.0008521867779069677	-0.002169792157160321	-6.901960522233343e-05
195678475.17235202	0.0008528001580140947	-0.0021693347002004464	-6.898018521652249e-05
195682075.17235202	0.0008534133363823831	-0.0021688772284901075	-6.89407642392477e-05
195685675.17235202	0.0008540263131700267	-0.0021684197420180668	-6.89013422373935e-05
195689275.17235202	0.0008546390885350375	-0.0021679622407729787	-6.886191915751707e-05
195692875.17235202	0.0008552516626352221	-0.002167504724743393	-6.882249494583876e-05
195696475.17235202	0.0008558640356281694	-0.0021670471939177257	-6.878306954823141e-05
195700075.17235202	0.000856476207671271	-0.0021665896482842514	-6.874364291021977e-05
195703675.17235202	0.000857088178921747	-0.002166132087831105	-6.870421497698868e-05
195707275.17235202	0.0008576999495366468	-0.0021656745125462735	-6.86647856933791e-05
195710875.17235202	0.0008583115196728286	-0.002165216922417574	-6.862535500387248e-05
195714475.17235202	0.0008589228894869852	-0.002164759317432761	-6.85859228526287e-05
195718075.17235202	0.0008595340591356112	-0.0021643016975794365	-6.854648918344606e-05
195721675.17235202	0.0008601450287749583	-0.0021638440628451417	-6.850705393977376e-05
195725275.17235202	0.000860755798561071	-0.0021633864132172952	-6.846761706470031e-05
195728875.17235202	0.0008613663686498212	-0.002162928748683151	-6.84281785009543e-05
195732475.17235202	0.0008619767391968627	-0.0021624710692298437	-6.838873819089757e-05
195736075.17235202	0.0008625869103576583	-0.002162013374844376	-6.834929607652994e-05
195739675.17235202	0.0008631968822875027	-0.0021615556655136246	-6.830985209949493e-05
195743275.17235202	0.000863806655141499	-0.002161097941224366	-6.827040620107847e-05
195746875.17235202	0.0008644162290745225	-0.002160640201963297	-6.823095832220137e-05
195750475.17235202	0.000865025604241207	-0.002160182447717025	-6.819150840341066e-05
195754075.17235202	0.0008656347807959562	-0.0021597246784720516	-6.815205638487449e-05
195757675.17235202	0.0008662437588929661	-0.0021592668942147447	-6.811260220638139e-05
195761275.17235202	0.0008668525386862452	-0.0021588090949313456	-6.807314580734276e-05
195764875.17235202	0.0008674611203296062	-0.0021583512806079654	-6.80336871267948e-05
195768475.17235202	0.0008680695039766575	-0.0021578934512306394	-6.799422610339878e-05
195772075.17235202	0.0008686776897807719	-0.00215743560678532	-6.795476267543722e-05
195775675.17235202	0.0008692856778950787	-0.002156977747257893	-6.791529678080836e-05
195779275.17235202	0.0008698934684724617	-0.0021565198726341576	-6.787582835702007e-05
195782875.17235202	0.0008705010616655694	-0.0021560619828998122	-6.783635734118589e-05
195786475.17235202	0.0008711084576268319	-0.002155604078040436	-6.779688367002367e-05
195790075.17235202	0.0008717156565084662	-0.002155146158041503	-6.775740727985665e-05
195793675.17235202	0.0008723226584624704	-0.0021546882228883845	-6.771792810661451e-05
195797275.17235202	0.0008729294636406136	-0.0021542302725663827	-6.767844608583393e-05
195800875.17235202	0.000873536072194414	-0.0021537723070607414	-6.763896115265563e-05
195804475.17235202	0.0008741424842751272	-0.002153314326356643	-6.759947324181894e-05
195808075.17235202	0.0008747487000337491	-0.0021528563304392036	-6.755998228765587e-05
195811675.17235202	0.0008753547196210227	-0.0021523983192934452	-6.752048822408565e-05
195815275.17235202	0.0008759605431874558	-0.0021519402929042887	-6.748099098461309e-05
195818875.17235202	0.0008765661708833239	-0.00215148225125655	-6.744149050232956e-05
195822475.17235202	0.0008771716028586709	-0.0021510241943349744	-6.740198670991667e-05
195826075.17235202	0.0008777768392632887	-0.002150566122124252	-6.736247953964741e-05
195829675.17235202	0.0008783818802466956	-0.00215010803460904	-6.732296892338345e-05
195833275.17235202	0.0008789867259581281	-0.0021496499317739614	-6.72834547925675e-05
195836875.17235202	0.0008795913765465415	-0.0021491918136035707	-6.724393707821322e-05
195840475.17235202	0.0008801958321606261	-0.0021487336800823254	-6.720441571089907e-05
195844075.17235202	0.0008808000929488298	-0.0021482755311945895	-6.716489062077028e-05
195847675.17235202	0.0008814041590593539	-0.002147817366924653	-6.71253617375471e-05
195851275.17235202	0.0008820080306401452	-0.002147359187256786	-6.708582899053122e-05
195854875.17235202	0.0008826117078388679	-0.002146900992175231	-6.704629230859823e-05
195858475.17235202	0.0008832151908028993	-0.0021464427816641745	-6.700675162018143e-05
195862075.17235202	0.0008838184796793174	-0.002145984555707769	-6.696720685327329e-05
195865675.17235202	0.0008844215746148882	-0.0021455263142901833	-6.692765793543715e-05
195869275.17235202	0.0008850244757561365	-0.002145068057395413	-6.68881047937627e-05
195872875.17235202	0.000885627183249288	-0.0021446097850074623	-6.684854735490631e-05
195876475.17235202	0.0008862296972403456	-0.0021441514971102613	-6.680898554508437e-05
195880075.17235202	0.0008868320178750142	-0.002143693193687725	-6.676941929006827e-05
195883675.17235202	0.0008874341452986769	-0.00214323487472377	-6.67298485151776e-05
195887275.17235202	0.0008880360796564237	-0.0021427765402023085	-6.669027314528884e-05
195890875.17235202	0.0008886378210930317	-0.0021423181901072384	-6.665069310482044e-05
195894475.17235202	0.0008892393697529577	-0.0021418598244224156	-6.661110831772002e-05
195898075.17235202	0.0008898407257803642	-0.002141401443131641	-6.65715187074659e-05
195901675.17235202	0.0008904418893191405	-0.002140943046218679	-6.653192419707574e-05
195905275.17235202	0.0008910428605128978	-0.0021404846336672864	-6.64923247091128e-05
195908875.17235202	0.0008916436395049383	-0.0021400262054612346	-6.645272016568355e-05
195912475.17235202	0.00089224422643823	-0.0021395677615843253	-6.641311048842962e-05
195916075.17235202	0.0008928446214553907	-0.0021391093020203685	-6.637349559851765e-05
195919675.17235202	0.0008934448246987	-0.002138650826753173	-6.633387541663322e-05
195923275.17235202	0.0008940448363101161	-0.002138192335766528	-6.629424986297967e-05
195926875.17235202	0.0008946446564312978	-0.0021377338290441998	-6.625461885728113e-05
195930475.17235202	0.0008952442852035982	-0.002137275306569957	-6.621498231878556e-05
195934075.17235202	0.0008958437227680517	-0.0021368167683275966	-6.617534016626585e-05
195937675.17235202	0.0008964429692653485	-0.0021363582143009534	-6.613569231801665e-05
195941275.17235202	0.000897042024835815	-0.0021358996444739062	-6.609603869184857e-05
195944875.17235202	0.0008976408896194091	-0.002135441058830373	-6.605637920508098e-05
195948475.17235202	0.0008982395637557311	-0.0021349824573542965	-6.601671377453726e-05
195952075.17235202	0.0008988380473840366	-0.0021345238400296254	-6.597704231654237e-05
195955675.17235202	0.000899436340643253	-0.0021340652068403227	-6.59373647469244e-05
195959275.17235202	0.0009000344436719723	-0.002133606557770375	-6.58976809810171e-05
195962875.17235202	0.0009006323566084398	-0.0021331478928038237	-6.585799093366156e-05
195966475.17235202	0.0009012300795905254	-0.002132689211924781	-6.581829451920464e-05
195970075.17235202	0.0009018276127557045	-0.00213223051511744	-6.577859165149335e-05
195973675.17235202	0.0009024249562410547	-0.002131771802366066	-6.57388822438675e-05
195977275.17235202	0.0009030221101832676	-0.002131313073654968	-6.569916620915273e-05
195980875.17235202	0.0009036190747186729	-0.002130854328968483	-6.565944345965741e-05
195984475.17235202	0.0009042158499832508	-0.0021303955682909765	-6.561971390717502e-05
195988075.17235202	0.0009048124361126269	-0.002129936791606878	-6.557997746298985e-05
195991675.17235202	0.0009054088332420398	-0.002129477998900709	-6.55402340378814e-05
195995275.17235202	0.00090600504150631	-0.002129019190157128	-6.550048354212302e-05
195998875.17235202	0.000906601061039822	-0.002128560365360905	-6.546072588547147e-05
