177839655.3504	128741148601.27173	-80127180304.04901	402405376.0477891	18370.009310240235	27345.211983675465	1795.482751165636
177843255.3504	128807246725.73352	-80028719436.54376	408867706.75950533	18351.17598179474	27355.272415299623	1794.704660840332
177846855.3504	128873277103.53012	-79930222325.83861	415327275.4732404	18332.371982641605	27365.346867432727	1793.9481295453058
177850455.3504	128939239837.16675	-79831688923.86348	421784157.9162126	18313.595619700147	27375.43401856925	1793.2121208771725
177854055.3504	129005135023.2445	-79733119187.15926	428238426.20008975	18294.845304589624	27385.532627518125	1792.4956617630692
177857655.3504	129070962752.82275	-79634513076.59975	434690149.0402198	18276.119545688653	27395.641527339074	1791.7978376703452
177861255.3504	129136723111.75426	-79535870557.13441	441139391.9584056	18257.416940909658	27405.75961982251	1791.1177882465802
177864855.3504	129202416180.99544	-79437191597.5502	447586217.4706906	18238.736171114095	27415.885870456797	1790.4547033453239
177868455.3504	129268042036.89404	-79338476170.25058	454030685.2614715	18220.07599410293	27426.01930383319	1789.8078193981803
177872055.3504	129333600751.45609	-79239724251.05048	460472852.3451211	18201.43523912435	27436.158999444546	1789.1764160983962
177875655.3504	129399092392.59387	-79140935818.98563	466912773.21618587	18182.81280184738	27446.30408783886	1788.5598133650767
177879255.3504	129464517024.35672	-79042110856.13522	473350499.9891184	18164.207639755743	27456.45374709301	1787.9573685606101
177882855.3504	129529874707.14574	-78943249347.45674	479786082.5284109	18145.618767921438	27466.607199575952	1787.3684739369103
177886455.3504	129595165497.9141	-78844351280.6319	486219568.5699147	18127.04525512187	27476.763708973915	1786.7925542887458
177890055.3504	129660389450.3538	-78745416645.92291	492651003.8340544	18108.486220268293	27486.922577553127	1786.2290647947545
177893655.3504	129725546615.07027	-78646445436.0382	499080432.13158196	18089.940829116735	27497.08314363813	1785.6774890288016
177897255.3504	129790637039.74532	-78547437646.00682	505507895.46245396	18071.408291235577	27507.244779286113	1785.1373371261486
177900855.3504	129855660769.28986	-78448393273.06097	511933434.1083652	18052.88785720669	27517.406888139612	1784.6081440905084
177904455.3504	129920617845.98683	-78349312316.52586	518357086.71942216	18034.378816039276	27527.568903441817	1784.089468229471
177908055.3504	129985508309.62514	-78250194777.71654	524778890.3953979	18015.8804927778	27537.730286200214	1783.580889707053
177911655.3504	130050332197.62537	-78151040659.841	531198880.76197165	17997.39224628712	27547.890523485803	1783.082009203228
177915255.3504	130115089545.15779	-78051849967.90929	537617092.0423216	17978.913467199665	27558.04912685626	1782.5924466712995
177918855.3504	130179780385.25328	-77952622708.64792	544033557.1244073	17960.443576010963	27568.205630892655	1782.1118401848566
177922455.3504	130244404748.90755	-77853358890.41959	550448307.6242522	17941.982021311076	27578.359591840257	1781.639844866841
177926055.3504	130308962665.17932	-77754058523.14737	556861373.9455067	17923.528278140788	27588.510586344844	1781.176131893964
177929655.3504	130373454161.28278	-77654721618.2435	563272785.335555	17905.08184646232	27598.658210276793	1780.7203875703412
177933255.3504	130437879262.67468	-77555348188.54211	569682569.9384022	17886.642249735338	27608.80207763588	1780.272312464774
177936855.3504	130502237993.13652	-77455938248.23589	576090754.8445631	17868.209033589923	27618.941819530384	1779.8316206066218
177940455.3504	130566530374.85211	-77356491812.8161	582497366.1381544	17849.78176458878	27629.077083224685	1779.3980387356592
177944055.3504	130630756428.4808	-77257008899.01619	588902428.9413769	17831.360029071817	27639.207531250013	1778.9713056017224
177947655.3504	130694916173.22676	-77157489524.75822	595305967.4565611	17812.943432076696	27649.33284057351	1778.5511713103228
177951255.3504	130759009626.90442	-77057933709.1024	601708005.0059334	17794.531596329613	27659.452701821207	1778.1373967107334
177954855.3504	130823036806.00041	-76958341472.19916	608108564.0692519	17776.124161300988	27669.566818550855	1777.7297528233578
177958455.3504	130886997725.7323	-76858712835.24388	614507666.3194466	17757.720782321245	27679.674906570872	1777.3280203034628
177962055.3504	130950892400.10411	-76759047820.43396	620905332.6563904	17739.321129752258	27689.7766933021	1776.9319889386009
177965655.3504	131014720841.95908	-76659346450.92805	627301583.2389184	17720.924888210393	27699.871917179185	1776.5414571772703
177969255.3504	131078483063.02959	-76559608750.80753	633696437.515202	17702.531755837445	27709.96032708877	1776.1562316865675
177972855.3504	131142179073.98468	-76459834745.03967	640089914.2515808	17684.141443616023	27720.04168184188	1775.7761269367638
177976455.3504	131205808884.47505	-76360024459.44301	646482031.5599439	17665.753674726264	27730.115749678087	1775.400964810911
177980055.3504	131269372503.17589	-76260177920.65408	652872806.9237483	17647.368183940984	27740.18230779922	1775.0305742377268
177983655.3504	131332869937.82758	-76160295156.09605	659262257.2227553	17628.9847170566	27750.241141930615	1774.6647908461534
177987255.3504	131396301195.27441	-76060376193.94876	665650398.7565603	17610.603030357368	27760.29204590802	1774.303456640108
177990855.3504	131459666281.50142	-75960421063.12021	672037247.2669853	17592.222890110705	27770.33482128836	1773.946419692055
177994455.3504	131522965201.66943	-75860429793.21947	678422817.9594005	17573.844072091448	27780.369276982874	1773.5935338541424
177998055.3504	131586197960.14851	-75760402414.53079	684807125.5230366	17555.466361133193	27790.39522891101	1773.2446584857305
178001655.3504	131649364560.5498	-75660338957.98903	691190184.1503427	17537.08955070488	27800.412499673836	1772.8996581962401
178005255.3504	131712465005.75587	-75560239455.15608	697572007.5554459	17518.71344251101	27810.420918245607	1772.5584026023191
178008855.3504	131775499297.94966	-75460103938.19852	703952608.99176	17500.33784611392	27820.42031968235	1772.2207660984043
178012455.3504	131838467438.64217	-75359932439.86618	710332001.2687917	17481.962578576775	27830.410544846403	1771.886627639822
178016055.3504	131901369428.69878	-75259724993.47173	716710196.7681869	17463.58746412589	27840.391440145846	1771.5558705376347
178019655.3504	131964205268.36453	-75159481632.87117	723087207.4590592	17445.2123338312	27850.36285728794	1771.2283822644931
178023255.3504	132026974957.28818	-75059202392.44516	729463044.9126371	17426.837025303772	27860.324653045667	1770.904054270813
178026855.3504	132089678494.54518	-74958887307.08119	735837720.316268	17408.461382409234	27870.2766890366	1770.5827818106382
178030455.3504	132152315878.6598	-74858536412.15654	742211244.4868115	17390.085254996233	27880.21883151329	1770.264463776598
178034055.3504	132214887107.62614	-74758149743.52191	748583627.8834543	17371.708498638945	27890.150951164556	1769.9490025434097
178037655.3504	132277392178.92828	-74657727337.48582	754954880.6199759	17353.33097439284	27900.072922926942	1769.636303819412
178041255.3504	132339831089.55963	-74557269230.79968	761325012.476494	17334.952548562855	27909.9846258058	1769.326276505652
178044855.3504	132402203836.0414	-74456775460.64339	767694032.9107149	17316.573092483308	27919.885942705383	1769.01883256208
178048455.3504	132464510414.44037	-74356246064.61159	774061951.0687153	17298.19248230882	27929.776760267465	1768.7138868804366
178052055.3504	132526750820.38582	-74255681080.70056	780428775.7952774	17279.810598815606	27939.656968717947	1768.4113571634437
178055655.3504	132588925049.08589	-74155080547.29552	786794515.6437994	17261.42732721258	27949.526461721027	1768.1111638099367
178059255.3504	132651033095.34317	-74054444503.15851	793159178.8858042	17243.042556961645	27959.385136240493	1767.8132298056
178062855.3504	132713074953.5697	-73953772987.41676	799522773.5200623	17224.656181606726	27969.232892407723	1767.5174806189873
178066455.3504	132775050617.80139	-73853066039.55153	805885307.2813511	17206.268098610977	27979.069633396022	1767.2238441025306
178070055.3504	132836960081.71182	-73752323699.38734	812246787.6488656	17187.878209201772	27988.895265300966	1766.9322503982619
178073655.3504	132898803338.62558	-73651546007.08171	818607221.8542981	17169.486418223	27998.70969702637	1766.6426318479846
178077255.3504	132960580381.53096	-73550733003.11517	824966616.8896018	17151.092633994314	28008.512840175637	1766.3549229076539
178080855.3504	133022291203.09227	-73449884728.28181	831324979.514454	17132.69676817688	28018.30460894814	1766.0690600657344
178084455.3504	133083935795.66162	-73349001223.68008	837682316.2634314	17114.298735645378	28028.084920040386	1765.7849817653237
178088055.3504	133145514151.29027	-73248082530.70395	844038633.4529123	17095.89845436581	28037.853692551726	1765.502628329837
178091655.3504	133207026261.73955	-73147128691.03444	850393937.187717	17077.49584527891	28047.610847894335	1765.2219418920677
178095255.3504	133268472118.49135	-73046139746.63145	856748233.3674984	17059.09083218876	28057.356309707262	1764.9428663264416
178098855.3504	133329851712.75826	-72945115739.72594	863101527.6928952	17040.68334165642	28067.090003774312	1764.6653471843028
178102455.3504	133391165035.49329	-72844056712.81226	869453825.6714559	17022.27330289829	28076.81185794561	1764.389331632069
178106055.3504	133452412077.39926	-72742962708.6409	875805132.6233462	17003.860647688933	28086.521802062583	1764.1147683921117
178109655.3504	133513592828.93787	-72641833770.21146	882155453.686848	16985.445310268133	28096.219767886265	1763.8416076862225
178113255.3504	133574707280.33836	-72540669940.76582	888504793.8236592	16967.02722725203	28105.905689028696	1763.56980118153
178116855.3504	133635755421.60596	-72439471263.78168	894853157.8240026	16948.606337548063	28115.57950088728	1763.2993019387495
178120455.3504	133696737242.52992	-72338237782.96613	901200550.3115538	16930.18258227354	28125.241140581977	1763.0300643626445
178124055.3504	133757652732.69144	-72236969542.24963	907546975.7481931	16911.755904677695	28134.890546895134	1762.7620441545919
178127655.3504	133818501881.47108	-72135666585.78015	913892438.4385916	16893.326250067006	28144.527660213887	1762.4951982671482
178131255.3504	133879284678.05615	-72034328957.91743	920236942.5346357	16874.89356573366	28154.152422474963	1762.2294848605165
178134855.3504	133940001111.44766	-71932956703.22755	926580492.0396997	16856.45780088698	28163.764777111777	1761.9648632608237
178138455.3504	134000651170.46712	-71831549866.4776	932923090.8127704	16838.01890658769	28173.364669003735	1761.70129392012
178142055.3504	134061234843.76309	-71730108492.63055	939264742.5724307	16819.576835684875	28182.952044427595	1761.4387383780174
178145655.3504	134121752119.81754	-71628632626.8404	945605450.9007084	16801.131542755495	28192.526851010836	1761.1771592248915
178149255.3504	134182202986.95192	-71527122314.44724	951945219.2467949	16782.68298404637	28202.089037686892	1760.916520066569
178152855.3504	134242587433.3331	-71425577600.97276	958284050.9306393	16764.23111741846	28211.638554652207	1760.6567854904356
178156455.3504	134302905446.97906	-71323998532.11575	964621949.1464229	16745.775902293415	28221.175353324998	1760.3979210328935
178160055.3504	134363157015.76447	-71222385153.74771	970958916.9659194	16727.31729960218	28230.699386305656	1760.1398931481103
178163655.3504	134423342127.42592	-71120737511.90874	977294957.3417442	16708.855271735676	28240.210607338708	1759.8826691779968
178167255.3504	134483460769.56725	-71019055652.80344	983630073.1104982	16690.389782497397	28249.708971276264	1759.6262173233583
178170855.3504	134543512929.6644	-70917339622.797	989964266.9958093	16671.920797057825	28259.194434042904	1759.3705066161674
178174455.3504	134603498595.07034	-70815589468.41142	996297541.6112766	16653.448281910616	28268.666952601903	1759.1155068929056
178178055.3504	134663417753.01976	-70713805236.32181	1002629899.46332	16634.972204830487	28278.12648492277	1758.8611887689287
178181655.3504	134723270390.63356	-70611986973.35278	1008961342.9539393	16616.492534832665	28287.572989950004	1758.6075236138067
178185255.3504	134783056494.92326	-70510134726.4751	1015291874.383387	16598.009242133903	28297.00642757307	1758.3544835275977
178188855.3504	134842776052.79529	-70408248542.80222	1021621495.9527559	16579.52229811495	28306.426758597467	1758.1020413180154
178192455.3504	134902429051.05507	-70306328469.58711	1027950209.7664877	16561.03167528442	28315.833944716913	1757.850170478448
178196055.3504	134962015476.41104	-70204374554.21912	1034278017.8348023	16542.537347244	28325.227948486543	1757.5988451667945
178199655.3504	135021535315.47852	-70102386844.22081	1040604922.0760536	16524.039288654953	28334.608733297115	1757.3480401850816
178203255.3504	135080988554.78346	-70000365387.24513	1046930924.3190126	16505.537475205838	28343.97626335015	1757.0977309598288
178206855.3504	135140375180.76613	-69898310231.07245	1053256026.3050815	16487.031883581403	28353.330503633984	1756.8478935231287
178210455.3504	135199695179.78458	-69796221423.60782	1059580229.6904404	16468.522491432614	28362.671419900707	1756.5985044944132
178214055.3504	135258948538.11809	-69694099012.87823	1065903536.0481304	16450.009277347755	28371.9989786439	1756.3495410628755
178217655.3504	135318135241.97052	-69591943047.03	1072225946.8700736	16431.49222082457	28381.313147077206	1756.1009809705224
178221255.3504	135377255277.47351	-69489753574.32619	1078547463.5690336	16412.97130224337	28390.613893113645	1755.8528024958289
178224855.3504	135436308630.68964	-69387530643.14418	1084868087.4805188	16394.44650284113	28399.90118534567	1755.6049844379704
178228455.3504	135495295287.61542	-69285274301.9732	1091187819.8646286	16375.917804686453	28409.174993025914	1755.3575061016104
178232055.3504	135554215234.18428	-69182984599.41202	1097506661.9078472	16357.385190655441	28418.435286048632	1755.1103472822194
178235655.3504	135613068456.26944	-69080661584.16666	1103824614.7247846	16338.848644408386	28427.68203493178	1754.8634882519032
178239255.3504	135671854939.68663	-68978305305.04816	1110141679.3598676	16320.308150367264	28436.9152107997	1754.6169097457216
178242855.3504	135730574670.19688	-68875915810.97049	1116457856.7889829	16301.763693694009	28446.134785366427	1754.3705929484768
178246455.3504	135789227633.5091	-68773493150.94836	1122773147.9210725	16283.215260269522	28455.34073091955	1754.1245194819528
178250055.3504	135847813815.2826	-68671037374.09529	1129087553.5996852	16264.662836673393	28464.533020304625	1753.8786713925876
178253655.3504	135906333201.12962	-68568548529.62153	1135401074.604483	16246.106410164304	28473.711626910124	1753.633031139563
178257255.3504	135964785776.61775	-68466026666.8322	1141713711.6527069	16227.54596866109	28482.876524652886	1753.3875815832916
178260855.3504	136023171527.27223	-68363471835.125374	1148025465.4006007	16208.981500724434	28492.027687964037	1753.1423059742913
178264455.3504	136081490438.57825	-68260884083.99028	1154336336.444796	16190.41299553916	28501.165091775416	1752.8971879424266
178268055.3504	136139742495.98314	-68158263463.00551	1160646325.3236594	16171.840442897113	28510.28871150642	1752.652211486506
178271655.3504	136197927684.89859	-68055610021.83728	1166955432.518602	16153.263833180608	28519.398523051288	1752.4073609642212
178275255.3504	136256045990.70267	-67952923810.237755	1173263658.4553535	16134.683157346399	28528.49450276681	1752.1626210824131
178278855.3504	136314097398.74193	-67850204878.0434	1179571003.5052032	16116.098406910183	28537.576627460432	1751.917976887657
178282455.3504	136372081894.33334	-67747453275.17339	1185877467.9862058	16097.509573931604	28546.644874378737	1751.673413757148
178286055.3504	136429999462.76627	-67644669051.62802	1192183052.1643553	16078.916650999718	28555.699221196315	1751.4289173898817
178289655.3504	136487850089.30429	-67541852257.48721	1198487756.2547286	16060.319631218943	28564.73964600497	1751.1844737981166
178293255.3504	136545633759.18712	-67439002942.90902	1204791580.4225984	16041.718508195443	28573.76612730329	1750.9400692991062
178296855.3504	136603350457.6323	-67336121158.12819	1211094524.7845163	16023.113276023938	28582.778643986527	1750.6956905070933
178300455.3504	136661000169.83698	-67233206953.454735	1217396589.4093683	16004.503929274939	28591.777175336814	1750.4513243255565
178304055.3504	136718582880.9796	-67130260379.27259	1223697774.3194017	15985.890462982366	28600.761701013686	1750.2069579396987
178307655.3504	136776098576.22156	-67027281486.03823	1229998079.4912274	15967.272872631564	28609.732201044877	1749.9625788091687
178311255.3504	136833547240.70877	-66924270324.279396	1236297504.8567939	15948.651154147674	28618.688655817437	1749.718174661009
178314855.3504	136890928859.57327	-66821226944.59379	1242596050.3043382	15930.025303884373	28627.631046069095	1749.4737334828203
178318455.3504	136948243417.93471	-66718151397.64784	1248893715.6793118	15911.39531861295	28636.559352879885	1749.2292435161355
178322055.3504	137005490900.90187	-66615043734.1755	1255190500.785283	15892.761195511717	28645.473557664067	1748.9846932499952
178325655.3504	137062671293.57407	-66511904004.97702	1261486405.3848171	15874.12293215574	28654.373642162238	1748.7400714147186
178329255.3504	137119784581.04262	-66408732260.917816	1267781429.2003334	15855.480526506874	28663.259588433728	1748.495366975862
178332855.3504	137176830748.39215	-66305528552.92734	1274075571.9149418	15836.833976904094	28672.131378849193	1748.2505691283582
178336455.3504	137233809780.70201	-66202292931.99793	1280368833.1732585	15818.183282054128	28680.98899608346	1748.005667290832
178340055.3504	137290721663.04752	-66099025449.1838	1286661212.5822012	15799.528441022348	28689.83242310855	1747.7606511000834
178343655.3504	137347566380.50124	-65995726155.5999	1292952709.7117646	15780.869453223942	28698.66164318694	1747.5155104057346
178347255.3504	137404343918.1343	-65892395102.420944	1299243324.095777	15762.206318415334	28707.476639865006	1747.270235265035
178350855.3504	137461054261.01752	-65789032340.88038	1305533055.2326393	15743.539036685866	28716.277396966656	1747.024815937816
178354455.3504	137517697394.22263	-65685637922.26938	1311821902.586045	15724.86760844971	28725.063898587163	1746.7792428815962
178358055.3504	137574273302.82343	-65582211897.935905	1318109865.5856833	15706.192034438014	28733.836129087165	1746.533506746826
178361655.3504	137630781971.89688	-65478754319.28376	1324396943.6279254	15687.512315691287	28742.594073086853	1746.2875983722702
178365255.3504	137687223386.5243	-65375265237.771645	1330683136.0764942	15668.82845355198	28751.337715460297	1746.0415087805222
178368855.3504	137743597531.79233	-65271744704.91226	1336968442.2631183	15650.140449657292	28760.067041329974	1745.795229173649
178372455.3504	137799904392.794	-65168192772.27145	1343252861.4881706	15631.448305932181	28768.78203606142	1745.5487509289571
178376055.3504	137856143954.62985	-65064609491.46728	1349536393.0212913	15612.752024582554	28777.48268525805	1745.3020655948799
178379655.3504	137912316202.4088	-64960994914.16924	1355819036.1019971	15594.05160808867	28786.168974756125	1745.0551648869803
178383255.3504	137968421121.2492	-64857349092.097404	1362100789.9402757	15575.347059198712	28794.840890619835	1744.8080406840659
178386855.3504	138024458696.27975	-64753672077.02161	1368381653.7171667	15556.638380922539	28803.498419136566	1744.5606850244124
178390455.3504	138080428912.64047	-64649963920.76064	1374661626.5853288	15537.925576525617	28812.141546812258	1744.3130901020913
178394055.3504	138136331755.48358	-64546224675.18151	1380940707.6695948	15519.208649523105	28820.770260366906	1744.0652482634002
178397655.3504	138192167209.9744	-64442454392.19864	1387218896.0675125	15500.487603674117	28829.38454673019	1743.8171520033907
178401255.3504	138247935261.2922	-64338653123.77313	1393496190.849875	15481.762442976125	28837.984393037223	1743.568793962491
178404855.3504	138303635894.63107	-64234820921.91205	1399772591.0612376	15463.033171659525	28846.569786624397	1743.3201669232224
178408455.3504	138359269095.20074	-64130957838.66767	1406048095.7204232	15444.29979418234	28855.14071502538	1743.071263807002
178412055.3504	138414834848.2274	-64027063926.136826	1412322703.8210177	15425.562315225074	28863.697165967176	1742.8220776710348
178415655.3504	138470333138.95444	-63923139236.46017	1418596414.3318524	15406.820739685696	28872.239127366334	1742.5726017052873
178419255.3504	138525763952.64334	-63819183821.821526	1424869226.1974773	15388.075072674757	28880.766587325223	1742.3228292295435
178422855.3504	138581127274.5743	-63715197734.44722	1431141138.338623	15369.325319510646	28889.27953412843	1742.072753690538
178426455.3504	138636423090.04706	-63611181026.60544	1437412149.6526525	15350.571485714952	28897.777956239242	1741.8223686591673
178430055.3504	138691651384.38156	-63507133750.60557	1443682259.0140033	15331.81357700797	28906.261842296233	1741.5716678277722
178433655.3504	138746812142.9187	-63403055958.7976	1449951465.27462	15313.0515993043	28914.73118110992	1741.3206450074936
178437255.3504	138801905351.02106	-63298947703.5715	1456219767.2643778	15294.285558708589	28923.18596165953	1741.069294125697
178440855.3504	138856930994.0735	-63194809037.356606	1462487163.791495	15275.515461511344	28931.62617308983	1740.8176092234642
178444455.3504	138911889057.4838	-63090640012.62104	1468753653.6429396	15256.741314184897	28940.051804708066	1740.5655844531493
178448055.3504	138966779526.68344	-62986440681.87113	1475019235.5848243	15237.963123379437	28948.462845980954	1740.3132140760001
178451655.3504	139021602387.12814	-62882211097.65085	1481283908.3627949	15219.180895919157	28956.85928653176	1740.0604924598376
178455255.3504	139076357624.29846	-62777951312.541245	1487547670.7024097	15200.394638798505	28965.24111613746	1739.8074140767983
178458855.3504	139131045223.70047	-62673661379.15989	1493810521.3095117	15181.60435917852	28973.608324725963	1739.553973501131
178462455.3504	139185665170.86633	-62569341350.160355	1500072458.870591	15162.81006438326	28981.960902373412	1739.300165407052
178466055.3504	139240217451.3548	-62464991278.231674	1506333482.053142	15144.011761896325	28990.29883930155	1739.0459845666535
178469655.3504	139294702050.75192	-62360611216.09782	1512593589.5060122	15125.209459357462	28998.62212587515	1738.7914258478647
178473255.3504	139349118954.67148	-62256201216.5172	1518852779.8597424	15106.403164559255	29006.930752599514	1738.5364842124643
178476855.3504	139403468148.75558	-62151761332.28215	1525111051.726902	15087.592885443895	29015.224710118036	1738.2811547141428
178480455.3504	139457749618.6752	-62047291616.21846	1531368403.7024167	15068.77863010004	29023.503989209818	1738.0254324966122
178484055.3504	139511963350.1307	-61942792121.18486	1537624834.3638885	15049.96040675973	29031.768580787346	1737.769312791764
178487655.3504	139566109328.85233	-61838262900.07256	1543880342.2719104	15031.1382237954	29040.018475894238	1737.512790917871
178491255.3504	139620187540.60068	-61733704005.80479	1550134925.9703739	15012.312089716952	29048.25366570302	1737.2558622778345
178494855.3504	139674197971.1673	-61629115491.3363	1556388583.9867706	14993.482013168898	29056.474141512997	1736.9985223574745
178498455.3504	139728140606.37506	-61524497409.652985	1562641314.832488	14974.648002927577	29064.679894748122	1736.74076672386
178502055.3504	139782015432.07864	-61419849813.771355	1568893117.0030987	14955.810067898436	29072.870916954966	1736.4825910236818
178505655.3504	139835822434.16504	-61315172756.73815	1575143988.9786446	14936.968217113372	29081.047199800705	1736.2239909816637
178509255.3504	139889561598.55396	-61210466291.62989	1581393929.2239144	14918.122459728147	29089.208735071184	1735.9649623990117
178512855.3504	139943232911.1983	-61105730471.55245	1587642936.1887167	14899.27280501985	29097.35551466899	1735.7055011519008
178516455.3504	139996836358.0846	-61000965349.64066	1593891008.308147	14880.419262384428	29105.48753061161	1735.4456031899979
178520055.3504	140050371925.23337	-60896170979.057884	1600138144.0028496	14861.561841334276	29113.60477502959	1735.1852645350202
178523655.3504	140103839598.69965	-60791347412.9956	1606384341.6792748	14842.700551495875	29121.707240164804	1734.924481279327
178527255.3504	140157239364.57327	-60686494704.67302	1612629599.7299304	14823.83540260749	29129.79491836867	1734.6632495845452
178530855.3504	140210571208.97937	-60581612907.336716	1618873916.5336287	14804.966404516923	29137.8678021005	1734.4015656802271
178534455.3504	140263835118.0787	-60476702074.26019	1625117290.4557288	14786.093567179312	29145.92588392583	1734.1394258625398
178538055.3504	140317031078.06805	-60371762258.74354	1631359719.8483737	14767.216900654985	29153.969156514806	1733.8768264929845
178541655.3504	140370159075.1806	-60266793514.113045	1637601203.0507236	14748.33641510736	29161.997612640618	1733.6137639971464
178545255.3504	140423219095.6863	-60161795893.72083	1643841738.3891845	14729.452120800894	29170.011245177953	1733.3502348634731
178548855.3504	140476211125.89227	-60056769450.9445	1650081324.1776323	14710.56402809908	29178.010047101492	1733.0862356420814
178552455.3504	140529135152.1431	-59951714239.18676	1656319958.717632	14691.67214746248	29185.99401148444	1732.821762943591
178556055.3504	140581991160.82117	-59846630311.87507	1662557640.2986548	14672.776489446818	29193.96313149709	1732.5568134379855
178559655.3504	140634779138.34705	-59741517722.46131	1668794367.1982882	14653.877064701104	29201.917400405426	1732.2913838534987
178563255.3504	140687499071.1798	-59636376524.42145	1675030137.682445	14634.973883965797	29209.856811569738	1732.0254709755272
178566855.3504	140740150945.81738	-59531206771.255165	1681264950.0055668	14616.066958071016	29217.781358443295	1731.7590716455666
178570455.3504	140792734748.7968	-59426008516.48556	1687498802.4108238	14597.156297934795	29225.691034571024	1731.492182760172
178574055.3504	140845250466.6946	-59320781813.65879	1693731693.1303115	14578.241914561358	29233.58583358823	1731.224801269942
178577655.3504	140897698086.12708	-59215526716.34379	1699963620.3852434	14559.323819039451	29241.465749219347	1730.9569241785255
178581255.3504	140950077593.75052	-59110243278.131905	1706194582.3861399	14540.402022540698	29249.330775276707	1730.68854854165
178584855.3504	141002388976.2617	-59004931552.63661	1712424577.3330145	14521.476536318	29257.18090565935	1730.4196714661725
178588455.3504	141054632220.39795	-58899591593.493195	1718653603.415556	14502.54737170396	29265.016134351838	1730.1502901091503
178592055.3504	141106807312.9376	-58794223454.35843	1724881658.8133078	14483.614540109353	29272.836455423127	1729.8804016769327
178595655.3504	141158914240.70013	-58688827188.91031	1731108741.695843	14464.678053021618	29280.641863025427	1729.6100034242736
178599255.3504	141210952990.54663	-58583402850.847725	1737334850.2229383	14445.737922003389	29288.432351393116	1729.3390926534614
178602855.3504	141262923549.37982	-58477950493.89018	1743559982.5447426	14426.794158691053	29296.207914841667	1729.06766671347
178606455.3504	141314825904.1445	-58372470171.7775	1749784136.8019438	14407.846774793343	29303.968547766588	1728.7957229991273
178610055.3504	141366660041.82776	-58266961938.26952	1756007311.1259327	14388.895782089954	29311.714244642404	1728.523258950301
178613655.3504	141418425949.4592	-58161425847.14587	1762229503.6389635	14369.941192430193	29319.445000021653	1728.2502720511031
178617255.3504	141470123614.1112	-58055861952.20561	1768450712.4543114	14350.983017731658	29327.16080853389	1727.9767598291114
178620855.3504	141521753022.8992	-57950270307.26702	1774670935.676428	14332.021269978939	29334.861664884724	1727.7027198546066
178624455.3504	141573314162.98184	-57844650966.1673	1780890171.4010942	14313.055961222351	29342.547563854896	1727.428149739827
178628055.3504	141624807021.5613	-57739003982.7623	1787108417.7155688	14294.08710357669	29350.21850029933	1727.153047138238
178631655.3504	141676231585.8835	-57633329410.92626	1793325672.6987362	14275.114709220017	29357.874469146234	1726.877409743818
178635255.3504	141727587843.2383	-57527627304.55157	1799541934.4212515	14256.13879039246	29365.515465396235	1726.6012352903576
178638855.3504	141778875780.95972	-57421897717.54845	1805757200.9456816	14237.159359395055	29373.14148412148	1726.3245215507766
178642455.3504	141830095386.42618	-57316140703.84476	1811971470.3266456	14218.17642858859	29380.752520464815	1726.0472663364517
178646055.3504	141881246647.0607	-57210356317.38571	1818184740.6109517	14199.190010392493	29388.34856963894	1725.769467496561
178649655.3504	141932329550.33112	-57104544612.13363	1824397009.837732	14180.200117283726	29395.92962692559	1725.491122917441
178653255.3504	141983344083.75027	-56998705642.067696	1830608276.038576	14161.206761795715	29403.495687674753	1725.2122305219573
178656855.3504	142034290234.87628	-56892839461.183716	1836818537.2376595	14142.209956517281	29411.04674730387	1724.9327882688872
178660455.3504	142085167991.31262	-56786946123.49387	1843027791.451874	14123.209714091621	29418.58280129709	1724.6527941523166
178664055.3504	142135977340.7084	-56681025683.02648	1849236036.6909528	14104.206047215283	29426.103845204496	1724.3722462010483
178667655.3504	142186718270.75854	-56575078193.82577	1855443270.957594	14085.19896863717	29433.609874641395	1724.091142478023
178671255.3504	142237390769.20392	-56469103709.951614	1861649492.2475827	14066.188491157578	29441.100885287575	1723.8094810797506
178674855.3504	142287994823.8316	-56363102285.479355	1867854698.5499117	14047.17462762722	29448.576872886613	1723.5272601357558
178678455.3504	142338530422.47504	-56257073974.49952	1874058887.846898	14028.157390946306	29456.037833245176	1723.244477808032
178682055.3504	142388997553.01416	-56151018831.11764	1880262058.1143003	14009.136794063614	29463.48376223235	1722.9611322905075
178685655.3504	142439396203.37564	-56044936909.45398	1886464207.321431	13990.11284997559	29470.914655778968	1722.6772218085237
178689255.3504	142489726361.533	-55938828263.64337	1892665333.4312701	13971.085571725465	29478.330509876956	1722.3927446183206
178692855.3504	142539988015.50677	-55832692947.834946	1898865434.4005754	13952.054972402386	29485.731320578707	1722.1076990065362
178696455.3504	142590181153.36475	-55726531016.19195	1905064508.1799898	13933.021065140563	29493.117083996436	1721.8220832897127
178700055.3504	142640305763.22205	-55620342522.89151	1911262552.714149	13913.983863118438	29500.487796301582	1721.5358958138145
178703655.3504	142690361833.24133	-55514127522.12444	1917459565.9417868	13894.94337955786	29507.8434537242	1721.2491349537552
178707255.3504	142740349351.63293	-55407886068.09502	1923655545.7958376	13875.89962772329	29515.18405255236	1720.9617991129332
178710855.3504	142790268306.655	-55301618215.02077	1929850490.2035391	13856.852620921001	29522.50958913158	1720.6738867227778
178714455.3504	142840118686.61365	-55195324017.132286	1936044397.0865319	13837.802372498312	29529.820059864258	1720.3853962423025
178718055.3504	142889900479.86313	-55089003528.67301	1942237264.3609574	13818.748895842824	29537.1154612091	1720.0963261576687
178721655.3504	142939613674.80597	-54982656803.89903	1948429089.9375563	13799.692204381674	29544.395789680588	1719.8066749817565
178725255.3504	142989258259.89307	-54876283897.07888	1954619871.7217624	13780.632311580805	29551.66104184843	1719.5164412537445
178728855.3504	143038834223.62393	-54769884862.49334	1960809607.6137977	13761.569230944246	29558.911214337048	1719.2256235386976
178732455.3504	143088341554.54672	-54663459754.43526	1966998295.508764	13742.502976013408	29566.146303825048	1718.934220427163
178736055.3504	143137780241.2584	-54557008627.20933	1973185933.296735	13723.433560366386	29573.366307044715	1718.6422305347728
178739655.3504	143187150272.40485	-54450531535.13192	1979372518.8628447	13704.360997617285	29580.571220781523	1718.3496525018563
178743255.3504	143236451636.6811	-54344028532.530876	1985558050.087376	13685.285301415548	29587.761041873637	1718.0564849930572
178746855.3504	143285684322.83133	-54237499673.74534	1991742524.8458488	13666.206485445298	29594.93576721144	1717.76272669696
178750455.3504	143334848319.64905	-54130945013.125534	1997925941.009103	13647.1245634247	29602.09539373705	1717.4683763257226
178754055.3504	143383943615.97723	-54024364605.032616	2004108296.4433851	13628.039549105324	29609.239918443876	1717.1734326147155
178757655.3504	143432970200.7084	-53917758503.83847	2010289589.01043	13608.951456271521	29616.36933837615	1716.8778943221691
178761255.3504	143481928062.78476	-53811126763.92553	2016469816.5675428	13589.860298739817	29623.483650628485	1716.5817602288264
178764855.3504	143530817191.1983	-53704469439.68659	2022648976.967679	13570.76609035831	29630.58285234544	1716.2850291376024
178768455.3504	143579637574.99097	-53597786585.52465	2028827068.0595245	13551.668845006077	29637.666940721087	1715.9876998732498
178772055.3504	143628389203.25467	-53491078255.852715	2035004087.687573	13532.568576592606	29644.735912998585	1715.6897712820319
178775655.3504	143677072065.13147	-53384344505.09363	2041180033.6922028	13513.465299057216	29651.789766469778	1715.3912422314002
178779255.3504	143725686149.8137	-53277585387.67989	2047354903.9097528	13494.359026368498	29658.828498474773	1715.092111609678
178782855.3504	143774231446.54395	-53170800958.053505	2053528696.172597	13475.249772523772	29665.852106401555	1714.7923783257518
178786455.3504	143822707944.6153	-53063991270.66578	2059701408.3092177	13456.13755154854	29672.860587685573	1714.492041308765
178790055.3504	143871115633.3714	-52957156379.977165	2065873038.1442783	13437.022377495958	29679.853939809374	1714.1910995078206
178793655.3504	143919454502.20648	-52850296340.45711	2072043583.4986947	13417.904264446313	29686.832160302216	1713.8895518916868
178797255.3504	143967724540.56555	-52743411206.583855	2078213042.189705	13398.783226506514	29693.79524673969	1713.5873974485096
178800855.3504	144015925737.94443	-52636501032.8443	2084381412.030939	13379.659277809575	29700.743196743362	1713.2846351855292
178804455.3504	144064058083.88986	-52529565873.73382	2090548690.8324873	13360.532432514134	29707.67600798041	1712.9812641288026
178808055.3504	144112121567.99963	-52422605783.7561	2096714876.4009666	13341.402704803955	29714.593678163266	1712.6772833229313
178811655.3504	144160116179.9226	-52315620817.423	2102879966.539588	13322.270108887451	29721.496205049272	1712.3726918307925
178815255.3504	144208041909.35886	-52208611029.25434	2109043959.048221	13303.13465899721	29728.38358644034	1712.0674887332764
178818855.3504	144255898746.05972	-52101576473.77781	2115206851.7234588	13283.996369389539	29735.25582018261	1711.7616731290275
178822455.3504	144303686679.82794	-51994517205.52874	2121368642.3586805	13264.855254343993	29742.112904166122	1711.4552441341916
178826055.3504	144351405700.51764	-51887433279.05	2127529328.7441154	13245.71132816294	29748.954836324494	1711.1482008821656
178829655.3504	144399055798.03455	-51780324748.89182	2133688908.666903	13226.564605171116	29755.781614634594	1710.8405425233527
178833255.3504	144446636962.33594	-51673191669.61163	2139847379.911155	13207.41509971518	29762.593237116238	1710.5322682249223
178836855.3504	144494149183.4308	-51566034095.77391	2146004740.2580144	13188.262826163298	29769.389701831875	1710.2233771705726
178840455.3504	144541592451.37985	-51458852081.95004	2152160987.4857154	13169.107798904723	29776.171006886278	1709.913868560299
178844055.3504	144588966756.29575	-51351645682.718155	2158316119.3696404	13149.95003234937	29782.93715042625	1709.603741610166
178847655.3504	144636272088.34293	-51244414952.66297	2164470133.6823783	13130.78954092742	29789.688130640327	1709.2929955520824
178851255.3504	144683508437.7379	-51137159946.37566	2170623028.193782	13111.626339088913	29796.423945758495	1708.9816296335814
178854855.3504	144730675794.74924	-51029880718.453705	2176774800.6710224	13092.460441303352	29803.144594051904	1708.6696431176035
178858455.3504	144777774149.69754	-50922577323.50071	2182925448.878645	13073.291862059321	29809.850073832582	1708.3570352822844
178862055.3504	144824803492.95572	-50815249816.126305	2189074970.578623	13054.120615864096	29816.540383453157	1708.0438054207445
178865655.3504	144871763814.94885	-50707898250.94597	2195223363.5304117	13034.946717243276	29823.2155213066	1707.729952840885
178869255.3504	144918655106.15442	-50600522682.5809	2201370625.4910016	13015.770180740405	29829.87548582595	1707.4154768651845
178872855.3504	144965477357.1022	-50493123165.65786	2207516754.2149696	12996.59102091661	29836.52027548404	1707.1003768305004
178876455.3504	145012230558.3745	-50385699754.80904	2213661747.454531	12977.409252350248	29843.14988879326	1706.7846520878743
178880055.3504	145058914700.60614	-50278252504.671906	2219805602.9595904	12958.224889636538	29849.764324305295	1706.4683020023394
178883655.3504	145105529774.48444	-50170781469.889084	2225948318.477791	12939.037947387227	29856.36358061086	1706.1513259527321
178887255.3504	145152075770.74942	-50063286705.1082	2232089891.754564	12919.848440230242	29862.947656339475	1705.8337233315062
178890855.3504	145198552680.1938	-49955768264.981735	2238230320.5331783	12900.65638280935	29869.516550159206	1705.5154935445503
178894455.3504	145244960493.66293	-49848226204.1669	2244369602.554788	12881.461789783825	29876.070260776436	1705.1966360110084
178898055.3504	145291299202.0551	-49740660577.3255	2250507735.55848	12862.264675828126	29882.608786935623	1704.8771501631038
178901655.3504	145337568796.3214	-49633071439.12378	2256644717.2813187	12843.06505563157	29889.132127419078	1704.557035445965
178905255.3504	145383769267.46582	-49525458844.23231	2262780545.4583964	12823.862943898015	29895.640281046723	1704.2362913174559
178908855.3504	145429900606.5453	-49417822847.325836	2268915217.8228745	12804.658355345544	29902.133246675872	1703.9149172480068
178912455.3504	145475962804.6698	-49310163503.08317	2275048732.1060314	12785.451304706161	29908.61102320102	1703.5929127204502
178916055.3504	145521955853.00238	-49202480866.187004	2281181086.0373054	12766.241806725484	29915.073609553612	1703.270277229858
178919655.3504	145567879742.75912	-49094774991.32383	2287312277.344339	12747.029876162445	29921.521004701826	1702.9470102833825
178923255.3504	145613734465.20935	-48987045933.18379	2293442303.7530212	12727.815527788998	29927.953207650375	1702.6231114000984
178926855.3504	145659520011.67557	-48879293746.46054	2299571162.987532	12708.598776389825	29934.370217440282	1702.2985801108484
178930455.3504	145705236373.53348	-48771518485.85112	2305698852.770383	12689.379636762047	29940.772033148696	1701.973415958092
178934055.3504	145750883542.21213	-48663720206.05583	2311825370.8224583	12670.158123714948	29947.158653888666	1701.6476184957546
178937655.3504	145796461509.1939	-48555898961.77811	2317950714.8630586	12650.93425206969	29953.530078808955	1701.3211872890815
178941255.3504	145841970266.01453	-48448054807.72437	2324074882.6099377	12631.708036659042	29959.886307093842	1700.9941219144923
178944855.3504	145887409804.26315	-48340187798.603935	2330197871.7793455	12612.479492327107	29966.227337962926	1700.666421959439
178948455.3504	145932780115.5824	-48232297989.12884	2336319680.0860662	12593.248633929057	29972.553170670937	1700.3380870222654
178952055.3504	145978081191.6684	-48124385434.013756	2342440305.2434573	12574.015476330867	29978.863804507542	1700.009116712069
178955655.3504	146023313024.27078	-48016450187.975845	2348559744.9634886	12554.78003440906	29985.15923879717	1699.6795106485658
178959255.3504	146068475605.1928	-47908492305.73464	2354677996.956779	12535.542323050444	29991.439472898815	1699.349268461956
178962855.3504	146113568926.2913	-47800511842.011925	2360795058.9326353	12516.302357151868	29997.70450620587	1699.018389792793
178966455.3504	146158592979.47675	-47692508851.5316	2366910928.5990887	12497.060151619968	30003.95433814594	1698.6868742918537
178970055.3504	146203547756.71332	-47584483389.01956	2373025603.662931	12477.81572137092	30010.188968180668	1698.3547216200109
178973655.3504	146248433250.0189	-47476435509.20359	2379139081.829752	12458.569081330203	30016.40839580556	1698.0219314481083
178977255.3504	146293249451.4651	-47368365266.81322	2385251360.8039737	12439.320246432355	30022.61262054982	1697.6885034568365
178980855.3504	146337996353.1773	-47260272716.57961	2391362438.288886	12420.069231620744	30028.801641976177	1697.3544373366124
178984455.3504	146382673947.3348	-47152157913.23546	2397472311.986682	12400.816051847327	30034.975459680725	1697.0197327874582
178988055.3504	146427282226.17062	-47044020911.514824	2403580979.5984917	12381.560722072427	30041.134073292746	1696.6843895188845
178991655.3504	146471821181.97168	-46935861766.15307	2409688438.8244166	12362.303257264506	30047.277482474565	1696.3484072497743
178995255.3504	146516290807.07886	-46827680531.886696	2415794687.3635626	12343.043672399937	30053.405686921375	1696.0117857082685
178998855.3504	146560691093.88687	-46719477263.45325	2421899722.9140735	12323.781982462793	30059.518686361094	1695.6745246316532
179002455.3504	146605022034.84448	-46611252015.591194	2428003543.1731634	12304.51820244462	30065.616480554196	1695.3366237662499
179006055.3504	146649283622.45438	-46503004843.0398	2434106145.8371496	12285.252347344227	30071.69906929357	1694.9980828673054
179009655.3504	146693475849.27325	-46394735800.53903	2440207528.6014843	12265.984432167475	30077.766452404358	1694.658901698885
179013255.3504	146737598707.9119	-46286444942.829414	2446307689.160785	12246.714471927067	30083.81862974382	1694.3190800337668
179016855.3504	146781652191.0351	-46178132324.65193	2452406625.2088685	12227.44248164234	30089.855601201165	1693.9786176533369
179020455.3504	146825636291.36172	-46069798000.74792	2458504334.4387784	12208.168476339066	30095.877366697427	1693.6375143474877
179024055.3504	146869551001.66476	-45961442025.858925	2464600814.5428176	12188.892471049245	30101.883926185306	1693.295769914516
179027655.3504	146913396314.77133	-45853064454.726616	2470696063.212578	12169.614480810913	30107.87527964904	1692.9533841610246
179031255.3504	146957172223.5627	-45744665342.09267	2476790078.1389694	12150.33452066794	30113.851427104255	1692.6103569018228
179034855.3504	147000878720.97433	-45636244742.69862	2482882857.012251	12131.052605669842	30119.812368597828	1692.2666879598307
179038455.3504	147044515799.9958	-45527802711.28582	2488974397.5220575	12111.768750871586	30125.75810420775	1691.9223771659845
179042055.3504	147088083453.67093	-45419339302.59525	2495064697.35743	12092.482971333404	30131.688634043	1691.5774243591413
179045655.3504	147131581675.09778	-45310854571.36747	2501153754.2068434	12073.195282120605	30137.6039582434	1691.2318293859885
179049255.3504	147175010457.42865	-45202348572.34246	2507241565.7582345	12053.905698303393	30143.504076979487	1690.8855921009515
179052855.3504	147218369793.87012	-45093821360.25954	2513328129.69903	12034.614234956684	30149.38899045239	1690.5387123661044
179056455.3504	147261659677.683	-44985272989.85724	2519413443.7161736	12015.320907159927	30155.25869889369	1690.191190051082
179060055.3504	147304880102.18243	-44876703515.87322	2525497505.496154	11996.025729996927	30161.113202565306	1689.8430250329923
179063655.3504	147348031060.73785	-44768112993.04414	2531580312.725029	11976.72871855567	30166.95250175936	1689.4942171963312
179067255.3504	147391112546.773	-44659501476.105545	2537661863.088455	11957.429887928152	30172.776596798056	1689.1447664328975
179070855.3504	147434124553.76602	-44550869019.79176	2543742154.2717123	11938.129253210202	30178.585488033557	1688.7946726417101
179074455.3504	147477067075.24933	-44442215678.83581	2549821183.959729	11918.82682950132	30184.379175847873	1688.4439357289252
179078055.3504	147519940104.80975	-44333541507.96927	2555898949.83711	11899.52263190451	30190.157660652723	1688.0925556077561
179081655.3504	147562743636.0885	-44224846561.922195	2561975449.588159	11880.216675526111	30195.920942889436	1687.7405321983929
179085255.3504	147605477662.78113	-44116130895.42299	2568050680.896905	11860.908975475637	30201.66902302882	1687.3878654279242
179088855.3504	147648142178.63763	-44007394563.19831	2574124641.447127	11841.599546865615	30207.40190157106	1687.0345552302597
179092455.3504	147690737177.46243	-43898637619.97296	2580197328.9223785	11822.288404811428	30213.119579045586	1686.6806015460534
179096055.3504	147733262653.1143	-43789860120.469795	2586268741.006011	11802.975564431157	30218.822056010984	1686.3260043226285
179099655.3504	147775718599.50647	-43681062119.40959	2592338875.3811984	11783.661040845423	30224.509333054863	1685.9707635139034
179103255.3504	147818105010.60666	-43572243671.51097	2598407729.730961	11764.344849177238	30230.181410793753	1685.6148790803184
179106855.3504	147860421880.43698	-43463404831.49027	2604475301.738187	11745.027004551852	30235.838289872998	1685.2583509887631
179110455.3504	147902669203.07404	-43354545654.06147	2610541589.085658	11725.707522096602	30241.479970966648	1684.901179212506
179114055.3504	147944846972.64883	-43245666193.93606	2616606589.4560704	11706.386416940763	30247.106454777346	1684.5433637311235
179117655.3504	147986955183.34692	-43136766505.82294	2622670300.5320587	11687.063704215405	30252.71774203623	1684.1849045304318
179121255.3504	148028993829.40826	-43027846644.428345	2628732719.996217	11667.739399053246	30258.31383350283	1683.8258016024179
179124855.3504	148070962905.12735	-42918906664.45572	2634793845.531121	11648.413516588505	30263.894729964955	1683.4660549451721
179128455.3504	148112862404.85312	-42809946620.60562	2640853674.8193517	11629.086071956772	30269.460432238593	1683.105664562823
179132055.3504	148154692322.989	-42700966567.575615	2646912205.543515	11609.757080294852	30275.01094116782	1682.7446304654704
179135655.3504	148196452653.99298	-42591966560.06018	2652969435.3862643	11590.426556740638	30280.54625762469	1682.3829526691225
179139255.3504	148238143392.37744	-42482946652.7506	2659025362.03032	11571.094516432973	30286.066382509143	1682.0206311956304
179142855.3504	148279764532.70935	-42373906900.334885	2665079983.158493	11551.76097451151	30291.571316748898	1681.6576660726273
179146455.3504	148321316069.61014	-42264847357.497635	2671133296.4537034	11532.42594611658	30297.061061299366	1681.2940573334652
179150055.3504	148362797997.75577	-42155768078.919975	2677185299.5990014	11513.089446389062	30302.535617143545	1680.9298050171542
179153655.3504	148404210311.8767	-42046669119.279434	2683235990.277588	11493.75149047025	30307.994985291934	1680.5649091683028
179157255.3504	148445553006.7579	-41937550533.24986	2689285366.1728344	11474.41209350172	30313.439166782435	1680.1993698370582
179160855.3504	148486826077.23883	-41828412375.50131	2695333424.9683027	11455.07127062521	30318.868162680254	1679.833187079047
179164455.3504	148528029518.21347	-41719254700.69997	2701380164.3477645	11435.729036982488	30324.281974077818	1679.4663609553188
179168055.3504	148569163324.63034	-41610077563.50801	2707425581.9952216	11416.385407715223	30329.68060209468	1679.0988915322878
179171655.3504	148610227491.49243	-41500881018.583565	2713469675.594924	11397.040397964867	30335.06404787743	1678.7307788816772
179175255.3504	148651222013.85727	-41391665120.58057	2719512442.831389	11377.694022872533	30340.4323125996	1678.3620230804638
179178855.3504	148692146886.83688	-41282429924.14868	2725553881.389421	11358.346297578864	30345.78539746159	1677.992624210823
179182455.3504	148733002105.59778	-41173175483.933205	2731593988.954129	11338.997237223924	30351.123303690558	1677.6225823600741
179186055.3504	148773787665.361	-41063901854.57497	2737632763.2109466	11319.646856947074	30356.44603254035	1677.2518976206288
179189655.3504	148814503561.40207	-40954609090.710236	2743670201.845648	11300.295171886853	30361.753585291408	1676.8805700899368
179193255.3504	148855149789.05103	-40845297246.97062	2749706302.5443673	11280.942197180864	30367.04596325069	1676.5085998704342
179196855.3504	148895726343.69238	-40735966377.98298	2755741062.993617	11261.587947965656	30372.323167751576	1676.1359870694928
179200455.3504	148936233220.76514	-40626616538.36932	2761774480.8803043	11242.232439376612	30377.585200153793	1675.7627317993692
179204055.3504	148976670415.76282	-40517247782.74673	2767806553.89175	11222.875686547835	30382.83206184333	1675.388834177155
179207655.3504	149017037924.23337	-40407860165.72722	2773837279.7157035	11203.51770461204	30388.06375423235	1675.0142943247276
179211255.3504	149057335741.77927	-40298453741.917694	2779866656.0403633	11184.158508700437	30393.280278759114	1674.6391123687008
179214855.3504	149097563864.0574	-40189028565.91983	2785894680.5543914	11164.798113942621	30398.4816368879	1674.263288440378
179218455.3504	149137722286.77917	-40079584692.32999	2791921350.9469304	11145.436535466471	30403.667830108923	1673.8868226757036
179222055.3504	149177811005.71045	-39970122175.73911	2797946664.9076214	11126.07378839804	30408.838859938256	1673.5097152152175
179225655.3504	149217830016.67148	-39860641070.73265	2803970620.126619	11106.709887861442	30413.994727917747	1673.131966204008
179229255.3504	149257779315.53702	-39751141431.89044	2809993214.2946086	11087.344848978753	30419.135435614946	1672.7535757916664
179232855.3504	149297658898.23624	-39641623313.78665	2816014445.1028223	11067.978686869907	30424.260984623026	1672.3745441322424
179236455.3504	149337468760.75275	-39532086770.98965	2822034310.2430544	11048.61141665259	30429.37137656071	1671.9948713841989
179240055.3504	149377208899.12454	-39422531858.06193	2828052807.4076777	11029.243053442138	30434.466613072185	1671.6145577103691
179243655.3504	149416879309.44406	-39312958629.560036	2834069934.2896585	11009.873612351439	30439.546695827037	1671.2336032779124
179247255.3504	149456479987.85815	-39203367140.03445	2840085688.582574	10990.503108490828	30444.611626520174	1670.852008258272
179250855.3504	149496010930.56802	-39093757444.0295	2846100067.980624	10971.13155696799	30449.661406871746	1670.4697728271326
179254455.3504	149535472133.82925	-38984129596.08329	2852113070.178651	10951.758972887863	30454.69603862708	1670.0868971643788
179258055.3504	149574863593.95184	-38874483650.72758	2858124692.8721504	10932.385371352539	30459.715523556606	1669.703381454054
179261655.3504	149614185307.30014	-38764819662.48772	2864134933.7572885	10913.010767461165	30464.71986345577	1669.3192258843194
179265255.3504	149653437270.29285	-38655137685.882545	2870143790.5309167	10893.635176309852	30469.70906014499	1668.9344306474143
179268855.3504	149692619479.40298	-38545437775.42431	2876151260.890585	10874.25861299158	30474.683115469554	1668.548995939616
179272455.3504	149731731931.1579	-38435719985.61856	2882157342.5345573	10854.8810925961	30479.642031299572	1668.162921961201
179276055.3504	149770774622.13928	-38325984370.96407	2888162033.161826	10835.502630209845	30484.5858095299	1667.7762089164062
179279655.3504	149809747548.98312	-38216230985.95276	2894165330.4721255	10816.123240915833	30489.514452080068	1667.3888570133906
179283255.3504	149848650708.3797	-38106459885.06958	2900167232.165947	10796.742939793585	30494.427960894205	1667.0008664641978
179286855.3504	149887484097.07355	-37996671122.79244	2906167735.9445515	10777.361741919023	30499.326337940984	1666.6122374847184
179290455.3504	149926247711.8635	-37886864753.59213	2912166839.509984	10757.97966236439	30504.209585213546	1666.2229702946538
179294055.3504	149964941549.60263	-37777040831.93221	2918164540.5650883	10738.596716198159	30509.077704729436	1665.833065117479
179297655.3504	150003565607.19827	-37667199412.268936	2924160836.813518	10719.212918484936	30513.930698530527	1665.4425221804074
179301255.3504	150042119881.61194	-37557340549.05117	2930155725.959752	10699.82828428539	30518.768568682968	1665.051341714355
179304855.3504	150080604369.8594	-37447464296.72029	2936149205.709108	10680.442828656147	30523.591317277107	1664.6595239539051
179308455.3504	150119019069.01062	-37337570709.710106	2942141273.7677526	10661.056566649722	30528.39894642743	1664.2670691372743
179312055.3504	150157363976.1897	-37227659842.44678	2948131927.8427186	10641.669513314424	30533.191458272497	1663.873977506278
179315655.3504	150195639088.57495	-37117731749.34872	2954121165.641915	10622.281683694275	30537.968854974868	1663.4802493062957
179319255.3504	150233844403.3988	-37007786484.82651	2960108984.87414	10602.893092828923	30542.731138721054	1663.0858847862394
179322855.3504	150271979917.94785	-36897824103.28282	2966095383.2490945	10583.503755753565	30547.478311721443	1662.690884198519
179326455.3504	150310045629.5628	-36787844659.11233	2972080358.477395	10564.11368749886	30552.21037621024	1662.2952477990104
179330055.3504	150348041535.63846	-36677848206.701614	2978063908.2705846	10544.722903090855	30556.927334445405	1661.8989758470234
179333655.3504	150385967633.6237	-36567834800.42909	2984046030.341146	10525.331417550895	30561.629188708583	1661.5020686052694
179337255.3504	150423823921.02148	-36457804494.66492	2990026722.402514	10505.93924589555	30566.315941305056	1661.10452633983
179340855.3504	150461610395.38882	-36347757343.770905	2996005982.1690874	10486.546403136532	30570.987594563667	1660.7063493201263
179344455.3504	150499327054.33676	-36237693402.10044	3001983807.3562407	10467.15290428062	30575.64415083677	1660.3075378188873
179348055.3504	150536973895.53033	-36127612723.99841	3007960195.6803365	10447.758764329581	30580.285612500167	1659.908092112121
179351655.3504	150574550916.6886	-36017515363.801094	3013935144.8587365	10428.36399828009	30584.911981953035	1659.508012479083
179355255.3504	150612058115.5846	-35907401375.8361	3019908652.609813	10408.96862112366	30589.523261617887	1659.1072992022468
179358855.3504	150649495490.04532	-35797270814.42226	3025880716.6529627	10389.572647846557	30594.119453940497	1658.705952567276
179362455.3504	150686863037.95172	-35687123733.869576	3031851334.7086143	10370.176093429733	30598.700561389844	1658.3039728629933
179366055.3504	150724160757.23862	-35576960188.47911	3037820504.4982433	10350.778972848748	30603.26658645806	1657.9013603813532
179369655.3504	150761388645.89478	-35466780232.542915	3043788223.7443814	10331.381301073698	30607.81753166036	1657.4981154174136
179373255.3504	150798546701.96286	-35356583920.34395	3049754490.1706276	10311.983093069137	30612.353399534994	1657.0942382693065
179376855.3504	150835634923.53934	-35246371306.15598	3055719301.5016603	10292.584363794009	30616.874192643183	1656.6897292382123
179380455.3504	150872653308.77457	-35136142444.24354	3061682655.463248	10273.185128201574	30621.379913569064	1656.2845886283305
179384055.3504	150909601855.87274	-35025897388.86178	3067644549.782258	10253.785401239338	30625.870564919634	1655.878816746854
179387655.3504	150946480563.0918	-34915636194.256454	3073604982.1866713	10234.38519784898	30630.346149324694	1655.4724139039417
179391255.3504	150983289428.74347	-34805358914.663795	3079563950.4055886	10214.98453296628	30634.80666943678	1655.0653804126923
179394855.3504	151020028451.19327	-34695065604.310455	3085521452.169244	10195.583421521054	30639.25212793113	1654.6577165891179
179398455.3504	151056697628.86044	-34584756317.4134	3091477485.209014	10176.181878437083	30643.682527505607	1654.249422752118
179402055.3504	151093296960.21796	-34474431108.179855	3097432047.257429	10156.77991863204	30648.097870880654	1653.8404992234548
179405655.3504	151129826443.79242	-34364090030.807205	3103385136.0481825	10137.377557017431	30652.498160799238	1653.4309463277266
179409255.3504	151166286078.16418	-34253733139.48293	3109336749.316141	10117.974808498517	30656.883400026793	1653.0207643923438
179412855.3504	151202675861.9672	-34143360488.3845	3115286884.7973557	10098.571687974252	30661.253591351164	1652.609953747504
179416455.3504	151238995793.88907	-34032972131.679314	3121235540.229071	10079.16821033722	30665.608737582555	1652.198514726167
179420055.3504	151275245872.67096	-33922568123.524616	3127182713.3497353	10059.764390473561	30669.94884155348	1651.7864476640314
179423655.3504	151311426097.10767	-33812148518.067413	3133128401.899009	10040.360243262912	30674.273906118695	1651.3737528995096
179427255.3504	151347536466.0475	-33701713369.444397	3139072603.617778	10020.955783578338	30678.583934155162	1650.9604307737054
179430855.3504	151383576978.3923	-33591262731.781853	3145015316.2481585	10001.551026286268	30682.878928561982	1650.5464816303897
179434455.3504	151419547633.09747	-33480796659.195602	3150956537.533511	9982.145986246436	30687.158892260348	1650.131905815978
179438055.3504	151455448429.1718	-33370315205.7909	3156896265.218447	9962.740678311811	30691.423828193492	1649.7167036795063
179441655.3504	151491279365.67764	-33259818425.662373	3162834497.048839	9943.335117328535	30695.673739326638	1649.30087557261
179445255.3504	151527040441.7307	-33149306372.89393	3168771230.7718306	9923.929318135864	30699.908628646932	1648.8844218495008
179448855.3504	151562731656.50015	-33038779101.55868	3174706464.135844	9904.523295566103	30704.128499163417	1648.467342866944
179452455.3504	151598353009.20853	-32928236665.71888	3180640194.890592	9885.117064444546	30708.333353906954	1648.0496389842372
179456055.3504	151633904499.13168	-32817679119.425816	3186572420.7870846	9865.710639589413	30712.52319593019	1647.631310563189
179459655.3504	151669386125.59885	-32707106516.719757	3192503139.577638	9846.30403581179	30716.6980283075	1647.2123579680965
179463255.3504	151704797887.99258	-32596518911.629864	3198432349.015886	9826.897267915569	30720.85785413493	1646.792781565725
179466855.3504	151740139785.74866	-32485916358.174107	3204360046.8567853	9807.490350697388	30725.002676530163	1646.372581725286
179470455.3504	151775411818.35617	-32375298910.3592	3210286230.856628	9788.083298946574	30729.13249863245	1645.9517588184176
179474055.3504	151810613985.3574	-32264666622.18051	3216210898.773047	9768.67612744508	30733.247323602573	1645.530313219163
179477655.3504	151845746286.3478	-32154019547.622	3222134048.3650265	9749.268850967428	30737.34715462279	1645.1082453039505
179481255.3504	151880808720.9761	-32043357740.656124	3228055677.3929105	9729.861484280653	30741.431994896775	1644.6855554515737
179484855.3504	151915801288.9441	-31932681255.24377	3233975783.6184106	9710.454042144242	30745.501847649593	1644.2622440431708
179488455.3504	151950723990.0067	-31821990145.33418	3239894364.804614	9691.046539310079	30749.55671612763	1643.8383114622056
179492055.3504	151985576823.972	-31711284464.86486	3245811418.715994	9671.638990522388	30753.59660359855	1643.4137580944475
179495655.3504	152020359790.70102	-31600564267.76153	3251726943.1184154	9652.231410517676	30757.621513351252	1642.9885843279526
179499255.3504	152055072890.10794	-31489829607.938023	3257640935.779145	9632.823814024676	30761.631448695807	1642.5627905530441
179502855.3504	152089716122.15988	-31379080539.296215	3263553394.466858	9613.416215764297	30765.626412963422	1642.136377162294
179506455.3504	152124289486.87698	-31268317115.725956	3269464316.9516478	9594.008630449558	30769.60640950639	1641.7093445505036
179510055.3504	152158792984.3323	-31157539391.104992	3275373701.0050325	9574.601072785546	30773.571441698034	1641.2816931146858
179513655.3504	152193226614.65186	-31046747419.29888	3281281544.3999634	9555.19355746935	30777.521512932675	1640.8534232540464
179517255.3504	152227590378.01453	-30935941254.160927	3287187844.9108334	9535.786099190018	30781.45662662557	1640.4245353699657
179520855.3504	152261884274.65207	-30825120949.532104	3293092600.313483	9516.37871262849	30785.376786212866	1639.9950298659808
179524455.3504	152296108304.84912	-30714286559.240974	3298995808.385211	9496.971412457558	30789.28199515156	1639.5649071477678
179528055.3504	152330262468.94305	-30603438137.10362	3304897466.904779	9477.564213341808	30793.17225691944	1639.1341676231243
179531655.3504	152364346767.32404	-30492575736.92356	3310797573.6524215	9458.157129937563	30797.047575015054	1638.7028117019518
179535255.3504	152398361200.43503	-30381699412.491695	3316696126.4098516	9438.750176892838	30800.907952957652	1638.2708397962383
179538855.3504	152432305768.77167	-30270809217.586205	3322593122.9602695	9419.343368847281	30804.75339428714	1637.8382523200414
179542455.3504	152466180472.8823	-30159905205.972492	3328488561.0883703	9399.936720432132	30808.58390256404	1637.4050496894718
179546055.3504	152499985313.3679	-30048987431.40311	3334382438.58035	9380.530246270158	30812.399481369433	1636.9712323226756
179549655.3504	152533720290.88208	-29938055947.61768	3340274753.223914	9361.123960975616	30816.200134304927	1636.5368006398187
179553255.3504	152567385406.13107	-29827110808.342815	3346165502.808284	9341.717879154192	30819.985864992595	1636.1017550630695
179556855.3504	152600980659.87366	-29716152067.29206	3352054685.124204	9322.312015402957	30823.756677074944	1635.6660960165837
179560455.3504	152634506052.92114	-29605179778.16581	3357942297.9639506	9302.906384310316	30827.51257421486	1635.2298239264871
179564055.3504	152667961586.13736	-29494193994.651226	3363828339.121336	9283.501000455957	30831.253560095567	1634.7929392208605
179567655.3504	152701347260.4386	-29383194770.422188	3369712806.391718	9264.095878410804	30834.97963842058	1634.3554423297232
179571255.3504	152734663076.79358	-29272182159.1392	3375595697.5720057	9244.691032736968	30838.69081291366	1633.9173336850183
179574855.3504	152767909036.22342	-29161156214.449318	3381477010.4606667	9225.286477987696	30842.38708731877	1633.4786137205965
179578455.3504	152801085139.80164	-29050116989.986095	3387356742.8577332	9205.882228707327	30846.068465400025	1633.0392828722006
179582055.3504	152834191388.6541	-28939064539.369488	3393234892.5648108	9186.47829943124	30849.734950941656	1632.5993415774512
179585655.3504	152867227783.95898	-28827998916.2058	3399111457.3850827	9167.074704685814	30853.386547747963	1632.1587902758308
179589255.3504	152900194326.94672	-28716920174.087597	3404986435.123318	9147.671458988369	30857.02325964326	1631.7176294086696
179592855.3504	152933091018.89996	-28605828366.593647	3410859823.5858784	9128.26857684713	30860.64509047185	1631.2758594191303
179596455.3504	152965917861.15366	-28494723547.28884	3416731620.580723	9108.866072761175	30864.25204409796	1630.8334807521935
179600055.3504	152998674855.09488	-28383605769.724125	3422601823.917417	9089.463961220392	30867.844124405714	1630.3904938546436
179603655.3504	153031362002.16287	-28272475087.43642	3428470431.407138	9070.062256705429	30871.421335299077	1629.946899175054
179607255.3504	153063979303.84897	-28161331553.948563	3434337440.8626795	9050.66097368765	30874.983680701822	1629.5026971637735
179610855.3504	153096526761.6966	-28050175222.769226	3440202850.098461	9031.260126629097	30878.531164557477	1629.0578882729117
179614455.3504	153129004377.3012	-27939006147.392853	3446066656.9305334	9011.859729982429	30882.06379082929	1628.6124729563248
179618055.3504	153161412152.3103	-27827824381.29958	3451928859.176583	8992.459798190894	30885.58156350017	1628.1664516696032
179621655.3504	153193750088.42334	-27716629977.95517	3457789454.655939	8973.060345688275	30889.08448657267	1627.7198248700563
179625255.3504	153226018187.39172	-27605422990.810947	3463648441.1895823	8953.661386898848	30892.572564068912	1627.2725930166996
179628855.3504	153258216451.01877	-27494203473.303715	3469505816.6001477	8934.262936237339	30896.045800030577	1626.8247565702413
179632455.3504	153290344881.15967	-27382971478.855694	3475361578.711931	8914.86500810888	30899.504198518836	1626.376315993069
179636055.3504	153322403479.72147	-27271727060.87445	3481215725.350898	8895.467616908963	30902.94776361432	1625.9272717492365
179639655.3504	153354392248.663	-27160470272.752823	3487068254.3446846	8876.070777023404	30906.376499417074	1625.4776243044507
179643255.3504	153386311189.99487	-27049201167.86886	3492919163.522609	8856.674502828291	30909.790410046513	1625.0273741260587
179646855.3504	153418160305.77945	-26937919799.58573	3498768450.7156744	8837.27880868995	30913.189499641383	1624.576521683035
179650455.3504	153449939598.13074	-26826626221.251694	3504616113.756574	8817.883708964899	30916.573772359716	1624.125067445969
179654055.3504	153481649069.2145	-26715320486.19998	3510462150.479699	8798.489217999802	30919.94323237879	1623.6730118870519
179657655.3504	153513288721.24808	-26604002647.748768	3516306558.7211432	8779.095350131436	30923.297883895088	1623.2203554800647
