183286728.624384	-0.003844978560107296	-0.0021161474381045887	-0.00021003539924656746
183290328.624384	-0.003842756857499264	-0.0021179033888291624	-0.00021004405481062603
183293928.624384	-0.0038405349069705595	-0.002119656972698567	-0.00021005260016751872
183297528.624384	-0.0038383127109727798	-0.0021214081910728984	-0.0002100610354496394
183301128.624384	-0.003836090271953648	-0.002123157045314089	-0.00021006936078934752
183304728.624384	-0.003833867592357026	-0.002124903536785899	-0.00021007757631896879
183308328.624384	-0.0038316446746229074	-0.0021266476668539047	-0.00021008568217079416
183311928.624384	-0.0038294215211874256	-0.0021283894368854975	-0.00021009367847708003
183315528.624384	-0.00382719813448284	-0.002130128848249864	-0.00021010156537004714
183319128.624384	-0.0038249745169375666	-0.0021318659023179965	-0.00021010934298188182
183322728.624384	-0.0038227506709761416	-0.0021336006004626664	-0.00021011701144473379
183326328.624384	-0.003820526599019255	-0.002135332944058429	-0.00021012457089071728
183329928.624384	-0.0038183023034837347	-0.002137062934481609	-0.00021013202145191034
183333528.624384	-0.0038160777867825473	-0.0021387905731102964	-0.00021013936326035412
183337128.624384	-0.003813853051324812	-0.002140515861324337	-0.00021014659644805347
183340728.624384	-0.0038116280995157876	-0.002142238800505326	-0.0002101537211469759
183344328.624384	-0.003809402933756882	-0.0021439593920365985	-0.0002101607374890516
183347928.624384	-0.003807177556445653	-0.0021456776373032244	-0.00021016764560617324
183351528.624384	-0.0038049519699758076	-0.0021473935376919995	-0.0002101744456301955
183355128.624384	-0.0038027261767372006	-0.0021491070945914353	-0.00021018113769293478
183358728.624384	-0.003800500179115845	-0.00215081830939176	-0.00021018772192616932
183362328.624384	-0.0037982739794939035	-0.002152527183484898	-0.0002101941984616381
183365928.624384	-0.0037960475802496963	-0.0021542337182644746	-0.0002102005674310414
183369528.624384	-0.003793820983757702	-0.0021559379151258034	-0.00021020682896604026
183373128.624384	-0.0037915941923885536	-0.0021576397754658767	-0.0002102129831982557
183376728.624384	-0.003789367208509054	-0.0021593393006833655	-0.0002102190302592694
183380328.624384	-0.0037871400344821546	-0.0021610364921786016	-0.00021022497028062186
183383928.624384	-0.003784912672666984	-0.0021627313513535797	-0.00021023080339381388
183387528.624384	-0.003782685125418834	-0.00216442387961195	-0.0002102365297303052
183391128.624384	-0.0037804573950891603	-0.002166114078359002	-0.00021024214942151422
183394728.624384	-0.003778229484025592	-0.0021678019490016637	-0.00021024766259881793
183398328.624384	-0.003776001394571927	-0.0021694874929484953	-0.00021025306939355168
183401928.624384	-0.003773773129068145	-0.002171170711609682	-0.00021025836993700904
183405528.624384	-0.003771544689850391	-0.002172851606397019	-0.00021026356436044057
183409128.624384	-0.0037693160792509977	-0.0021745301787239168	-0.00021026865279505502
183412728.624384	-0.003767087299598467	-0.0021762064300053794	-0.00021027363537201747
183416328.624384	-0.003764858353217494	-0.0021778803616580127	-0.0002102785122224502
183419928.624384	-0.0037626292424289545	-0.002179551975100003	-0.0002102832834774314
183423528.624384	-0.0037603999695499024	-0.002181221271751117	-0.00021028794926799592
183427128.624384	-0.0037581705368935916	-0.002182888253032695	-0.00021029250972513482
183430728.624384	-0.0037559409467694573	-0.00218455292036764	-0.00021029696497979394
183434328.624384	-0.003753711201483127	-0.0021862152751804115	-0.00021030131516287486
183437928.624384	-0.0037514813033364264	-0.002187875318897019	-0.00021030556040523428
183441528.624384	-0.003749251254627375	-0.002189533052945014	-0.00021030970083768375
183445128.624384	-0.0037470210576501842	-0.0021911884787534806	-0.00021031373659098903
183448728.624384	-0.0037447907146952704	-0.002192841597753032	-0.0002103176677958703
183452328.624384	-0.0037425602280492477	-0.0021944924113758	-0.00021032149458300177
183455928.624384	-0.0037403295999949393	-0.002196140921055431	-0.00021032521708301167
183459528.624384	-0.0037380988328113633	-0.0021977871282270736	-0.00021032883542648116
183463128.624384	-0.003735867928773747	-0.0021994310343273734	-0.0002103323497439449
183466728.624384	-0.003733636890153531	-0.0022010726407944697	-0.0002103357601658907
183470328.624384	-0.0037314057192183547	-0.0022027119490679796	-0.00021033906682275879
183473928.624384	-0.003729174418232079	-0.002204348960589	-0.00021034226984494226
183477528.624384	-0.0037269429894547694	-0.002205983676800092	-0.00021034536936278612
183481128.624384	-0.003724711435142714	-0.002207616099145281	-0.00021034836550658782
183484728.624384	-0.0037224797575484093	-0.0022092462290700453	-0.0002103512584065962
183488328.624384	-0.0037202479589205748	-0.002210874068021307	-0.0002103540481930119
183491928.624384	-0.003718016041504145	-0.00221249961744743	-0.0002103567349959865
183495528.624384	-0.003715784007540282	-0.002214122878798212	-0.00021035931894562306
183499128.624384	-0.003713551859266368	-0.0022157438535248724	-0.00021036180017197523
183502728.624384	-0.003711319598916009	-0.0022173625430800515	-0.00021036417880504731
183506328.624384	-0.003709087228719037	-0.0022189789489177967	-0.00021036645497479376
183509928.624384	-0.003706854750901519	-0.0022205930724935653	-0.00021036862881111944
183513528.624384	-0.0037046221676857462	-0.002222204915264208	-0.00021037070044387888
183517128.624384	-0.0037023894812902446	-0.0022238144786879675	-0.00021037267000287624
183520728.624384	-0.0037001566939297765	-0.002225421764224468	-0.00021037453761786496
183524328.624384	-0.003697923807815336	-0.0022270267733347114	-0.00021037630341854744
183527928.624384	-0.0036956908251541618	-0.002228629507481071	-0.00021037796753457506
183531528.624384	-0.0036934577481497347	-0.002230229968127283	-0.000210379530095548
183535128.624384	-0.0036912245790017744	-0.00223182815673844	-0.00021038099123101453
183538728.624384	-0.003688991319906246	-0.002233424074780981	-0.00021038235107047063
183542328.624384	-0.003686757973055363	-0.0022350177237226896	-0.00021038360974336053
183545928.624384	-0.003684524540637595	-0.0022366091050326884	-0.00021038476737907577
183549528.624384	-0.003682291024837659	-0.002238198220181429	-0.0002103858241069552
183553128.624384	-0.003680057427836531	-0.0022397850706406845	-0.0002103867800562847
183556728.624384	-0.0036778237518114375	-0.0022413696578835406	-0.00021038763535629647
183560328.624384	-0.003675589998935874	-0.002242951983384399	-0.0002103883901361697
183563928.624384	-0.0036733561713795937	-0.0022445320486189587	-0.0002103890445250294
183567528.624384	-0.0036711222713086155	-0.0022461098550642157	-0.0002103895986519467
183571128.624384	-0.003668888300885225	-0.002247685404198455	-0.00021039005264593825
183574728.624384	-0.003666654262267979	-0.002249258697501243	-0.00021039040663596624
183578328.624384	-0.003664420157611705	-0.0022508297364534227	-0.00021039066075093785
183581928.624384	-0.003662185989067512	-0.002252398522537104	-0.0002103908151197055
183585528.624384	-0.003659951758782772	-0.002253965057235657	-0.0002103908698710658
183589128.624384	-0.003657717468901149	-0.0022555293420337083	-0.0002103908251337603
183592728.624384	-0.0036554831215625853	-0.002257091378417133	-0.00021039068103647466
183596328.624384	-0.0036532487189033006	-0.0022586511678730414	-0.00021039043770783807
183599928.624384	-0.00365101426305581	-0.0022602087118897825	-0.000210390095276424
183603528.624384	-0.0036487797561489082	-0.0022617640119569305	-0.0002103896538707489
183607128.624384	-0.003646545200307686	-0.002263317069565279	-0.00021038911361927301
183610728.624384	-0.003644310597653528	-0.002264867886206838	-0.0002103884746503994
183614328.624384	-0.0036420759503041095	-0.0022664164633748192	-0.00021038773709247416
183617928.624384	-0.0036398412603733995	-0.002267962802563633	-0.0002103869010737855
183621528.624384	-0.003637606529971676	-0.002269506905268888	-0.00021038596672256495
183625128.624384	-0.0036353717612055076	-0.0022710487729873732	-0.0002103849341669855
183628728.624384	-0.0036331369561777723	-0.002272588407217059	-0.00021038380353516245
183632328.624384	-0.003630902116987654	-0.0022741258094570896	-0.0002103825749551531
183635928.624384	-0.0036286672457306367	-0.0022756609812077696	-0.00021038124855495582
183639528.624384	-0.0036264323444985215	-0.0022771939239705666	-0.00021037982446251092
183643128.624384	-0.0036241974153794158	-0.0022787246392480982	-0.00021037830280569954
183646728.624384	-0.0036219624604577447	-0.0022802531285441296	-0.00021037668371234422
183650328.624384	-0.0036197274818142483	-0.0022817793933635647	-0.0002103749673102081
183653928.624384	-0.003617492481525978	-0.0022833034352124346	-0.00021037315372699449
183657528.624384	-0.0036152574616663143	-0.0022848252555979047	-0.0002103712430903478
183661128.624384	-0.003613022424304959	-0.002286344856028256	-0.00021036923552785215
183664728.624384	-0.0036107873715079323	-0.0022878622380128814	-0.0002103671311670317
183668328.624384	-0.0036085523053375874	-0.002289377403062282	-0.00021036493013535038
183671928.624384	-0.0036063172278526048	-0.0022908903526880587	-0.00021036263256021172
183675528.624384	-0.003604082141107998	-0.0022924010884029086	-0.00021036023856895852
183679128.624384	-0.0036018470471551127	-0.0022939096117206123	-0.0002103577482888726
183682728.624384	-0.0035996119480416343	-0.002295415924156037	-0.00021035516184717465
183686328.624384	-0.003597376845811586	-0.002296920027225121	-0.0002103524793710241
183689928.624384	-0.0035951417425053333	-0.0022984219224448754	-0.00021034970098751868
183693528.624384	-0.0035929066401595867	-0.0022999216113333706	-0.0002103468268236943
183697128.624384	-0.0035906715408074046	-0.002301419095409736	-0.00021034385700652495
183700728.624384	-0.0035884364464781942	-0.002302914376194151	-0.00021034079166292225
183704328.624384	-0.003586201359197722	-0.0023044074552078407	-0.00021033763091973554
183707928.624384	-0.0035839662809880996	-0.002305898333973063	-0.000210334374903751
183711528.624384	-0.003581731213867805	-0.0023073870140131137	-0.00021033102374169222
183715128.624384	-0.0035794961598516746	-0.00230887349685231	-0.00021032757756021936
183718728.624384	-0.003577261120950912	-0.0023103577840159913	-0.00021032403648592936
183722328.624384	-0.003575026099173085	-0.002311839877030508	-0.00021032040064535544
183725928.624384	-0.0035727910965221315	-0.0023133197774232177	-0.00021031667016496684
183729528.624384	-0.0035705561149983606	-0.0023147974867224765	-0.00021031284517116893
183733128.624384	-0.0035683211565984596	-0.0023162730064576384	-0.00021030892579030272
183736728.624384	-0.0035660862233154907	-0.0023177463381590397	-0.00021030491214864456
183740328.624384	-0.0035638513171388987	-0.0023192174833580026	-0.00021030080437240624
183743928.624384	-0.003561616440054512	-0.0023206864435868215	-0.00021029660258773482
183747528.624384	-0.0035593815940445405	-0.00232215322037876	-0.0002102923069207116
183751128.624384	-0.0035571467810875885	-0.002323617815268044	-0.0002102879174973534
183754728.624384	-0.003554912003158644	-0.002325080229789852	-0.00021028343444361088
183758328.624384	-0.003552677262229094	-0.0023265404654803164	-0.00021027885788536948
183761928.624384	-0.003550442560266721	-0.0023279985238765124	-0.00021027418794844876
183765528.624384	-0.0035482078992357	-0.0023294544065164463	-0.00021026942475860165
183769128.624384	-0.003545973281096614	-0.0023309081149390613	-0.00021026456844151558
183772728.624384	-0.003543738707806447	-0.002332359650684221	-0.00021025961912281125
183776328.624384	-0.003541504181318583	-0.002333809015292706	-0.00021025457692804255
183779928.624384	-0.0035392697035828203	-0.0023352562103062103	-0.0002102494419826969
183783528.624384	-0.0035370352765453673	-0.0023367012372673334	-0.000210244214412195
183787128.624384	-0.00353480090214884	-0.0023381440977195724	-0.00021023889434188992
183790728.624384	-0.0035325665823322753	-0.0023395847932073176	-0.00021023348189706795
183794328.624384	-0.0035303323190311268	-0.0023410233252758486	-0.0002102279772029476
183797928.624384	-0.003528098114177263	-0.002342459695471319	-0.00021022238038467974
183801528.624384	-0.003525863969698982	-0.0023438939053407643	-0.00021021669156734765
183805128.624384	-0.003523629887521003	-0.0023453259564320864	-0.0002102109108759667
183808728.624384	-0.003521395869564472	-0.0023467558502940455	-0.0002102050384354837
183812328.624384	-0.003519161917746969	-0.0023481835884762653	-0.00021019907437077787
183815928.624384	-0.0035169280339825016	-0.0023496091725292148	-0.00021019301880665923
183819528.624384	-0.0035146942201815176	-0.002351032604004212	-0.0002101868718678697
183823128.624384	-0.003512460478250898	-0.002352453884453412	-0.00021018063367908208
183826728.624384	-0.003510226810093969	-0.0023538730154298022	-0.00021017430436490005
183830328.624384	-0.0035079932176104965	-0.0023552899984872013	-0.00021016788404985826
183833928.624384	-0.0035057597026966945	-0.0023567048351802447	-0.00021016137285842192
183837528.624384	-0.0035035262672452267	-0.0023581175270643876	-0.00021015477091498646
183841128.624384	-0.003501292913145206	-0.0023595280756958936	-0.00021014807834387778
183844728.624384	-0.0034990596422822093	-0.0023609364826318348	-0.0002101412952693517
183848328.624384	-0.0034968264565382605	-0.0023623427494300782	-0.0002101344218155939
183851928.624384	-0.0034945933577918446	-0.0023637468776492856	-0.00021012745810671942
183855528.624384	-0.0034923603479179235	-0.0023651488688489074	-0.00021012040426677297
183859128.624384	-0.0034901274287879136	-0.002366548724589174	-0.00021011326041972813
183862728.624384	-0.0034878946022697077	-0.002367946446431094	-0.00021010602668948815
183866328.624384	-0.003485661870227668	-0.002369342035936445	-0.0002100987031998846
183869928.624384	-0.003483429234522639	-0.0023707354946677717	-0.00021009129007467793
183873528.624384	-0.003481196697011942	-0.0023721268241883773	-0.00021008378743755666
183877128.624384	-0.0034789642595493774	-0.0023735160260623138	-0.00021007619541213763
183880728.624384	-0.0034767319239852362	-0.0023749031018543867	-0.00021006851412196602
183884328.624384	-0.0034744996921662946	-0.0023762880531301386	-0.0002100607436905145
183887928.624384	-0.003472267565935825	-0.0023776708814558524	-0.000210052884241184
183891528.624384	-0.003470035547133589	-0.002379051588398538	-0.00021004493589730236
183895128.624384	-0.003467803637595848	-0.002380430175525926	-0.00021003689878212498
183898728.624384	-0.0034655718391553647	-0.002381806644406473	-0.00021002877301883456
183902328.624384	-0.0034633401536414083	-0.002383180996609344	-0.00021002055873054078
183905928.624384	-0.003461108582879744	-0.002384553233704408	-0.00021001225604027972
183909528.624384	-0.003458877128692656	-0.0023859233572622388	-0.00021000386507101453
183913128.624384	-0.0034566457928989374	-0.0023872913688541045	-0.0002099953859456349
183916728.624384	-0.003454414577313894	-0.0023886572700519597	-0.00020998681878695672
183920328.624384	-0.0034521834837493493	-0.0023900210624284448	-0.0002099781637177222
183923928.624384	-0.0034499525140136485	-0.0023913827475568754	-0.0002099694208605997
183927528.624384	-0.0034477216699116578	-0.0023927423270112404	-0.00020996059033818342
183931128.624384	-0.003445490953244769	-0.002394099802366194	-0.00020995167227299332
183934728.624384	-0.0034432603658109	-0.0023954551751970495	-0.00020994266678747492
183938328.624384	-0.003441029909404504	-0.0023968084470797776	-0.00020993357400399932
183941928.624384	-0.0034387995858165613	-0.0023981596195909935	-0.00020992439404486288
183945528.624384	-0.0034365693968345956	-0.002399508694307959	-0.0002099151270322875
183949128.624384	-0.003434339344242661	-0.002400855672808571	-0.00020990577308841967
183952728.624384	-0.0034321094298213613	-0.0024022005566713607	-0.00020989633233533132
183956328.624384	-0.0034298796553478388	-0.0024035433474754848	-0.0002098868048950188
183959928.624384	-0.0034276500225957863	-0.0024048840468007216	-0.00020987719088940343
183963528.624384	-0.0034254205333354415	-0.002406222656227462	-0.00020986749044033052
183967128.624384	-0.003423191189333603	-0.002407559177336713	-0.0002098577036695704
183970728.624384	-0.0034209619923536113	-0.0024088936117100776	-0.00020984783069881696
183974328.624384	-0.00341873294415538	-0.0024102259609297674	-0.00020983787164968878
183977928.624384	-0.0034165040464953717	-0.0024115562265785814	-0.00020982782664372788
183981528.624384	-0.003414275301126623	-0.002412884410239911	-0.00020981769580240048
183985128.624384	-0.0034120467097987273	-0.0024142105134977282	-0.00020980747924709584
183988728.624384	-0.0034098182742578593	-0.0024155345379365894	-0.00020979717709912726
183992328.624384	-0.0034075899962467595	-0.002416856485141617	-0.00020978678947973086
183995928.624384	-0.0034053618775047485	-0.0024181763566985073	-0.00020977631651006615
183999528.624384	-0.003403133919767726	-0.0024194941541935155	-0.0002097657583112155
184003128.624384	-0.003400906124768171	-0.0024208098792134532	-0.00020975511500418383
184006728.624384	-0.003398678494235155	-0.0024221235333456914	-0.0002097443867098991
184010328.624384	-0.0033964510298943357	-0.002423435118178141	-0.0002097335735492115
184013928.624384	-0.003394223733467965	-0.0024247446352992598	-0.00020972267564289338
184017528.624384	-0.0033919966066748904	-0.0024260520862980405	-0.00020971169311163933
184021128.624384	-0.0033897696512305616	-0.002427357472764009	-0.000209700626076066
184024728.624384	-0.0033875428688470237	-0.002428660796287213	-0.00020968947465671141
184028328.624384	-0.0033853162612329357	-0.002429962058458227	-0.00020967823897403564
184031928.624384	-0.003383089830093563	-0.0024312612608681367	-0.00020966691914841987
184035528.624384	-0.003380863577130783	-0.002432558405108541	-0.00020965551530016693
184039128.624384	-0.0033786375040430875	-0.0024338534927715425	-0.0002096440275495005
184042728.624384	-0.003376411612525593	-0.002435146525449746	-0.00020963245601656548
184046328.624384	-0.0033741859042700335	-0.0024364375047362494	-0.00020962080082142758
184049928.624384	-0.0033719603809647673	-0.0024377264322246375	-0.00020960906208407302
184053528.624384	-0.003369735044294786	-0.0024390133095089834	-0.00020959723992440896
184057128.624384	-0.0033675098959417052	-0.002440298138183833	-0.00020958533446226247
184060728.624384	-0.0033652849375837806	-0.0024415809198442095	-0.00020957334581738147
184064328.624384	-0.003363060170895904	-0.0024428616560856027	-0.00020956127410943386
184067928.624384	-0.0033608355975496087	-0.002444140348503966	-0.0002095491194580077
184071528.624384	-0.003358611219213066	-0.002445416998695706	-0.00020953688198261064
184075128.624384	-0.003356387037551101	-0.002446691608257687	-0.00020952456180267068
184078728.624384	-0.0033541630542251824	-0.002447964178787214	-0.00020951215903753493
184082328.624384	-0.003351939270893433	-0.0024492347118820375	-0.0002094996738064705
184085928.624384	-0.0033497156892106283	-0.0024505032091403406	-0.0002094871062286639
184089528.624384	-0.0033474923108282057	-0.0024517696721607415	-0.00020947445642322112
184093128.624384	-0.003345269137394258	-0.0024530341025422783	-0.00020946172450916697
184096728.624384	-0.003343046170553544	-0.002454296501884415	-0.00020944891060544577
184100328.624384	-0.0033408234119474936	-0.0024555568717870304	-0.0002094360148309209
184103928.624384	-0.0033386008632141947	-0.0024568152138504076	-0.00020942303730437422
184107528.624384	-0.003336378525988417	-0.0024580715296752416	-0.00020940997814450683
184111128.624384	-0.003334156401901602	-0.002459325820862627	-0.00020939683746993843
184114728.624384	-0.0033319344925818685	-0.002460578089014051	-0.00020938361539920723
184118328.624384	-0.003329712799654017	-0.002461828335731393	-0.00020937031205076997
184121928.624384	-0.003327491324739534	-0.002463076562616918	-0.00020935692754300183
184125528.624384	-0.003325270069456588	-0.0024643227712732706	-0.00020934346199419568
184129128.624384	-0.003323049035420042	-0.002465566963303472	-0.0002093299155225631
184132728.624384	-0.0033208282242414536	-0.0024668091403109173	-0.00020931628824623347
184136328.624384	-0.003318607637529073	-0.0024680493038993644	-0.0002093025802832538
184139928.624384	-0.003316387276887852	-0.002469287455672933	-0.000209288791751589
184143528.624384	-0.0033141671439194465	-0.002470523597236101	-0.00020927492276912152
184147128.624384	-0.003311947240222219	-0.002471757730193701	-0.00020926097345365147
184150728.624384	-0.0033097275673912396	-0.00247298985615091	-0.00020924694392289577
184154328.624384	-0.003307508127018292	-0.002474219976713247	-0.00020923283429448878
184157928.624384	-0.00330528892069188	-0.002475448093486572	-0.00020921864468598177
184161528.624384	-0.003303069949997226	-0.00247667420807708	-0.00020920437521484308
184165128.624384	-0.003300851216516276	-0.002477898322091292	-0.00020919002599845767
184168728.624384	-0.003298632721827703	-0.0024791204371360535	-0.000209175597154127
184172328.624384	-0.003296414467506908	-0.0024803405548185285	-0.00020916108879906906
184175928.624384	-0.003294196455126033	-0.0024815586767461995	-0.0002091465010504183
184179528.624384	-0.003291978686253953	-0.002482774804526858	-0.00020913183402522514
184183128.624384	-0.003289761162456284	-0.002483988939768597	-0.000209117087840456
184186728.624384	-0.0032875438852953873	-0.0024852010840798145	-0.00020910226261299333
184190328.624384	-0.0032853268563303763	-0.0024864112390692032	-0.00020908735845963545
184193928.624384	-0.003283110077117107	-0.0024876194063457417	-0.000209072375497096
184197528.624384	-0.0032808935492081993	-0.0024888255875187017	-0.00020905731384200465
184201128.624384	-0.0032786772741530234	-0.002490029784197629	-0.00020904217361090595
184204728.624384	-0.0032764612534977185	-0.002491231997992355	-0.00020902695492026042
184208328.624384	-0.0032742454887851823	-0.0024924322305129717	-0.00020901165788644313
184211928.624384	-0.0032720299815550812	-0.0024936304833698426	-0.0002089962826257444
184215528.624384	-0.003269814733343856	-0.0024948267581735967	-0.0002089808292543699
184219128.624384	-0.0032675997456847153	-0.0024960210565351105	-0.00020896529788843967
184222728.624384	-0.0032653850201076525	-0.0024972133800655215	-0.00020894968864398897
184226328.624384	-0.0032631705581394354	-0.002498403730376209	-0.0002089340016369676
184229928.624384	-0.003260956361303618	-0.0024995921090787978	-0.00020891823698324
184233528.624384	-0.0032587424311205366	-0.0025007785177851463	-0.00020890239479858487
184237128.624384	-0.0032565287691073233	-0.0025019629581073495	-0.00020888647519869575
184240728.624384	-0.0032543153767779012	-0.0025031454316577304	-0.0002088704782991803
184244328.624384	-0.0032521022556429866	-0.002504325940048837	-0.0002088544042155605
184247928.624384	-0.0032498894072100913	-0.002505504484893426	-0.0002088382530632722
184251528.624384	-0.0032476768329835343	-0.002506681067804478	-0.0002088220249576658
184255128.624384	-0.0032454645344644384	-0.002507855690395183	-0.00020880572001400548
184258728.624384	-0.003243252513150732	-0.00250902835427893	-0.00020878933834746934
184262328.624384	-0.0032410407705371525	-0.0025101990610693105	-0.00020877288007314923
184265928.624384	-0.0032388293081152594	-0.0025113678123801176	-0.00020875634530605108
184269528.624384	-0.0032366181273734166	-0.0025125346098253255	-0.00020873973416109376
184273128.624384	-0.0032344072297968204	-0.002513699455019105	-0.00020872304675311038
184276728.624384	-0.003232196616867484	-0.0025148623495758076	-0.00020870628319684747
184280328.624384	-0.0032299862900642454	-0.002516023295109957	-0.00020868944360696455
184283928.624384	-0.003227776250862777	-0.0025171822932362545	-0.0002086725280980347
184287528.624384	-0.0032255665007355815	-0.0025183393455695748	-0.00020865553678454428
184291128.624384	-0.0032233570411519972	-0.0025194944537249523	-0.00020863846978089222
184294728.624384	-0.0032211478735782073	-0.002520647619317586	-0.00020862132720139077
184298328.624384	-0.003218938999477236	-0.002521798843962833	-0.0002086041091602651
184301928.624384	-0.0032167304203089496	-0.0025229481292761975	-0.00020858681577165278
184305528.624384	-0.003214522137530069	-0.0025240954768733365	-0.00020856944714960435
184309128.624384	-0.003212314152594173	-0.0025252408883700552	-0.00020855200340808296
184312728.624384	-0.003210106466951689	-0.0025263843653822913	-0.0002085344846609638
184316328.624384	-0.0032078990820499135	-0.002527525909526123	-0.00020851689102203446
184319928.624384	-0.0032056919993330053	-0.0025286655224177586	-0.00020849922260499472
184323528.624384	-0.0032034852202419877	-0.002529803205673533	-0.00020848147952345607
184327128.624384	-0.0032012787462147615	-0.002530938960909907	-0.00020846366189094257
184330728.624384	-0.0031990725786861024	-0.0025320727897434597	-0.00020844576982088973
184334328.624384	-0.003196866719087663	-0.002533204693790883	-0.00020842780342664486
184337928.624384	-0.0031946611688479756	-0.0025343346746689783	-0.00020840976282146678
184341528.624384	-0.0031924559293924687	-0.0025354627339946576	-0.00020839164811852612
184345128.624384	-0.003190251002143451	-0.002536588873384931	-0.00020837345943090465
184348728.624384	-0.0031880463885201266	-0.002537713094456904	-0.0002083551968715952
184352328.624384	-0.003185842089938602	-0.0025388353988277817	-0.00020833686055350255
184355928.624384	-0.003183638107811877	-0.00253995578811485	-0.00020831845058944196
184359528.624384	-0.0031814344435498543	-0.00254107426393548	-0.00020829996709213988
184363128.624384	-0.0031792310985593515	-0.00254219082790713	-0.00020828141017423412
184366728.624384	-0.0031770280742440876	-0.002543305481647325	-0.00020826277994827292
184370328.624384	-0.0031748253720046953	-0.0025444182267736603	-0.0002082440765267153
184373928.624384	-0.003172622993238733	-0.002545529064903807	-0.00020822530002193149
184377528.624384	-0.003170420939340669	-0.0025466379976554917	-0.00020820645054620208
184381128.624384	-0.003168219211701897	-0.0025477450266464968	-0.00020818752821171802
184384728.624384	-0.003166017811710739	-0.0025488501534946645	-0.0002081685331305813
184388328.624384	-0.0031638167407524458	-0.0025499533798178826	-0.00020814946541480416
184391928.624384	-0.0031616160002091963	-0.002551054707234082	-0.00020813032517630917
184395528.624384	-0.00315941559146011	-0.002552154137361238	-0.00020811111252692937
184399128.624384	-0.0031572155158812454	-0.002553251671817363	-0.00020809182757840824
184402728.624384	-0.003155015774845597	-0.002554347312220496	-0.00020807247044239902
184406328.624384	-0.003152816369723108	-0.0025554410601887094	-0.0002080530412304653
184409928.624384	-0.0031506173018806707	-0.0025565329173400982	-0.0002080335400540811
184413528.624384	-0.003148418572682127	-0.0025576228852927773	-0.00020801396702463016
184417128.624384	-0.003146220183488273	-0.002558710965664876	-0.00020799432225340636
184420728.624384	-0.0031440221356568627	-0.002559797160074538	-0.00020797460585161352
184424328.624384	-0.0031418244305426108	-0.0025608814701399145	-0.0002079548179303652
184427928.624384	-0.0031396270694971974	-0.00256196389747916	-0.00020793495860068495
184431528.624384	-0.003137430053869267	-0.0025630444437104286	-0.00020791502797350568
184435128.624384	-0.0031352333850044396	-0.002564123110451873	-0.0002078950261596703
184438728.624384	-0.003133037064245303	-0.0025651998993216347	-0.00020787495326993105
184442328.624384	-0.0031308410929314265	-0.0025662748119378476	-0.00020785480941494983
184445928.624384	-0.0031286454723993633	-0.0025673478499186305	-0.00020783459470529803
184449528.624384	-0.0031264502039826444	-0.002568419014882079	-0.00020781430925145595
184453128.624384	-0.0031242552890117965	-0.002569488308446272	-0.0002077939531638138
184456728.624384	-0.003122060728814333	-0.0025705557322292577	-0.00020777352655267016
184460328.624384	-0.003119866524714762	-0.0025716212878490563	-0.00020775302952823308
184463928.624384	-0.003117672678034599	-0.0025726849769236557	-0.00020773246220061973
184467528.624384	-0.0031154791900923524	-0.002573746801071001	-0.00020771182467985578
184471128.624384	-0.003113286062203544	-0.002574806761909002	-0.00020769111707587588
184474728.624384	-0.0031110932956807022	-0.002575864861055519	-0.0002076703394985234
184478328.624384	-0.0031089008918333736	-0.0025769211001283685	-0.00020764949205755035
184481928.624384	-0.003106708851968115	-0.002577975480745307	-0.00020762857486261686
184485528.624384	-0.0031045171773885155	-0.0025790280045240414	-0.00020760758802329204
184489128.624384	-0.00310232586939518	-0.0025800786730822136	-0.00020758653164905285
184492728.624384	-0.0031001349292857448	-0.0025811274880374025	-0.00020756540584928462
184496328.624384	-0.0030979443583548836	-0.0025821744510071227	-0.0002075442107332813
184499928.624384	-0.0030957541578942975	-0.002583219563608809	-0.00020752294641024425
184503528.624384	-0.0030935643291927343	-0.002584262827459828	-0.00020750161298928348
184507128.624384	-0.0030913748735359797	-0.00258530424417746	-0.00020748021057941655
184510728.624384	-0.0030891857922068704	-0.002586343815378906	-0.00020745873928956906
184514328.624384	-0.0030869970864852866	-0.002587381542681275	-0.00020743719922857422
184517928.624384	-0.0030848087576481713	-0.002588417427701593	-0.00020741559050517356
184521528.624384	-0.003082620806969514	-0.002589451472056776	-0.00020739391322801564
184525128.624384	-0.0030804332357203716	-0.002590483677363655	-0.00020737216750565734
184528728.624384	-0.0030782460451688593	-0.0025915140452389463	-0.00020735035344656273
184532328.624384	-0.0030760592365801625	-0.0025925425772992667	-0.00020732847115910382
184535928.624384	-0.0030738728112165332	-0.0025935692751611165	-0.00020730652075155978
184539528.624384	-0.0030716867703372997	-0.002594594140440884	-0.0002072845023321175
184543128.624384	-0.0030695011151988627	-0.0025956171747548358	-0.0002072624160088711
184546728.624384	-0.003067315847054706	-0.0025966383797191178	-0.00020724026188982233
184550328.624384	-0.0030651309671553936	-0.0025976577569497474	-0.0002072180400828802
184553928.624384	-0.0030629464767485777	-0.002598675308062615	-0.0002071957506958613
184557528.624384	-0.003060762377078995	-0.002599691034673471	-0.00020717339383648917
184561128.624384	-0.0030585786693884797	-0.002600704938397934	-0.00020715096961239495
184564728.624384	-0.0030563953549159603	-0.00260171702085148	-0.0002071284781311168
184568328.624384	-0.003054212434897461	-0.0026027272836494364	-0.00020710591950010005
184571928.624384	-0.003052029910566108	-0.0026037357284069826	-0.00020708329382669705
184575528.624384	-0.0030498477831521374	-0.002604742356739149	-0.00020706060121816755
184579128.624384	-0.003047666053882892	-0.002605747170260811	-0.0002070378417816784
184582728.624384	-0.0030454847239828236	-0.0026067501705866786	-0.00020701501562430316
184586328.624384	-0.0030433037946735017	-0.002607751359331305	-0.00020699212285302262
184589928.624384	-0.003041123267173613	-0.0026087507381090747	-0.00020696916357472415
184593528.624384	-0.0030389431426989704	-0.002609748308534204	-0.00020694613789620247
184597128.624384	-0.003036763422462507	-0.0026107440722207354	-0.00020692304592415857
184600728.624384	-0.0030345841076742904	-0.0026117380307825364	-0.00020689988776520052
184604328.624384	-0.003032405199541518	-0.002612730185833294	-0.00020687666352584293
184607928.624384	-0.003030226699268525	-0.002613720538986513	-0.00020685337331250713
184611528.624384	-0.0030280486080567865	-0.0026147090918555126	-0.00020683001723152103
184615128.624384	-0.003025870927104921	-0.0026156958460534212	-0.0002068065953891188
184618728.624384	-0.0030236936576086954	-0.002616680803193174	-0.00020678310789144102
184622328.624384	-0.003021516800761028	-0.0026176639648875137	-0.0002067595548445348
184625928.624384	-0.0030193403577519944	-0.002618645332748981	-0.00020673593635435342
184629528.624384	-0.0030171643297688257	-0.002619624908389914	-0.00020671225252675622
184633128.624384	-0.0030149887179959168	-0.0026206026934224437	-0.0002066885034675087
184636728.624384	-0.0030128135236148317	-0.002621578689458495	-0.00020666468928228274
184640328.624384	-0.003010638747804302	-0.0026225528981097756	-0.00020664081007665592
184643928.624384	-0.0030084643917402325	-0.0026235253209877796	-0.00020661686595611174
184647528.624384	-0.00300629045659571	-0.0026244959597037814	-0.00020659285702603978
184651128.624384	-0.003004116943540994	-0.0026254648158688283	-0.00020656878339173502
184654728.624384	-0.003001943853743538	-0.002626431891093746	-0.00020654464515839868
184658328.624384	-0.002999771188367978	-0.0026273971869891248	-0.00020652044243113743
184661928.624384	-0.0029975989485761436	-0.0026283607051653256	-0.00020649617531496388
184665528.624384	-0.0029954271355270585	-0.0026293224472324667	-0.0002064718439147959
184669128.624384	-0.0029932557503769453	-0.00263028241480043	-0.00020644744833545742
184672728.624384	-0.0029910847942792307	-0.0026312406094788515	-0.00020642298868167767
184676328.624384	-0.002988914268384543	-0.002632197032877118	-0.00020639846505809137
184679928.624384	-0.0029867441738407213	-0.0026331516866043656	-0.0002063738775692388
184683528.624384	-0.0029845745117928184	-0.002634104572269478	-0.00020634922631956578
184687128.624384	-0.002982405283383101	-0.002635055691481076	-0.0002063245114134234
184690728.624384	-0.0029802364897510564	-0.002636005045847523	-0.00020629973295506853
184694328.624384	-0.002978068132033386	-0.0026369526369769123	-0.000206274891048663
184697928.624384	-0.002975900211364028	-0.002637898466477074	-0.0002062499857982747
184701528.624384	-0.0029737327288741388	-0.0026388425359555614	-0.0002062250173078763
184705128.624384	-0.002971565685692111	-0.0026397848470196524	-0.00020619998568134618
184708728.624384	-0.0029693990829435684	-0.0026407254012763477	-0.00020617489102246764
184712328.624384	-0.0029672329217513838	-0.002641664200332372	-0.00020614973343492966
184715928.624384	-0.002965067203235655	-0.002642601245794153	-0.00020612451302232646
184719528.624384	-0.0029629019285137377	-0.0026435365392678354	-0.00020609922988815775
184723128.624384	-0.002960737098700228	-0.0026444700823592755	-0.00020607388413582827
184726728.624384	-0.002958572714906975	-0.0026454018766740315	-0.00020604847586864794
184730328.624384	-0.002956408778243083	-0.002646331923817364	-0.00020602300518983218
184733928.624384	-0.002954245289814913	-0.0026472602253942313	-0.00020599747220250133
184737528.624384	-0.0029520822507260874	-0.002648186783009291	-0.00020597187700968116
184741128.624384	-0.0029499196620774927	-0.0026491115982668883	-0.0002059462197143022
184744728.624384	-0.0029477575249672867	-0.0026500346727710658	-0.0002059205004192007
184748328.624384	-0.0029455958404908927	-0.0026509560081255457	-0.00020589471922711735
184751928.624384	-0.002943434609741017	-0.0026518756059337417	-0.00020586887624069844
184755528.624384	-0.002941273833807637	-0.0026527934677987425	-0.00020584297156249463
184759128.624384	-0.00293911351377802	-0.00265370959532332	-0.00020581700529496213
184762728.624384	-0.0029369536507367123	-0.0026546239901099186	-0.00020579097754046144
184766328.624384	-0.0029347942457655556	-0.002655536653760655	-0.00020576488840125823
184769928.624384	-0.0029326352999436834	-0.002656447587877316	-0.00020573873797952296
184773528.624384	-0.002930476814347526	-0.0026573567940613575	-0.00020571252637733073
184777128.624384	-0.002928318790050816	-0.002658264273913895	-0.00020568625369666143
184780728.624384	-0.0029261612281245913	-0.002659170029035709	-0.00020565992003939953
184784328.624384	-0.0029240041296371977	-0.0026600740610272355	-0.00020563352550733406
184787928.624384	-0.002921847495654294	-0.002660976371488567	-0.00020560707020215844
184791528.624384	-0.002919691327238857	-0.0026618769620194473	-0.0002055805542254707
184795128.624384	-0.002917535625451179	-0.0026627758342192653	-0.00020555397767877315
184798728.624384	-0.0029153803913488817	-0.0026636729896870634	-0.0002055273406634728
184802328.624384	-0.002913225625986911	-0.0026645684300215214	-0.0002055006432808809
184805928.624384	-0.002911071330417542	-0.002665462156820957	-0.00020547388563221285
184809528.624384	-0.002908917505690389	-0.0026663541716833304	-0.00020544706781858849
184813128.624384	-0.0029067641528524005	-0.0026672444762062307	-0.0002054201899410318
184816728.624384	-0.0029046112729478706	-0.00266813307198688	-0.00020539325210047117
184820328.624384	-0.002902458867018433	-0.002669019960622124	-0.0002053662543977389
184823928.624384	-0.0029003069361030758	-0.0026699051437084386	-0.00020533919693357185
184827528.624384	-0.0028981554812381326	-0.0026707886228419116	-0.00020531207980861057
184831128.624384	-0.002896004503457299	-0.002671670399618258	-0.00020528490312340047
184834728.624384	-0.002893854003791626	-0.0026725504756328023	-0.0002052576669783905
184838328.624384	-0.002891703983269524	-0.002673428852480481	-0.00020523037147393395
184841928.624384	-0.0028895544429167765	-0.002674305531755844	-0.0002052030167102884
184845528.624384	-0.002887405383756524	-0.0026751805150530376	-0.00020517560278761503
184849128.624384	-0.002885256806809291	-0.0026760538039658217	-0.00020514812980597984
184852728.624384	-0.0028831087130929693	-0.002676925400087547	-0.00020512059786535248
184856328.624384	-0.002880961103622829	-0.0026777953050111636	-0.0002050930070656068
184859928.624384	-0.0028788139794115267	-0.002678663520329217	-0.00020506535750652107
184863528.624384	-0.002876667341469098	-0.002679530047633841	-0.00020503764928777744
184867128.624384	-0.0028745211908029695	-0.0026803948885167584	-0.00020500988250896204
184870728.624384	-0.0028723755284179586	-0.002681258044569278	-0.0002049820572695655
184874328.624384	-0.0028702303553162774	-0.0026821195173822887	-0.00020495417366898214
184877928.624384	-0.002868085672497535	-0.00268297930854626	-0.00020492623180651075
184881528.624384	-0.002865941480958741	-0.002683837419651236	-0.00020489823178135395
184885128.624384	-0.00286379778169431	-0.002684693852286837	-0.00020487017369261873
184888728.624384	-0.0028616545756960654	-0.0026855486080422566	-0.00020484205763931617
184892328.624384	-0.0028595118639532383	-0.002686401688506251	-0.00020481388372036108
184895928.624384	-0.0028573696474524794	-0.002687253095267148	-0.0002047856520345727
184899528.624384	-0.002855227927177856	-0.002688102829912838	-0.00020475736268067417
184903128.624384	-0.0028530867041108524	-0.0026889508940307694	-0.00020472901575729248
184906728.624384	-0.0028509459792303866	-0.0026897972892079534	-0.0002047006113629588
184910328.624384	-0.002848805753512796	-0.00269064201703095	-0.00020467214959610808
184913928.624384	-0.002846666027931859	-0.0026914850790858823	-0.00020464363055507968
184917528.624384	-0.0028445268034587873	-0.0026923264769584177	-0.00020461505433811631
184921128.624384	-0.0028423880810622302	-0.002693166212233772	-0.0002045864210433649
184924728.624384	-0.0028402498617082846	-0.0026940042864967094	-0.0002045577307688758
184928328.624384	-0.0028381121463604895	-0.002694840701331533	-0.00020452898361260328
184931928.624384	-0.0028359749359798433	-0.0026956754583220954	-0.00020450017967240568
184935528.624384	-0.0028338382315247924	-0.0026965085590517765	-0.00020447131904604473
184939128.624384	-0.002831702033951245	-0.002697340005103497	-0.0002044424018311859
184942728.624384	-0.002829566344212569	-0.0026981697980597097	-0.0002044134281253985
184946328.624384	-0.0028274311632596042	-0.0026989979395023993	-0.00020438439802615538
184949928.624384	-0.0028252964920406553	-0.0026998244310130763	-0.00020435531163083282
184953528.624384	-0.0028231623315014987	-0.002700649274172773	-0.00020432616903671066
184957128.624384	-0.0028210286825853946	-0.0027014724705620493	-0.00020429697034097253
184960728.624384	-0.0028188955462330792	-0.002702294021760981	-0.00020426771564070533
184964328.624384	-0.0028167629233827726	-0.0027031139293491615	-0.0002042384050328996
184967928.624384	-0.002814630814970184	-0.0027039321949056967	-0.00020420903861444943
184971528.624384	-0.002812499221928516	-0.002704748820009206	-0.0002041796164821525
184975128.624384	-0.0028103681451884617	-0.002705563806237818	-0.0002041501387327099
184978728.624384	-0.0028082375856782137	-0.0027063771551691625	-0.00020412060546272593
184982328.624384	-0.002806107544323463	-0.002707188868380373	-0.0002040910167687085
184985928.624384	-0.0028039780220474124	-0.002707998947448088	-0.00020406137274706925
184989528.624384	-0.0028018490197707674	-0.0027088073939484395	-0.00020403167349412318
184993128.624384	-0.0027997205384117413	-0.0027096142094570528	-0.0002040019191060886
184996728.624384	-0.002797592578886072	-0.0027104193955490518	-0.000203972109679088
185000328.624384	-0.002795465142107004	-0.0027112229537990416	-0.00020394224530914662
185003928.624384	-0.002793338228985309	-0.0027120248857811172	-0.0002039123260921936
185007528.624384	-0.0027912118404292813	-0.0027128251930688616	-0.00020388235212406177
185011128.624384	-0.0027890859773447413	-0.002713623877235334	-0.00020385232350048714
185014728.624384	-0.002786960640635041	-0.002714420939853075	-0.0002038222403171096
185018328.624384	-0.0027848358312010644	-0.0027152163824941	-0.00020379210266947254
185021928.624384	-0.0027827115499412343	-0.002716010206729901	-0.00020376191065302307
185025528.624384	-0.0027805877977515126	-0.0027168024141314404	-0.000203731664363112
185029128.624384	-0.002778464575525403	-0.002717593006269147	-0.00020370136389499344
185032728.624384	-0.0027763418841539587	-0.002718381984712922	-0.0002036710093438255
185036328.624384	-0.00277421972452578	-0.0027191693510321253	-0.0002036406008046697
185039928.624384	-0.002772098097527021	-0.002719955106795581	-0.0002036101383724911
185043528.624384	-0.0027699770040413947	-0.002720739253571576	-0.00020357962214215898
185047128.624384	-0.0027678564449501696	-0.0027215217929278486	-0.00020354905220844557
185050728.624384	-0.002765736421132182	-0.0027223027264315983	-0.00020351842866602734
185054328.624384	-0.00276361693346383	-0.002723082055649472	-0.00020348775160948404
185057928.624384	-0.002761497982819088	-0.0027238597821475736	-0.00020345702113329928
185061528.624384	-0.0027593795700695018	-0.002724635907491452	-0.0002034262373318602
185065128.624384	-0.0027572616960841925	-0.0027254104332461036	-0.00020339540029945733
185068728.624384	-0.002755144361729866	-0.0027261833609759692	-0.00020336451013028503
185072328.624384	-0.0027530275678708093	-0.002726954692244931	-0.00020333356691844105
185075928.624384	-0.0027509113153689046	-0.0027277244286163147	-0.00020330257075792707
185079528.624384	-0.0027487956050836187	-0.002728492571652878	-0.00020327152174264771
185083128.624384	-0.0027466804378720195	-0.0027292591229168208	-0.00020324041996641162
185086728.624384	-0.0027445658145887736	-0.0027300240839697705	-0.00020320926552293045
185090328.624384	-0.0027424517360861507	-0.002730787456372791	-0.00020317805850581953
185093928.624384	-0.002740338203214029	-0.002731549241686372	-0.00020314679900859743
185097528.624384	-0.002738225216819897	-0.002732309441470432	-0.00020311548712468631
185101128.624384	-0.0027361127777488564	-0.0027330680572843105	-0.00020308412294741163
185104728.624384	-0.0027340008868436305	-0.0027338250906867733	-0.00020305270657000236
